Time (seconds), Duration (seconds),pred_(unlabeled),pred_On,pred_Off,pred_Dimmer,pred_Lighter
0.01000,1.98000,0.99683,0.00000,0.00316,0.00000,0.00000
0.21000,1.98000,0.99384,0.00001,0.00615,0.00000,0.00000
0.41000,1.98000,0.99910,0.00000,0.00090,0.00000,0.00000
0.61000,1.98000,0.99863,0.00002,0.00135,0.00000,0.00000
0.81000,1.98000,0.99958,0.00004,0.00038,0.00000,0.00000
1.01000,1.98000,0.99980,0.00003,0.00017,0.00000,0.00000
1.21000,1.98000,0.99977,0.00000,0.00023,0.00000,0.00000
1.41000,1.98000,0.99977,0.00000,0.00023,0.00000,0.00000
1.61000,1.98000,0.99993,0.00001,0.00006,0.00000,0.00000
1.81000,1.98000,0.99996,0.00004,0.00001,0.00000,0.00000
2.01000,1.98000,0.99999,0.00000,0.00000,0.00000,0.00000
2.21000,1.98000,0.99997,0.00002,0.00000,0.00000,0.00000
2.41000,1.98000,0.99999,0.00000,0.00000,0.00000,0.00000
2.61000,1.98000,0.99999,0.00001,0.00000,0.00000,0.00000
2.81000,1.98000,0.99999,0.00001,0.00000,0.00000,0.00000
3.01000,1.98000,0.99995,0.00004,0.00000,0.00000,0.00000
3.21000,1.98000,0.99996,0.00003,0.00001,0.00000,0.00000
3.41000,1.98000,0.99999,0.00000,0.00001,0.00000,0.00000
3.61000,1.98000,1.00000,0.00000,0.00000,0.00000,0.00000
3.81000,1.98000,0.99999,0.00000,0.00000,0.00000,0.00001
4.01000,1.98000,0.99996,0.00000,0.00001,0.00000,0.00004
4.21000,1.98000,0.99997,0.00000,0.00001,0.00000,0.00002
4.41000,1.98000,0.99999,0.00000,0.00000,0.00000,0.00001
4.61000,1.98000,0.99993,0.00000,0.00000,0.00000,0.00007
4.81000,1.98000,0.99987,0.00000,0.00000,0.00000,0.00013
5.01000,1.98000,0.99978,0.00000,0.00000,0.00000,0.00022
5.21000,1.98000,0.99889,0.00000,0.00000,0.00001,0.00110
5.41000,1.98000,0.99897,0.00000,0.00000,0.00001,0.00103
5.61000,1.98000,0.99270,0.00000,0.00000,0.00008,0.00723
5.81000,1.98000,0.99499,0.00000,0.00000,0.00021,0.00480
6.01000,1.98000,0.99766,0.00000,0.00000,0.00009,0.00225
6.21000,1.98000,0.99950,0.00000,0.00000,0.00003,0.00046
6.41000,1.98000,0.99953,0.00000,0.00000,0.00009,0.00038
6.61000,1.98000,0.99992,0.00000,0.00000,0.00001,0.00007
6.81000,1.98000,0.99997,0.00000,0.00000,0.00001,0.00002
7.01000,1.98000,0.99998,0.00000,0.00000,0.00001,0.00001
7.21000,1.98000,1.00000,0.00000,0.00000,0.00000,0.00000
7.41000,1.98000,1.00000,0.00000,0.00000,0.00000,0.00000
7.61000,1.98000,1.00000,0.00000,0.00000,0.00000,0.00000
7.81000,1.98000,1.00000,0.00000,0.00000,0.00000,0.00000
8.01000,1.98000,1.00000,0.00000,0.00000,0.00000,0.00000
8.21000,1.98000,1.00000,0.00000,0.00000,0.00000,0.00000
8.41000,1.98000,1.00000,0.00000,0.00000,0.00000,0.00000
8.61000,1.98000,1.00000,0.00000,0.00000,0.00000,0.00000
8.81000,1.98000,0.99999,0.00000,0.00000,0.00000,0.00001
9.01000,1.98000,0.99998,0.00000,0.00000,0.00000,0.00002
9.21000,1.98000,0.99976,0.00000,0.00000,0.00000,0.00024
9.41000,1.98000,0.99475,0.00000,0.00000,0.00000,0.00524
9.61000,1.98000,0.99798,0.00000,0.00000,0.00000,0.00202
9.81000,1.98000,0.99885,0.00000,0.00000,0.00000,0.00114
10.01000,1.98000,0.99130,0.00000,0.00763,0.00000,0.00107
10.21000,1.98000,0.89966,0.00001,0.09918,0.00001,0.00114
10.41000,1.98000,0.86194,0.00003,0.13732,0.00000,0.00071
10.61000,1.98000,0.95976,0.00000,0.04022,0.00000,0.00002
10.81000,1.98000,0.92285,0.00000,0.07715,0.00000,0.00001
11.01000,1.98000,0.88787,0.00002,0.11211,0.00000,0.00001
11.21000,1.98000,0.89811,0.00015,0.10174,0.00000,0.00000
11.41000,1.98000,0.98220,0.00002,0.01778,0.00000,0.00000
11.61000,1.98000,0.98023,0.00002,0.01975,0.00000,0.00000
11.81000,1.98000,0.99617,0.00012,0.00371,0.00000,0.00000
12.01000,1.98000,0.99996,0.00002,0.00002,0.00000,0.00000
12.21000,1.98000,0.99998,0.00001,0.00001,0.00000,0.00000
12.41000,1.98000,0.99998,0.00001,0.00001,0.00000,0.00000
12.61000,1.98000,1.00000,0.00000,0.00000,0.00000,0.00000
12.81000,1.98000,0.99996,0.00004,0.00000,0.00000,0.00000
13.01000,1.98000,0.99989,0.00010,0.00000,0.00000,0.00000
13.21000,1.98000,0.99997,0.00003,0.00000,0.00000,0.00000
13.41000,1.98000,0.99801,0.00199,0.00000,0.00000,0.00000
13.61000,1.98000,0.99912,0.00088,0.00000,0.00000,0.00000
13.81000,1.98000,0.99951,0.00049,0.00000,0.00000,0.00000
14.01000,1.98000,0.99994,0.00006,0.00000,0.00000,0.00000
14.21000,1.98000,0.99992,0.00008,0.00000,0.00000,0.00001
14.41000,1.98000,0.99999,0.00001,0.00000,0.00000,0.00000
14.61000,1.98000,0.99997,0.00003,0.00000,0.00000,0.00000
14.81000,1.98000,0.99986,0.00004,0.00000,0.00000,0.00010
15.01000,1.98000,0.99972,0.00005,0.00000,0.00000,0.00023
15.21000,1.98000,0.99503,0.00000,0.00000,0.00002,0.00494
15.41000,1.98000,0.98436,0.00000,0.00918,0.00007,0.00638
15.61000,1.98000,0.93617,0.00006,0.04183,0.00106,0.02088
15.81000,1.98000,0.86774,0.00006,0.10242,0.00213,0.02764
16.01000,1.98000,0.79825,0.00026,0.15817,0.00571,0.03761
16.21000,1.98000,0.59644,0.00041,0.36242,0.00984,0.03088
16.41000,1.98000,0.74483,0.00017,0.22033,0.01595,0.01872
16.61000,1.98000,0.93300,0.00005,0.04952,0.01082,0.00661
16.81000,1.98000,0.98728,0.00000,0.00889,0.00243,0.00139
17.01000,1.98000,0.99919,0.00000,0.00063,0.00015,0.00002
17.21000,1.98000,0.99999,0.00000,0.00000,0.00000,0.00000
17.41000,1.98000,0.99999,0.00000,0.00000,0.00001,0.00000
17.61000,1.98000,0.99991,0.00000,0.00000,0.00007,0.00002
17.81000,1.98000,0.99997,0.00000,0.00000,0.00002,0.00001
18.01000,1.98000,0.99987,0.00000,0.00000,0.00004,0.00009
18.21000,1.98000,0.99995,0.00000,0.00000,0.00001,0.00004
18.41000,1.98000,0.99987,0.00000,0.00000,0.00005,0.00008
18.61000,1.98000,0.99953,0.00000,0.00000,0.00008,0.00040
18.81000,1.98000,0.99877,0.00000,0.00000,0.00006,0.00117
19.01000,1.98000,0.99770,0.00000,0.00000,0.00004,0.00226
19.21000,1.98000,0.99554,0.00000,0.00001,0.00002,0.00443
19.41000,1.98000,0.99700,0.00000,0.00006,0.00001,0.00292
19.61000,1.98000,0.95042,0.00006,0.04884,0.00001,0.00068
19.81000,1.98000,0.91618,0.00095,0.07937,0.00023,0.00327
20.01000,1.98000,0.85257,0.00083,0.14434,0.00016,0.00210
20.21000,1.98000,0.69034,0.00037,0.30713,0.00016,0.00200
20.41000,1.98000,0.60563,0.00009,0.39301,0.00009,0.00119
20.61000,1.98000,0.74618,0.00006,0.25265,0.00017,0.00094
20.81000,1.98000,0.90660,0.00005,0.09297,0.00014,0.00024
21.01000,1.98000,0.95889,0.00007,0.03985,0.00083,0.00036
21.21000,1.98000,0.99966,0.00000,0.00033,0.00001,0.00000
21.41000,1.98000,1.00000,0.00000,0.00000,0.00000,0.00000
21.61000,1.98000,1.00000,0.00000,0.00000,0.00000,0.00000
21.81000,1.98000,0.99999,0.00000,0.00000,0.00000,0.00000
22.01000,1.98000,0.99997,0.00000,0.00000,0.00001,0.00002
22.21000,1.98000,0.99939,0.00000,0.00000,0.00004,0.00057
22.41000,1.98000,0.96857,0.00000,0.00005,0.00148,0.02990
22.61000,1.98000,0.99826,0.00000,0.00002,0.00000,0.00171
22.81000,1.98000,0.98689,0.00000,0.00379,0.00002,0.00930
23.01000,1.98000,0.93732,0.00006,0.05226,0.00011,0.01025
23.21000,1.98000,0.92031,0.00003,0.07143,0.00007,0.00815
23.41000,1.98000,0.84461,0.00002,0.14534,0.00012,0.00991
23.61000,1.98000,0.68817,0.00001,0.30542,0.00020,0.00620
23.81000,1.98000,0.69790,0.00001,0.29599,0.00028,0.00582
24.01000,1.98000,0.91694,0.00001,0.07939,0.00017,0.00348
24.21000,1.98000,0.96944,0.00004,0.02583,0.00169,0.00300
24.41000,1.98000,0.99202,0.00000,0.00547,0.00155,0.00096
24.61000,1.98000,0.99951,0.00000,0.00045,0.00002,0.00002
24.81000,1.98000,0.99993,0.00000,0.00000,0.00004,0.00003
25.01000,1.98000,0.99999,0.00000,0.00000,0.00000,0.00001
25.21000,1.98000,0.99998,0.00000,0.00000,0.00001,0.00001
25.41000,1.98000,0.99957,0.00000,0.00000,0.00015,0.00028
25.61000,1.98000,0.99616,0.00000,0.00000,0.00023,0.00361
25.81000,1.98000,0.98211,0.00000,0.00002,0.00011,0.01775
26.01000,1.98000,0.99724,0.00000,0.00001,0.00001,0.00275
26.21000,1.98000,0.98658,0.00000,0.00069,0.00002,0.01271
26.41000,1.98000,0.95971,0.00001,0.03762,0.00002,0.00265
26.61000,1.98000,0.90934,0.00003,0.07967,0.00016,0.01081
26.81000,1.98000,0.78340,0.00004,0.19803,0.00075,0.01778
27.01000,1.98000,0.63000,0.00002,0.35356,0.00135,0.01507
27.21000,1.98000,0.80441,0.00000,0.18430,0.00050,0.01079
27.41000,1.98000,0.89804,0.00000,0.09587,0.00045,0.00563
27.61000,1.98000,0.97956,0.00001,0.01639,0.00150,0.00255
27.81000,1.98000,0.99755,0.00000,0.00100,0.00063,0.00081
28.01000,1.98000,0.99996,0.00000,0.00002,0.00001,0.00000
28.21000,1.98000,0.99999,0.00000,0.00000,0.00000,0.00000
28.41000,1.98000,1.00000,0.00000,0.00000,0.00000,0.00000
28.61000,1.98000,0.99996,0.00000,0.00000,0.00003,0.00001
28.81000,1.98000,0.99997,0.00000,0.00000,0.00002,0.00001
29.01000,1.98000,0.99997,0.00000,0.00000,0.00001,0.00002
29.21000,1.98000,0.99966,0.00000,0.00000,0.00003,0.00031
29.41000,1.98000,0.99792,0.00000,0.00000,0.00004,0.00204
29.61000,1.98000,0.99779,0.00000,0.00000,0.00001,0.00220
29.81000,1.98000,0.99038,0.00000,0.00000,0.00002,0.00959
30.01000,1.98000,0.99688,0.00000,0.00000,0.00000,0.00311
30.21000,1.98000,0.99429,0.00000,0.00001,0.00000,0.00570
30.41000,1.98000,0.99441,0.00000,0.00000,0.00000,0.00559
30.61000,1.98000,0.99897,0.00000,0.00000,0.00000,0.00102
30.81000,1.98000,0.99889,0.00000,0.00016,0.00000,0.00095
31.01000,1.98000,0.98203,0.00000,0.01242,0.00000,0.00554
31.21000,1.98000,0.95116,0.00000,0.04159,0.00001,0.00724
31.41000,1.98000,0.95635,0.00000,0.03844,0.00000,0.00521
31.61000,1.98000,0.91745,0.00001,0.06193,0.00004,0.02057
31.81000,1.98000,0.94532,0.00001,0.04921,0.00001,0.00546
32.01000,1.98000,0.96252,0.00001,0.02927,0.00002,0.00818
32.21000,1.98000,0.96092,0.00000,0.03476,0.00001,0.00431
32.41000,1.98000,0.96942,0.00000,0.03015,0.00000,0.00042
32.61000,1.98000,0.99346,0.00000,0.00645,0.00000,0.00009
32.81000,1.98000,0.99990,0.00000,0.00005,0.00000,0.00005
33.01000,1.98000,0.99960,0.00000,0.00001,0.00000,0.00039
33.21000,1.98000,0.99939,0.00000,0.00001,0.00000,0.00060
33.41000,1.98000,0.99945,0.00000,0.00001,0.00000,0.00054
33.61000,1.98000,0.99973,0.00000,0.00001,0.00000,0.00026
33.81000,1.98000,0.99981,0.00000,0.00001,0.00000,0.00018
34.01000,1.98000,0.99991,0.00000,0.00000,0.00000,0.00008
34.21000,1.98000,0.99825,0.00000,0.00174,0.00000,0.00001
34.41000,1.98000,0.95496,0.00000,0.04502,0.00000,0.00002
34.61000,1.98000,0.88172,0.00001,0.11817,0.00000,0.00009
34.81000,1.98000,0.75402,0.00002,0.24578,0.00000,0.00017
35.01000,1.98000,0.66539,0.00005,0.33438,0.00001,0.00018
35.21000,1.98000,0.65988,0.00021,0.33967,0.00003,0.00022
35.41000,1.98000,0.88292,0.00038,0.11653,0.00005,0.00012
35.61000,1.98000,0.97766,0.00010,0.02215,0.00004,0.00005
35.81000,1.98000,0.99522,0.00001,0.00474,0.00002,0.00001
36.01000,1.98000,0.99948,0.00000,0.00052,0.00000,0.00000
36.21000,1.98000,1.00000,0.00000,0.00000,0.00000,0.00000
36.41000,1.98000,0.99999,0.00000,0.00000,0.00000,0.00000
36.61000,1.98000,0.99998,0.00000,0.00000,0.00001,0.00001
36.81000,1.98000,0.99998,0.00000,0.00000,0.00001,0.00002
37.01000,1.98000,0.99981,0.00000,0.00000,0.00001,0.00018
37.21000,1.98000,0.99789,0.00000,0.00000,0.00003,0.00208
37.41000,1.98000,0.99960,0.00000,0.00000,0.00000,0.00040
37.61000,1.98000,0.99899,0.00000,0.00000,0.00000,0.00101
37.81000,1.98000,0.99362,0.00000,0.00000,0.00000,0.00638
38.01000,1.98000,0.99861,0.00000,0.00000,0.00000,0.00139
38.21000,1.98000,0.99806,0.00000,0.00006,0.00000,0.00188
38.41000,1.98000,0.95125,0.00013,0.02698,0.00006,0.02157
38.61000,1.98000,0.81972,0.00022,0.15060,0.00036,0.02910
38.81000,1.98000,0.64300,0.00109,0.33983,0.00231,0.01377
39.01000,1.98000,0.67198,0.00085,0.31996,0.00074,0.00647
39.21000,1.98000,0.66778,0.00036,0.32805,0.00017,0.00364
39.41000,1.98000,0.82992,0.00031,0.16929,0.00002,0.00046
39.61000,1.98000,0.85295,0.00963,0.13654,0.00021,0.00067
39.81000,1.98000,0.87879,0.00178,0.11920,0.00007,0.00016
40.01000,1.98000,0.99027,0.00037,0.00936,0.00000,0.00000
40.21000,1.98000,0.99999,0.00000,0.00000,0.00000,0.00001
40.41000,1.98000,0.99993,0.00000,0.00002,0.00000,0.00005
40.61000,1.98000,0.99973,0.00001,0.00006,0.00001,0.00018
40.81000,1.98000,0.99990,0.00003,0.00005,0.00000,0.00002
41.01000,1.98000,0.99972,0.00011,0.00012,0.00000,0.00006
41.21000,1.98000,0.99980,0.00003,0.00009,0.00001,0.00008
41.41000,1.98000,0.99973,0.00001,0.00001,0.00003,0.00022
41.61000,1.98000,0.99993,0.00001,0.00001,0.00000,0.00005
41.81000,1.98000,0.99934,0.00003,0.00008,0.00002,0.00053
42.01000,1.98000,0.99969,0.00000,0.00002,0.00002,0.00027
42.21000,1.98000,0.99984,0.00000,0.00000,0.00001,0.00014
42.41000,1.98000,0.99988,0.00000,0.00000,0.00003,0.00009
42.61000,1.98000,0.99992,0.00000,0.00000,0.00001,0.00007
42.81000,1.98000,0.99985,0.00000,0.00000,0.00001,0.00013
43.01000,1.98000,0.99989,0.00000,0.00000,0.00000,0.00010
43.21000,1.98000,0.99975,0.00000,0.00000,0.00000,0.00025
43.41000,1.98000,0.99991,0.00000,0.00000,0.00000,0.00009
43.61000,1.98000,0.99207,0.00002,0.00750,0.00001,0.00040
43.81000,1.98000,0.90845,0.00076,0.08922,0.00015,0.00142
44.01000,1.98000,0.83421,0.00254,0.16077,0.00042,0.00205
44.21000,1.98000,0.77049,0.00406,0.22236,0.00070,0.00238
44.41000,1.98000,0.69066,0.00244,0.30519,0.00027,0.00143
44.61000,1.98000,0.84078,0.00048,0.15822,0.00003,0.00049
44.81000,1.98000,0.75955,0.00323,0.23634,0.00009,0.00080
45.01000,1.98000,0.89900,0.00450,0.09597,0.00008,0.00044
45.21000,1.98000,0.96293,0.00090,0.03603,0.00001,0.00013
45.41000,1.98000,0.99923,0.00006,0.00069,0.00000,0.00002
45.61000,1.98000,0.99985,0.00000,0.00000,0.00002,0.00013
45.81000,1.98000,0.99976,0.00000,0.00000,0.00001,0.00023
46.01000,1.98000,0.99918,0.00000,0.00000,0.00002,0.00080
46.21000,1.98000,0.99979,0.00000,0.00000,0.00000,0.00021
46.41000,1.98000,0.99986,0.00000,0.00000,0.00000,0.00014
46.61000,1.98000,0.99934,0.00000,0.00000,0.00000,0.00066
46.81000,1.98000,0.99956,0.00000,0.00000,0.00000,0.00044
47.01000,1.98000,0.99952,0.00000,0.00001,0.00000,0.00047
47.21000,1.98000,0.99935,0.00000,0.00000,0.00000,0.00064
47.41000,1.98000,0.99980,0.00000,0.00003,0.00000,0.00017
47.61000,1.98000,0.99684,0.00000,0.00315,0.00000,0.00001
47.81000,1.98000,0.95279,0.00000,0.04716,0.00000,0.00005
48.01000,1.98000,0.89167,0.00000,0.10821,0.00000,0.00012
48.21000,1.98000,0.86668,0.00001,0.13316,0.00000,0.00015
48.41000,1.98000,0.74485,0.00003,0.25486,0.00000,0.00025
48.61000,1.98000,0.78517,0.00006,0.21444,0.00001,0.00031
48.81000,1.98000,0.92716,0.00025,0.07237,0.00005,0.00016
49.01000,1.98000,0.98985,0.00020,0.00980,0.00008,0.00007
49.21000,1.98000,0.99796,0.00001,0.00203,0.00001,0.00000
49.41000,1.98000,0.99978,0.00000,0.00020,0.00001,0.00000
49.61000,1.98000,0.99999,0.00000,0.00000,0.00001,0.00000
49.81000,1.98000,0.99976,0.00000,0.00000,0.00018,0.00006
50.01000,1.98000,0.99991,0.00000,0.00000,0.00005,0.00004
50.21000,1.98000,0.99961,0.00000,0.00000,0.00009,0.00030
50.41000,1.98000,0.99971,0.00000,0.00000,0.00005,0.00024
50.61000,1.98000,0.99991,0.00000,0.00000,0.00001,0.00008
50.81000,1.98000,0.99987,0.00000,0.00000,0.00000,0.00013
51.01000,1.98000,0.99960,0.00000,0.00000,0.00004,0.00036
51.21000,1.98000,0.99984,0.00000,0.00000,0.00000,0.00015
51.41000,1.98000,0.99885,0.00000,0.00000,0.00001,0.00113
51.61000,1.98000,0.99920,0.00000,0.00000,0.00000,0.00080
51.81000,1.98000,0.99988,0.00000,0.00000,0.00000,0.00012
52.01000,1.98000,0.99967,0.00000,0.00000,0.00000,0.00033
52.21000,1.98000,0.99905,0.00000,0.00000,0.00000,0.00095
52.41000,1.98000,0.99989,0.00000,0.00000,0.00000,0.00011
52.61000,1.98000,0.99958,0.00000,0.00011,0.00000,0.00031
52.81000,1.98000,0.98970,0.00006,0.01000,0.00000,0.00024
53.01000,1.98000,0.94176,0.00013,0.05779,0.00001,0.00031
53.21000,1.98000,0.96450,0.00002,0.03515,0.00000,0.00033
53.41000,1.98000,0.95033,0.00007,0.04905,0.00000,0.00054
53.61000,1.98000,0.92594,0.00011,0.07361,0.00000,0.00034
53.81000,1.98000,0.96827,0.00006,0.03158,0.00000,0.00008
54.01000,1.98000,0.96120,0.00095,0.03774,0.00001,0.00010
54.21000,1.98000,0.97852,0.00017,0.02128,0.00001,0.00003
54.41000,1.98000,0.99843,0.00002,0.00155,0.00000,0.00000
54.61000,1.98000,0.99999,0.00000,0.00000,0.00000,0.00000
54.81000,1.98000,0.99997,0.00002,0.00000,0.00000,0.00001
55.01000,1.98000,0.99982,0.00017,0.00000,0.00000,0.00000
55.21000,1.98000,0.99874,0.00123,0.00000,0.00001,0.00001
55.41000,1.98000,0.99989,0.00010,0.00000,0.00000,0.00000
55.61000,1.98000,0.99958,0.00037,0.00000,0.00002,0.00003
55.81000,1.98000,0.99953,0.00022,0.00000,0.00015,0.00011
56.01000,1.98000,0.99933,0.00013,0.00000,0.00031,0.00023
56.21000,1.98000,0.99976,0.00003,0.00000,0.00013,0.00009
56.41000,1.98000,0.99990,0.00000,0.00000,0.00007,0.00003
56.61000,1.98000,0.99995,0.00000,0.00000,0.00003,0.00001
56.81000,1.98000,0.99998,0.00000,0.00000,0.00001,0.00001
57.01000,1.98000,0.99988,0.00000,0.00000,0.00002,0.00010
57.21000,1.98000,1.00000,0.00000,0.00000,0.00000,0.00000
57.41000,1.98000,0.99998,0.00000,0.00000,0.00000,0.00002
57.61000,1.98000,0.99949,0.00000,0.00000,0.00000,0.00050
57.81000,1.98000,0.99982,0.00000,0.00000,0.00000,0.00018
58.01000,1.98000,0.99700,0.00000,0.00264,0.00000,0.00036
58.21000,1.98000,0.96271,0.00002,0.03683,0.00000,0.00043
58.41000,1.98000,0.90929,0.00007,0.08959,0.00001,0.00105
58.61000,1.98000,0.73364,0.00022,0.26513,0.00003,0.00098
58.81000,1.98000,0.76678,0.00013,0.23255,0.00002,0.00051
59.01000,1.98000,0.69731,0.00064,0.30125,0.00009,0.00071
59.21000,1.98000,0.79142,0.00043,0.20660,0.00024,0.00130
59.41000,1.98000,0.95958,0.00033,0.03975,0.00006,0.00028
59.61000,1.98000,0.97706,0.00019,0.02255,0.00007,0.00014
59.81000,1.98000,0.99845,0.00001,0.00154,0.00000,0.00001
60.01000,1.98000,0.99998,0.00000,0.00000,0.00000,0.00002
60.21000,1.98000,0.99992,0.00000,0.00000,0.00002,0.00005
60.41000,1.98000,0.99997,0.00000,0.00000,0.00000,0.00003
60.61000,1.98000,0.99999,0.00000,0.00000,0.00000,0.00001
60.81000,1.98000,0.99999,0.00000,0.00000,0.00000,0.00001
61.01000,1.98000,0.99998,0.00000,0.00000,0.00000,0.00002
61.21000,1.98000,0.99994,0.00000,0.00000,0.00000,0.00005
61.41000,1.98000,0.99996,0.00000,0.00000,0.00000,0.00004
61.61000,1.98000,0.99984,0.00000,0.00001,0.00000,0.00015
61.81000,1.98000,0.99961,0.00000,0.00004,0.00000,0.00035
62.01000,1.98000,0.99987,0.00000,0.00005,0.00000,0.00007
62.21000,1.98000,0.99059,0.00000,0.00940,0.00000,0.00001
62.41000,1.98000,0.96767,0.00007,0.03202,0.00000,0.00024
62.61000,1.98000,0.81560,0.00021,0.18388,0.00002,0.00030
62.81000,1.98000,0.76260,0.00042,0.23614,0.00014,0.00070
63.01000,1.98000,0.75616,0.00059,0.24176,0.00031,0.00119
63.21000,1.98000,0.81270,0.00033,0.18497,0.00056,0.00144
63.41000,1.98000,0.94649,0.00012,0.05241,0.00042,0.00056
63.61000,1.98000,0.98692,0.00006,0.01234,0.00041,0.00027
63.81000,1.98000,0.99816,0.00000,0.00180,0.00003,0.00001
64.01000,1.98000,0.99998,0.00000,0.00000,0.00000,0.00001
64.21000,1.98000,0.99878,0.00000,0.00000,0.00007,0.00115
64.41000,1.98000,0.98395,0.00000,0.00001,0.00011,0.01593
64.61000,1.98000,0.99011,0.00000,0.00001,0.00002,0.00986
64.81000,1.98000,0.98062,0.00000,0.00003,0.00002,0.01934
65.01000,1.98000,0.98676,0.00000,0.00001,0.00000,0.01322
65.21000,1.98000,0.95818,0.00000,0.00004,0.00000,0.04178
65.41000,1.98000,0.97257,0.00000,0.00005,0.00000,0.02738
65.61000,1.98000,0.99686,0.00000,0.00001,0.00000,0.00313
65.81000,1.98000,0.99907,0.00000,0.00004,0.00000,0.00089
66.01000,1.98000,0.98550,0.00000,0.01309,0.00000,0.00140
66.21000,1.98000,0.89904,0.00007,0.08578,0.00010,0.01501
66.41000,1.98000,0.80436,0.00014,0.17418,0.00047,0.02085
66.61000,1.98000,0.70621,0.00016,0.27964,0.00182,0.01217
66.81000,1.98000,0.78333,0.00027,0.20207,0.00470,0.00963
67.01000,1.98000,0.92052,0.00117,0.06064,0.01358,0.00409
67.21000,1.98000,0.99483,0.00028,0.00426,0.00038,0.00024
67.41000,1.98000,0.99611,0.00013,0.00329,0.00023,0.00025
67.61000,1.98000,0.99776,0.00003,0.00210,0.00004,0.00008
67.81000,1.98000,0.99998,0.00000,0.00000,0.00000,0.00002
68.01000,1.98000,0.99990,0.00000,0.00000,0.00000,0.00010
68.21000,1.98000,0.99976,0.00000,0.00000,0.00001,0.00023
68.41000,1.98000,0.99891,0.00000,0.00000,0.00000,0.00109
68.61000,1.98000,0.99173,0.00000,0.00001,0.00000,0.00826
68.81000,1.98000,0.99707,0.00000,0.00002,0.00000,0.00291
69.01000,1.98000,0.99939,0.00000,0.00009,0.00000,0.00052
69.21000,1.98000,0.99979,0.00000,0.00002,0.00000,0.00019
69.41000,1.98000,0.99928,0.00000,0.00001,0.00000,0.00072
69.61000,1.98000,0.99304,0.00000,0.00209,0.00000,0.00486
69.81000,1.98000,0.92301,0.00001,0.05574,0.00002,0.02123
70.01000,1.98000,0.81875,0.00001,0.16857,0.00003,0.01264
70.21000,1.98000,0.68547,0.00004,0.30759,0.00006,0.00684
70.41000,1.98000,0.52431,0.00018,0.47001,0.00039,0.00511
70.61000,1.98000,0.64080,0.00026,0.35551,0.00044,0.00298
70.81000,1.98000,0.74562,0.00265,0.24549,0.00251,0.00373
71.01000,1.98000,0.89848,0.00071,0.09657,0.00266,0.00158
71.21000,1.98000,0.97424,0.00006,0.02437,0.00103,0.00030
71.41000,1.98000,0.99854,0.00001,0.00141,0.00002,0.00003
71.61000,1.98000,0.99995,0.00000,0.00000,0.00001,0.00005
71.81000,1.98000,0.99901,0.00000,0.00000,0.00002,0.00097
72.01000,1.98000,0.98866,0.00000,0.00000,0.00004,0.01130
72.21000,1.98000,0.96922,0.00000,0.00000,0.00002,0.03076
72.41000,1.98000,0.98191,0.00000,0.00002,0.00000,0.01807
72.61000,1.98000,0.91156,0.00000,0.00006,0.00001,0.08838
72.81000,1.98000,0.98292,0.00000,0.00003,0.00000,0.01705
73.01000,1.98000,0.99771,0.00000,0.00001,0.00000,0.00228
73.21000,1.98000,0.99790,0.00000,0.00002,0.00000,0.00209
73.41000,1.98000,0.99229,0.00000,0.00565,0.00000,0.00206
73.61000,1.98000,0.92530,0.00000,0.07265,0.00000,0.00205
73.81000,1.98000,0.83420,0.00000,0.15995,0.00001,0.00584
74.01000,1.98000,0.69621,0.00002,0.29404,0.00007,0.00967
74.21000,1.98000,0.59524,0.00003,0.40102,0.00010,0.00360
74.41000,1.98000,0.54840,0.00014,0.44553,0.00059,0.00533
74.61000,1.98000,0.63792,0.00057,0.35633,0.00189,0.00329
74.81000,1.98000,0.88552,0.00027,0.11015,0.00271,0.00135
75.01000,1.98000,0.99423,0.00000,0.00553,0.00021,0.00003
75.21000,1.98000,0.99992,0.00000,0.00007,0.00001,0.00000
75.41000,1.98000,1.00000,0.00000,0.00000,0.00000,0.00000
75.61000,1.98000,1.00000,0.00000,0.00000,0.00000,0.00000
75.81000,1.98000,0.99999,0.00000,0.00000,0.00000,0.00000
76.01000,1.98000,0.99999,0.00000,0.00000,0.00000,0.00001
76.21000,1.98000,0.99995,0.00000,0.00000,0.00001,0.00003
76.41000,1.98000,0.99983,0.00000,0.00000,0.00004,0.00013
76.61000,1.98000,0.99948,0.00000,0.00000,0.00004,0.00048
76.81000,1.98000,0.99897,0.00000,0.00000,0.00006,0.00097
77.01000,1.98000,0.99923,0.00000,0.00000,0.00001,0.00076
77.21000,1.98000,0.99618,0.00029,0.00000,0.00012,0.00341
77.41000,1.98000,0.97996,0.00249,0.00224,0.00011,0.01519
77.61000,1.98000,0.95680,0.01040,0.00931,0.00066,0.02283
77.81000,1.98000,0.86789,0.01221,0.10228,0.00177,0.01584
78.01000,1.98000,0.64864,0.00597,0.33020,0.00513,0.01006
78.21000,1.98000,0.72070,0.00367,0.27214,0.00185,0.00164
78.41000,1.98000,0.88340,0.00626,0.10994,0.00018,0.00021
78.61000,1.98000,0.84557,0.03403,0.11951,0.00056,0.00033
78.81000,1.98000,0.97340,0.00592,0.02059,0.00007,0.00003
79.01000,1.98000,0.99194,0.00079,0.00724,0.00001,0.00001
79.21000,1.98000,0.99992,0.00000,0.00008,0.00000,0.00000
79.41000,1.98000,0.99999,0.00000,0.00000,0.00000,0.00001
79.61000,1.98000,0.99986,0.00000,0.00001,0.00000,0.00013
79.81000,1.98000,0.99976,0.00000,0.00003,0.00000,0.00021
80.01000,1.98000,0.99907,0.00000,0.00019,0.00000,0.00075
80.21000,1.98000,0.99946,0.00000,0.00016,0.00000,0.00039
80.41000,1.98000,0.99712,0.00000,0.00013,0.00000,0.00274
80.61000,1.98000,0.95905,0.00000,0.04023,0.00000,0.00072
80.81000,1.98000,0.79249,0.00000,0.20375,0.00005,0.00371
81.01000,1.98000,0.70981,0.00000,0.28592,0.00012,0.00414
81.21000,1.98000,0.58665,0.00002,0.40877,0.00050,0.00406
81.41000,1.98000,0.50903,0.00006,0.48729,0.00093,0.00269
81.61000,1.98000,0.57766,0.00012,0.41887,0.00092,0.00243
81.81000,1.98000,0.77759,0.00050,0.21984,0.00025,0.00182
82.01000,1.98000,0.93658,0.00117,0.06180,0.00005,0.00041
82.21000,1.98000,0.95875,0.00038,0.04078,0.00002,0.00008
82.41000,1.98000,0.99901,0.00067,0.00032,0.00000,0.00000
82.61000,1.98000,0.99999,0.00000,0.00000,0.00000,0.00001
82.81000,1.98000,0.99998,0.00000,0.00000,0.00000,0.00001
83.01000,1.98000,0.99969,0.00001,0.00000,0.00002,0.00028
83.21000,1.98000,0.99690,0.00002,0.00000,0.00002,0.00306
83.41000,1.98000,0.99867,0.00007,0.00000,0.00000,0.00125
83.61000,1.98000,0.99569,0.00007,0.00000,0.00001,0.00422
83.81000,1.98000,0.99462,0.00056,0.00341,0.00001,0.00140
84.01000,1.98000,0.96167,0.00317,0.03265,0.00004,0.00247
84.21000,1.98000,0.87425,0.00324,0.11797,0.00013,0.00441
84.41000,1.98000,0.74612,0.00208,0.24639,0.00026,0.00515
84.61000,1.98000,0.64689,0.00092,0.34900,0.00011,0.00309
84.81000,1.98000,0.61013,0.00091,0.38728,0.00008,0.00159
85.01000,1.98000,0.63301,0.00112,0.36524,0.00005,0.00058
85.21000,1.98000,0.69639,0.00041,0.30298,0.00001,0.00022
85.41000,1.98000,0.79256,0.00004,0.20738,0.00000,0.00002
85.61000,1.98000,0.95642,0.00000,0.04354,0.00000,0.00004
85.81000,1.98000,0.99959,0.00000,0.00020,0.00000,0.00021
86.01000,1.98000,0.99912,0.00000,0.00009,0.00000,0.00079
86.21000,1.98000,0.99870,0.00000,0.00009,0.00000,0.00121
86.41000,1.98000,0.99893,0.00000,0.00017,0.00000,0.00090
86.61000,1.98000,0.99920,0.00000,0.00008,0.00000,0.00072
86.81000,1.98000,0.99962,0.00000,0.00003,0.00000,0.00035
87.01000,1.98000,0.99992,0.00000,0.00002,0.00000,0.00007
87.21000,1.98000,0.99965,0.00000,0.00008,0.00000,0.00027
87.41000,1.98000,0.99343,0.00000,0.00500,0.00000,0.00157
87.61000,1.98000,0.96539,0.00000,0.02884,0.00000,0.00577
87.81000,1.98000,0.87855,0.00000,0.10630,0.00001,0.01514
88.01000,1.98000,0.81084,0.00000,0.18203,0.00002,0.00711
88.21000,1.98000,0.77798,0.00003,0.21435,0.00014,0.00750
88.41000,1.98000,0.91961,0.00010,0.07712,0.00014,0.00303
88.61000,1.98000,0.97135,0.00038,0.02619,0.00063,0.00145
88.81000,1.98000,0.98307,0.00070,0.01340,0.00179,0.00104
89.01000,1.98000,0.99362,0.00002,0.00607,0.00014,0.00015
89.21000,1.98000,0.99999,0.00000,0.00000,0.00000,0.00001
89.41000,1.98000,0.99997,0.00000,0.00000,0.00000,0.00002
89.61000,1.98000,0.99989,0.00000,0.00000,0.00001,0.00010
89.81000,1.98000,0.99986,0.00000,0.00000,0.00000,0.00014
90.01000,1.98000,0.99989,0.00000,0.00000,0.00000,0.00011
90.21000,1.98000,0.99999,0.00000,0.00000,0.00000,0.00001
90.41000,1.98000,0.99997,0.00000,0.00000,0.00000,0.00003
90.61000,1.98000,0.99978,0.00000,0.00000,0.00000,0.00022
90.81000,1.98000,0.99555,0.00000,0.00001,0.00000,0.00444
91.01000,1.98000,0.98970,0.00000,0.00002,0.00000,0.01028
91.21000,1.98000,0.99815,0.00000,0.00001,0.00000,0.00185
91.41000,1.98000,0.99639,0.00000,0.00002,0.00000,0.00359
91.61000,1.98000,0.97297,0.00005,0.00288,0.00003,0.02406
91.81000,1.98000,0.84361,0.00133,0.01099,0.00051,0.14356
92.01000,1.98000,0.84114,0.00134,0.03605,0.00069,0.12078
92.21000,1.98000,0.73064,0.00158,0.12682,0.00327,0.13769
92.41000,1.98000,0.63876,0.00265,0.30885,0.00299,0.04674
92.61000,1.98000,0.68790,0.00584,0.29104,0.00142,0.01379
92.81000,1.98000,0.88197,0.00638,0.10960,0.00051,0.00154
93.01000,1.98000,0.94075,0.00687,0.05218,0.00006,0.00013
93.21000,1.98000,0.88695,0.00360,0.10940,0.00001,0.00003
93.41000,1.98000,0.98737,0.00044,0.01219,0.00000,0.00000
93.61000,1.98000,0.99984,0.00000,0.00015,0.00000,0.00000
93.81000,1.98000,0.99988,0.00000,0.00012,0.00000,0.00000
94.01000,1.98000,0.99963,0.00000,0.00037,0.00000,0.00000
94.21000,1.98000,0.99855,0.00000,0.00144,0.00000,0.00001
94.41000,1.98000,0.99928,0.00000,0.00072,0.00000,0.00000
94.61000,1.98000,0.99832,0.00000,0.00167,0.00000,0.00001
94.81000,1.98000,0.99920,0.00000,0.00064,0.00000,0.00016
95.01000,1.98000,0.98254,0.00001,0.01307,0.00002,0.00435
95.21000,1.98000,0.82105,0.00014,0.16184,0.00028,0.01670
95.41000,1.98000,0.72487,0.00040,0.23535,0.00159,0.03779
95.61000,1.98000,0.77987,0.00027,0.21095,0.00015,0.00877
95.81000,1.98000,0.71263,0.00020,0.28519,0.00006,0.00192
96.01000,1.98000,0.64962,0.00073,0.34906,0.00005,0.00054
96.21000,1.98000,0.83424,0.00035,0.16531,0.00001,0.00009
96.41000,1.98000,0.88935,0.00018,0.11047,0.00000,0.00001
96.61000,1.98000,0.90922,0.00002,0.09075,0.00000,0.00000
96.81000,1.98000,0.97648,0.00000,0.02351,0.00000,0.00000
97.01000,1.98000,0.99860,0.00000,0.00139,0.00000,0.00001
97.21000,1.98000,0.99115,0.00000,0.00872,0.00000,0.00013
97.41000,1.98000,0.99796,0.00000,0.00204,0.00000,0.00000
97.61000,1.98000,0.96270,0.00000,0.03729,0.00000,0.00001
97.81000,1.98000,0.84755,0.00000,0.15205,0.00000,0.00040
98.01000,1.98000,0.72005,0.00001,0.27944,0.00000,0.00050
98.21000,1.98000,0.61275,0.00002,0.38495,0.00003,0.00224
98.41000,1.98000,0.62851,0.00007,0.36843,0.00008,0.00291
98.61000,1.98000,0.58225,0.00009,0.41652,0.00005,0.00108
98.81000,1.98000,0.64345,0.00012,0.35611,0.00002,0.00029
99.01000,1.98000,0.93611,0.00020,0.06364,0.00000,0.00005
99.21000,1.98000,0.98299,0.00030,0.01667,0.00000,0.00004
99.41000,1.98000,0.97886,0.00033,0.02074,0.00000,0.00006
99.61000,1.98000,0.99745,0.00001,0.00000,0.00020,0.00234
99.81000,1.98000,0.96818,0.00006,0.00003,0.00231,0.02942
100.01000,1.98000,0.97895,0.00016,0.00002,0.00213,0.01875
100.21000,1.98000,0.95279,0.00038,0.00017,0.00153,0.04513
100.41000,1.98000,0.84600,0.00067,0.01854,0.00396,0.13083
100.61000,1.98000,0.83585,0.00157,0.03153,0.00827,0.12277
100.81000,1.98000,0.77425,0.00159,0.06385,0.01198,0.14832
101.01000,1.98000,0.71494,0.00037,0.16110,0.02412,0.09946
101.21000,1.98000,0.66346,0.00015,0.19404,0.06917,0.07319
101.41000,1.98000,0.79498,0.00015,0.13055,0.04454,0.02978
101.61000,1.98000,0.95418,0.00020,0.02476,0.01814,0.00272
101.81000,1.98000,0.98762,0.00010,0.00236,0.00918,0.00074
102.01000,1.98000,0.99703,0.00001,0.00064,0.00213,0.00019
102.21000,1.98000,0.99992,0.00000,0.00000,0.00007,0.00001
102.41000,1.98000,0.93839,0.00000,0.00000,0.06040,0.00121
102.61000,1.98000,0.81344,0.00000,0.00000,0.17588,0.01068
102.81000,1.98000,0.67197,0.00001,0.00000,0.28011,0.04791
103.01000,1.98000,0.88393,0.00003,0.00002,0.05370,0.06232
103.21000,1.98000,0.82804,0.00093,0.01977,0.02348,0.12777
103.41000,1.98000,0.82895,0.00363,0.02781,0.02980,0.10981
103.61000,1.98000,0.77774,0.00321,0.07538,0.03909,0.10457
103.81000,1.98000,0.65957,0.00285,0.15431,0.08085,0.10242
104.01000,1.98000,0.81930,0.00023,0.08939,0.05101,0.04008
104.21000,1.98000,0.88327,0.00009,0.03298,0.06137,0.02229
104.41000,1.98000,0.97238,0.00018,0.00891,0.01688,0.00164
104.61000,1.98000,0.99152,0.00018,0.00029,0.00784,0.00017
104.81000,1.98000,0.99959,0.00003,0.00001,0.00035,0.00002
105.01000,1.98000,0.99994,0.00000,0.00000,0.00005,0.00001
105.21000,1.98000,0.99979,0.00000,0.00000,0.00013,0.00007
105.41000,1.98000,0.99874,0.00000,0.00000,0.00034,0.00091
105.61000,1.98000,0.99845,0.00000,0.00000,0.00008,0.00147
105.81000,1.98000,0.99559,0.00000,0.00000,0.00004,0.00437
106.01000,1.98000,0.96714,0.00000,0.00000,0.00002,0.03283
106.21000,1.98000,0.98124,0.00000,0.00001,0.00000,0.01875
106.41000,1.98000,0.99735,0.00000,0.00001,0.00000,0.00264
106.61000,1.98000,0.99987,0.00000,0.00002,0.00000,0.00011
106.81000,1.98000,0.99738,0.00000,0.00198,0.00000,0.00065
107.01000,1.98000,0.89164,0.00000,0.10810,0.00000,0.00026
107.21000,1.98000,0.73037,0.00000,0.26785,0.00001,0.00177
107.41000,1.98000,0.63018,0.00002,0.36800,0.00003,0.00176
107.61000,1.98000,0.54810,0.00005,0.45052,0.00007,0.00125
107.81000,1.98000,0.69408,0.00017,0.30524,0.00006,0.00045
108.01000,1.98000,0.84490,0.00054,0.15429,0.00005,0.00022
108.21000,1.98000,0.97599,0.00029,0.02371,0.00000,0.00001
108.41000,1.98000,0.97341,0.00095,0.02559,0.00001,0.00005
108.61000,1.98000,0.94087,0.00048,0.05861,0.00000,0.00003
108.81000,1.98000,0.99966,0.00000,0.00010,0.00002,0.00022
109.01000,1.98000,0.99871,0.00000,0.00001,0.00003,0.00124
109.21000,1.98000,0.99715,0.00000,0.00008,0.00001,0.00276
109.41000,1.98000,0.98866,0.00000,0.00033,0.00000,0.01102
109.61000,1.98000,0.98116,0.00000,0.00144,0.00000,0.01739
109.81000,1.98000,0.99024,0.00000,0.00118,0.00000,0.00859
110.01000,1.98000,0.91417,0.00000,0.08419,0.00000,0.00164
110.21000,1.98000,0.74862,0.00001,0.23386,0.00012,0.01738
110.41000,1.98000,0.69059,0.00002,0.30042,0.00011,0.00887
110.61000,1.98000,0.75861,0.00010,0.23540,0.00014,0.00575
110.81000,1.98000,0.73985,0.00057,0.24857,0.00115,0.00986
111.01000,1.98000,0.74852,0.00097,0.24306,0.00213,0.00533
111.21000,1.98000,0.87328,0.00252,0.11971,0.00285,0.00163
111.41000,1.98000,0.97519,0.00431,0.01269,0.00686,0.00095
111.61000,1.98000,0.99820,0.00014,0.00104,0.00057,0.00004
111.81000,1.98000,0.99983,0.00000,0.00000,0.00016,0.00001
112.01000,1.98000,0.99980,0.00000,0.00000,0.00019,0.00001
112.21000,1.98000,0.99994,0.00000,0.00000,0.00005,0.00001
112.41000,1.98000,0.99979,0.00000,0.00000,0.00011,0.00010
112.61000,1.98000,0.99919,0.00000,0.00000,0.00010,0.00071
112.81000,1.98000,0.99927,0.00000,0.00000,0.00000,0.00072
113.01000,1.98000,0.99551,0.00000,0.00005,0.00000,0.00444
113.21000,1.98000,0.99892,0.00000,0.00003,0.00000,0.00105
113.41000,1.98000,0.98922,0.00000,0.00393,0.00000,0.00684
113.61000,1.98000,0.81832,0.00005,0.13639,0.00044,0.04479
113.81000,1.98000,0.76584,0.00004,0.21276,0.00035,0.02101
114.01000,1.98000,0.66836,0.00014,0.30705,0.00094,0.02351
114.21000,1.98000,0.66699,0.00017,0.32470,0.00034,0.00780
114.41000,1.98000,0.62697,0.00077,0.36622,0.00092,0.00512
114.61000,1.98000,0.77823,0.00292,0.21265,0.00125,0.00495
114.81000,1.98000,0.95564,0.00310,0.04061,0.00015,0.00050
115.01000,1.98000,0.92347,0.00591,0.06950,0.00028,0.00084
115.21000,1.98000,0.98646,0.00114,0.01232,0.00000,0.00007
115.41000,1.98000,0.99998,0.00000,0.00000,0.00000,0.00001
115.61000,1.98000,0.99989,0.00000,0.00000,0.00000,0.00011
115.81000,1.98000,0.99967,0.00000,0.00001,0.00000,0.00032
116.01000,1.98000,0.99973,0.00000,0.00001,0.00000,0.00025
116.21000,1.98000,0.99903,0.00000,0.00003,0.00000,0.00094
116.41000,1.98000,0.99834,0.00000,0.00010,0.00000,0.00156
116.61000,1.98000,0.99973,0.00000,0.00004,0.00000,0.00023
116.81000,1.98000,0.99149,0.00000,0.00468,0.00001,0.00382
117.01000,1.98000,0.92522,0.00003,0.07246,0.00002,0.00227
117.21000,1.98000,0.81490,0.00005,0.18161,0.00008,0.00337
117.41000,1.98000,0.72234,0.00005,0.27560,0.00008,0.00192
117.61000,1.98000,0.62402,0.00011,0.37448,0.00018,0.00121
117.81000,1.98000,0.60131,0.00016,0.39695,0.00048,0.00110
118.01000,1.98000,0.63456,0.00033,0.36357,0.00070,0.00084
118.21000,1.98000,0.78751,0.00134,0.20967,0.00110,0.00038
118.41000,1.98000,0.94446,0.00035,0.05419,0.00088,0.00011
118.61000,1.98000,0.99290,0.00007,0.00702,0.00000,0.00000
118.81000,1.98000,1.00000,0.00000,0.00000,0.00000,0.00000
119.01000,1.98000,0.99995,0.00000,0.00000,0.00000,0.00004
119.21000,1.98000,0.99999,0.00000,0.00000,0.00000,0.00001
119.41000,1.98000,0.99987,0.00000,0.00000,0.00002,0.00011
119.61000,1.98000,0.99995,0.00000,0.00000,0.00000,0.00005
119.81000,1.98000,0.99995,0.00000,0.00000,0.00000,0.00005
120.01000,1.98000,0.99995,0.00000,0.00000,0.00000,0.00004
120.21000,1.98000,0.99997,0.00001,0.00000,0.00000,0.00002
120.41000,1.98000,0.99997,0.00003,0.00000,0.00000,0.00000
120.61000,1.98000,0.99949,0.00050,0.00000,0.00000,0.00000
120.81000,1.98000,0.99939,0.00058,0.00002,0.00000,0.00001
121.01000,1.98000,0.99998,0.00001,0.00001,0.00000,0.00000
121.21000,1.98000,0.99998,0.00002,0.00001,0.00000,0.00000
121.41000,1.98000,0.99896,0.00074,0.00025,0.00000,0.00004
121.61000,1.98000,0.99797,0.00127,0.00072,0.00001,0.00003
121.81000,1.98000,0.99683,0.00249,0.00065,0.00001,0.00002
122.01000,1.98000,0.99817,0.00145,0.00035,0.00001,0.00001
122.21000,1.98000,0.99984,0.00008,0.00006,0.00000,0.00001
122.41000,1.98000,0.99999,0.00000,0.00000,0.00000,0.00001
122.61000,1.98000,0.99999,0.00000,0.00000,0.00001,0.00001
122.81000,1.98000,1.00000,0.00000,0.00000,0.00000,0.00000
123.01000,1.98000,1.00000,0.00000,0.00000,0.00000,0.00000
123.21000,1.98000,1.00000,0.00000,0.00000,0.00000,0.00000
123.41000,1.98000,1.00000,0.00000,0.00000,0.00000,0.00000
