Time (seconds), Duration (seconds),pred_(unlabeled),pred_empty_box,pred_table
0.00250,0.49500,0.04599,0.95401,0.00000
0.10250,0.49500,0.05138,0.94862,0.00000
0.20250,0.49500,0.03272,0.96728,0.00000
0.30250,0.49500,0.04347,0.95653,0.00000
0.40250,0.49500,0.05626,0.94374,0.00000
0.50250,0.49500,0.04371,0.95629,0.00000
0.60250,0.49500,0.04985,0.95015,0.00000
0.70250,0.49500,0.04645,0.95355,0.00000
0.80250,0.49500,0.03826,0.96174,0.00000
0.90250,0.49500,0.02568,0.97432,0.00000
1.00250,0.49500,0.03658,0.96342,0.00000
1.10250,0.49500,0.04384,0.95616,0.00000
1.20250,0.49500,0.02841,0.97159,0.00000
1.30250,0.49500,0.03570,0.96430,0.00000
1.40250,0.49500,0.04929,0.95071,0.00000
1.50250,0.49500,0.05862,0.94138,0.00000
1.60250,0.49500,0.07303,0.92697,0.00000
1.70250,0.49500,0.04848,0.95152,0.00000
1.80250,0.49500,0.02957,0.97043,0.00000
1.90250,0.49500,0.03319,0.96681,0.00000
2.00250,0.49500,0.03238,0.96762,0.00000
2.10250,0.49500,0.04732,0.95268,0.00000
2.20250,0.49500,0.07739,0.92261,0.00000
2.30250,0.49500,0.06911,0.93089,0.00000
2.40250,0.49500,0.04349,0.95651,0.00000
2.50250,0.49500,0.06044,0.93956,0.00000
2.60250,0.49500,0.05470,0.94530,0.00000
2.70250,0.49500,0.10151,0.89849,0.00000
2.80250,0.49500,0.11363,0.88636,0.00000
2.90250,0.49500,0.20359,0.79641,0.00000
3.00250,0.49500,0.08447,0.91553,0.00000
3.10250,0.49500,0.06102,0.93898,0.00000
3.20250,0.49500,0.12840,0.87160,0.00000
3.30250,0.49500,0.06500,0.93500,0.00000
3.40250,0.49500,0.18297,0.81703,0.00000
3.50250,0.49500,0.13534,0.86466,0.00000
3.60250,0.49500,0.08305,0.91695,0.00000
3.70250,0.49500,0.22059,0.77941,0.00000
3.80250,0.49500,0.16191,0.83809,0.00000
3.90250,0.49500,0.11727,0.88273,0.00000
4.00250,0.49500,0.23325,0.76675,0.00000
4.10250,0.49500,0.19028,0.80972,0.00000
4.20250,0.49500,0.12584,0.87416,0.00000
4.30250,0.49500,0.06464,0.93536,0.00000
4.40250,0.49500,0.06983,0.93017,0.00000
4.50250,0.49500,0.07861,0.92139,0.00000
4.60250,0.49500,0.16571,0.83429,0.00000
4.70250,0.49500,0.06812,0.93188,0.00000
4.80250,0.49500,0.11539,0.88461,0.00000
4.90250,0.49500,0.07312,0.92688,0.00000
5.00250,0.49500,0.09571,0.90429,0.00000
5.10250,0.49500,0.04952,0.95048,0.00000
5.20250,0.49500,0.06885,0.93115,0.00000
5.30250,0.49500,0.04755,0.95245,0.00000
5.40250,0.49500,0.07977,0.92023,0.00000
5.50250,0.49500,0.06084,0.93916,0.00000
5.60250,0.49500,0.08698,0.91302,0.00000
5.70250,0.49500,0.06959,0.93041,0.00000
5.80250,0.49500,0.08071,0.91929,0.00000
5.90250,0.49500,0.05844,0.94156,0.00000
6.00250,0.49500,0.04239,0.95761,0.00000
6.10250,0.49500,0.02542,0.97458,0.00000
6.20250,0.49500,0.03944,0.96056,0.00000
6.30250,0.49500,0.06717,0.93283,0.00000
6.40250,0.49500,0.03437,0.96563,0.00000
6.50250,0.49500,0.05894,0.94106,0.00000
6.60250,0.49500,0.05573,0.94427,0.00000
6.70250,0.49500,0.07314,0.92686,0.00000
6.80250,0.49500,0.08349,0.91651,0.00000
6.90250,0.49500,0.04397,0.95603,0.00000
7.00250,0.49500,0.04594,0.95406,0.00000
7.10250,0.49500,0.05117,0.94883,0.00000
7.20250,0.49500,0.05658,0.94342,0.00000
7.30250,0.49500,0.11758,0.88242,0.00000
7.40250,0.49500,0.07351,0.92649,0.00000
7.50250,0.49500,0.07257,0.92743,0.00000
7.60250,0.49500,0.05655,0.94345,0.00000
7.70250,0.49500,0.04575,0.95425,0.00000
7.80250,0.49500,0.10592,0.89408,0.00000
7.90250,0.49500,0.08025,0.91975,0.00000
8.00250,0.49500,0.08037,0.91963,0.00000
8.10250,0.49500,0.10543,0.89457,0.00000
8.20250,0.49500,0.05323,0.94677,0.00000
8.30250,0.49500,0.08165,0.91835,0.00000
8.40250,0.49500,0.19257,0.80743,0.00000
8.50250,0.49500,0.13403,0.86597,0.00000
8.60250,0.49500,0.24020,0.75980,0.00000
8.70250,0.49500,0.16186,0.83814,0.00000
8.80250,0.49500,0.09285,0.90715,0.00000
8.90250,0.49500,0.03720,0.96280,0.00000
9.00250,0.49500,0.08935,0.91065,0.00000
9.10250,0.49500,0.04186,0.95814,0.00000
9.20250,0.49500,0.09818,0.90182,0.00000
9.30250,0.49500,0.04072,0.95928,0.00000
9.40250,0.49500,0.12821,0.87179,0.00000
9.50250,0.49500,0.06344,0.93656,0.00000
9.60250,0.49500,0.10709,0.89291,0.00000
9.70250,0.49500,0.13496,0.86504,0.00000
9.80250,0.49500,0.14820,0.85180,0.00000
9.90250,0.49500,0.05578,0.94422,0.00000
10.00250,0.49500,0.08396,0.91604,0.00000
10.10250,0.49500,0.07118,0.92882,0.00000
10.20250,0.49500,0.10431,0.89569,0.00000
10.30250,0.49500,0.05210,0.94790,0.00000
10.40250,0.49500,0.05468,0.94532,0.00000
10.50250,0.49500,0.09149,0.90851,0.00000
10.60250,0.49500,0.12598,0.87402,0.00000
10.70250,0.49500,0.12257,0.87743,0.00000
10.80250,0.49500,0.09009,0.90991,0.00000
10.90250,0.49500,0.16749,0.83251,0.00000
11.00250,0.49500,0.15410,0.84590,0.00000
11.10250,0.49500,0.16390,0.83610,0.00000
11.20250,0.49500,0.15237,0.84763,0.00000
11.30250,0.49500,0.04580,0.95420,0.00000
11.40250,0.49500,0.02930,0.97070,0.00000
11.50250,0.49500,0.02641,0.97359,0.00000
11.60250,0.49500,0.03502,0.96498,0.00000
11.70250,0.49500,0.06057,0.93943,0.00000
11.80250,0.49500,0.09809,0.90191,0.00000
11.90250,0.49500,0.07095,0.92905,0.00000
12.00250,0.49500,0.06770,0.93230,0.00000
12.10250,0.49500,0.04997,0.95003,0.00000
12.20250,0.49500,0.08197,0.91803,0.00000
12.30250,0.49500,0.07094,0.92906,0.00000
12.40250,0.49500,0.06118,0.93882,0.00000
12.50250,0.49500,0.07785,0.92215,0.00000
12.60250,0.49500,0.05155,0.94845,0.00000
12.70250,0.49500,0.04212,0.95788,0.00000
12.80250,0.49500,0.07503,0.92497,0.00000
12.90250,0.49500,0.08163,0.91837,0.00000
13.00250,0.49500,0.10418,0.89582,0.00000
13.10250,0.49500,0.08864,0.91136,0.00000
13.20250,0.49500,0.12844,0.87156,0.00000
13.30250,0.49500,0.12828,0.87172,0.00000
13.40250,0.49500,0.17010,0.82990,0.00000
13.50250,0.49500,0.11620,0.88380,0.00000
13.60250,0.49500,0.08719,0.91281,0.00000
13.70250,0.49500,0.13500,0.86500,0.00000
13.80250,0.49500,0.16291,0.83709,0.00000
13.90250,0.49500,0.09061,0.90939,0.00000
14.00250,0.49500,0.17408,0.82592,0.00000
14.10250,0.49500,0.17456,0.82544,0.00000
14.20250,0.49500,0.20166,0.79834,0.00000
14.30250,0.49500,0.22656,0.77344,0.00000
14.40250,0.49500,0.18233,0.81767,0.00000
14.50250,0.49500,0.18733,0.81267,0.00000
14.60250,0.49500,0.25406,0.74594,0.00000
14.70250,0.49500,0.65126,0.34874,0.00000
14.80250,0.49500,0.94790,0.05210,0.00000
14.90250,0.49500,0.98729,0.01271,0.00000
15.00250,0.49500,0.99912,0.00088,0.00000
15.10250,0.49500,0.99999,0.00001,0.00000
15.20250,0.49500,0.99957,0.00043,0.00000
15.30250,0.49500,1.00000,0.00000,0.00000
15.40250,0.49500,0.99112,0.00888,0.00000
15.50250,0.49500,0.78313,0.21687,0.00000
15.60250,0.49500,1.00000,0.00000,0.00000
15.70250,0.49500,1.00000,0.00000,0.00000
15.80250,0.49500,1.00000,0.00000,0.00000
15.90250,0.49500,0.99999,0.00001,0.00000
16.00250,0.49500,0.99996,0.00004,0.00000
16.10250,0.49500,0.98917,0.00324,0.00759
16.20250,0.49500,0.95042,0.02354,0.02604
16.30250,0.49500,0.85638,0.00583,0.13779
16.40250,0.49500,0.48018,0.00429,0.51553
16.50250,0.49500,0.54713,0.12559,0.32729
16.60250,0.49500,0.31921,0.05679,0.62400
16.70250,0.49500,0.24178,0.07428,0.68395
16.80250,0.49500,0.19077,0.01866,0.79057
16.90250,0.49500,0.06473,0.01662,0.91865
17.00250,0.49500,0.06217,0.00942,0.92840
17.10250,0.49500,0.14289,0.01822,0.83888
17.20250,0.49500,0.22335,0.03430,0.74235
17.30250,0.49500,0.48345,0.09075,0.42580
17.40250,0.49500,0.62829,0.17474,0.19697
17.50250,0.49500,0.58756,0.16299,0.24946
17.60250,0.49500,0.66701,0.07044,0.26255
17.70250,0.49500,0.57721,0.02232,0.40046
17.80250,0.49500,0.60345,0.05153,0.34503
17.90250,0.49500,0.37990,0.06234,0.55777
18.00250,0.49500,0.46782,0.07350,0.45868
18.10250,0.49500,0.56193,0.02925,0.40882
18.20250,0.49500,0.41608,0.03528,0.54865
18.30250,0.49500,0.33305,0.03338,0.63356
18.40250,0.49500,0.35187,0.06554,0.58260
18.50250,0.49500,0.51570,0.11750,0.36680
18.60250,0.49500,0.41842,0.02551,0.55607
18.70250,0.49500,0.31403,0.01262,0.67335
18.80250,0.49500,0.28940,0.00222,0.70838
18.90250,0.49500,0.06993,0.00220,0.92787
19.00250,0.49500,0.11794,0.00229,0.87978
19.10250,0.49500,0.11124,0.00142,0.88734
19.20250,0.49500,0.14387,0.00238,0.85375
19.30250,0.49500,0.10089,0.01055,0.88856
19.40250,0.49500,0.06017,0.00784,0.93199
19.50250,0.49500,0.08369,0.01930,0.89701
19.60250,0.49500,0.13173,0.01323,0.85504
19.70250,0.49500,0.10261,0.00690,0.89050
19.80250,0.49500,0.10804,0.00889,0.88307
19.90250,0.49500,0.22197,0.01121,0.76682
20.00250,0.49500,0.09564,0.01141,0.89295
20.10250,0.49500,0.19693,0.00633,0.79674
20.20250,0.49500,0.25959,0.01831,0.72210
20.30250,0.49500,0.08482,0.00400,0.91118
20.40250,0.49500,0.17325,0.00508,0.82167
20.50250,0.49500,0.04878,0.00626,0.94496
20.60250,0.49500,0.03839,0.00461,0.95699
20.70250,0.49500,0.07245,0.02241,0.90514
20.80250,0.49500,0.08242,0.01729,0.90030
20.90250,0.49500,0.10707,0.01088,0.88205
21.00250,0.49500,0.05353,0.00652,0.93995
21.10250,0.49500,0.04533,0.00830,0.94637
21.20250,0.49500,0.03031,0.00523,0.96446
21.30250,0.49500,0.03696,0.00358,0.95945
21.40250,0.49500,0.04153,0.00409,0.95438
21.50250,0.49500,0.04451,0.00425,0.95124
21.60250,0.49500,0.04482,0.00360,0.95158
21.70250,0.49500,0.05754,0.00507,0.93738
21.80250,0.49500,0.03464,0.00256,0.96280
21.90250,0.49500,0.05788,0.00260,0.93951
22.00250,0.49500,0.04107,0.00321,0.95572
22.10250,0.49500,0.04897,0.00612,0.94490
22.20250,0.49500,0.04993,0.00578,0.94430
22.30250,0.49500,0.08345,0.01471,0.90185
22.40250,0.49500,0.08517,0.01782,0.89701
22.50250,0.49500,0.06030,0.01406,0.92564
22.60250,0.49500,0.06966,0.00801,0.92233
22.70250,0.49500,0.03358,0.00662,0.95980
22.80250,0.49500,0.08104,0.01045,0.90851
22.90250,0.49500,0.02769,0.00486,0.96746
23.00250,0.49500,0.04878,0.00319,0.94803
23.10250,0.49500,0.03043,0.00402,0.96555
23.20250,0.49500,0.03672,0.00381,0.95948
23.30250,0.49500,0.05377,0.00606,0.94018
23.40250,0.49500,0.06287,0.00671,0.93041
23.50250,0.49500,0.08347,0.01353,0.90301
23.60250,0.49500,0.06518,0.01713,0.91769
23.70250,0.49500,0.04838,0.00537,0.94626
23.80250,0.49500,0.04810,0.01224,0.93966
23.90250,0.49500,0.06835,0.01396,0.91769
24.00250,0.49500,0.07181,0.01687,0.91132
24.10250,0.49500,0.08230,0.01765,0.90005
24.20250,0.49500,0.05056,0.01379,0.93566
24.30250,0.49500,0.05201,0.01028,0.93770
24.40250,0.49500,0.06127,0.01018,0.92855
24.50250,0.49500,0.11641,0.00690,0.87669
24.60250,0.49500,0.09821,0.00734,0.89445
24.70250,0.49500,0.04855,0.00247,0.94899
24.80250,0.49500,0.07955,0.00424,0.91621
24.90250,0.49500,0.04797,0.00702,0.94501
25.00250,0.49500,0.04325,0.00841,0.94834
25.10250,0.49500,0.04238,0.00814,0.94948
25.20250,0.49500,0.05171,0.03958,0.90870
25.30250,0.49500,0.07460,0.06789,0.85752
25.40250,0.49500,0.06274,0.05669,0.88057
25.50250,0.49500,0.03539,0.01621,0.94841
25.60250,0.49500,0.04810,0.01148,0.94042
25.70250,0.49500,0.03360,0.00738,0.95901
25.80250,0.49500,0.03407,0.00651,0.95943
25.90250,0.49500,0.04430,0.01427,0.94143
26.00250,0.49500,0.03001,0.01402,0.95597
26.10250,0.49500,0.03971,0.01567,0.94462
26.20250,0.49500,0.04506,0.01739,0.93755
26.30250,0.49500,0.05058,0.02468,0.92474
26.40250,0.49500,0.04832,0.02019,0.93149
26.50250,0.49500,0.04978,0.02020,0.93002
26.60250,0.49500,0.05500,0.02377,0.92123
26.70250,0.49500,0.05142,0.02466,0.92392
26.80250,0.49500,0.06049,0.02317,0.91635
26.90250,0.49500,0.04972,0.01761,0.93267
27.00250,0.49500,0.04588,0.00865,0.94547
27.10250,0.49500,0.05867,0.01620,0.92512
27.20250,0.49500,0.07178,0.01531,0.91291
27.30250,0.49500,0.04575,0.00565,0.94859
27.40250,0.49500,0.06302,0.00614,0.93084
27.50250,0.49500,0.15862,0.01541,0.82597
27.60250,0.49500,0.11212,0.02355,0.86433
27.70250,0.49500,0.20544,0.05627,0.73829
27.80250,0.49500,0.14781,0.05601,0.79618
27.90250,0.49500,0.09857,0.02332,0.87811
28.00250,0.49500,0.06248,0.02920,0.90832
28.10250,0.49500,0.14240,0.02290,0.83470
28.20250,0.49500,0.05138,0.02261,0.92602
28.30250,0.49500,0.17248,0.02816,0.79936
28.40250,0.49500,0.11143,0.02145,0.86712
28.50250,0.49500,0.09231,0.02879,0.87891
28.60250,0.49500,0.08938,0.02741,0.88322
28.70250,0.49500,0.12718,0.01190,0.86093
28.80250,0.49500,0.18740,0.02184,0.79076
28.90250,0.49500,0.07391,0.00990,0.91618
29.00250,0.49500,0.13932,0.01947,0.84121
29.10250,0.49500,0.03816,0.01130,0.95054
29.20250,0.49500,0.03746,0.01062,0.95192
29.30250,0.49500,0.05956,0.02601,0.91444
29.40250,0.49500,0.03418,0.01180,0.95402
29.50250,0.49500,0.07784,0.02830,0.89386
29.60250,0.49500,0.03370,0.01558,0.95072
29.70250,0.49500,0.10486,0.02824,0.86690
29.80250,0.49500,0.21339,0.03299,0.75362
29.90250,0.49500,0.11552,0.03741,0.84707
30.00250,0.49500,0.17695,0.00613,0.81692
30.10250,0.49500,0.07084,0.01120,0.91795
30.20250,0.49500,0.03719,0.01268,0.95013
30.30250,0.49500,0.05404,0.01445,0.93151
30.40250,0.49500,0.03915,0.03442,0.92643
30.50250,0.49500,0.04280,0.00879,0.94841
30.60250,0.49500,0.05080,0.01134,0.93786
30.70250,0.49500,0.05664,0.01988,0.92348
30.80250,0.49500,0.04940,0.01077,0.93983
30.90250,0.49500,0.05039,0.01093,0.93869
31.00250,0.49500,0.04274,0.01565,0.94162
31.10250,0.49500,0.05563,0.01190,0.93247
31.20250,0.49500,0.09023,0.02616,0.88361
31.30250,0.49500,0.04267,0.00215,0.95518
31.40250,0.49500,0.10611,0.00708,0.88681
31.50250,0.49500,0.05358,0.01104,0.93539
31.60250,0.49500,0.08594,0.00791,0.90615
31.70250,0.49500,0.04442,0.00666,0.94891
31.80250,0.49500,0.20284,0.02185,0.77531
31.90250,0.49500,0.15292,0.00568,0.84141
32.00250,0.49500,0.15312,0.00517,0.84171
32.10250,0.49500,0.13917,0.01100,0.84983
32.20250,0.49500,0.28653,0.03604,0.67743
32.30250,0.49500,0.07184,0.01250,0.91566
32.40250,0.49500,0.18307,0.01250,0.80443
32.50250,0.49500,0.08393,0.02452,0.89155
32.60250,0.49500,0.08970,0.00721,0.90309
32.70250,0.49500,0.07953,0.00380,0.91667
32.80250,0.49500,0.07583,0.01012,0.91405
32.90250,0.49500,0.07325,0.00416,0.92259
33.00250,0.49500,0.08177,0.01308,0.90514
33.10250,0.49500,0.05897,0.00774,0.93329
33.20250,0.49500,0.16454,0.07689,0.75857
33.30250,0.49500,0.07166,0.05537,0.87297
33.40250,0.49500,0.23108,0.06029,0.70863
33.50250,0.49500,0.09328,0.02588,0.88084
33.60250,0.49500,0.12133,0.01356,0.86511
33.70250,0.49500,0.09082,0.03212,0.87706
33.80250,0.49500,0.09448,0.02731,0.87821
33.90250,0.49500,0.07663,0.01464,0.90873
34.00250,0.49500,0.05460,0.01481,0.93058
34.10250,0.49500,0.11298,0.01703,0.87000
34.20250,0.49500,0.14926,0.01823,0.83251
34.30250,0.49500,0.10411,0.02455,0.87133
34.40250,0.49500,0.14340,0.01823,0.83837
34.50250,0.49500,0.15126,0.06197,0.78677
34.60250,0.49500,0.21307,0.02580,0.76113
34.70250,0.49500,0.12794,0.01350,0.85856
34.80250,0.49500,0.11130,0.01182,0.87688
34.90250,0.49500,0.06108,0.01305,0.92587
35.00250,0.49500,0.22495,0.04680,0.72825
35.10250,0.49500,0.09740,0.07050,0.83209
35.20250,0.49500,0.24005,0.05622,0.70373
35.30250,0.49500,0.13036,0.02326,0.84638
35.40250,0.49500,0.19684,0.02094,0.78222
35.50250,0.49500,0.23909,0.02269,0.73822
35.60250,0.49500,0.29392,0.00988,0.69620
35.70250,0.49500,0.47751,0.01180,0.51069
35.80250,0.49500,0.45765,0.08092,0.46143
35.90250,0.49500,0.41433,0.06725,0.51842
36.00250,0.49500,0.19158,0.14613,0.66229
36.10250,0.49500,0.99911,0.00072,0.00017
36.20250,0.49500,0.81926,0.17823,0.00251
36.30250,0.49500,0.99179,0.00821,0.00000
36.40250,0.49500,0.99996,0.00004,0.00000
36.50250,0.49500,0.99997,0.00003,0.00000
36.60250,0.49500,0.99967,0.00033,0.00000
36.70250,0.49500,0.99940,0.00060,0.00000
36.80250,0.49500,0.99956,0.00044,0.00000
36.90250,0.49500,0.99977,0.00023,0.00000
37.00250,0.49500,0.99945,0.00055,0.00000
37.10250,0.49500,0.97367,0.02633,0.00000
37.20250,0.49500,1.00000,0.00000,0.00000
37.30250,0.49500,0.99940,0.00060,0.00000
37.40250,0.49500,0.78720,0.21280,0.00000
37.50250,0.49500,0.45908,0.54092,0.00000
37.60250,0.49500,0.16047,0.83953,0.00000
37.70250,0.49500,0.09592,0.90408,0.00000
37.80250,0.49500,0.08053,0.91947,0.00000
37.90250,0.49500,0.10220,0.89780,0.00000
38.00250,0.49500,0.08984,0.91016,0.00000
38.10250,0.49500,0.14352,0.85648,0.00000
38.20250,0.49500,0.21128,0.78872,0.00000
38.30250,0.49500,0.13069,0.86931,0.00000
38.40250,0.49500,0.12957,0.87043,0.00000
38.50250,0.49500,0.09688,0.90312,0.00000
38.60250,0.49500,0.14059,0.85941,0.00000
38.70250,0.49500,0.06809,0.93191,0.00000
38.80250,0.49500,0.03678,0.96322,0.00000
38.90250,0.49500,0.05628,0.94372,0.00000
39.00250,0.49500,0.03829,0.96171,0.00000
39.10250,0.49500,0.11681,0.88319,0.00000
39.20250,0.49500,0.09177,0.90823,0.00000
39.30250,0.49500,0.08784,0.91216,0.00000
39.40250,0.49500,0.08038,0.91962,0.00000
39.50250,0.49500,0.10915,0.89084,0.00000
39.60250,0.49500,0.17257,0.82743,0.00000
39.70250,0.49500,0.12829,0.87171,0.00000
39.80250,0.49500,0.09917,0.90083,0.00000
39.90250,0.49500,0.14730,0.85270,0.00000
40.00250,0.49500,0.13181,0.86819,0.00000
40.10250,0.49500,0.17106,0.82893,0.00000
40.20250,0.49500,0.14251,0.85749,0.00000
40.30250,0.49500,0.12044,0.87956,0.00000
40.40250,0.49500,0.09203,0.90797,0.00000
40.50250,0.49500,0.10169,0.89831,0.00000
40.60250,0.49500,0.08787,0.91213,0.00000
40.70250,0.49500,0.09494,0.90505,0.00000
40.80250,0.49500,0.05832,0.94168,0.00000
40.90250,0.49500,0.05480,0.94519,0.00001
41.00250,0.49500,0.04045,0.95954,0.00001
41.10250,0.49500,0.06177,0.93822,0.00001
41.20250,0.49500,0.04482,0.95517,0.00001
41.30250,0.49500,0.02891,0.97108,0.00001
41.40250,0.49500,0.03792,0.96208,0.00000
41.50250,0.49500,0.03363,0.96636,0.00000
41.60250,0.49500,0.08146,0.91854,0.00000
41.70250,0.49500,0.03230,0.96769,0.00000
41.80250,0.49500,0.06821,0.93178,0.00001
41.90250,0.49500,0.04488,0.95509,0.00002
42.00250,0.49500,0.06486,0.93514,0.00000
42.10250,0.49500,0.04774,0.95226,0.00000
42.20250,0.49500,0.04044,0.95955,0.00001
42.30250,0.49500,0.02991,0.97004,0.00004
42.40250,0.49500,0.08803,0.91197,0.00000
42.50250,0.49500,0.13190,0.86810,0.00000
42.60250,0.49500,0.07164,0.92836,0.00000
42.70250,0.49500,0.09536,0.90464,0.00000
42.80250,0.49500,0.02674,0.97324,0.00001
42.90250,0.49500,0.04064,0.95936,0.00000
43.00250,0.49500,0.04537,0.95463,0.00000
43.10250,0.49500,0.04471,0.95529,0.00000
43.20250,0.49500,0.06164,0.93835,0.00000
43.30250,0.49500,0.06683,0.93317,0.00000
43.40250,0.49500,0.08370,0.91630,0.00000
43.50250,0.49500,0.06385,0.93615,0.00000
43.60250,0.49500,0.08741,0.91258,0.00000
43.70250,0.49500,0.03697,0.96303,0.00001
43.80250,0.49500,0.05386,0.94614,0.00000
43.90250,0.49500,0.03439,0.96560,0.00000
44.00250,0.49500,0.09049,0.90950,0.00000
44.10250,0.49500,0.07879,0.92121,0.00000
44.20250,0.49500,0.07339,0.92660,0.00000
44.30250,0.49500,0.07802,0.92198,0.00000
44.40250,0.49500,0.05558,0.94441,0.00001
44.50250,0.49500,0.03593,0.96407,0.00000
44.60250,0.49500,0.02778,0.97222,0.00000
44.70250,0.49500,0.03516,0.96483,0.00001
44.80250,0.49500,0.03128,0.96871,0.00001
44.90250,0.49500,0.03043,0.96957,0.00000
45.00250,0.49500,0.03108,0.96892,0.00000
45.10250,0.49500,0.08400,0.91599,0.00000
45.20250,0.49500,0.03710,0.96289,0.00000
45.30250,0.49500,0.04467,0.95533,0.00000
45.40250,0.49500,0.02791,0.97206,0.00002
45.50250,0.49500,0.02730,0.97266,0.00003
45.60250,0.49500,0.03436,0.96562,0.00002
45.70250,0.49500,0.03206,0.96793,0.00001
45.80250,0.49500,0.03534,0.96466,0.00000
45.90250,0.49500,0.03012,0.96987,0.00001
46.00250,0.49500,0.03765,0.96235,0.00001
46.10250,0.49500,0.02889,0.97110,0.00000
46.20250,0.49500,0.03679,0.96321,0.00000
46.30250,0.49500,0.02892,0.97106,0.00002
46.40250,0.49500,0.03783,0.96216,0.00001
46.50250,0.49500,0.03989,0.96010,0.00001
46.60250,0.49500,0.04290,0.95709,0.00001
46.70250,0.49500,0.04544,0.95455,0.00001
46.80250,0.49500,0.03282,0.96717,0.00001
46.90250,0.49500,0.03243,0.96757,0.00000
47.00250,0.49500,0.03577,0.96423,0.00000
47.10250,0.49500,0.04107,0.95893,0.00000
47.20250,0.49500,0.03496,0.96504,0.00000
47.30250,0.49500,0.03357,0.96643,0.00000
47.40250,0.49500,0.05438,0.94562,0.00000
47.50250,0.49500,0.03715,0.96284,0.00000
47.60250,0.49500,0.03988,0.96012,0.00000
47.70250,0.49500,0.03121,0.96879,0.00000
47.80250,0.49500,0.02805,0.97195,0.00000
47.90250,0.49500,0.03669,0.96331,0.00000
48.00250,0.49500,0.04188,0.95812,0.00000
48.10250,0.49500,0.02977,0.97023,0.00000
48.20250,0.49500,0.04021,0.95978,0.00002
48.30250,0.49500,0.03248,0.96751,0.00002
48.40250,0.49500,0.04149,0.95850,0.00001
48.50250,0.49500,0.04787,0.95213,0.00000
48.60250,0.49500,0.02557,0.97442,0.00001
48.70250,0.49500,0.05125,0.94875,0.00000
48.80250,0.49500,0.04987,0.95013,0.00000
48.90250,0.49500,0.03513,0.96487,0.00000
49.00250,0.49500,0.03884,0.96116,0.00000
49.10250,0.49500,0.03176,0.96824,0.00000
49.20250,0.49500,0.02993,0.97007,0.00000
49.30250,0.49500,0.04695,0.95305,0.00000
49.40250,0.49500,0.04025,0.95974,0.00000
49.50250,0.49500,0.02856,0.97143,0.00001
49.60250,0.49500,0.03004,0.96996,0.00001
49.70250,0.49500,0.02313,0.97686,0.00001
49.80250,0.49500,0.05388,0.94611,0.00001
49.90250,0.49500,0.05589,0.94410,0.00001
50.00250,0.49500,0.05298,0.94702,0.00000
50.10250,0.49500,0.04761,0.95239,0.00001
50.20250,0.49500,0.05854,0.94145,0.00001
50.30250,0.49500,0.03726,0.96274,0.00000
50.40250,0.49500,0.05833,0.94166,0.00000
50.50250,0.49500,0.05592,0.94407,0.00001
50.60250,0.49500,0.04130,0.95870,0.00000
50.70250,0.49500,0.05825,0.94175,0.00000
50.80250,0.49500,0.03318,0.96682,0.00000
50.90250,0.49500,0.02470,0.97530,0.00000
51.00250,0.49500,0.04630,0.95370,0.00000
51.10250,0.49500,0.06362,0.93637,0.00000
51.20250,0.49500,0.03073,0.96926,0.00001
51.30250,0.49500,0.05396,0.94604,0.00001
51.40250,0.49500,0.03305,0.96694,0.00000
51.50250,0.49500,0.04220,0.95780,0.00000
51.60250,0.49500,0.03802,0.96198,0.00000
51.70250,0.49500,0.04236,0.95763,0.00000
51.80250,0.49500,0.07888,0.92112,0.00000
51.90250,0.49500,0.10414,0.89585,0.00000
52.00250,0.49500,0.04546,0.95454,0.00000
52.10250,0.49500,0.06165,0.93835,0.00000
52.20250,0.49500,0.06846,0.93154,0.00000
52.30250,0.49500,0.03886,0.96114,0.00000
52.40250,0.49500,0.04848,0.95152,0.00000
52.50250,0.49500,0.04182,0.95818,0.00001
52.60250,0.49500,0.03796,0.96204,0.00000
52.70250,0.49500,0.04425,0.95575,0.00000
52.80250,0.49500,0.03132,0.96868,0.00000
52.90250,0.49500,0.03896,0.96102,0.00002
53.00250,0.49500,0.02387,0.97612,0.00001
53.10250,0.49500,0.04685,0.95315,0.00000
53.20250,0.49500,0.03156,0.96844,0.00000
53.30250,0.49500,0.05478,0.94522,0.00000
53.40250,0.49500,0.04613,0.95387,0.00000
53.50250,0.49500,0.03072,0.96928,0.00000
53.60250,0.49500,0.08055,0.91945,0.00000
53.70250,0.49500,0.04600,0.95400,0.00000
53.80250,0.49500,0.09388,0.90612,0.00000
53.90250,0.49500,0.05898,0.94102,0.00000
54.00250,0.49500,0.07638,0.92362,0.00000
54.10250,0.49500,0.23761,0.76239,0.00000
54.20250,0.49500,0.44929,0.55071,0.00000
54.30250,0.49500,0.64758,0.35242,0.00000
54.40250,0.49500,0.21501,0.78499,0.00000
54.50250,0.49500,0.10827,0.89173,0.00000
54.60250,0.49500,0.95128,0.04872,0.00000
54.70250,0.49500,0.99959,0.00041,0.00000
54.80250,0.49500,0.97350,0.02650,0.00000
54.90250,0.49500,0.99179,0.00821,0.00000
55.00250,0.49500,0.99939,0.00061,0.00000
55.10250,0.49500,0.93322,0.06678,0.00000
55.20250,0.49500,0.74065,0.25935,0.00000
55.30250,0.49500,0.99910,0.00090,0.00000
55.40250,0.49500,0.99993,0.00007,0.00000
55.50250,0.49500,0.99999,0.00001,0.00000
55.60250,0.49500,0.99997,0.00003,0.00000
55.70250,0.49500,0.99579,0.00421,0.00000
55.80250,0.49500,0.99483,0.00517,0.00000
55.90250,0.49500,0.99983,0.00017,0.00000
56.00250,0.49500,0.99995,0.00005,0.00000
56.10250,0.49500,0.99923,0.00077,0.00000
56.20250,0.49500,0.91234,0.08765,0.00001
56.30250,0.49500,0.97226,0.02773,0.00000
56.40250,0.49500,0.99240,0.00759,0.00001
56.50250,0.49500,0.75540,0.18315,0.06145
56.60250,0.49500,0.49043,0.47747,0.03210
56.70250,0.49500,0.69650,0.15883,0.14466
56.80250,0.49500,0.89410,0.07334,0.03257
56.90250,0.49500,0.96410,0.03074,0.00517
57.00250,0.49500,0.90746,0.09240,0.00015
57.10250,0.49500,0.90705,0.09295,0.00000
57.20250,0.49500,0.73886,0.26114,0.00000
57.30250,0.49500,0.41021,0.58979,0.00000
57.40250,0.49500,0.82780,0.17220,0.00000
57.50250,0.49500,0.82908,0.17091,0.00001
57.60250,0.49500,0.66003,0.33997,0.00000
57.70250,0.49500,0.50305,0.49688,0.00007
57.80250,0.49500,0.86599,0.13387,0.00015
57.90250,0.49500,0.62892,0.37086,0.00022
58.00250,0.49500,0.39385,0.60600,0.00015
58.10250,0.49500,0.55154,0.44793,0.00053
58.20250,0.49500,0.66756,0.33216,0.00029
58.30250,0.49500,0.68122,0.31646,0.00232
58.40250,0.49500,0.50084,0.49871,0.00046
58.50250,0.49500,0.54098,0.45772,0.00130
58.60250,0.49500,0.55578,0.44124,0.00298
58.70250,0.49500,0.50357,0.47649,0.01994
58.80250,0.49500,0.49603,0.49174,0.01223
58.90250,0.49500,0.44365,0.52649,0.02986
59.00250,0.49500,0.36300,0.61694,0.02006
59.10250,0.49500,0.39005,0.56284,0.04711
59.20250,0.49500,0.46619,0.49908,0.03473
59.30250,0.49500,0.35411,0.36098,0.28491
59.40250,0.49500,0.35323,0.42712,0.21965
59.50250,0.49500,0.18219,0.47303,0.34479
59.60250,0.49500,0.09059,0.56114,0.34827
59.70250,0.49500,0.26863,0.28637,0.44499
59.80250,0.49500,0.17228,0.34985,0.47787
59.90250,0.49500,0.20216,0.42251,0.37533
60.00250,0.49500,0.12785,0.33614,0.53602
60.10250,0.49500,0.18528,0.25648,0.55825
60.20250,0.49500,0.06228,0.42122,0.51650
60.30250,0.49500,0.13930,0.44516,0.41554
60.40250,0.49500,0.04464,0.48441,0.47094
60.50250,0.49500,0.11639,0.55576,0.32785
60.60250,0.49500,0.21381,0.46191,0.32429
60.70250,0.49500,0.14437,0.64985,0.20578
60.80250,0.49500,0.18835,0.64437,0.16728
60.90250,0.49500,0.07742,0.62925,0.29334
61.00250,0.49500,0.05966,0.58272,0.35762
61.10250,0.49500,0.40400,0.43635,0.15964
61.20250,0.49500,0.26121,0.36531,0.37348
61.30250,0.49500,0.32316,0.55753,0.11930
61.40250,0.49500,0.18727,0.41085,0.40188
61.50250,0.49500,0.42647,0.30018,0.27334
61.60250,0.49500,0.45557,0.39653,0.14790
61.70250,0.49500,0.30969,0.58092,0.10939
61.80250,0.49500,0.18499,0.51091,0.30410
61.90250,0.49500,0.04808,0.59114,0.36079
62.00250,0.49500,0.04802,0.57286,0.37913
62.10250,0.49500,0.03616,0.63073,0.33311
62.20250,0.49500,0.04190,0.46504,0.49307
62.30250,0.49500,0.11384,0.53694,0.34922
62.40250,0.49500,0.04609,0.50543,0.44848
62.50250,0.49500,0.31706,0.34352,0.33942
62.60250,0.49500,0.09219,0.49885,0.40896
62.70250,0.49500,0.14625,0.53243,0.32132
62.80250,0.49500,0.06576,0.44852,0.48572
62.90250,0.49500,0.10308,0.56384,0.33308
63.00250,0.49500,0.10726,0.51993,0.37281
63.10250,0.49500,0.12228,0.51414,0.36357
63.20250,0.49500,0.09137,0.35199,0.55665
63.30250,0.49500,0.10978,0.53686,0.35336
63.40250,0.49500,0.09214,0.48397,0.42389
63.50250,0.49500,0.08100,0.49078,0.42822
63.60250,0.49500,0.05716,0.56035,0.38250
63.70250,0.49500,0.05612,0.55196,0.39192
63.80250,0.49500,0.05294,0.57894,0.36812
63.90250,0.49500,0.07208,0.64926,0.27866
64.00250,0.49500,0.25831,0.59278,0.14891
64.10250,0.49500,0.48864,0.27642,0.23494
64.20250,0.49500,0.31583,0.37875,0.30541
64.30250,0.49500,0.39332,0.48461,0.12207
64.40250,0.49500,0.17493,0.31270,0.51237
64.50250,0.49500,0.15170,0.33115,0.51715
64.60250,0.49500,0.12264,0.42175,0.45561
64.70250,0.49500,0.14984,0.47298,0.37718
64.80250,0.49500,0.03921,0.54161,0.41918
64.90250,0.49500,0.05631,0.67408,0.26961
65.00250,0.49500,0.04891,0.42441,0.52668
65.10250,0.49500,0.15072,0.43163,0.41765
65.20250,0.49500,0.12364,0.46909,0.40727
65.30250,0.49500,0.17562,0.34888,0.47550
65.40250,0.49500,0.10925,0.50849,0.38226
65.50250,0.49500,0.11796,0.49658,0.38546
65.60250,0.49500,0.12417,0.42888,0.44695
65.70250,0.49500,0.04451,0.61698,0.33851
65.80250,0.49500,0.05999,0.53076,0.40925
65.90250,0.49500,0.05236,0.63319,0.31445
66.00250,0.49500,0.02931,0.66812,0.30257
66.10250,0.49500,0.08929,0.36242,0.54829
66.20250,0.49500,0.06585,0.00914,0.92500
66.30250,0.49500,0.08331,0.13126,0.78542
66.40250,0.49500,0.15527,0.19550,0.64923
66.50250,0.49500,0.04541,0.01204,0.94255
66.60250,0.49500,0.18279,0.23888,0.57833
66.70250,0.49500,0.07885,0.33912,0.58203
66.80250,0.49500,0.08995,0.29669,0.61335
66.90250,0.49500,0.10089,0.49813,0.40098
67.00250,0.49500,0.12891,0.44719,0.42390
67.10250,0.49500,0.46946,0.36412,0.16642
67.20250,0.49500,0.12891,0.57886,0.29223
67.30250,0.49500,0.24679,0.47244,0.28078
67.40250,0.49500,0.04343,0.70475,0.25182
67.50250,0.49500,0.03410,0.58507,0.38084
67.60250,0.49500,0.05465,0.67957,0.26578
67.70250,0.49500,0.08574,0.31939,0.59488
67.80250,0.49500,0.09121,0.06809,0.84070
67.90250,0.49500,0.15560,0.02552,0.81889
68.00250,0.49500,0.11182,0.02112,0.86706
68.10250,0.49500,0.08723,0.16067,0.75210
68.20250,0.49500,0.08027,0.10387,0.81586
68.30250,0.49500,0.05363,0.10837,0.83800
68.40250,0.49500,0.07709,0.42897,0.49394
68.50250,0.49500,0.18113,0.26675,0.55212
68.60250,0.49500,0.15503,0.38008,0.46489
68.70250,0.49500,0.22046,0.35614,0.42340
68.80250,0.49500,0.08186,0.66646,0.25168
68.90250,0.49500,0.04051,0.72046,0.23903
69.00250,0.49500,0.03030,0.66239,0.30731
69.10250,0.49500,0.04512,0.66246,0.29242
69.20250,0.49500,0.03838,0.73884,0.22278
69.30250,0.49500,0.05101,0.67428,0.27470
69.40250,0.49500,0.06628,0.10468,0.82904
69.50250,0.49500,0.06557,0.09984,0.83459
69.60250,0.49500,0.09943,0.06901,0.83157
69.70250,0.49500,0.05942,0.06542,0.87516
69.80250,0.49500,0.10214,0.12376,0.77410
69.90250,0.49500,0.26562,0.08449,0.64989
70.00250,0.49500,0.21947,0.38795,0.39258
70.10250,0.49500,0.46414,0.14944,0.38641
70.20250,0.49500,0.21302,0.38214,0.40484
70.30250,0.49500,0.22675,0.24670,0.52655
70.40250,0.49500,0.17306,0.31474,0.51219
70.50250,0.49500,0.10375,0.39029,0.50596
70.60250,0.49500,0.05242,0.56664,0.38094
70.70250,0.49500,0.05301,0.48742,0.45957
70.80250,0.49500,0.04766,0.63590,0.31644
70.90250,0.49500,0.21789,0.39226,0.38985
71.00250,0.49500,0.41148,0.42870,0.15982
71.10250,0.49500,0.18685,0.54533,0.26782
71.20250,0.49500,0.24108,0.61024,0.14868
71.30250,0.49500,0.09122,0.46838,0.44040
71.40250,0.49500,0.08009,0.47657,0.44334
71.50250,0.49500,0.14427,0.40298,0.45275
71.60250,0.49500,0.06509,0.51171,0.42321
71.70250,0.49500,0.08142,0.57409,0.34449
71.80250,0.49500,0.03844,0.63869,0.32287
71.90250,0.49500,0.05234,0.62195,0.32570
72.00250,0.49500,0.13934,0.55356,0.30710
72.10250,0.49500,0.11569,0.49306,0.39125
72.20250,0.49500,0.16548,0.58995,0.24456
72.30250,0.49500,0.06670,0.36658,0.56672
72.40250,0.49500,0.05840,0.60021,0.34140
72.50250,0.49500,0.05548,0.49833,0.44619
72.60250,0.49500,0.03705,0.69702,0.26593
72.70250,0.49500,0.06612,0.47739,0.45649
72.80250,0.49500,0.09169,0.51161,0.39670
72.90250,0.49500,0.28546,0.36865,0.34589
73.00250,0.49500,0.12973,0.56404,0.30624
73.10250,0.49500,0.32346,0.60589,0.07065
73.20250,0.49500,0.51478,0.19964,0.28558
73.30250,0.49500,0.39595,0.46712,0.13694
73.40250,0.49500,0.37919,0.53686,0.08395
73.50250,0.49500,0.10849,0.23954,0.65197
73.60250,0.49500,0.06549,0.02345,0.91105
73.70250,0.49500,0.04096,0.09740,0.86163
73.80250,0.49500,0.10317,0.13392,0.76291
73.90250,0.49500,0.04213,0.28389,0.67398
74.00250,0.49500,0.05245,0.50513,0.44242
74.10250,0.49500,0.04790,0.54985,0.40225
74.20250,0.49500,0.09613,0.65346,0.25041
74.30250,0.49500,0.35884,0.24421,0.39694
74.40250,0.49500,0.16983,0.63740,0.19277
74.50250,0.49500,0.46711,0.35044,0.18244
74.60250,0.49500,0.26698,0.56025,0.17277
74.70250,0.49500,0.31324,0.43855,0.24821
74.80250,0.49500,0.18776,0.58513,0.22711
74.90250,0.49500,0.18489,0.48961,0.32550
75.00250,0.49500,0.22725,0.40536,0.36739
75.10250,0.49500,0.61890,0.21442,0.16667
75.20250,0.49500,0.44358,0.24621,0.31021
75.30250,0.49500,0.59237,0.24809,0.15954
75.40250,0.49500,0.23253,0.03475,0.73272
75.50250,0.49500,0.11174,0.04136,0.84691
75.60250,0.49500,0.04775,0.00853,0.94373
75.70250,0.49500,0.03991,0.00044,0.95965
75.80250,0.49500,0.10396,0.00126,0.89478
75.90250,0.49500,0.04270,0.01164,0.94565
76.00250,0.49500,0.10969,0.12658,0.76374
76.10250,0.49500,0.04048,0.47997,0.47955
76.20250,0.49500,0.06430,0.56674,0.36896
76.30250,0.49500,0.06894,0.64055,0.29051
76.40250,0.49500,0.04508,0.70080,0.25412
76.50250,0.49500,0.11094,0.55668,0.33239
76.60250,0.49500,0.14491,0.52664,0.32845
76.70250,0.49500,0.19810,0.50945,0.29245
76.80250,0.49500,0.26583,0.54286,0.19131
76.90250,0.49500,0.16465,0.55820,0.27714
77.00250,0.49500,0.41617,0.52620,0.05763
77.10250,0.49500,0.28052,0.44159,0.27790
77.20250,0.49500,0.42031,0.49253,0.08716
77.30250,0.49500,0.22105,0.36868,0.41027
77.40250,0.49500,0.21649,0.57666,0.20684
77.50250,0.49500,0.14948,0.38684,0.46368
77.60250,0.49500,0.81909,0.15414,0.02677
77.70250,0.49500,0.56529,0.38981,0.04490
77.80250,0.49500,0.90220,0.09767,0.00013
77.90250,0.49500,0.88048,0.11833,0.00119
78.00250,0.49500,0.99769,0.00231,0.00000
78.10250,0.49500,0.99901,0.00099,0.00000
78.20250,0.49500,0.99242,0.00758,0.00000
78.30250,0.49500,0.99526,0.00474,0.00000
78.40250,0.49500,0.82635,0.17365,0.00000
78.50250,0.49500,0.98762,0.01238,0.00000
78.60250,0.49500,0.88133,0.11867,0.00000
78.70250,0.49500,0.99685,0.00315,0.00000
78.80250,0.49500,0.99877,0.00123,0.00000
78.90250,0.49500,0.99983,0.00017,0.00000
79.00250,0.49500,0.99963,0.00036,0.00001
79.10250,0.49500,0.98061,0.01939,0.00000
79.20250,0.49500,0.99204,0.00796,0.00000
79.30250,0.49500,0.77665,0.22334,0.00000
79.40250,0.49500,0.61166,0.38834,0.00000
79.50250,0.49500,0.31557,0.68443,0.00000
79.60250,0.49500,0.12426,0.87574,0.00000
79.70250,0.49500,0.15390,0.84610,0.00000
79.80250,0.49500,0.10188,0.89812,0.00000
79.90250,0.49500,0.08416,0.91584,0.00000
80.00250,0.49500,0.08082,0.91917,0.00000
80.10250,0.49500,0.15440,0.84560,0.00000
80.20250,0.49500,0.15974,0.84026,0.00000
80.30250,0.49500,0.13256,0.86744,0.00000
80.40250,0.49500,0.13249,0.86751,0.00000
80.50250,0.49500,0.08325,0.91675,0.00000
80.60250,0.49500,0.09026,0.90974,0.00000
80.70250,0.49500,0.06359,0.93641,0.00000
80.80250,0.49500,0.10523,0.89477,0.00000
80.90250,0.49500,0.10648,0.89352,0.00000
81.00250,0.49500,0.08032,0.91968,0.00000
81.10250,0.49500,0.06496,0.93504,0.00000
81.20250,0.49500,0.12931,0.87069,0.00000
81.30250,0.49500,0.08294,0.91706,0.00000
81.40250,0.49500,0.09269,0.90731,0.00000
81.50250,0.49500,0.05599,0.94401,0.00000
81.60250,0.49500,0.04871,0.95129,0.00000
81.70250,0.49500,0.03950,0.96050,0.00000
81.80250,0.49500,0.02996,0.97004,0.00000
81.90250,0.49500,0.05944,0.94056,0.00000
82.00250,0.49500,0.03717,0.96283,0.00000
82.10250,0.49500,0.03554,0.96445,0.00000
82.20250,0.49500,0.03053,0.96947,0.00000
82.30250,0.49500,0.03313,0.96687,0.00000
82.40250,0.49500,0.02418,0.97582,0.00000
82.50250,0.49500,0.02132,0.97868,0.00000
82.60250,0.49500,0.02998,0.97001,0.00000
82.70250,0.49500,0.03031,0.96969,0.00000
82.80250,0.49500,0.02299,0.97700,0.00000
82.90250,0.49500,0.02201,0.97799,0.00000
83.00250,0.49500,0.02815,0.97185,0.00000
83.10250,0.49500,0.01915,0.98084,0.00000
83.20250,0.49500,0.01927,0.98073,0.00000
83.30250,0.49500,0.02328,0.97672,0.00000
83.40250,0.49500,0.01905,0.98095,0.00000
83.50250,0.49500,0.01864,0.98136,0.00000
83.60250,0.49500,0.02738,0.97261,0.00000
83.70250,0.49500,0.01827,0.98172,0.00000
83.80250,0.49500,0.02269,0.97731,0.00000
83.90250,0.49500,0.02211,0.97789,0.00000
84.00250,0.49500,0.02065,0.97935,0.00000
84.10250,0.49500,0.02077,0.97923,0.00000
84.20250,0.49500,0.02749,0.97251,0.00000
84.30250,0.49500,0.02255,0.97744,0.00000
84.40250,0.49500,0.03003,0.96997,0.00000
84.50250,0.49500,0.02201,0.97799,0.00000
84.60250,0.49500,0.04297,0.95703,0.00000
84.70250,0.49500,0.02161,0.97839,0.00000
84.80250,0.49500,0.02423,0.97577,0.00000
84.90250,0.49500,0.01797,0.98203,0.00000
85.00250,0.49500,0.01879,0.98120,0.00000
85.10250,0.49500,0.02577,0.97423,0.00000
85.20250,0.49500,0.03058,0.96942,0.00000
85.30250,0.49500,0.03167,0.96833,0.00000
85.40250,0.49500,0.02163,0.97836,0.00000
85.50250,0.49500,0.01991,0.98008,0.00000
85.60250,0.49500,0.03000,0.97000,0.00001
85.70250,0.49500,0.02655,0.97345,0.00000
85.80250,0.49500,0.03777,0.96223,0.00000
85.90250,0.49500,0.02654,0.97346,0.00000
86.00250,0.49500,0.02485,0.97515,0.00000
86.10250,0.49500,0.02439,0.97560,0.00000
86.20250,0.49500,0.02353,0.97647,0.00000
86.30250,0.49500,0.02034,0.97966,0.00000
86.40250,0.49500,0.02852,0.97148,0.00000
86.50250,0.49500,0.02105,0.97895,0.00000
86.60250,0.49500,0.02159,0.97841,0.00000
86.70250,0.49500,0.03198,0.96802,0.00000
86.80250,0.49500,0.03375,0.96625,0.00000
86.90250,0.49500,0.01808,0.98191,0.00000
87.00250,0.49500,0.02519,0.97481,0.00000
87.10250,0.49500,0.01952,0.98048,0.00000
87.20250,0.49500,0.02346,0.97654,0.00000
87.30250,0.49500,0.02408,0.97591,0.00000
87.40250,0.49500,0.03346,0.96654,0.00000
87.50250,0.49500,0.02800,0.97200,0.00000
87.60250,0.49500,0.01963,0.98037,0.00000
87.70250,0.49500,0.03673,0.96327,0.00000
87.80250,0.49500,0.01940,0.98060,0.00000
87.90250,0.49500,0.04297,0.95703,0.00000
88.00250,0.49500,0.02293,0.97707,0.00000
88.10250,0.49500,0.03875,0.96125,0.00000
88.20250,0.49500,0.02352,0.97647,0.00000
88.30250,0.49500,0.03068,0.96932,0.00000
88.40250,0.49500,0.01891,0.98108,0.00000
88.50250,0.49500,0.03159,0.96841,0.00000
88.60250,0.49500,0.03352,0.96648,0.00000
88.70250,0.49500,0.02944,0.97056,0.00000
88.80250,0.49500,0.02374,0.97625,0.00000
88.90250,0.49500,0.02507,0.97493,0.00000
89.00250,0.49500,0.01841,0.98158,0.00000
89.10250,0.49500,0.02400,0.97600,0.00000
89.20250,0.49500,0.07251,0.92749,0.00000
89.30250,0.49500,0.02685,0.97314,0.00000
89.40250,0.49500,0.04411,0.95588,0.00000
89.50250,0.49500,0.02569,0.97431,0.00000
89.60250,0.49500,0.05157,0.94843,0.00000
89.70250,0.49500,0.06904,0.93096,0.00000
89.80250,0.49500,0.12053,0.87947,0.00000
89.90250,0.49500,0.19801,0.80199,0.00000
90.00250,0.49500,0.16740,0.83260,0.00000
90.10250,0.49500,0.82929,0.17071,0.00000
90.20250,0.49500,0.99936,0.00064,0.00000
90.30250,0.49500,0.98859,0.01141,0.00000
90.40250,0.49500,0.99477,0.00523,0.00000
90.50250,0.49500,0.99952,0.00048,0.00000
90.60250,0.49500,0.99999,0.00001,0.00000
90.70250,0.49500,1.00000,0.00000,0.00000
90.80250,0.49500,0.99848,0.00152,0.00000
90.90250,0.49500,0.99992,0.00008,0.00000
91.00250,0.49500,0.99442,0.00558,0.00000
91.10250,0.49500,0.93212,0.06788,0.00000
91.20250,0.49500,0.68375,0.31625,0.00000
91.30250,0.49500,0.14208,0.85792,0.00000
91.40250,0.49500,0.41227,0.58773,0.00000
91.50250,0.49500,0.44472,0.55528,0.00001
91.60250,0.49500,0.17846,0.82152,0.00002
91.70250,0.49500,0.09115,0.90880,0.00005
91.80250,0.49500,0.15770,0.84228,0.00002
91.90250,0.49500,0.28262,0.71737,0.00000
92.00250,0.49500,0.57761,0.42239,0.00000
92.10250,0.49500,0.73728,0.26272,0.00000
92.20250,0.49500,0.63876,0.36124,0.00000
92.30250,0.49500,0.43728,0.56272,0.00000
92.40250,0.49500,0.53724,0.46276,0.00000
92.50250,0.49500,0.35400,0.64600,0.00000
92.60250,0.49500,0.30617,0.69383,0.00000
92.70250,0.49500,0.37532,0.62468,0.00000
92.80250,0.49500,0.43146,0.56854,0.00000
92.90250,0.49500,0.36621,0.63379,0.00000
93.00250,0.49500,0.46528,0.53471,0.00000
93.10250,0.49500,0.48108,0.51892,0.00000
93.20250,0.49500,0.40598,0.59402,0.00000
93.30250,0.49500,0.36739,0.63261,0.00000
93.40250,0.49500,0.34277,0.65722,0.00000
93.50250,0.49500,0.26384,0.73616,0.00000
93.60250,0.49500,0.23438,0.76561,0.00000
93.70250,0.49500,0.29536,0.70462,0.00001
93.80250,0.49500,0.32636,0.67362,0.00002
93.90250,0.49500,0.22990,0.77004,0.00005
94.00250,0.49500,0.29808,0.70184,0.00008
94.10250,0.49500,0.28233,0.71758,0.00010
94.20250,0.49500,0.18631,0.81364,0.00006
94.30250,0.49500,0.11832,0.88165,0.00004
94.40250,0.49500,0.09490,0.90508,0.00002
94.50250,0.49500,0.05324,0.94671,0.00005
94.60250,0.49500,0.06924,0.93073,0.00003
94.70250,0.49500,0.08176,0.91811,0.00013
94.80250,0.49500,0.08516,0.91469,0.00015
94.90250,0.49500,0.09220,0.90765,0.00014
95.00250,0.49500,0.15383,0.84594,0.00024
95.10250,0.49500,0.08774,0.91184,0.00042
95.20250,0.49500,0.04052,0.95934,0.00013
95.30250,0.49500,0.03734,0.96256,0.00010
95.40250,0.49500,0.05395,0.94591,0.00014
95.50250,0.49500,0.02857,0.97125,0.00018
95.60250,0.49500,0.04463,0.95527,0.00010
95.70250,0.49500,0.04820,0.95146,0.00034
95.80250,0.49500,0.04174,0.95793,0.00034
95.90250,0.49500,0.04707,0.95265,0.00029
96.00250,0.49500,0.04335,0.95634,0.00031
96.10250,0.49500,0.04356,0.95598,0.00046
96.20250,0.49500,0.03728,0.96250,0.00022
96.30250,0.49500,0.03886,0.96095,0.00019
96.40250,0.49500,0.03130,0.96840,0.00030
96.50250,0.49500,0.02653,0.97327,0.00020
96.60250,0.49500,0.04136,0.95848,0.00016
96.70250,0.49500,0.04303,0.95670,0.00027
96.80250,0.49500,0.03842,0.96128,0.00030
96.90250,0.49500,0.04405,0.95557,0.00038
97.00250,0.49500,0.04483,0.95490,0.00027
97.10250,0.49500,0.03911,0.96055,0.00034
97.20250,0.49500,0.03911,0.96071,0.00019
97.30250,0.49500,0.03971,0.96005,0.00024
97.40250,0.49500,0.04186,0.95799,0.00015
97.50250,0.49500,0.03467,0.96515,0.00018
97.60250,0.49500,0.05148,0.94810,0.00043
97.70250,0.49500,0.03686,0.96292,0.00022
97.80250,0.49500,0.03804,0.96175,0.00021
97.90250,0.49500,0.04582,0.95385,0.00033
98.00250,0.49500,0.03261,0.96704,0.00034
98.10250,0.49500,0.04028,0.95958,0.00013
98.20250,0.49500,0.04402,0.95582,0.00017
98.30250,0.49500,0.06436,0.93518,0.00047
98.40250,0.49500,0.04578,0.95399,0.00023
98.50250,0.49500,0.04533,0.95452,0.00015
98.60250,0.49500,0.03577,0.96405,0.00018
98.70250,0.49500,0.03773,0.96214,0.00013
98.80250,0.49500,0.03296,0.96690,0.00014
98.90250,0.49500,0.03925,0.96057,0.00018
99.00250,0.49500,0.04571,0.95413,0.00016
99.10250,0.49500,0.04109,0.95864,0.00027
99.20250,0.49500,0.03866,0.96110,0.00024
99.30250,0.49500,0.03811,0.96165,0.00024
99.40250,0.49500,0.03512,0.96464,0.00025
99.50250,0.49500,0.03466,0.96514,0.00020
99.60250,0.49500,0.04132,0.95846,0.00021
99.70250,0.49500,0.04213,0.95771,0.00017
99.80250,0.49500,0.02816,0.97168,0.00016
99.90250,0.49500,0.04898,0.95087,0.00016
100.00250,0.49500,0.04244,0.95726,0.00030
100.10250,0.49500,0.03725,0.96253,0.00022
100.20250,0.49500,0.04341,0.95637,0.00022
100.30250,0.49500,0.03976,0.96010,0.00014
100.40250,0.49500,0.04154,0.95821,0.00025
100.50250,0.49500,0.03583,0.96405,0.00012
100.60250,0.49500,0.04298,0.95684,0.00018
100.70250,0.49500,0.04705,0.95281,0.00014
100.80250,0.49500,0.05173,0.94807,0.00020
100.90250,0.49500,0.03987,0.95991,0.00022
101.00250,0.49500,0.02923,0.97051,0.00026
101.10250,0.49500,0.03783,0.96202,0.00015
101.20250,0.49500,0.04518,0.95461,0.00021
101.30250,0.49500,0.04129,0.95855,0.00016
101.40250,0.49500,0.05088,0.94894,0.00018
101.50250,0.49500,0.03034,0.96951,0.00015
101.60250,0.49500,0.02853,0.97135,0.00012
101.70250,0.49500,0.03076,0.96895,0.00029
101.80250,0.49500,0.03992,0.95992,0.00016
101.90250,0.49500,0.04315,0.95670,0.00015
102.00250,0.49500,0.04224,0.95754,0.00021
102.10250,0.49500,0.04193,0.95784,0.00023
102.20250,0.49500,0.03484,0.96490,0.00026
102.30250,0.49500,0.03588,0.96395,0.00018
102.40250,0.49500,0.03940,0.96042,0.00017
102.50250,0.49500,0.03489,0.96490,0.00021
102.60250,0.49500,0.04501,0.95478,0.00020
102.70250,0.49500,0.03888,0.96089,0.00023
102.80250,0.49500,0.04779,0.95196,0.00025
102.90250,0.49500,0.03359,0.96610,0.00031
103.00250,0.49500,0.03541,0.96423,0.00036
103.10250,0.49500,0.03883,0.96090,0.00027
103.20250,0.49500,0.04883,0.95095,0.00021
103.30250,0.49500,0.05267,0.94686,0.00047
103.40250,0.49500,0.06297,0.93685,0.00018
103.50250,0.49500,0.04219,0.95758,0.00023
103.60250,0.49500,0.04519,0.95456,0.00025
103.70250,0.49500,0.03785,0.96196,0.00018
103.80250,0.49500,0.03687,0.96278,0.00034
103.90250,0.49500,0.03956,0.96028,0.00016
104.00250,0.49500,0.04227,0.95750,0.00023
104.10250,0.49500,0.03826,0.96146,0.00028
104.20250,0.49500,0.04598,0.95386,0.00016
104.30250,0.49500,0.05277,0.94708,0.00015
104.40250,0.49500,0.02954,0.97030,0.00016
104.50250,0.49500,0.04340,0.95639,0.00021
104.60250,0.49500,0.05588,0.94396,0.00015
104.70250,0.49500,0.07509,0.92468,0.00024
104.80250,0.49500,0.06157,0.93823,0.00020
104.90250,0.49500,0.05831,0.94119,0.00050
105.00250,0.49500,0.04900,0.95086,0.00015
105.10250,0.49500,0.05165,0.94817,0.00018
105.20250,0.49500,0.06138,0.93835,0.00026
105.30250,0.49500,0.08366,0.91622,0.00012
105.40250,0.49500,0.28380,0.71620,0.00001
105.50250,0.49500,0.60739,0.39259,0.00002
105.60250,0.49500,0.69640,0.30358,0.00002
105.70250,0.49500,0.99990,0.00010,0.00000
105.80250,0.49500,0.99948,0.00052,0.00000
105.90250,0.49500,0.99995,0.00005,0.00000
106.00250,0.49500,0.99999,0.00001,0.00000
106.10250,0.49500,0.99993,0.00007,0.00000
106.20250,0.49500,0.99986,0.00014,0.00000
106.30250,0.49500,0.99928,0.00072,0.00000
106.40250,0.49500,0.99999,0.00001,0.00000
106.50250,0.49500,0.99832,0.00168,0.00000
106.60250,0.49500,0.94497,0.05503,0.00000
106.70250,0.49500,0.99967,0.00033,0.00000
106.80250,0.49500,0.99753,0.00247,0.00000
106.90250,0.49500,0.63523,0.36477,0.00000
107.00250,0.49500,0.95430,0.04569,0.00000
107.10250,0.49500,0.42330,0.57670,0.00000
107.20250,0.49500,0.43799,0.56201,0.00001
107.30250,0.49500,0.21458,0.78539,0.00003
107.40250,0.49500,0.13095,0.86905,0.00000
107.50250,0.49500,0.21663,0.78337,0.00000
107.60250,0.49500,0.12582,0.87417,0.00000
107.70250,0.49500,0.24022,0.75977,0.00001
107.80250,0.49500,0.34469,0.65529,0.00002
107.90250,0.49500,0.22984,0.77014,0.00002
108.00250,0.49500,0.13764,0.86235,0.00002
108.10250,0.49500,0.17267,0.82732,0.00001
108.20250,0.49500,0.16291,0.83697,0.00012
108.30250,0.49500,0.14972,0.85027,0.00001
108.40250,0.49500,0.18343,0.81657,0.00001
108.50250,0.49500,0.14502,0.85498,0.00000
108.60250,0.49500,0.09079,0.90921,0.00000
108.70250,0.49500,0.11615,0.88385,0.00000
108.80250,0.49500,0.12099,0.87901,0.00000
108.90250,0.49500,0.10060,0.89939,0.00000
109.00250,0.49500,0.13477,0.86522,0.00001
109.10250,0.49500,0.14795,0.85203,0.00002
109.20250,0.49500,0.10668,0.89332,0.00000
109.30250,0.49500,0.12065,0.87933,0.00002
109.40250,0.49500,0.16495,0.83503,0.00002
109.50250,0.49500,0.17872,0.82126,0.00002
109.60250,0.49500,0.18255,0.81744,0.00002
109.70250,0.49500,0.14912,0.85088,0.00001
109.80250,0.49500,0.12195,0.87803,0.00002
109.90250,0.49500,0.08599,0.91394,0.00007
110.00250,0.49500,0.07666,0.92323,0.00011
110.10250,0.49500,0.05314,0.94674,0.00012
110.20250,0.49500,0.06232,0.93724,0.00045
110.30250,0.49500,0.03759,0.96191,0.00050
110.40250,0.49500,0.05046,0.94893,0.00061
110.50250,0.49500,0.04143,0.95803,0.00053
110.60250,0.49500,0.04051,0.95910,0.00038
110.70250,0.49500,0.04262,0.95710,0.00028
110.80250,0.49500,0.04606,0.95325,0.00069
110.90250,0.49500,0.03066,0.96912,0.00022
111.00250,0.49500,0.03596,0.96389,0.00015
111.10250,0.49500,0.03746,0.96232,0.00023
111.20250,0.49500,0.08647,0.91347,0.00006
111.30250,0.49500,0.07146,0.92844,0.00010
111.40250,0.49500,0.07069,0.92907,0.00024
111.50250,0.49500,0.03715,0.96274,0.00011
111.60250,0.49500,0.09662,0.90326,0.00012
111.70250,0.49500,0.03735,0.96246,0.00018
111.80250,0.49500,0.12106,0.87886,0.00008
111.90250,0.49500,0.02743,0.97243,0.00013
112.00250,0.49500,0.03819,0.96172,0.00009
112.10250,0.49500,0.02975,0.97015,0.00010
112.20250,0.49500,0.04453,0.95538,0.00009
112.30250,0.49500,0.03121,0.96877,0.00002
112.40250,0.49500,0.05420,0.94578,0.00002
112.50250,0.49500,0.09882,0.90111,0.00006
112.60250,0.49500,0.07596,0.92402,0.00002
112.70250,0.49500,0.05402,0.94597,0.00000
112.80250,0.49500,0.04949,0.95051,0.00000
112.90250,0.49500,0.04997,0.95003,0.00000
113.00250,0.49500,0.05823,0.94177,0.00000
113.10250,0.49500,0.07871,0.92129,0.00000
113.20250,0.49500,0.14764,0.85236,0.00000
113.30250,0.49500,0.11244,0.88752,0.00004
113.40250,0.49500,0.07732,0.92267,0.00001
113.50250,0.49500,0.09068,0.90931,0.00001
113.60250,0.49500,0.07861,0.92136,0.00003
113.70250,0.49500,0.12816,0.87179,0.00006
113.80250,0.49500,0.20934,0.79063,0.00003
113.90250,0.49500,0.20325,0.79656,0.00019
114.00250,0.49500,0.17790,0.82200,0.00010
114.10250,0.49500,0.15808,0.84176,0.00016
114.20250,0.49500,0.15105,0.84588,0.00307
114.30250,0.49500,0.10573,0.89398,0.00029
114.40250,0.49500,0.09435,0.90561,0.00005
114.50250,0.49500,0.06391,0.93574,0.00035
114.60250,0.49500,0.09578,0.90414,0.00007
114.70250,0.49500,0.07601,0.92396,0.00003
114.80250,0.49500,0.04743,0.95130,0.00127
114.90250,0.49500,0.16576,0.83419,0.00005
115.00250,0.49500,0.52437,0.47561,0.00002
115.10250,0.49500,0.99996,0.00004,0.00000
115.20250,0.49500,0.99854,0.00146,0.00000
115.30250,0.49500,0.99897,0.00103,0.00000
115.40250,0.49500,0.99888,0.00112,0.00000
115.50250,0.49500,0.99991,0.00009,0.00000
115.60250,0.49500,0.99998,0.00002,0.00000
115.70250,0.49500,1.00000,0.00000,0.00000
115.80250,0.49500,0.99997,0.00003,0.00000
115.90250,0.49500,0.99999,0.00001,0.00000
116.00250,0.49500,1.00000,0.00000,0.00000
116.10250,0.49500,0.99918,0.00082,0.00000
116.20250,0.49500,0.95627,0.04373,0.00000
116.30250,0.49500,0.89193,0.10807,0.00000
116.40250,0.49500,0.99926,0.00074,0.00000
116.50250,0.49500,0.99094,0.00906,0.00000
116.60250,0.49500,0.99193,0.00807,0.00000
116.70250,0.49500,0.99562,0.00438,0.00000
116.80250,0.49500,0.91731,0.08269,0.00000
116.90250,0.49500,0.71438,0.28562,0.00000
117.00250,0.49500,0.92826,0.07174,0.00000
117.10250,0.49500,0.96598,0.03402,0.00000
117.20250,0.49500,0.99989,0.00011,0.00000
117.30250,0.49500,0.99863,0.00137,0.00000
117.40250,0.49500,0.78507,0.21493,0.00000
117.50250,0.49500,0.50771,0.49212,0.00018
117.60250,0.49500,0.08397,0.91591,0.00012
117.70250,0.49500,0.17064,0.82929,0.00007
117.80250,0.49500,0.35174,0.64821,0.00005
117.90250,0.49500,0.37150,0.62844,0.00007
118.00250,0.49500,0.47713,0.52286,0.00000
118.10250,0.49500,0.41796,0.58204,0.00001
118.20250,0.49500,0.46273,0.53727,0.00000
118.30250,0.49500,0.15542,0.84458,0.00000
118.40250,0.49500,0.20145,0.79855,0.00000
118.50250,0.49500,0.18106,0.81893,0.00000
118.60250,0.49500,0.16495,0.83504,0.00001
118.70250,0.49500,0.24118,0.75881,0.00001
118.80250,0.49500,0.16789,0.83210,0.00001
118.90250,0.49500,0.08939,0.91061,0.00000
119.00250,0.49500,0.12120,0.87880,0.00000
119.10250,0.49500,0.19465,0.80534,0.00001
119.20250,0.49500,0.15817,0.84183,0.00000
119.30250,0.49500,0.24512,0.75485,0.00003
119.40250,0.49500,0.21520,0.78480,0.00000
119.50250,0.49500,0.25060,0.74939,0.00001
119.60250,0.49500,0.19953,0.80042,0.00004
119.70250,0.49500,0.21942,0.78054,0.00004
119.80250,0.49500,0.18487,0.81503,0.00010
119.90250,0.49500,0.18503,0.81484,0.00013
120.00250,0.49500,0.14730,0.85263,0.00007
120.10250,0.49500,0.14355,0.85635,0.00010
120.20250,0.49500,0.25185,0.74800,0.00015
120.30250,0.49500,0.21949,0.78046,0.00005
120.40250,0.49500,0.30021,0.69975,0.00004
120.50250,0.49500,0.16033,0.83952,0.00015
120.60250,0.49500,0.18599,0.81397,0.00004
120.70250,0.49500,0.11965,0.88018,0.00017
120.80250,0.49500,0.09410,0.90559,0.00031
120.90250,0.49500,0.09282,0.90691,0.00027
121.00250,0.49500,0.06937,0.93028,0.00035
121.10250,0.49500,0.14831,0.85117,0.00052
121.20250,0.49500,0.14756,0.85223,0.00021
121.30250,0.49500,0.07856,0.92119,0.00025
121.40250,0.49500,0.10648,0.89344,0.00008
121.50250,0.49500,0.05359,0.94620,0.00020
121.60250,0.49500,0.10277,0.89706,0.00017
121.70250,0.49500,0.06782,0.93191,0.00026
121.80250,0.49500,0.12747,0.87238,0.00015
121.90250,0.49500,0.08174,0.91804,0.00022
122.00250,0.49500,0.08723,0.91255,0.00022
122.10250,0.49500,0.38661,0.61330,0.00009
122.20250,0.49500,0.05723,0.94257,0.00021
122.30250,0.49500,0.28143,0.71852,0.00005
122.40250,0.49500,0.11609,0.88370,0.00021
122.50250,0.49500,0.11534,0.88454,0.00013
122.60250,0.49500,0.09590,0.90365,0.00044
122.70250,0.49500,0.19814,0.80168,0.00017
122.80250,0.49500,0.10756,0.89234,0.00009
122.90250,0.49500,0.11839,0.88149,0.00012
123.00250,0.49500,0.21211,0.78781,0.00008
123.10250,0.49500,0.19073,0.80898,0.00029
123.20250,0.49500,0.15198,0.84792,0.00010
123.30250,0.49500,0.06759,0.93231,0.00010
