Time (seconds), Duration (seconds),pred_(unlabeled),pred_On,pred_Off,pred_Dimmer,pred_Lighter
0.01000,1.98000,0.99999,0.00000,0.00000,0.00000,0.00000
0.21000,1.98000,0.99999,0.00000,0.00001,0.00000,0.00000
0.41000,1.98000,0.99999,0.00000,0.00001,0.00000,0.00000
0.61000,1.98000,0.99999,0.00000,0.00000,0.00000,0.00000
0.81000,1.98000,0.99999,0.00000,0.00001,0.00000,0.00000
1.01000,1.98000,0.99999,0.00000,0.00000,0.00000,0.00000
1.21000,1.98000,1.00000,0.00000,0.00000,0.00000,0.00000
1.41000,1.98000,0.99994,0.00000,0.00001,0.00004,0.00000
1.61000,1.98000,0.99972,0.00000,0.00003,0.00022,0.00003
1.81000,1.98000,0.99884,0.00002,0.00011,0.00049,0.00054
2.01000,1.98000,0.92622,0.00013,0.00117,0.00348,0.06900
2.21000,1.98000,0.16717,0.00047,0.00458,0.01575,0.81203
2.41000,1.98000,0.14991,0.00049,0.00535,0.01396,0.83029
2.61000,1.98000,0.97803,0.00003,0.00044,0.00020,0.02129
2.81000,1.98000,0.99109,0.00000,0.00158,0.00011,0.00722
3.01000,1.98000,0.99821,0.00000,0.00070,0.00003,0.00106
3.21000,1.98000,0.99952,0.00000,0.00032,0.00001,0.00016
3.41000,1.98000,0.99990,0.00000,0.00009,0.00000,0.00001
3.61000,1.98000,0.99984,0.00000,0.00016,0.00000,0.00000
3.81000,1.98000,0.99992,0.00000,0.00008,0.00000,0.00000
4.01000,1.98000,0.99995,0.00000,0.00005,0.00000,0.00000
4.21000,1.98000,0.99990,0.00000,0.00010,0.00000,0.00000
4.41000,1.98000,0.99968,0.00000,0.00032,0.00000,0.00000
4.61000,1.98000,0.99947,0.00000,0.00052,0.00001,0.00000
4.81000,1.98000,0.99968,0.00000,0.00032,0.00000,0.00000
5.01000,1.98000,0.99910,0.00000,0.00088,0.00000,0.00002
5.21000,1.98000,0.99821,0.00000,0.00164,0.00001,0.00014
5.41000,1.98000,0.99629,0.00000,0.00320,0.00003,0.00048
5.61000,1.98000,0.99624,0.00000,0.00220,0.00010,0.00146
5.81000,1.98000,0.97933,0.00000,0.00826,0.00123,0.01118
6.01000,1.98000,0.95428,0.00002,0.01103,0.00543,0.02924
6.21000,1.98000,0.95509,0.00002,0.00770,0.00589,0.03130
6.41000,1.98000,0.99698,0.00000,0.00061,0.00042,0.00198
6.61000,1.98000,0.99358,0.00000,0.00225,0.00151,0.00265
6.81000,1.98000,0.99794,0.00000,0.00040,0.00137,0.00030
7.01000,1.98000,0.99893,0.00000,0.00010,0.00089,0.00008
7.21000,1.98000,0.99993,0.00000,0.00001,0.00005,0.00000
7.41000,1.98000,0.99998,0.00000,0.00001,0.00001,0.00000
7.61000,1.98000,0.99998,0.00000,0.00001,0.00001,0.00000
7.81000,1.98000,0.99998,0.00000,0.00001,0.00001,0.00000
8.01000,1.98000,0.99997,0.00000,0.00001,0.00002,0.00000
8.21000,1.98000,0.99999,0.00000,0.00001,0.00001,0.00000
8.41000,1.98000,0.99998,0.00000,0.00001,0.00001,0.00000
8.61000,1.98000,0.99998,0.00000,0.00000,0.00002,0.00000
8.81000,1.98000,0.99998,0.00000,0.00000,0.00001,0.00000
9.01000,1.98000,0.99993,0.00000,0.00000,0.00006,0.00001
9.21000,1.98000,0.99965,0.00002,0.00002,0.00026,0.00006
9.41000,1.98000,0.99763,0.00009,0.00008,0.00098,0.00121
9.61000,1.98000,0.82128,0.00049,0.00118,0.00770,0.16935
9.81000,1.98000,0.14874,0.00083,0.00278,0.01494,0.83271
10.01000,1.98000,0.17645,0.00073,0.00315,0.00975,0.80992
10.21000,1.98000,0.92498,0.00012,0.00067,0.00062,0.07360
10.41000,1.98000,0.99235,0.00001,0.00072,0.00005,0.00688
10.61000,1.98000,0.99677,0.00000,0.00132,0.00002,0.00189
10.81000,1.98000,0.99949,0.00000,0.00033,0.00000,0.00018
11.01000,1.98000,0.99987,0.00000,0.00011,0.00000,0.00002
11.21000,1.98000,0.99986,0.00000,0.00014,0.00000,0.00000
11.41000,1.98000,0.99994,0.00000,0.00006,0.00000,0.00000
11.61000,1.98000,0.99992,0.00000,0.00008,0.00000,0.00000
11.81000,1.98000,0.99983,0.00000,0.00016,0.00001,0.00000
12.01000,1.98000,0.99996,0.00000,0.00004,0.00000,0.00000
12.21000,1.98000,0.99989,0.00000,0.00010,0.00000,0.00000
12.41000,1.98000,0.99924,0.00000,0.00073,0.00002,0.00001
12.61000,1.98000,0.99385,0.00000,0.00565,0.00025,0.00024
12.81000,1.98000,0.98447,0.00000,0.01289,0.00093,0.00171
13.01000,1.98000,0.95390,0.00002,0.03056,0.00523,0.01030
13.21000,1.98000,0.95385,0.00003,0.01680,0.00695,0.02238
13.41000,1.98000,0.86808,0.00015,0.01831,0.02804,0.08542
13.61000,1.98000,0.95683,0.00007,0.00758,0.00739,0.02814
13.81000,1.98000,0.97306,0.00004,0.00614,0.00598,0.01478
14.01000,1.98000,0.97740,0.00002,0.00586,0.00670,0.01002
14.21000,1.98000,0.99483,0.00001,0.00083,0.00322,0.00111
14.41000,1.98000,0.99692,0.00001,0.00032,0.00239,0.00036
14.61000,1.98000,0.99916,0.00001,0.00006,0.00071,0.00006
14.81000,1.98000,0.99994,0.00000,0.00001,0.00005,0.00000
15.01000,1.98000,0.99998,0.00000,0.00001,0.00002,0.00000
15.21000,1.98000,0.99998,0.00000,0.00001,0.00001,0.00000
15.41000,1.98000,0.99999,0.00000,0.00001,0.00001,0.00000
15.61000,1.98000,1.00000,0.00000,0.00000,0.00000,0.00000
15.81000,1.98000,0.99998,0.00000,0.00001,0.00001,0.00000
16.01000,1.98000,0.99998,0.00000,0.00001,0.00001,0.00000
16.21000,1.98000,0.99998,0.00000,0.00001,0.00001,0.00000
16.41000,1.98000,0.99998,0.00000,0.00001,0.00001,0.00000
16.61000,1.98000,0.99997,0.00000,0.00001,0.00002,0.00000
16.81000,1.98000,0.99997,0.00000,0.00001,0.00002,0.00000
17.01000,1.98000,0.99997,0.00000,0.00001,0.00002,0.00000
17.21000,1.98000,0.99997,0.00000,0.00001,0.00002,0.00000
17.41000,1.98000,0.99998,0.00000,0.00001,0.00001,0.00000
17.61000,1.98000,0.99999,0.00000,0.00000,0.00001,0.00000
17.81000,1.98000,0.99999,0.00000,0.00000,0.00001,0.00000
18.01000,1.98000,0.99995,0.00000,0.00000,0.00004,0.00001
18.21000,1.98000,0.99980,0.00000,0.00001,0.00008,0.00010
18.41000,1.98000,0.97549,0.00003,0.00018,0.00150,0.02280
18.61000,1.98000,0.58763,0.00022,0.00139,0.00714,0.40362
18.81000,1.98000,0.65221,0.00013,0.00124,0.00314,0.34328
19.01000,1.98000,0.79315,0.00009,0.00095,0.00173,0.20407
19.21000,1.98000,0.98741,0.00001,0.00016,0.00009,0.01233
19.41000,1.98000,0.99818,0.00000,0.00039,0.00001,0.00142
19.61000,1.98000,0.99948,0.00000,0.00030,0.00000,0.00023
19.81000,1.98000,0.99993,0.00000,0.00005,0.00000,0.00001
20.01000,1.98000,0.99988,0.00000,0.00012,0.00000,0.00000
20.21000,1.98000,0.99995,0.00000,0.00005,0.00000,0.00000
20.41000,1.98000,0.99995,0.00000,0.00005,0.00000,0.00000
20.61000,1.98000,0.99988,0.00000,0.00011,0.00000,0.00000
20.81000,1.98000,0.99989,0.00000,0.00011,0.00000,0.00000
21.01000,1.98000,0.99985,0.00000,0.00015,0.00000,0.00000
21.21000,1.98000,0.99979,0.00000,0.00021,0.00000,0.00000
21.41000,1.98000,0.99991,0.00000,0.00009,0.00000,0.00000
21.61000,1.98000,0.99982,0.00000,0.00018,0.00000,0.00000
21.81000,1.98000,0.99988,0.00000,0.00011,0.00000,0.00000
22.01000,1.98000,0.99862,0.00000,0.00131,0.00000,0.00007
22.21000,1.98000,0.99917,0.00000,0.00067,0.00001,0.00015
22.41000,1.98000,0.99813,0.00000,0.00112,0.00004,0.00072
22.61000,1.98000,0.93936,0.00001,0.02517,0.00249,0.03297
22.81000,1.98000,0.92482,0.00002,0.02160,0.00292,0.05065
23.01000,1.98000,0.99065,0.00000,0.00330,0.00046,0.00559
23.21000,1.98000,0.98069,0.00001,0.00796,0.00196,0.00938
23.41000,1.98000,0.99321,0.00001,0.00202,0.00286,0.00190
23.61000,1.98000,0.99810,0.00001,0.00049,0.00119,0.00022
23.81000,1.98000,0.99979,0.00000,0.00004,0.00015,0.00002
24.01000,1.98000,0.99975,0.00000,0.00010,0.00015,0.00001
24.21000,1.98000,0.99995,0.00000,0.00001,0.00003,0.00000
24.41000,1.98000,0.99997,0.00000,0.00001,0.00002,0.00000
24.61000,1.98000,0.99997,0.00000,0.00001,0.00002,0.00000
24.81000,1.98000,0.99999,0.00000,0.00000,0.00001,0.00000
25.01000,1.98000,0.99998,0.00000,0.00001,0.00001,0.00000
25.21000,1.98000,0.99999,0.00000,0.00000,0.00001,0.00000
25.41000,1.98000,0.99999,0.00000,0.00001,0.00001,0.00000
25.61000,1.98000,0.99999,0.00000,0.00001,0.00001,0.00000
25.81000,1.98000,0.99999,0.00000,0.00001,0.00001,0.00000
26.01000,1.98000,0.99999,0.00000,0.00001,0.00001,0.00000
26.21000,1.98000,0.99999,0.00000,0.00001,0.00001,0.00000
26.41000,1.98000,0.99999,0.00000,0.00001,0.00001,0.00000
26.61000,1.98000,0.99999,0.00000,0.00001,0.00001,0.00000
26.81000,1.98000,0.99999,0.00000,0.00001,0.00001,0.00000
27.01000,1.98000,0.99999,0.00000,0.00001,0.00001,0.00000
27.21000,1.98000,0.99999,0.00000,0.00001,0.00001,0.00000
27.41000,1.98000,0.99999,0.00000,0.00001,0.00001,0.00000
27.61000,1.98000,0.99998,0.00000,0.00001,0.00001,0.00000
27.81000,1.98000,0.99999,0.00000,0.00000,0.00000,0.00000
28.01000,1.98000,0.99999,0.00000,0.00000,0.00000,0.00000
28.21000,1.98000,0.99998,0.00000,0.00001,0.00001,0.00001
28.41000,1.98000,0.99985,0.00000,0.00001,0.00001,0.00012
28.61000,1.98000,0.99635,0.00000,0.00006,0.00002,0.00357
28.81000,1.98000,0.45069,0.00003,0.00103,0.00031,0.54794
29.01000,1.98000,0.14032,0.00003,0.00134,0.00029,0.85802
29.21000,1.98000,0.21126,0.00003,0.00180,0.00031,0.78660
29.41000,1.98000,0.89391,0.00000,0.00060,0.00004,0.10545
29.61000,1.98000,0.98858,0.00000,0.00060,0.00000,0.01082
29.81000,1.98000,0.99741,0.00000,0.00050,0.00000,0.00209
30.01000,1.98000,0.99971,0.00000,0.00016,0.00000,0.00013
30.21000,1.98000,0.99987,0.00000,0.00012,0.00000,0.00001
30.41000,1.98000,0.99989,0.00000,0.00011,0.00000,0.00000
30.61000,1.98000,0.99995,0.00000,0.00005,0.00000,0.00000
30.81000,1.98000,0.99992,0.00000,0.00008,0.00000,0.00000
31.01000,1.98000,0.99995,0.00000,0.00005,0.00000,0.00000
31.21000,1.98000,0.99996,0.00000,0.00004,0.00000,0.00000
31.41000,1.98000,0.99995,0.00000,0.00005,0.00000,0.00000
31.61000,1.98000,0.99996,0.00000,0.00004,0.00000,0.00000
31.81000,1.98000,0.99991,0.00000,0.00009,0.00000,0.00000
32.01000,1.98000,0.99995,0.00000,0.00005,0.00000,0.00000
32.21000,1.98000,0.99996,0.00000,0.00003,0.00000,0.00000
32.41000,1.98000,0.99988,0.00000,0.00012,0.00001,0.00000
32.61000,1.98000,0.99958,0.00000,0.00036,0.00005,0.00001
32.81000,1.98000,0.99727,0.00000,0.00166,0.00092,0.00014
33.01000,1.98000,0.98300,0.00002,0.00534,0.00972,0.00192
33.21000,1.98000,0.87626,0.00012,0.01994,0.08331,0.02036
33.41000,1.98000,0.93587,0.00008,0.00793,0.04201,0.01411
33.61000,1.98000,0.99493,0.00002,0.00077,0.00283,0.00145
33.81000,1.98000,0.99145,0.00002,0.00106,0.00570,0.00178
34.01000,1.98000,0.99660,0.00000,0.00048,0.00251,0.00040
34.21000,1.98000,0.99912,0.00000,0.00012,0.00070,0.00006
34.41000,1.98000,0.99986,0.00000,0.00003,0.00010,0.00001
34.61000,1.98000,0.99997,0.00000,0.00001,0.00002,0.00000
34.81000,1.98000,0.99998,0.00000,0.00001,0.00001,0.00000
35.01000,1.98000,0.99998,0.00000,0.00001,0.00001,0.00000
35.21000,1.98000,0.99999,0.00000,0.00000,0.00001,0.00000
35.41000,1.98000,0.99999,0.00000,0.00001,0.00001,0.00000
35.61000,1.98000,0.99999,0.00000,0.00000,0.00000,0.00000
35.81000,1.98000,0.99999,0.00000,0.00000,0.00000,0.00000
36.01000,1.98000,0.99999,0.00000,0.00000,0.00000,0.00000
36.21000,1.98000,0.99999,0.00000,0.00000,0.00001,0.00000
36.41000,1.98000,0.99999,0.00000,0.00000,0.00000,0.00000
36.61000,1.98000,0.99999,0.00000,0.00000,0.00000,0.00000
36.81000,1.98000,0.99999,0.00000,0.00000,0.00000,0.00000
37.01000,1.98000,0.99999,0.00000,0.00000,0.00001,0.00000
37.21000,1.98000,0.99999,0.00000,0.00000,0.00001,0.00000
37.41000,1.98000,0.99999,0.00000,0.00001,0.00001,0.00000
37.61000,1.98000,0.99997,0.00000,0.00001,0.00002,0.00000
37.81000,1.98000,0.99999,0.00000,0.00000,0.00001,0.00000
38.01000,1.98000,0.99997,0.00000,0.00000,0.00002,0.00000
38.21000,1.98000,0.99993,0.00000,0.00001,0.00003,0.00003
38.41000,1.98000,0.99919,0.00000,0.00002,0.00005,0.00074
38.61000,1.98000,0.65971,0.00013,0.00143,0.00565,0.33308
38.81000,1.98000,0.40952,0.00021,0.00274,0.00872,0.57881
39.01000,1.98000,0.57750,0.00016,0.00300,0.00700,0.41235
39.21000,1.98000,0.95018,0.00003,0.00063,0.00075,0.04841
39.41000,1.98000,0.99785,0.00000,0.00029,0.00002,0.00184
39.61000,1.98000,0.99863,0.00000,0.00077,0.00001,0.00058
39.81000,1.98000,0.99969,0.00000,0.00023,0.00000,0.00007
40.01000,1.98000,0.99979,0.00000,0.00020,0.00000,0.00001
40.21000,1.98000,0.99988,0.00000,0.00012,0.00000,0.00000
40.41000,1.98000,0.99989,0.00000,0.00011,0.00000,0.00000
40.61000,1.98000,0.99976,0.00000,0.00024,0.00001,0.00000
40.81000,1.98000,0.99972,0.00000,0.00027,0.00001,0.00000
41.01000,1.98000,0.99964,0.00000,0.00035,0.00000,0.00000
41.21000,1.98000,0.99952,0.00000,0.00047,0.00000,0.00000
41.41000,1.98000,0.99963,0.00000,0.00037,0.00000,0.00000
41.61000,1.98000,0.99935,0.00000,0.00064,0.00001,0.00001
41.81000,1.98000,0.99960,0.00000,0.00040,0.00000,0.00000
42.01000,1.98000,0.99947,0.00000,0.00052,0.00001,0.00001
42.21000,1.98000,0.99938,0.00000,0.00060,0.00001,0.00001
42.41000,1.98000,0.99935,0.00000,0.00062,0.00001,0.00002
42.61000,1.98000,0.99898,0.00000,0.00096,0.00002,0.00003
42.81000,1.98000,0.99777,0.00000,0.00198,0.00017,0.00008
43.01000,1.98000,0.99843,0.00000,0.00126,0.00023,0.00009
43.21000,1.98000,0.99891,0.00000,0.00076,0.00024,0.00009
43.41000,1.98000,0.99849,0.00000,0.00098,0.00041,0.00012
43.61000,1.98000,0.99947,0.00000,0.00033,0.00016,0.00004
43.81000,1.98000,0.99980,0.00000,0.00013,0.00006,0.00001
44.01000,1.98000,0.99976,0.00000,0.00011,0.00012,0.00001
44.21000,1.98000,0.99994,0.00000,0.00002,0.00003,0.00000
44.41000,1.98000,0.99998,0.00000,0.00001,0.00001,0.00000
44.61000,1.98000,0.99998,0.00000,0.00001,0.00001,0.00000
44.81000,1.98000,0.99999,0.00000,0.00000,0.00000,0.00000
45.01000,1.98000,0.99999,0.00000,0.00001,0.00001,0.00000
45.21000,1.98000,0.99999,0.00000,0.00001,0.00001,0.00000
45.41000,1.98000,0.99999,0.00000,0.00001,0.00001,0.00000
45.61000,1.98000,0.99999,0.00000,0.00001,0.00001,0.00000
45.81000,1.98000,0.99999,0.00000,0.00001,0.00001,0.00000
46.01000,1.98000,0.99999,0.00000,0.00001,0.00001,0.00000
46.21000,1.98000,0.99999,0.00000,0.00001,0.00001,0.00000
46.41000,1.98000,0.99999,0.00000,0.00001,0.00001,0.00000
46.61000,1.98000,0.99999,0.00000,0.00000,0.00000,0.00000
46.81000,1.98000,0.99999,0.00000,0.00000,0.00001,0.00000
47.01000,1.98000,0.99999,0.00000,0.00000,0.00000,0.00000
47.21000,1.98000,0.99998,0.00000,0.00001,0.00001,0.00000
47.41000,1.98000,0.99999,0.00000,0.00001,0.00001,0.00000
47.61000,1.98000,0.99998,0.00000,0.00001,0.00001,0.00000
47.81000,1.98000,0.99991,0.00000,0.00003,0.00006,0.00000
48.01000,1.98000,0.99998,0.00000,0.00000,0.00001,0.00000
48.21000,1.98000,0.99997,0.00000,0.00001,0.00001,0.00001
48.41000,1.98000,0.99989,0.00000,0.00002,0.00002,0.00006
48.61000,1.98000,0.99771,0.00000,0.00013,0.00006,0.00210
48.81000,1.98000,0.86199,0.00001,0.00090,0.00019,0.13691
49.01000,1.98000,0.15871,0.00002,0.00165,0.00025,0.83938
49.21000,1.98000,0.13250,0.00002,0.00218,0.00025,0.86505
49.41000,1.98000,0.65211,0.00001,0.00192,0.00010,0.34586
49.61000,1.98000,0.99083,0.00000,0.00031,0.00000,0.00886
49.81000,1.98000,0.98915,0.00000,0.00121,0.00000,0.00964
50.01000,1.98000,0.99830,0.00000,0.00034,0.00000,0.00136
50.21000,1.98000,0.99958,0.00000,0.00022,0.00000,0.00020
50.41000,1.98000,0.99898,0.00000,0.00089,0.00000,0.00012
50.61000,1.98000,0.99929,0.00000,0.00069,0.00000,0.00002
50.81000,1.98000,0.99874,0.00000,0.00122,0.00000,0.00004
51.01000,1.98000,0.99792,0.00000,0.00197,0.00000,0.00011
51.21000,1.98000,0.99513,0.00000,0.00442,0.00001,0.00045
51.41000,1.98000,0.99800,0.00000,0.00174,0.00000,0.00026
51.61000,1.98000,0.99932,0.00000,0.00060,0.00000,0.00008
51.81000,1.98000,0.99926,0.00000,0.00068,0.00000,0.00006
52.01000,1.98000,0.99960,0.00000,0.00038,0.00000,0.00002
52.21000,1.98000,0.99914,0.00000,0.00080,0.00002,0.00004
52.41000,1.98000,0.99970,0.00000,0.00026,0.00003,0.00001
52.61000,1.98000,0.99963,0.00000,0.00029,0.00006,0.00002
52.81000,1.98000,0.99959,0.00000,0.00028,0.00011,0.00002
53.01000,1.98000,0.99946,0.00000,0.00024,0.00029,0.00001
53.21000,1.98000,0.99936,0.00000,0.00021,0.00042,0.00001
53.41000,1.98000,0.99937,0.00000,0.00016,0.00045,0.00001
53.61000,1.98000,0.99903,0.00000,0.00019,0.00075,0.00003
53.81000,1.98000,0.99992,0.00000,0.00002,0.00006,0.00000
54.01000,1.98000,0.99973,0.00000,0.00005,0.00021,0.00001
54.21000,1.98000,0.99990,0.00000,0.00002,0.00008,0.00000
54.41000,1.98000,0.99913,0.00000,0.00008,0.00075,0.00003
54.61000,1.98000,0.99884,0.00000,0.00009,0.00101,0.00006
54.81000,1.98000,0.99362,0.00002,0.00029,0.00564,0.00043
55.01000,1.98000,0.98984,0.00003,0.00042,0.00878,0.00093
55.21000,1.98000,0.99959,0.00000,0.00004,0.00032,0.00005
55.41000,1.98000,0.99944,0.00000,0.00006,0.00045,0.00005
55.61000,1.98000,0.99864,0.00000,0.00015,0.00112,0.00009
55.81000,1.98000,0.99958,0.00000,0.00004,0.00034,0.00004
56.01000,1.98000,0.99995,0.00000,0.00002,0.00003,0.00000
56.21000,1.98000,0.99997,0.00000,0.00001,0.00002,0.00000
56.41000,1.98000,0.99999,0.00000,0.00000,0.00000,0.00000
56.61000,1.98000,0.99999,0.00000,0.00001,0.00001,0.00000
56.81000,1.98000,0.99999,0.00000,0.00001,0.00001,0.00000
57.01000,1.98000,0.99999,0.00000,0.00001,0.00001,0.00000
57.21000,1.98000,0.99999,0.00000,0.00000,0.00001,0.00000
57.41000,1.98000,0.99999,0.00000,0.00000,0.00000,0.00000
57.61000,1.98000,0.99999,0.00000,0.00001,0.00001,0.00000
57.81000,1.98000,0.99999,0.00000,0.00001,0.00001,0.00000
58.01000,1.98000,0.99999,0.00000,0.00001,0.00001,0.00000
58.21000,1.98000,0.99999,0.00000,0.00001,0.00001,0.00000
58.41000,1.98000,0.99999,0.00000,0.00001,0.00001,0.00000
58.61000,1.98000,0.99999,0.00000,0.00001,0.00001,0.00000
58.81000,1.98000,0.99999,0.00000,0.00000,0.00000,0.00000
59.01000,1.98000,1.00000,0.00000,0.00000,0.00000,0.00000
59.21000,1.98000,0.99998,0.00000,0.00001,0.00000,0.00000
59.41000,1.98000,0.99994,0.00000,0.00002,0.00001,0.00003
59.61000,1.98000,0.99869,0.00000,0.00012,0.00002,0.00117
59.81000,1.98000,0.70159,0.00003,0.00303,0.00035,0.29501
60.01000,1.98000,0.29133,0.00003,0.00422,0.00030,0.70412
60.21000,1.98000,0.23177,0.00002,0.00423,0.00015,0.76384
60.41000,1.98000,0.74139,0.00001,0.00218,0.00004,0.25639
60.61000,1.98000,0.99033,0.00000,0.00042,0.00000,0.00925
60.81000,1.98000,0.99355,0.00000,0.00124,0.00000,0.00521
61.01000,1.98000,0.99925,0.00000,0.00036,0.00000,0.00039
61.21000,1.98000,0.99959,0.00000,0.00033,0.00000,0.00007
61.41000,1.98000,0.99986,0.00000,0.00014,0.00000,0.00000
61.61000,1.98000,0.99986,0.00000,0.00013,0.00000,0.00000
61.81000,1.98000,0.99987,0.00000,0.00013,0.00000,0.00000
62.01000,1.98000,0.99991,0.00000,0.00009,0.00000,0.00000
62.21000,1.98000,0.99981,0.00000,0.00019,0.00000,0.00000
62.41000,1.98000,0.99969,0.00000,0.00030,0.00000,0.00000
62.61000,1.98000,0.99966,0.00000,0.00033,0.00000,0.00000
62.81000,1.98000,0.99984,0.00000,0.00016,0.00000,0.00000
63.01000,1.98000,0.99985,0.00000,0.00014,0.00000,0.00001
63.21000,1.98000,0.99951,0.00000,0.00045,0.00000,0.00004
63.41000,1.98000,0.99661,0.00000,0.00291,0.00003,0.00045
63.61000,1.98000,0.99602,0.00000,0.00311,0.00004,0.00083
63.81000,1.98000,0.99862,0.00000,0.00113,0.00002,0.00023
64.01000,1.98000,0.99903,0.00000,0.00083,0.00002,0.00011
64.21000,1.98000,0.99953,0.00000,0.00037,0.00004,0.00006
64.41000,1.98000,0.99978,0.00000,0.00017,0.00003,0.00002
64.61000,1.98000,0.99997,0.00000,0.00002,0.00000,0.00000
64.81000,1.98000,0.99996,0.00000,0.00003,0.00000,0.00000
65.01000,1.98000,0.99999,0.00000,0.00001,0.00000,0.00000
65.21000,1.98000,0.99999,0.00000,0.00001,0.00000,0.00000
65.41000,1.98000,0.99999,0.00000,0.00001,0.00000,0.00000
65.61000,1.98000,0.99999,0.00000,0.00001,0.00000,0.00000
65.81000,1.98000,0.99999,0.00000,0.00001,0.00000,0.00000
66.01000,1.98000,0.99999,0.00000,0.00001,0.00000,0.00000
66.21000,1.98000,0.99999,0.00000,0.00001,0.00000,0.00000
66.41000,1.98000,0.99999,0.00000,0.00001,0.00000,0.00000
66.61000,1.98000,0.99999,0.00000,0.00001,0.00001,0.00000
66.81000,1.98000,0.99999,0.00000,0.00001,0.00000,0.00000
67.01000,1.98000,0.99999,0.00000,0.00000,0.00000,0.00000
67.21000,1.98000,0.99999,0.00000,0.00001,0.00000,0.00000
67.41000,1.98000,0.99999,0.00000,0.00001,0.00000,0.00000
67.61000,1.98000,0.99999,0.00000,0.00001,0.00001,0.00000
67.81000,1.98000,0.99999,0.00000,0.00001,0.00000,0.00000
68.01000,1.98000,0.99999,0.00000,0.00001,0.00000,0.00000
68.21000,1.98000,0.99999,0.00000,0.00000,0.00000,0.00000
68.41000,1.98000,1.00000,0.00000,0.00000,0.00000,0.00000
68.61000,1.98000,1.00000,0.00000,0.00000,0.00000,0.00000
68.81000,1.98000,0.99999,0.00000,0.00001,0.00000,0.00001
69.01000,1.98000,0.99993,0.00000,0.00001,0.00000,0.00005
69.21000,1.98000,0.99920,0.00000,0.00003,0.00000,0.00077
69.41000,1.98000,0.99223,0.00000,0.00006,0.00000,0.00771
69.61000,1.98000,0.93370,0.00000,0.00011,0.00000,0.06619
69.81000,1.98000,0.72128,0.00000,0.00020,0.00000,0.27852
70.01000,1.98000,0.48387,0.00000,0.00035,0.00000,0.51577
70.21000,1.98000,0.47035,0.00000,0.00066,0.00000,0.52899
70.41000,1.98000,0.70351,0.00000,0.00094,0.00000,0.29555
70.61000,1.98000,0.93230,0.00000,0.00102,0.00000,0.06668
70.81000,1.98000,0.99304,0.00000,0.00077,0.00000,0.00619
71.01000,1.98000,0.99853,0.00000,0.00056,0.00000,0.00091
71.21000,1.98000,0.99939,0.00000,0.00043,0.00000,0.00018
71.41000,1.98000,0.99980,0.00000,0.00018,0.00000,0.00002
71.61000,1.98000,0.99987,0.00000,0.00012,0.00000,0.00001
71.81000,1.98000,0.99945,0.00000,0.00052,0.00000,0.00003
72.01000,1.98000,0.99974,0.00000,0.00026,0.00000,0.00001
72.21000,1.98000,0.99978,0.00000,0.00021,0.00000,0.00001
72.41000,1.98000,0.99990,0.00000,0.00009,0.00000,0.00001
72.61000,1.98000,0.99923,0.00000,0.00060,0.00000,0.00017
72.81000,1.98000,0.99835,0.00000,0.00105,0.00000,0.00060
73.01000,1.98000,0.99598,0.00000,0.00194,0.00001,0.00207
73.21000,1.98000,0.97872,0.00000,0.00723,0.00010,0.01395
73.41000,1.98000,0.98489,0.00000,0.00626,0.00018,0.00867
73.61000,1.98000,0.99322,0.00000,0.00294,0.00017,0.00367
73.81000,1.98000,0.99477,0.00000,0.00242,0.00025,0.00255
74.01000,1.98000,0.99947,0.00000,0.00022,0.00008,0.00022
74.21000,1.98000,0.99976,0.00000,0.00014,0.00005,0.00006
74.41000,1.98000,0.99994,0.00000,0.00005,0.00001,0.00001
74.61000,1.98000,0.99993,0.00000,0.00005,0.00001,0.00000
74.81000,1.98000,0.99998,0.00000,0.00002,0.00001,0.00000
75.01000,1.98000,0.99999,0.00000,0.00001,0.00000,0.00000
75.21000,1.98000,0.99999,0.00000,0.00001,0.00001,0.00000
75.41000,1.98000,0.99999,0.00000,0.00001,0.00001,0.00000
75.61000,1.98000,0.99999,0.00000,0.00001,0.00000,0.00000
75.81000,1.98000,0.99999,0.00000,0.00001,0.00000,0.00000
76.01000,1.98000,0.99999,0.00000,0.00000,0.00000,0.00000
76.21000,1.98000,0.99999,0.00000,0.00000,0.00000,0.00000
76.41000,1.98000,0.99999,0.00000,0.00000,0.00000,0.00000
76.61000,1.98000,0.99999,0.00000,0.00000,0.00000,0.00000
76.81000,1.98000,0.99999,0.00000,0.00000,0.00000,0.00000
77.01000,1.98000,0.99999,0.00000,0.00001,0.00000,0.00000
77.21000,1.98000,0.99999,0.00000,0.00001,0.00001,0.00000
77.41000,1.98000,0.99999,0.00000,0.00001,0.00001,0.00000
77.61000,1.98000,0.99999,0.00000,0.00000,0.00000,0.00000
77.81000,1.98000,0.99999,0.00000,0.00001,0.00001,0.00000
78.01000,1.98000,0.99999,0.00000,0.00000,0.00000,0.00000
78.21000,1.98000,0.99999,0.00000,0.00001,0.00001,0.00000
78.41000,1.98000,0.99999,0.00000,0.00001,0.00001,0.00000
78.61000,1.98000,0.99999,0.00000,0.00000,0.00001,0.00000
78.81000,1.98000,0.99993,0.00000,0.00001,0.00005,0.00000
79.01000,1.98000,0.99979,0.00000,0.00002,0.00018,0.00001
79.21000,1.98000,0.99991,0.00000,0.00001,0.00007,0.00001
79.41000,1.98000,0.99985,0.00000,0.00002,0.00010,0.00003
79.61000,1.98000,0.99938,0.00001,0.00009,0.00021,0.00030
79.81000,1.98000,0.98719,0.00004,0.00044,0.00066,0.01167
80.01000,1.98000,0.28459,0.00026,0.00414,0.00527,0.70574
80.21000,1.98000,0.12290,0.00020,0.00455,0.00313,0.86922
80.41000,1.98000,0.91214,0.00002,0.00211,0.00016,0.08558
80.61000,1.98000,0.96478,0.00001,0.00252,0.00009,0.03261
80.81000,1.98000,0.99843,0.00000,0.00069,0.00000,0.00088
81.01000,1.98000,0.99920,0.00000,0.00055,0.00000,0.00025
81.21000,1.98000,0.99946,0.00000,0.00045,0.00000,0.00008
81.41000,1.98000,0.99982,0.00000,0.00017,0.00000,0.00001
81.61000,1.98000,0.99985,0.00000,0.00015,0.00000,0.00000
81.81000,1.98000,0.99995,0.00000,0.00005,0.00000,0.00000
82.01000,1.98000,0.99986,0.00000,0.00013,0.00000,0.00000
82.21000,1.98000,0.99984,0.00000,0.00015,0.00000,0.00000
82.41000,1.98000,0.99979,0.00000,0.00020,0.00001,0.00000
82.61000,1.98000,0.99973,0.00000,0.00026,0.00001,0.00000
82.81000,1.98000,0.99912,0.00000,0.00079,0.00009,0.00001
83.01000,1.98000,0.99970,0.00000,0.00026,0.00004,0.00001
83.21000,1.98000,0.99914,0.00000,0.00062,0.00021,0.00004
83.41000,1.98000,0.99922,0.00000,0.00020,0.00051,0.00006
83.61000,1.98000,0.99340,0.00001,0.00070,0.00536,0.00054
83.81000,1.98000,0.99409,0.00002,0.00031,0.00505,0.00053
84.01000,1.98000,0.97533,0.00013,0.00065,0.02157,0.00232
84.21000,1.98000,0.96307,0.00016,0.00064,0.03348,0.00265
84.41000,1.98000,0.86626,0.00065,0.00132,0.12280,0.00898
84.61000,1.98000,0.97396,0.00037,0.00030,0.02263,0.00274
84.81000,1.98000,0.99067,0.00016,0.00013,0.00802,0.00102
85.01000,1.98000,0.99929,0.00001,0.00005,0.00056,0.00009
85.21000,1.98000,0.99939,0.00001,0.00010,0.00044,0.00006
85.41000,1.98000,0.99986,0.00000,0.00004,0.00010,0.00001
85.61000,1.98000,0.99996,0.00000,0.00001,0.00003,0.00000
85.81000,1.98000,0.99995,0.00000,0.00001,0.00003,0.00000
86.01000,1.98000,0.99998,0.00000,0.00001,0.00001,0.00000
86.21000,1.98000,0.99998,0.00000,0.00001,0.00001,0.00000
86.41000,1.98000,0.99998,0.00000,0.00001,0.00001,0.00000
86.61000,1.98000,0.99998,0.00000,0.00001,0.00001,0.00000
86.81000,1.98000,0.99998,0.00000,0.00001,0.00001,0.00000
87.01000,1.98000,0.99998,0.00000,0.00001,0.00001,0.00000
87.21000,1.98000,0.99997,0.00000,0.00001,0.00002,0.00000
87.41000,1.98000,0.99997,0.00000,0.00001,0.00002,0.00000
87.61000,1.98000,0.99997,0.00000,0.00001,0.00002,0.00000
87.81000,1.98000,0.99997,0.00000,0.00001,0.00002,0.00000
88.01000,1.98000,0.99997,0.00000,0.00001,0.00002,0.00000
88.21000,1.98000,0.99997,0.00000,0.00001,0.00002,0.00000
88.41000,1.98000,0.99996,0.00000,0.00001,0.00003,0.00000
88.61000,1.98000,1.00000,0.00000,0.00000,0.00000,0.00000
88.81000,1.98000,0.99999,0.00000,0.00001,0.00000,0.00000
89.01000,1.98000,0.99995,0.00000,0.00002,0.00001,0.00003
89.21000,1.98000,0.99720,0.00000,0.00020,0.00005,0.00256
89.41000,1.98000,0.85257,0.00002,0.00273,0.00070,0.14398
89.61000,1.98000,0.82627,0.00002,0.00387,0.00066,0.16918
89.81000,1.98000,0.83339,0.00001,0.00483,0.00055,0.16121
90.01000,1.98000,0.98905,0.00000,0.00065,0.00003,0.01027
90.21000,1.98000,0.99914,0.00000,0.00029,0.00000,0.00056
90.41000,1.98000,0.99925,0.00000,0.00052,0.00000,0.00023
90.61000,1.98000,0.99978,0.00000,0.00018,0.00000,0.00004
90.81000,1.98000,0.99990,0.00000,0.00010,0.00000,0.00000
91.01000,1.98000,0.99994,0.00000,0.00006,0.00000,0.00000
91.21000,1.98000,0.99998,0.00000,0.00002,0.00000,0.00000
91.41000,1.98000,0.99997,0.00000,0.00003,0.00000,0.00000
91.61000,1.98000,0.99996,0.00000,0.00004,0.00000,0.00000
91.81000,1.98000,0.99996,0.00000,0.00004,0.00000,0.00000
92.01000,1.98000,0.99995,0.00000,0.00005,0.00000,0.00000
92.21000,1.98000,0.99993,0.00000,0.00007,0.00000,0.00000
92.41000,1.98000,0.99981,0.00000,0.00019,0.00000,0.00000
92.61000,1.98000,0.99961,0.00000,0.00038,0.00001,0.00000
92.81000,1.98000,0.99962,0.00000,0.00037,0.00001,0.00000
93.01000,1.98000,0.99915,0.00000,0.00080,0.00004,0.00001
93.21000,1.98000,0.99964,0.00000,0.00033,0.00002,0.00001
93.41000,1.98000,0.99925,0.00000,0.00066,0.00006,0.00003
93.61000,1.98000,0.99965,0.00000,0.00027,0.00004,0.00003
93.81000,1.98000,0.99935,0.00000,0.00046,0.00012,0.00007
94.01000,1.98000,0.99892,0.00000,0.00052,0.00048,0.00007
94.21000,1.98000,0.99915,0.00000,0.00023,0.00058,0.00004
94.41000,1.98000,0.99907,0.00000,0.00021,0.00067,0.00004
94.61000,1.98000,0.99948,0.00000,0.00010,0.00040,0.00002
94.81000,1.98000,0.99971,0.00000,0.00007,0.00021,0.00001
95.01000,1.98000,0.99984,0.00000,0.00004,0.00011,0.00000
95.21000,1.98000,0.99998,0.00000,0.00001,0.00001,0.00000
95.41000,1.98000,0.99999,0.00000,0.00000,0.00001,0.00000
95.61000,1.98000,0.99998,0.00000,0.00001,0.00001,0.00000
95.81000,1.98000,0.99999,0.00000,0.00000,0.00001,0.00000
96.01000,1.98000,0.99999,0.00000,0.00001,0.00001,0.00000
96.21000,1.98000,0.99999,0.00000,0.00001,0.00001,0.00000
96.41000,1.98000,0.99998,0.00000,0.00001,0.00001,0.00000
96.61000,1.98000,0.99998,0.00000,0.00001,0.00001,0.00000
96.81000,1.98000,0.99998,0.00000,0.00001,0.00001,0.00000
97.01000,1.98000,0.99998,0.00000,0.00001,0.00001,0.00000
97.21000,1.98000,0.99998,0.00000,0.00001,0.00001,0.00000
97.41000,1.98000,0.99996,0.00000,0.00001,0.00003,0.00000
97.61000,1.98000,0.99993,0.00000,0.00002,0.00004,0.00000
97.81000,1.98000,0.99994,0.00000,0.00002,0.00004,0.00000
98.01000,1.98000,0.99992,0.00000,0.00002,0.00005,0.00000
98.21000,1.98000,0.99994,0.00000,0.00002,0.00004,0.00000
98.41000,1.98000,0.99988,0.00000,0.00003,0.00009,0.00000
98.61000,1.98000,0.99997,0.00000,0.00001,0.00002,0.00000
98.81000,1.98000,0.99995,0.00000,0.00001,0.00004,0.00001
99.01000,1.98000,0.99993,0.00000,0.00001,0.00005,0.00001
99.21000,1.98000,0.99960,0.00002,0.00003,0.00015,0.00021
99.41000,1.98000,0.98513,0.00008,0.00044,0.00098,0.01337
99.61000,1.98000,0.65643,0.00031,0.00484,0.00572,0.33272
99.81000,1.98000,0.37439,0.00027,0.00713,0.00423,0.61398
100.01000,1.98000,0.50726,0.00013,0.00738,0.00211,0.48312
100.21000,1.98000,0.98810,0.00001,0.00055,0.00003,0.01131
100.41000,1.98000,0.99250,0.00000,0.00266,0.00002,0.00482
100.61000,1.98000,0.99821,0.00000,0.00111,0.00000,0.00067
100.81000,1.98000,0.99985,0.00000,0.00012,0.00000,0.00003
101.01000,1.98000,0.99982,0.00000,0.00018,0.00000,0.00000
101.21000,1.98000,0.99996,0.00000,0.00004,0.00000,0.00000
101.41000,1.98000,0.99997,0.00000,0.00003,0.00000,0.00000
101.61000,1.98000,0.99998,0.00000,0.00002,0.00000,0.00000
101.81000,1.98000,0.99994,0.00000,0.00006,0.00000,0.00000
102.01000,1.98000,0.99997,0.00000,0.00003,0.00000,0.00000
102.21000,1.98000,0.99998,0.00000,0.00002,0.00000,0.00000
102.41000,1.98000,0.99997,0.00000,0.00003,0.00000,0.00000
102.61000,1.98000,0.99967,0.00000,0.00033,0.00000,0.00000
102.81000,1.98000,0.99870,0.00000,0.00125,0.00001,0.00003
103.01000,1.98000,0.99275,0.00000,0.00677,0.00009,0.00038
103.21000,1.98000,0.98562,0.00000,0.01250,0.00026,0.00161
103.41000,1.98000,0.99357,0.00000,0.00471,0.00015,0.00157
103.61000,1.98000,0.99620,0.00000,0.00241,0.00011,0.00127
103.81000,1.98000,0.99276,0.00000,0.00329,0.00039,0.00356
104.01000,1.98000,0.99203,0.00001,0.00282,0.00177,0.00337
104.21000,1.98000,0.99569,0.00003,0.00085,0.00208,0.00136
104.41000,1.98000,0.99722,0.00002,0.00044,0.00172,0.00059
104.61000,1.98000,0.99671,0.00002,0.00040,0.00251,0.00036
104.81000,1.98000,0.99893,0.00001,0.00009,0.00087,0.00010
105.01000,1.98000,0.99889,0.00001,0.00013,0.00089,0.00009
105.21000,1.98000,0.99963,0.00000,0.00004,0.00029,0.00003
105.41000,1.98000,0.99995,0.00000,0.00001,0.00004,0.00000
105.61000,1.98000,0.99998,0.00000,0.00001,0.00001,0.00000
105.81000,1.98000,0.99999,0.00000,0.00000,0.00001,0.00000
106.01000,1.98000,0.99997,0.00000,0.00001,0.00002,0.00000
106.21000,1.98000,0.99998,0.00000,0.00001,0.00001,0.00000
106.41000,1.98000,0.99998,0.00000,0.00001,0.00001,0.00000
106.61000,1.98000,0.99998,0.00000,0.00001,0.00001,0.00000
106.81000,1.98000,0.99998,0.00000,0.00001,0.00001,0.00000
107.01000,1.98000,0.99998,0.00000,0.00001,0.00001,0.00000
107.21000,1.98000,0.99998,0.00000,0.00001,0.00001,0.00000
107.41000,1.98000,0.99998,0.00000,0.00001,0.00001,0.00000
107.61000,1.98000,0.99999,0.00000,0.00001,0.00001,0.00000
107.81000,1.98000,0.99994,0.00000,0.00002,0.00004,0.00000
108.01000,1.98000,0.99993,0.00000,0.00001,0.00006,0.00000
108.21000,1.98000,0.99996,0.00000,0.00000,0.00003,0.00000
108.41000,1.98000,0.99989,0.00000,0.00001,0.00009,0.00001
108.61000,1.98000,0.99956,0.00001,0.00002,0.00028,0.00014
108.81000,1.98000,0.99479,0.00003,0.00009,0.00048,0.00462
109.01000,1.98000,0.52826,0.00033,0.00253,0.00969,0.45919
109.21000,1.98000,0.34400,0.00027,0.00378,0.00953,0.64243
109.41000,1.98000,0.80334,0.00009,0.00196,0.00274,0.19187
109.61000,1.98000,0.99328,0.00000,0.00025,0.00009,0.00637
109.81000,1.98000,0.99845,0.00000,0.00053,0.00001,0.00100
110.01000,1.98000,0.99942,0.00000,0.00041,0.00000,0.00017
110.21000,1.98000,0.99983,0.00000,0.00015,0.00000,0.00002
110.41000,1.98000,0.99989,0.00000,0.00010,0.00000,0.00000
110.61000,1.98000,0.99997,0.00000,0.00003,0.00000,0.00000
110.81000,1.98000,0.99995,0.00000,0.00005,0.00000,0.00000
111.01000,1.98000,0.99996,0.00000,0.00004,0.00000,0.00000
111.21000,1.98000,0.99994,0.00000,0.00006,0.00000,0.00000
111.41000,1.98000,0.99995,0.00000,0.00005,0.00000,0.00000
111.61000,1.98000,0.99995,0.00000,0.00005,0.00000,0.00000
111.81000,1.98000,0.99993,0.00000,0.00007,0.00000,0.00000
112.01000,1.98000,0.99993,0.00000,0.00007,0.00000,0.00000
112.21000,1.98000,0.99990,0.00000,0.00010,0.00000,0.00000
112.41000,1.98000,0.99985,0.00000,0.00014,0.00000,0.00000
112.61000,1.98000,0.99979,0.00000,0.00020,0.00000,0.00000
112.81000,1.98000,0.99966,0.00000,0.00034,0.00001,0.00000
113.01000,1.98000,0.99927,0.00000,0.00072,0.00001,0.00000
113.21000,1.98000,0.99894,0.00000,0.00103,0.00003,0.00001
113.41000,1.98000,0.99962,0.00000,0.00036,0.00001,0.00000
113.61000,1.98000,0.99946,0.00000,0.00051,0.00002,0.00001
113.81000,1.98000,0.99906,0.00000,0.00084,0.00008,0.00002
114.01000,1.98000,0.99898,0.00000,0.00083,0.00016,0.00003
114.21000,1.98000,0.99824,0.00000,0.00128,0.00042,0.00007
114.41000,1.98000,0.99910,0.00000,0.00056,0.00030,0.00004
114.61000,1.98000,0.99907,0.00000,0.00041,0.00047,0.00005
114.81000,1.98000,0.99960,0.00000,0.00012,0.00025,0.00002
115.01000,1.98000,0.99844,0.00001,0.00030,0.00116,0.00009
115.21000,1.98000,0.99902,0.00000,0.00024,0.00068,0.00005
115.41000,1.98000,0.99955,0.00000,0.00013,0.00030,0.00002
115.61000,1.98000,0.99985,0.00000,0.00004,0.00010,0.00001
115.81000,1.98000,0.99988,0.00000,0.00004,0.00008,0.00000
116.01000,1.98000,0.99982,0.00000,0.00006,0.00013,0.00000
116.21000,1.98000,0.99999,0.00000,0.00001,0.00001,0.00000
116.41000,1.98000,0.99998,0.00000,0.00001,0.00001,0.00000
116.61000,1.98000,0.99999,0.00000,0.00001,0.00001,0.00000
116.81000,1.98000,0.99998,0.00000,0.00001,0.00001,0.00000
117.01000,1.98000,0.99997,0.00000,0.00001,0.00002,0.00000
117.21000,1.98000,0.99998,0.00000,0.00000,0.00002,0.00000
117.41000,1.98000,0.99996,0.00000,0.00000,0.00003,0.00000
117.61000,1.98000,0.99983,0.00000,0.00000,0.00015,0.00002
117.81000,1.98000,0.99889,0.00001,0.00002,0.00038,0.00070
118.01000,1.98000,0.80595,0.00030,0.00096,0.01205,0.18075
118.21000,1.98000,0.46972,0.00053,0.00210,0.01646,0.51119
118.41000,1.98000,0.81223,0.00017,0.00104,0.00375,0.18281
118.61000,1.98000,0.91266,0.00006,0.00075,0.00183,0.08469
118.81000,1.98000,0.99848,0.00000,0.00008,0.00002,0.00142
119.01000,1.98000,0.99886,0.00000,0.00052,0.00001,0.00061
119.21000,1.98000,0.99962,0.00000,0.00030,0.00000,0.00008
119.41000,1.98000,0.99987,0.00000,0.00013,0.00000,0.00001
119.61000,1.98000,0.99996,0.00000,0.00004,0.00000,0.00000
119.81000,1.98000,0.99997,0.00000,0.00003,0.00000,0.00000
120.01000,1.98000,0.99995,0.00000,0.00004,0.00000,0.00000
120.21000,1.98000,0.99997,0.00000,0.00003,0.00000,0.00000
120.41000,1.98000,0.99997,0.00000,0.00003,0.00000,0.00000
120.61000,1.98000,0.99995,0.00000,0.00005,0.00000,0.00000
120.81000,1.98000,0.99993,0.00000,0.00006,0.00000,0.00000
121.01000,1.98000,0.99993,0.00000,0.00007,0.00000,0.00000
121.21000,1.98000,0.99990,0.00000,0.00010,0.00000,0.00000
121.41000,1.98000,0.99995,0.00000,0.00005,0.00000,0.00000
121.61000,1.98000,0.99998,0.00000,0.00002,0.00000,0.00000
121.81000,1.98000,0.99993,0.00000,0.00007,0.00000,0.00000
122.01000,1.98000,0.99998,0.00000,0.00002,0.00000,0.00000
122.21000,1.98000,0.99995,0.00000,0.00005,0.00000,0.00000
122.41000,1.98000,0.99998,0.00000,0.00001,0.00000,0.00000
122.61000,1.98000,0.99958,0.00000,0.00036,0.00000,0.00006
122.81000,1.98000,0.99849,0.00000,0.00120,0.00000,0.00030
123.01000,1.98000,0.99949,0.00001,0.00027,0.00000,0.00024
123.21000,1.98000,0.99950,0.00001,0.00021,0.00000,0.00027
123.41000,1.98000,0.99995,0.00000,0.00002,0.00000,0.00002
123.61000,1.98000,0.99993,0.00001,0.00004,0.00000,0.00002
123.81000,1.98000,0.99791,0.00002,0.00140,0.00000,0.00067
124.01000,1.98000,0.99266,0.00003,0.00371,0.00000,0.00360
124.21000,1.98000,0.96908,0.00007,0.01967,0.00005,0.01113
124.41000,1.98000,0.98096,0.00007,0.01295,0.00005,0.00597
124.61000,1.98000,0.99348,0.00003,0.00442,0.00006,0.00202
