Time (seconds), Duration (seconds),pred_(unlabeled),pred_On,pred_Off,pred_Dimmer,pred_Lighter
0.01000,1.98000,0.96111,0.03869,0.00009,0.00011,0.00000
0.21000,1.98000,0.99770,0.00219,0.00011,0.00000,0.00000
0.41000,1.98000,0.98202,0.01416,0.00237,0.00144,0.00001
0.61000,1.98000,0.99566,0.00131,0.00239,0.00061,0.00003
0.81000,1.98000,0.99427,0.00231,0.00150,0.00191,0.00000
1.01000,1.98000,0.99986,0.00004,0.00006,0.00003,0.00000
1.21000,1.98000,0.99774,0.00014,0.00050,0.00162,0.00001
1.41000,1.98000,0.99981,0.00002,0.00003,0.00014,0.00000
1.61000,1.98000,0.99670,0.00010,0.00034,0.00286,0.00001
1.81000,1.98000,0.99932,0.00001,0.00008,0.00059,0.00000
2.01000,1.98000,0.99814,0.00003,0.00004,0.00177,0.00002
2.21000,1.98000,0.99829,0.00002,0.00012,0.00153,0.00003
2.41000,1.98000,0.99980,0.00001,0.00000,0.00017,0.00002
2.61000,1.98000,0.99997,0.00000,0.00000,0.00002,0.00001
2.81000,1.98000,0.99994,0.00002,0.00000,0.00004,0.00000
3.01000,1.98000,0.99999,0.00001,0.00000,0.00000,0.00000
3.21000,1.98000,0.99974,0.00016,0.00001,0.00003,0.00006
3.41000,1.98000,0.99988,0.00012,0.00000,0.00000,0.00000
3.61000,1.98000,0.99339,0.00650,0.00006,0.00002,0.00004
3.81000,1.98000,0.99707,0.00292,0.00001,0.00000,0.00000
4.01000,1.98000,0.94129,0.05859,0.00009,0.00002,0.00001
4.21000,1.98000,0.99916,0.00084,0.00000,0.00000,0.00000
4.41000,1.98000,0.99235,0.00744,0.00017,0.00002,0.00002
4.61000,1.98000,0.99496,0.00211,0.00290,0.00004,0.00000
4.81000,1.98000,0.99938,0.00040,0.00019,0.00003,0.00000
5.01000,1.98000,0.99835,0.00035,0.00115,0.00015,0.00000
5.21000,1.98000,0.99819,0.00016,0.00034,0.00130,0.00000
5.41000,1.98000,0.99394,0.00020,0.00074,0.00511,0.00000
5.61000,1.98000,0.99983,0.00001,0.00001,0.00014,0.00000
5.81000,1.98000,0.99687,0.00001,0.00014,0.00298,0.00000
6.01000,1.98000,0.99594,0.00001,0.00005,0.00400,0.00000
6.21000,1.98000,0.99935,0.00000,0.00001,0.00063,0.00000
6.41000,1.98000,0.99949,0.00000,0.00000,0.00050,0.00000
6.61000,1.98000,0.99969,0.00000,0.00000,0.00030,0.00000
6.81000,1.98000,0.99996,0.00000,0.00000,0.00004,0.00000
7.01000,1.98000,0.99992,0.00000,0.00000,0.00007,0.00000
7.21000,1.98000,0.99999,0.00000,0.00000,0.00001,0.00000
7.41000,1.98000,0.99997,0.00000,0.00000,0.00003,0.00000
7.61000,1.98000,1.00000,0.00000,0.00000,0.00000,0.00000
7.81000,1.98000,0.99998,0.00000,0.00000,0.00002,0.00000
8.01000,1.98000,0.99998,0.00000,0.00000,0.00002,0.00000
8.21000,1.98000,0.99999,0.00000,0.00000,0.00001,0.00000
8.41000,1.98000,0.99999,0.00000,0.00000,0.00001,0.00000
8.61000,1.98000,0.99999,0.00000,0.00000,0.00001,0.00000
8.81000,1.98000,0.99999,0.00000,0.00000,0.00001,0.00000
9.01000,1.98000,1.00000,0.00000,0.00000,0.00000,0.00000
9.21000,1.98000,0.99999,0.00000,0.00000,0.00001,0.00000
9.41000,1.98000,0.99998,0.00000,0.00000,0.00002,0.00000
9.61000,1.98000,0.99999,0.00000,0.00000,0.00001,0.00000
9.81000,1.98000,0.99996,0.00000,0.00000,0.00004,0.00000
10.01000,1.98000,0.99998,0.00000,0.00000,0.00002,0.00000
10.21000,1.98000,0.99999,0.00000,0.00000,0.00001,0.00000
10.41000,1.98000,1.00000,0.00000,0.00000,0.00000,0.00000
10.61000,1.98000,0.99999,0.00000,0.00000,0.00001,0.00000
10.81000,1.98000,0.99993,0.00000,0.00000,0.00006,0.00001
11.01000,1.98000,0.99967,0.00005,0.00000,0.00024,0.00004
11.21000,1.98000,0.99463,0.00243,0.00005,0.00251,0.00038
11.41000,1.98000,0.98275,0.00548,0.00028,0.00990,0.00159
11.61000,1.98000,0.96051,0.01259,0.00020,0.02581,0.00089
11.81000,1.98000,0.67273,0.02382,0.01646,0.27669,0.01030
12.01000,1.98000,0.90654,0.00042,0.00199,0.09057,0.00048
12.21000,1.98000,0.95890,0.00002,0.00631,0.03469,0.00009
12.41000,1.98000,0.99711,0.00001,0.00004,0.00284,0.00000
12.61000,1.98000,0.99981,0.00000,0.00001,0.00017,0.00000
12.81000,1.98000,0.99997,0.00000,0.00000,0.00003,0.00000
13.01000,1.98000,0.99997,0.00000,0.00000,0.00002,0.00000
13.21000,1.98000,0.99978,0.00010,0.00000,0.00012,0.00000
13.41000,1.98000,0.99788,0.00099,0.00001,0.00095,0.00017
13.61000,1.98000,0.97659,0.01583,0.00003,0.00667,0.00088
13.81000,1.98000,0.99469,0.00181,0.00001,0.00317,0.00032
14.01000,1.98000,0.99889,0.00080,0.00000,0.00022,0.00009
14.21000,1.98000,0.99981,0.00006,0.00000,0.00011,0.00002
14.41000,1.98000,0.99987,0.00000,0.00000,0.00011,0.00001
14.61000,1.98000,0.99997,0.00000,0.00000,0.00003,0.00000
14.81000,1.98000,0.99999,0.00000,0.00000,0.00001,0.00000
15.01000,1.98000,0.99997,0.00000,0.00000,0.00003,0.00000
15.21000,1.98000,0.99999,0.00000,0.00000,0.00001,0.00000
15.41000,1.98000,0.99999,0.00000,0.00000,0.00001,0.00000
15.61000,1.98000,0.99998,0.00000,0.00000,0.00001,0.00000
15.81000,1.98000,0.99999,0.00000,0.00000,0.00001,0.00000
16.01000,1.98000,0.99999,0.00000,0.00000,0.00001,0.00000
16.21000,1.98000,0.99999,0.00000,0.00000,0.00001,0.00000
16.41000,1.98000,0.99999,0.00000,0.00000,0.00001,0.00000
16.61000,1.98000,0.99999,0.00000,0.00000,0.00001,0.00000
16.81000,1.98000,0.99999,0.00000,0.00000,0.00001,0.00000
17.01000,1.98000,0.99999,0.00000,0.00000,0.00001,0.00000
17.21000,1.98000,0.99999,0.00000,0.00000,0.00001,0.00000
17.41000,1.98000,0.99999,0.00000,0.00000,0.00001,0.00000
17.61000,1.98000,0.99999,0.00000,0.00000,0.00001,0.00000
17.81000,1.98000,0.99999,0.00000,0.00000,0.00001,0.00000
18.01000,1.98000,0.99998,0.00000,0.00000,0.00002,0.00000
18.21000,1.98000,1.00000,0.00000,0.00000,0.00000,0.00000
18.41000,1.98000,0.99999,0.00000,0.00000,0.00001,0.00000
18.61000,1.98000,0.99993,0.00000,0.00000,0.00005,0.00002
18.81000,1.98000,0.99933,0.00000,0.00001,0.00042,0.00023
19.01000,1.98000,0.99403,0.00007,0.00013,0.00490,0.00087
19.21000,1.98000,0.88586,0.00048,0.00156,0.10389,0.00822
19.41000,1.98000,0.24063,0.00328,0.00567,0.73852,0.01191
19.61000,1.98000,0.63496,0.00259,0.00350,0.35336,0.00559
19.81000,1.98000,0.98567,0.00015,0.00024,0.01376,0.00018
20.01000,1.98000,0.98397,0.00001,0.00059,0.01538,0.00005
20.21000,1.98000,0.99749,0.00000,0.00005,0.00246,0.00000
20.41000,1.98000,0.99984,0.00000,0.00000,0.00015,0.00000
20.61000,1.98000,0.99998,0.00000,0.00000,0.00002,0.00000
20.81000,1.98000,0.99994,0.00000,0.00000,0.00006,0.00000
21.01000,1.98000,0.99999,0.00000,0.00000,0.00001,0.00000
21.21000,1.98000,0.99993,0.00000,0.00000,0.00007,0.00000
21.41000,1.98000,0.99974,0.00002,0.00000,0.00025,0.00000
21.61000,1.98000,0.99943,0.00005,0.00000,0.00052,0.00000
21.81000,1.98000,0.99975,0.00004,0.00000,0.00021,0.00000
22.01000,1.98000,0.99965,0.00003,0.00000,0.00032,0.00000
22.21000,1.98000,0.99945,0.00001,0.00000,0.00053,0.00000
22.41000,1.98000,0.99959,0.00004,0.00000,0.00037,0.00000
22.61000,1.98000,0.99977,0.00001,0.00000,0.00022,0.00000
22.81000,1.98000,0.99941,0.00000,0.00001,0.00058,0.00000
23.01000,1.98000,0.99989,0.00000,0.00000,0.00010,0.00000
23.21000,1.98000,0.99998,0.00000,0.00000,0.00002,0.00000
23.41000,1.98000,0.99994,0.00000,0.00000,0.00005,0.00000
23.61000,1.98000,0.99998,0.00000,0.00000,0.00002,0.00000
23.81000,1.98000,0.99999,0.00000,0.00000,0.00001,0.00000
24.01000,1.98000,0.99999,0.00000,0.00000,0.00001,0.00000
24.21000,1.98000,0.99999,0.00000,0.00000,0.00001,0.00000
24.41000,1.98000,0.99999,0.00000,0.00000,0.00001,0.00000
24.61000,1.98000,0.99998,0.00000,0.00000,0.00002,0.00000
24.81000,1.98000,0.99999,0.00000,0.00000,0.00001,0.00000
25.01000,1.98000,0.99999,0.00000,0.00000,0.00001,0.00000
25.21000,1.98000,0.99999,0.00000,0.00000,0.00001,0.00000
25.41000,1.98000,1.00000,0.00000,0.00000,0.00000,0.00000
25.61000,1.98000,0.99996,0.00000,0.00000,0.00004,0.00001
25.81000,1.98000,0.99898,0.00001,0.00004,0.00093,0.00004
26.01000,1.98000,0.99842,0.00005,0.00006,0.00145,0.00003
26.21000,1.98000,0.78577,0.00239,0.00351,0.20732,0.00101
26.41000,1.98000,0.51191,0.01441,0.01503,0.45571,0.00294
26.61000,1.98000,0.19560,0.01002,0.01188,0.78151,0.00099
26.81000,1.98000,0.94717,0.00126,0.00286,0.04862,0.00009
27.01000,1.98000,0.97187,0.00008,0.00135,0.02668,0.00002
27.21000,1.98000,0.99946,0.00000,0.00011,0.00043,0.00000
27.41000,1.98000,0.99953,0.00000,0.00007,0.00040,0.00000
27.61000,1.98000,0.99997,0.00000,0.00001,0.00002,0.00000
27.81000,1.98000,0.99993,0.00000,0.00000,0.00007,0.00000
28.01000,1.98000,1.00000,0.00000,0.00000,0.00000,0.00000
28.21000,1.98000,0.99992,0.00000,0.00000,0.00008,0.00000
28.41000,1.98000,0.99992,0.00000,0.00000,0.00007,0.00001
28.61000,1.98000,0.99985,0.00000,0.00000,0.00012,0.00003
28.81000,1.98000,0.99995,0.00000,0.00000,0.00003,0.00002
29.01000,1.98000,0.99988,0.00000,0.00000,0.00003,0.00008
29.21000,1.98000,0.99999,0.00000,0.00000,0.00001,0.00000
29.41000,1.98000,0.99997,0.00000,0.00001,0.00001,0.00001
29.61000,1.98000,0.99946,0.00004,0.00017,0.00020,0.00014
29.81000,1.98000,0.99743,0.00005,0.00175,0.00048,0.00030
30.01000,1.98000,0.99944,0.00010,0.00026,0.00016,0.00004
30.21000,1.98000,0.99789,0.00009,0.00127,0.00073,0.00002
30.41000,1.98000,0.99936,0.00012,0.00020,0.00030,0.00001
30.61000,1.98000,0.99766,0.00007,0.00039,0.00184,0.00004
30.81000,1.98000,0.99929,0.00002,0.00028,0.00039,0.00002
31.01000,1.98000,0.99922,0.00000,0.00009,0.00068,0.00001
31.21000,1.98000,0.99986,0.00000,0.00002,0.00011,0.00002
31.41000,1.98000,0.99411,0.00000,0.00012,0.00574,0.00003
31.61000,1.98000,0.99993,0.00000,0.00000,0.00006,0.00001
31.81000,1.98000,0.99997,0.00000,0.00000,0.00002,0.00001
32.01000,1.98000,0.99995,0.00000,0.00000,0.00004,0.00000
32.21000,1.98000,0.99999,0.00000,0.00000,0.00001,0.00000
32.41000,1.98000,0.99997,0.00000,0.00000,0.00001,0.00001
32.61000,1.98000,0.99870,0.00001,0.00001,0.00111,0.00016
32.81000,1.98000,0.99620,0.00003,0.00001,0.00363,0.00013
33.01000,1.98000,0.76873,0.00098,0.00083,0.22381,0.00565
33.21000,1.98000,0.56275,0.00192,0.00076,0.43213,0.00244
33.41000,1.98000,0.53825,0.00188,0.00081,0.45600,0.00306
33.61000,1.98000,0.97810,0.00013,0.00004,0.02162,0.00011
33.81000,1.98000,0.98870,0.00002,0.00005,0.01119,0.00005
34.01000,1.98000,0.99908,0.00000,0.00002,0.00090,0.00000
34.21000,1.98000,0.99992,0.00000,0.00000,0.00008,0.00000
34.41000,1.98000,0.99999,0.00000,0.00000,0.00001,0.00000
34.61000,1.98000,0.99985,0.00000,0.00000,0.00015,0.00000
34.81000,1.98000,0.99997,0.00000,0.00000,0.00003,0.00000
35.01000,1.98000,0.99996,0.00000,0.00000,0.00003,0.00000
35.21000,1.98000,0.99998,0.00000,0.00000,0.00002,0.00000
35.41000,1.98000,0.99998,0.00000,0.00000,0.00002,0.00000
35.61000,1.98000,0.99991,0.00000,0.00000,0.00008,0.00000
35.81000,1.98000,0.99991,0.00001,0.00000,0.00007,0.00001
36.01000,1.98000,0.99950,0.00016,0.00000,0.00033,0.00001
36.21000,1.98000,0.99754,0.00036,0.00000,0.00207,0.00004
36.41000,1.98000,0.99674,0.00147,0.00000,0.00177,0.00002
36.61000,1.98000,0.99995,0.00000,0.00000,0.00005,0.00000
36.81000,1.98000,0.99978,0.00005,0.00000,0.00017,0.00000
37.01000,1.98000,0.99994,0.00000,0.00000,0.00006,0.00000
37.21000,1.98000,0.99992,0.00001,0.00000,0.00008,0.00000
37.41000,1.98000,0.99999,0.00000,0.00000,0.00001,0.00000
37.61000,1.98000,0.99997,0.00000,0.00000,0.00003,0.00000
37.81000,1.98000,0.99999,0.00000,0.00000,0.00001,0.00000
38.01000,1.98000,0.99998,0.00000,0.00000,0.00002,0.00000
38.21000,1.98000,0.99998,0.00000,0.00000,0.00002,0.00000
38.41000,1.98000,0.99999,0.00000,0.00000,0.00001,0.00000
38.61000,1.98000,0.99959,0.00000,0.00000,0.00040,0.00001
38.81000,1.98000,0.99943,0.00000,0.00001,0.00055,0.00001
39.01000,1.98000,0.93749,0.00007,0.00047,0.06186,0.00011
39.21000,1.98000,0.43809,0.00125,0.00457,0.55480,0.00130
39.41000,1.98000,0.19163,0.00025,0.00745,0.79879,0.00189
39.61000,1.98000,0.52516,0.00045,0.00451,0.46890,0.00097
39.81000,1.98000,0.99399,0.00000,0.00009,0.00589,0.00003
40.01000,1.98000,0.99908,0.00000,0.00006,0.00086,0.00001
40.21000,1.98000,0.99981,0.00000,0.00001,0.00018,0.00000
40.41000,1.98000,0.99999,0.00000,0.00000,0.00001,0.00000
40.61000,1.98000,0.99997,0.00000,0.00000,0.00003,0.00000
40.81000,1.98000,0.99999,0.00000,0.00000,0.00001,0.00000
41.01000,1.98000,0.99999,0.00000,0.00000,0.00001,0.00000
41.21000,1.98000,0.99999,0.00000,0.00000,0.00001,0.00000
41.41000,1.98000,0.99998,0.00000,0.00000,0.00002,0.00000
41.61000,1.98000,0.99999,0.00000,0.00000,0.00001,0.00000
41.81000,1.98000,0.99999,0.00000,0.00000,0.00001,0.00000
42.01000,1.98000,0.99999,0.00000,0.00000,0.00001,0.00000
42.21000,1.98000,0.99998,0.00000,0.00000,0.00002,0.00000
42.41000,1.98000,0.99999,0.00000,0.00000,0.00001,0.00000
42.61000,1.98000,0.99996,0.00002,0.00000,0.00001,0.00000
42.81000,1.98000,0.99983,0.00016,0.00000,0.00001,0.00000
43.01000,1.98000,0.99973,0.00024,0.00000,0.00002,0.00000
43.21000,1.98000,0.99925,0.00073,0.00000,0.00001,0.00001
43.41000,1.98000,0.99917,0.00073,0.00000,0.00003,0.00007
43.61000,1.98000,0.99879,0.00097,0.00000,0.00004,0.00020
43.81000,1.98000,0.99933,0.00042,0.00000,0.00006,0.00018
44.01000,1.98000,0.99166,0.00486,0.00000,0.00111,0.00236
44.21000,1.98000,0.99931,0.00011,0.00000,0.00049,0.00009
44.41000,1.98000,0.99976,0.00001,0.00000,0.00021,0.00002
44.61000,1.98000,0.99993,0.00000,0.00000,0.00006,0.00000
44.81000,1.98000,0.99754,0.00000,0.00005,0.00239,0.00002
45.01000,1.98000,0.99956,0.00000,0.00001,0.00043,0.00000
45.21000,1.98000,0.99994,0.00000,0.00000,0.00006,0.00000
45.41000,1.98000,0.99998,0.00000,0.00000,0.00002,0.00000
45.61000,1.98000,0.99857,0.00000,0.00000,0.00142,0.00001
45.81000,1.98000,0.99183,0.00003,0.00003,0.00807,0.00003
46.01000,1.98000,0.90015,0.00035,0.00027,0.09645,0.00277
46.21000,1.98000,0.34577,0.00063,0.00173,0.64666,0.00521
46.41000,1.98000,0.35691,0.00043,0.00210,0.63481,0.00575
46.61000,1.98000,0.69733,0.00035,0.00076,0.28821,0.01335
46.81000,1.98000,0.99357,0.00002,0.00003,0.00615,0.00023
47.01000,1.98000,0.99961,0.00000,0.00001,0.00037,0.00001
47.21000,1.98000,0.99980,0.00000,0.00001,0.00019,0.00000
47.41000,1.98000,0.99999,0.00000,0.00000,0.00000,0.00000
47.61000,1.98000,0.99998,0.00000,0.00000,0.00001,0.00000
47.81000,1.98000,0.99999,0.00000,0.00000,0.00001,0.00000
48.01000,1.98000,1.00000,0.00000,0.00000,0.00000,0.00000
48.21000,1.98000,1.00000,0.00000,0.00000,0.00000,0.00000
48.41000,1.98000,0.99997,0.00000,0.00000,0.00003,0.00000
48.61000,1.98000,0.99797,0.00015,0.00001,0.00179,0.00009
48.81000,1.98000,0.95021,0.00132,0.00009,0.04678,0.00160
49.01000,1.98000,0.66731,0.01188,0.00050,0.30502,0.01529
49.21000,1.98000,0.92176,0.00405,0.00008,0.07255,0.00155
49.41000,1.98000,0.95257,0.00388,0.00005,0.04284,0.00066
49.61000,1.98000,0.99540,0.00062,0.00000,0.00395,0.00003
49.81000,1.98000,0.99566,0.00004,0.00003,0.00424,0.00003
50.01000,1.98000,0.99850,0.00000,0.00003,0.00147,0.00000
50.21000,1.98000,0.99960,0.00000,0.00001,0.00039,0.00000
50.41000,1.98000,0.99991,0.00000,0.00000,0.00009,0.00000
50.61000,1.98000,0.99999,0.00000,0.00000,0.00001,0.00000
50.81000,1.98000,0.99999,0.00000,0.00000,0.00001,0.00000
51.01000,1.98000,0.99999,0.00000,0.00000,0.00001,0.00000
51.21000,1.98000,0.99998,0.00000,0.00000,0.00002,0.00000
51.41000,1.98000,1.00000,0.00000,0.00000,0.00000,0.00000
51.61000,1.98000,0.99995,0.00000,0.00000,0.00005,0.00000
51.81000,1.98000,0.99984,0.00000,0.00000,0.00016,0.00000
52.01000,1.98000,0.99658,0.00001,0.00001,0.00338,0.00002
52.21000,1.98000,0.79294,0.00023,0.00061,0.20438,0.00184
52.41000,1.98000,0.21280,0.00025,0.00461,0.77682,0.00552
52.61000,1.98000,0.33438,0.00066,0.00582,0.64881,0.01033
52.81000,1.98000,0.78616,0.00009,0.00415,0.20572,0.00387
53.01000,1.98000,0.99534,0.00000,0.00010,0.00444,0.00012
53.21000,1.98000,0.99964,0.00000,0.00003,0.00032,0.00000
53.41000,1.98000,0.99987,0.00000,0.00002,0.00011,0.00000
53.61000,1.98000,0.99997,0.00000,0.00001,0.00002,0.00000
53.81000,1.98000,0.99999,0.00000,0.00000,0.00001,0.00000
54.01000,1.98000,0.99999,0.00000,0.00000,0.00001,0.00000
54.21000,1.98000,1.00000,0.00000,0.00000,0.00000,0.00000
54.41000,1.98000,0.99999,0.00000,0.00000,0.00001,0.00000
54.61000,1.98000,1.00000,0.00000,0.00000,0.00000,0.00000
54.81000,1.98000,0.99999,0.00000,0.00000,0.00001,0.00000
55.01000,1.98000,0.99995,0.00001,0.00000,0.00005,0.00000
55.21000,1.98000,0.99971,0.00005,0.00000,0.00023,0.00001
55.41000,1.98000,0.99979,0.00007,0.00000,0.00014,0.00000
55.61000,1.98000,0.99978,0.00013,0.00000,0.00008,0.00000
55.81000,1.98000,0.99970,0.00023,0.00000,0.00007,0.00000
56.01000,1.98000,0.99989,0.00008,0.00000,0.00003,0.00000
56.21000,1.98000,0.99958,0.00041,0.00000,0.00001,0.00000
56.41000,1.98000,0.99994,0.00006,0.00000,0.00000,0.00000
56.61000,1.98000,0.99811,0.00179,0.00001,0.00009,0.00000
56.81000,1.98000,0.99298,0.00667,0.00011,0.00024,0.00001
57.01000,1.98000,0.99968,0.00026,0.00005,0.00001,0.00000
57.21000,1.98000,0.99903,0.00073,0.00012,0.00005,0.00006
57.41000,1.98000,0.99944,0.00014,0.00031,0.00008,0.00003
57.61000,1.98000,0.98866,0.00285,0.00737,0.00096,0.00018
57.81000,1.98000,0.97032,0.00038,0.02340,0.00575,0.00015
58.01000,1.98000,0.31371,0.00304,0.28511,0.38472,0.01342
58.21000,1.98000,0.67215,0.00049,0.03217,0.29421,0.00098
58.41000,1.98000,0.79991,0.00011,0.04901,0.14996,0.00100
58.61000,1.98000,0.97493,0.00000,0.00242,0.02259,0.00006
58.81000,1.98000,0.97000,0.00000,0.00511,0.02487,0.00003
59.01000,1.98000,0.99617,0.00000,0.00023,0.00360,0.00000
59.21000,1.98000,0.99969,0.00000,0.00008,0.00023,0.00000
59.41000,1.98000,0.99996,0.00000,0.00000,0.00004,0.00000
59.61000,1.98000,0.99998,0.00000,0.00000,0.00002,0.00000
59.81000,1.98000,1.00000,0.00000,0.00000,0.00000,0.00000
60.01000,1.98000,0.99997,0.00000,0.00000,0.00003,0.00000
60.21000,1.98000,0.99995,0.00000,0.00000,0.00005,0.00000
60.41000,1.98000,0.99987,0.00006,0.00000,0.00007,0.00000
60.61000,1.98000,0.99970,0.00010,0.00000,0.00019,0.00000
60.81000,1.98000,0.99897,0.00064,0.00000,0.00038,0.00000
61.01000,1.98000,0.99979,0.00018,0.00000,0.00003,0.00000
61.21000,1.98000,0.99880,0.00116,0.00000,0.00004,0.00000
61.41000,1.98000,0.98741,0.00940,0.00000,0.00314,0.00004
61.61000,1.98000,0.99708,0.00163,0.00001,0.00126,0.00003
61.81000,1.98000,0.99694,0.00069,0.00001,0.00235,0.00001
62.01000,1.98000,0.99730,0.00023,0.00004,0.00239,0.00004
62.21000,1.98000,0.99939,0.00008,0.00000,0.00052,0.00000
62.41000,1.98000,0.99983,0.00000,0.00001,0.00015,0.00002
62.61000,1.98000,0.99910,0.00003,0.00001,0.00082,0.00005
62.81000,1.98000,0.99690,0.00002,0.00033,0.00273,0.00002
63.01000,1.98000,0.92516,0.00024,0.00086,0.07355,0.00019
63.21000,1.98000,0.56895,0.00100,0.00457,0.42524,0.00024
63.41000,1.98000,0.55007,0.00105,0.00598,0.44173,0.00117
63.61000,1.98000,0.93300,0.00031,0.00589,0.06069,0.00012
63.81000,1.98000,0.99567,0.00002,0.00031,0.00398,0.00002
64.01000,1.98000,0.99987,0.00000,0.00002,0.00011,0.00000
64.21000,1.98000,0.99990,0.00000,0.00001,0.00008,0.00000
64.41000,1.98000,0.99999,0.00000,0.00000,0.00001,0.00000
64.61000,1.98000,0.99992,0.00004,0.00000,0.00004,0.00000
64.81000,1.98000,0.99978,0.00018,0.00000,0.00004,0.00000
65.01000,1.98000,0.99593,0.00127,0.00001,0.00275,0.00004
65.21000,1.98000,0.97017,0.01903,0.00005,0.01021,0.00054
65.41000,1.98000,0.98620,0.01106,0.00002,0.00242,0.00030
65.61000,1.98000,0.99828,0.00144,0.00000,0.00011,0.00018
65.81000,1.98000,0.99816,0.00063,0.00001,0.00106,0.00013
66.01000,1.98000,0.99801,0.00018,0.00001,0.00177,0.00003
66.21000,1.98000,0.99809,0.00004,0.00005,0.00178,0.00004
66.41000,1.98000,0.99969,0.00000,0.00003,0.00027,0.00000
66.61000,1.98000,0.99844,0.00001,0.00004,0.00150,0.00001
66.81000,1.98000,0.99898,0.00001,0.00006,0.00093,0.00001
67.01000,1.98000,0.99120,0.00007,0.00013,0.00857,0.00003
67.21000,1.98000,0.99850,0.00003,0.00001,0.00145,0.00000
67.41000,1.98000,0.99990,0.00000,0.00000,0.00010,0.00000
67.61000,1.98000,0.99529,0.00005,0.00021,0.00424,0.00021
67.81000,1.98000,0.99445,0.00011,0.00049,0.00461,0.00035
68.01000,1.98000,0.74938,0.00023,0.00927,0.23913,0.00199
68.21000,1.98000,0.37016,0.00023,0.01685,0.61233,0.00044
68.41000,1.98000,0.22269,0.00024,0.00941,0.76592,0.00174
68.61000,1.98000,0.79877,0.00042,0.01089,0.18726,0.00266
68.81000,1.98000,0.99491,0.00001,0.00036,0.00465,0.00008
69.01000,1.98000,0.99828,0.00000,0.00083,0.00083,0.00006
69.21000,1.98000,0.99992,0.00000,0.00003,0.00004,0.00000
69.41000,1.98000,1.00000,0.00000,0.00000,0.00000,0.00000
69.61000,1.98000,0.99999,0.00001,0.00000,0.00000,0.00000
69.81000,1.98000,0.99991,0.00008,0.00000,0.00000,0.00000
70.01000,1.98000,0.99972,0.00025,0.00001,0.00002,0.00000
70.21000,1.98000,0.99903,0.00090,0.00000,0.00006,0.00001
70.41000,1.98000,0.99727,0.00268,0.00001,0.00003,0.00001
70.61000,1.98000,0.99942,0.00057,0.00000,0.00000,0.00001
70.81000,1.98000,0.99988,0.00011,0.00000,0.00000,0.00001
71.01000,1.98000,0.99932,0.00068,0.00000,0.00000,0.00000
71.21000,1.98000,0.99907,0.00019,0.00071,0.00001,0.00001
71.41000,1.98000,0.99952,0.00043,0.00004,0.00000,0.00000
71.61000,1.98000,0.99895,0.00012,0.00090,0.00002,0.00001
71.81000,1.98000,0.99905,0.00066,0.00029,0.00000,0.00000
72.01000,1.98000,0.99771,0.00007,0.00220,0.00002,0.00001
72.21000,1.98000,0.99478,0.00447,0.00074,0.00001,0.00000
72.41000,1.98000,0.99975,0.00014,0.00009,0.00001,0.00000
72.61000,1.98000,0.99811,0.00166,0.00021,0.00002,0.00000
72.81000,1.98000,0.99640,0.00258,0.00026,0.00074,0.00003
73.01000,1.98000,0.88666,0.00811,0.01210,0.09293,0.00021
73.21000,1.98000,0.90595,0.00158,0.00045,0.09192,0.00010
73.41000,1.98000,0.79809,0.00287,0.00090,0.19798,0.00017
73.61000,1.98000,0.94062,0.00082,0.00024,0.05819,0.00013
73.81000,1.98000,0.99824,0.00003,0.00001,0.00172,0.00001
74.01000,1.98000,0.99966,0.00000,0.00000,0.00034,0.00000
74.21000,1.98000,0.99977,0.00000,0.00001,0.00022,0.00000
74.41000,1.98000,0.99993,0.00000,0.00000,0.00006,0.00000
74.61000,1.98000,0.99998,0.00000,0.00000,0.00002,0.00000
74.81000,1.98000,0.99998,0.00000,0.00000,0.00002,0.00000
75.01000,1.98000,0.99996,0.00000,0.00000,0.00004,0.00000
75.21000,1.98000,0.99999,0.00000,0.00000,0.00001,0.00000
75.41000,1.98000,0.99998,0.00000,0.00000,0.00002,0.00000
75.61000,1.98000,0.99998,0.00000,0.00000,0.00001,0.00000
75.81000,1.98000,0.99963,0.00002,0.00000,0.00035,0.00000
76.01000,1.98000,0.99873,0.00063,0.00000,0.00063,0.00001
76.21000,1.98000,0.99743,0.00027,0.00000,0.00228,0.00001
76.41000,1.98000,0.99906,0.00078,0.00000,0.00015,0.00001
76.61000,1.98000,0.99941,0.00019,0.00000,0.00040,0.00000
76.81000,1.98000,0.99686,0.00271,0.00000,0.00036,0.00007
77.01000,1.98000,0.99816,0.00030,0.00003,0.00130,0.00021
77.21000,1.98000,0.99588,0.00252,0.00002,0.00149,0.00009
77.41000,1.98000,0.99238,0.00030,0.00021,0.00684,0.00027
77.61000,1.98000,0.20092,0.03620,0.00375,0.75638,0.00275
77.81000,1.98000,0.88019,0.00297,0.00297,0.11248,0.00139
78.01000,1.98000,0.85178,0.00750,0.00114,0.13894,0.00064
78.21000,1.98000,0.90820,0.00008,0.00180,0.08950,0.00041
78.41000,1.98000,0.97694,0.00018,0.00019,0.02266,0.00003
78.61000,1.98000,0.99729,0.00000,0.00004,0.00265,0.00001
78.81000,1.98000,0.99961,0.00000,0.00001,0.00038,0.00000
79.01000,1.98000,0.99991,0.00000,0.00000,0.00009,0.00000
79.21000,1.98000,0.99991,0.00000,0.00000,0.00009,0.00000
79.41000,1.98000,0.99989,0.00000,0.00000,0.00011,0.00000
79.61000,1.98000,0.99999,0.00000,0.00000,0.00001,0.00000
79.81000,1.98000,1.00000,0.00000,0.00000,0.00000,0.00000
80.01000,1.98000,0.99998,0.00000,0.00000,0.00001,0.00000
80.21000,1.98000,0.99996,0.00000,0.00000,0.00003,0.00000
80.41000,1.98000,0.99807,0.00023,0.00000,0.00145,0.00025
80.61000,1.98000,0.99857,0.00006,0.00000,0.00133,0.00004
80.81000,1.98000,0.99652,0.00032,0.00000,0.00312,0.00005
81.01000,1.98000,0.99934,0.00003,0.00000,0.00062,0.00000
81.21000,1.98000,0.99983,0.00001,0.00000,0.00016,0.00000
81.41000,1.98000,0.99999,0.00000,0.00000,0.00001,0.00000
81.61000,1.98000,0.99906,0.00000,0.00000,0.00093,0.00001
81.81000,1.98000,0.99238,0.00002,0.00003,0.00756,0.00002
82.01000,1.98000,0.97991,0.00004,0.00006,0.01986,0.00012
82.21000,1.98000,0.81610,0.00025,0.00054,0.18237,0.00074
82.41000,1.98000,0.22194,0.00012,0.00123,0.77611,0.00060
82.61000,1.98000,0.61266,0.00043,0.00079,0.38519,0.00093
82.81000,1.98000,0.90812,0.00014,0.00027,0.09094,0.00053
83.01000,1.98000,0.99438,0.00000,0.00003,0.00551,0.00006
83.21000,1.98000,0.99795,0.00000,0.00004,0.00200,0.00001
83.41000,1.98000,0.99995,0.00000,0.00000,0.00005,0.00000
83.61000,1.98000,0.99993,0.00000,0.00000,0.00007,0.00000
83.81000,1.98000,0.99997,0.00000,0.00000,0.00003,0.00000
84.01000,1.98000,0.99996,0.00000,0.00000,0.00004,0.00000
84.21000,1.98000,0.99998,0.00000,0.00000,0.00002,0.00000
84.41000,1.98000,0.99998,0.00000,0.00000,0.00002,0.00000
84.61000,1.98000,0.99997,0.00000,0.00000,0.00003,0.00000
84.81000,1.98000,0.99999,0.00000,0.00000,0.00001,0.00000
85.01000,1.98000,0.99920,0.00000,0.00001,0.00077,0.00002
85.21000,1.98000,0.99457,0.00001,0.00007,0.00525,0.00011
85.41000,1.98000,0.98713,0.00001,0.00007,0.01268,0.00011
85.61000,1.98000,0.99955,0.00000,0.00001,0.00042,0.00002
85.81000,1.98000,0.99823,0.00000,0.00001,0.00175,0.00001
86.01000,1.98000,0.99996,0.00000,0.00000,0.00004,0.00000
86.21000,1.98000,0.99992,0.00000,0.00000,0.00008,0.00000
86.41000,1.98000,0.99996,0.00000,0.00000,0.00004,0.00000
86.61000,1.98000,0.99993,0.00000,0.00001,0.00007,0.00000
86.81000,1.98000,0.99923,0.00001,0.00003,0.00073,0.00000
87.01000,1.98000,0.94542,0.00079,0.00104,0.05263,0.00012
87.21000,1.98000,0.86792,0.00182,0.00247,0.12767,0.00012
87.41000,1.98000,0.93451,0.00062,0.00121,0.06350,0.00016
87.61000,1.98000,0.96716,0.00063,0.00133,0.03081,0.00007
87.81000,1.98000,0.99672,0.00008,0.00009,0.00306,0.00004
88.01000,1.98000,0.99979,0.00000,0.00002,0.00019,0.00000
88.21000,1.98000,0.99991,0.00000,0.00001,0.00009,0.00000
88.41000,1.98000,0.99996,0.00000,0.00000,0.00004,0.00000
88.61000,1.98000,0.99994,0.00000,0.00000,0.00006,0.00000
88.81000,1.98000,0.99985,0.00000,0.00000,0.00014,0.00000
89.01000,1.98000,0.99981,0.00000,0.00000,0.00019,0.00000
89.21000,1.98000,0.99992,0.00000,0.00000,0.00008,0.00000
89.41000,1.98000,0.99993,0.00000,0.00000,0.00007,0.00000
89.61000,1.98000,0.99967,0.00000,0.00000,0.00033,0.00000
89.81000,1.98000,0.99999,0.00000,0.00000,0.00001,0.00000
90.01000,1.98000,0.99975,0.00000,0.00000,0.00024,0.00000
90.21000,1.98000,0.99972,0.00000,0.00001,0.00026,0.00000
90.41000,1.98000,0.98215,0.00015,0.00015,0.01742,0.00012
90.61000,1.98000,0.90578,0.00056,0.00117,0.09239,0.00010
90.81000,1.98000,0.89063,0.00197,0.00039,0.10676,0.00025
91.01000,1.98000,0.83500,0.00114,0.00080,0.16287,0.00019
91.21000,1.98000,0.99983,0.00000,0.00000,0.00016,0.00000
91.41000,1.98000,0.99952,0.00003,0.00004,0.00040,0.00001
91.61000,1.98000,0.99563,0.00001,0.00091,0.00337,0.00007
91.81000,1.98000,0.98363,0.00002,0.00384,0.01246,0.00005
92.01000,1.98000,0.99497,0.00000,0.00021,0.00476,0.00005
92.21000,1.98000,0.98327,0.00002,0.00058,0.01576,0.00036
92.41000,1.98000,0.99751,0.00001,0.00032,0.00210,0.00006
92.61000,1.98000,0.99942,0.00002,0.00005,0.00048,0.00003
92.81000,1.98000,0.99993,0.00000,0.00001,0.00006,0.00000
93.01000,1.98000,0.99756,0.00001,0.00082,0.00157,0.00005
93.21000,1.98000,0.99790,0.00000,0.00006,0.00203,0.00000
93.41000,1.98000,0.99946,0.00001,0.00002,0.00050,0.00000
93.61000,1.98000,0.99896,0.00001,0.00001,0.00101,0.00000
93.81000,1.98000,0.98058,0.00194,0.00048,0.01688,0.00013
94.01000,1.98000,0.94024,0.00061,0.00045,0.05848,0.00021
94.21000,1.98000,0.89954,0.00147,0.00403,0.09449,0.00047
94.41000,1.98000,0.09485,0.00021,0.02064,0.88413,0.00016
94.61000,1.98000,0.71279,0.00022,0.00475,0.28190,0.00034
94.81000,1.98000,0.67680,0.00012,0.00934,0.31338,0.00036
95.01000,1.98000,0.99772,0.00000,0.00013,0.00213,0.00001
95.21000,1.98000,0.99941,0.00000,0.00011,0.00048,0.00000
95.41000,1.98000,0.99998,0.00000,0.00001,0.00002,0.00000
95.61000,1.98000,0.99989,0.00000,0.00000,0.00010,0.00000
95.81000,1.98000,0.99991,0.00000,0.00000,0.00009,0.00000
96.01000,1.98000,0.99663,0.00009,0.00003,0.00325,0.00001
96.21000,1.98000,0.98795,0.00038,0.00010,0.01156,0.00002
96.41000,1.98000,0.98379,0.00064,0.00004,0.01541,0.00012
96.61000,1.98000,0.99255,0.00165,0.00002,0.00567,0.00011
96.81000,1.98000,0.90950,0.00822,0.00018,0.08124,0.00087
97.01000,1.98000,0.69406,0.00198,0.00374,0.29922,0.00101
97.21000,1.98000,0.85777,0.00345,0.00048,0.13817,0.00013
97.41000,1.98000,0.24789,0.00015,0.00197,0.74980,0.00019
97.61000,1.98000,0.71632,0.00013,0.00031,0.28302,0.00022
97.81000,1.98000,0.99816,0.00000,0.00001,0.00182,0.00000
98.01000,1.98000,0.99960,0.00000,0.00000,0.00039,0.00000
98.21000,1.98000,0.99995,0.00000,0.00000,0.00005,0.00000
98.41000,1.98000,0.99997,0.00000,0.00000,0.00003,0.00000
98.61000,1.98000,1.00000,0.00000,0.00000,0.00000,0.00000
98.81000,1.98000,0.99998,0.00000,0.00000,0.00002,0.00000
99.01000,1.98000,0.99996,0.00001,0.00000,0.00003,0.00000
99.21000,1.98000,0.99276,0.00103,0.00001,0.00594,0.00026
99.41000,1.98000,0.99811,0.00035,0.00001,0.00150,0.00003
99.61000,1.98000,0.99780,0.00053,0.00000,0.00104,0.00063
99.81000,1.98000,0.99911,0.00013,0.00000,0.00052,0.00023
100.01000,1.98000,0.98187,0.00540,0.00004,0.00767,0.00503
100.21000,1.98000,0.74180,0.00082,0.00268,0.24836,0.00635
100.41000,1.98000,0.40891,0.01702,0.00130,0.55861,0.01416
100.61000,1.98000,0.12305,0.00027,0.00656,0.86868,0.00143
100.81000,1.98000,0.78676,0.00037,0.00086,0.21179,0.00022
101.01000,1.98000,0.99627,0.00001,0.00004,0.00366,0.00002
101.21000,1.98000,0.99809,0.00000,0.00002,0.00188,0.00001
101.41000,1.98000,0.99966,0.00000,0.00001,0.00033,0.00000
101.61000,1.98000,0.99999,0.00000,0.00000,0.00001,0.00000
101.81000,1.98000,0.99974,0.00000,0.00000,0.00026,0.00000
102.01000,1.98000,0.99962,0.00001,0.00000,0.00036,0.00001
102.21000,1.98000,0.99805,0.00004,0.00001,0.00189,0.00001
102.41000,1.98000,0.99692,0.00012,0.00002,0.00293,0.00002
102.61000,1.98000,0.99558,0.00026,0.00001,0.00412,0.00003
102.81000,1.98000,0.99991,0.00002,0.00000,0.00006,0.00001
103.01000,1.98000,0.99950,0.00003,0.00000,0.00042,0.00005
103.21000,1.98000,0.99826,0.00005,0.00001,0.00165,0.00003
103.41000,1.98000,0.97764,0.00105,0.00004,0.02072,0.00055
103.61000,1.98000,0.52152,0.00508,0.00064,0.47023,0.00253
103.81000,1.98000,0.27425,0.00064,0.00243,0.72140,0.00128
104.01000,1.98000,0.74282,0.00025,0.00091,0.25552,0.00051
104.21000,1.98000,0.98470,0.00004,0.00010,0.01495,0.00020
104.41000,1.98000,0.99880,0.00000,0.00001,0.00118,0.00001
104.61000,1.98000,0.99941,0.00000,0.00002,0.00057,0.00000
104.81000,1.98000,0.99997,0.00000,0.00000,0.00003,0.00000
105.01000,1.98000,0.99998,0.00000,0.00000,0.00002,0.00000
105.21000,1.98000,0.99999,0.00000,0.00000,0.00001,0.00000
105.41000,1.98000,0.99998,0.00000,0.00000,0.00002,0.00000
105.61000,1.98000,0.99998,0.00000,0.00000,0.00002,0.00000
105.81000,1.98000,0.99998,0.00000,0.00000,0.00002,0.00000
106.01000,1.98000,0.99995,0.00000,0.00000,0.00004,0.00000
106.21000,1.98000,0.99992,0.00001,0.00000,0.00006,0.00001
106.41000,1.98000,0.99983,0.00001,0.00000,0.00016,0.00001
106.61000,1.98000,0.99998,0.00000,0.00000,0.00001,0.00000
106.81000,1.98000,0.99999,0.00000,0.00000,0.00001,0.00000
107.01000,1.98000,0.99995,0.00000,0.00000,0.00004,0.00001
107.21000,1.98000,0.99940,0.00004,0.00000,0.00055,0.00000
107.41000,1.98000,0.99629,0.00011,0.00005,0.00351,0.00005
107.61000,1.98000,0.94300,0.00154,0.00015,0.05521,0.00011
107.81000,1.98000,0.45712,0.00017,0.00417,0.53834,0.00020
108.01000,1.98000,0.76148,0.00024,0.00142,0.23680,0.00006
108.21000,1.98000,0.98136,0.00003,0.00016,0.01844,0.00001
108.41000,1.98000,0.99887,0.00000,0.00002,0.00111,0.00000
108.61000,1.98000,0.99938,0.00000,0.00002,0.00059,0.00000
108.81000,1.98000,0.99992,0.00000,0.00002,0.00006,0.00000
109.01000,1.98000,0.99998,0.00000,0.00000,0.00002,0.00000
109.21000,1.98000,0.99999,0.00000,0.00000,0.00001,0.00000
109.41000,1.98000,0.99994,0.00000,0.00000,0.00005,0.00000
109.61000,1.98000,0.99977,0.00000,0.00001,0.00021,0.00001
109.81000,1.98000,0.99924,0.00000,0.00003,0.00068,0.00004
110.01000,1.98000,0.99786,0.00001,0.00010,0.00177,0.00027
110.21000,1.98000,0.99674,0.00001,0.00006,0.00307,0.00012
110.41000,1.98000,0.99913,0.00001,0.00002,0.00076,0.00008
110.61000,1.98000,0.99970,0.00000,0.00001,0.00029,0.00001
110.81000,1.98000,0.99964,0.00000,0.00001,0.00035,0.00000
111.01000,1.98000,0.99983,0.00000,0.00000,0.00017,0.00000
111.21000,1.98000,0.99989,0.00000,0.00000,0.00011,0.00000
111.41000,1.98000,0.99911,0.00000,0.00001,0.00088,0.00000
111.61000,1.98000,0.99815,0.00001,0.00001,0.00183,0.00000
111.81000,1.98000,0.94343,0.00015,0.00012,0.05620,0.00010
112.01000,1.98000,0.69671,0.00025,0.00058,0.30231,0.00015
112.21000,1.98000,0.65041,0.00026,0.00242,0.34662,0.00029
112.41000,1.98000,0.35340,0.00040,0.00227,0.64249,0.00145
112.61000,1.98000,0.99273,0.00001,0.00005,0.00719,0.00002
112.81000,1.98000,0.99901,0.00000,0.00003,0.00096,0.00000
113.01000,1.98000,0.99982,0.00000,0.00001,0.00017,0.00000
113.21000,1.98000,0.99999,0.00000,0.00000,0.00001,0.00000
113.41000,1.98000,0.99999,0.00000,0.00000,0.00001,0.00000
113.61000,1.98000,0.99999,0.00000,0.00000,0.00001,0.00000
113.81000,1.98000,0.99999,0.00000,0.00000,0.00001,0.00000
114.01000,1.98000,1.00000,0.00000,0.00000,0.00000,0.00000
114.21000,1.98000,0.99998,0.00000,0.00000,0.00002,0.00001
114.41000,1.98000,0.99968,0.00000,0.00000,0.00022,0.00010
114.61000,1.98000,0.99770,0.00002,0.00000,0.00197,0.00031
114.81000,1.98000,0.99990,0.00000,0.00000,0.00007,0.00002
115.01000,1.98000,0.99971,0.00000,0.00000,0.00024,0.00004
115.21000,1.98000,0.99989,0.00000,0.00000,0.00009,0.00002
115.41000,1.98000,0.99993,0.00000,0.00000,0.00006,0.00001
115.61000,1.98000,0.99991,0.00000,0.00000,0.00009,0.00000
115.81000,1.98000,0.99997,0.00000,0.00000,0.00003,0.00000
116.01000,1.98000,0.99997,0.00000,0.00000,0.00003,0.00000
116.21000,1.98000,0.99999,0.00000,0.00000,0.00001,0.00000
116.41000,1.98000,1.00000,0.00000,0.00000,0.00000,0.00000
116.61000,1.98000,0.99993,0.00000,0.00000,0.00007,0.00000
116.81000,1.98000,0.99970,0.00000,0.00000,0.00029,0.00001
117.01000,1.98000,0.99446,0.00003,0.00001,0.00545,0.00004
117.21000,1.98000,0.80190,0.00021,0.00023,0.19738,0.00029
117.41000,1.98000,0.49284,0.00060,0.00061,0.50562,0.00033
117.61000,1.98000,0.39247,0.00067,0.00064,0.60595,0.00027
117.81000,1.98000,0.88352,0.00023,0.00016,0.11604,0.00005
118.01000,1.98000,0.98811,0.00002,0.00002,0.01185,0.00000
118.21000,1.98000,0.99703,0.00000,0.00003,0.00294,0.00000
118.41000,1.98000,0.99957,0.00000,0.00000,0.00043,0.00000
118.61000,1.98000,0.99957,0.00000,0.00000,0.00042,0.00000
118.81000,1.98000,0.99987,0.00000,0.00000,0.00013,0.00000
119.01000,1.98000,0.99880,0.00000,0.00000,0.00120,0.00000
119.21000,1.98000,0.99979,0.00000,0.00000,0.00021,0.00000
119.41000,1.98000,0.99909,0.00001,0.00000,0.00089,0.00000
119.61000,1.98000,0.99986,0.00000,0.00000,0.00013,0.00000
119.81000,1.98000,0.99971,0.00001,0.00000,0.00028,0.00001
120.01000,1.98000,0.99998,0.00000,0.00000,0.00001,0.00000
120.21000,1.98000,0.99977,0.00000,0.00000,0.00018,0.00005
120.41000,1.98000,0.99995,0.00000,0.00000,0.00002,0.00002
120.61000,1.98000,0.99989,0.00000,0.00000,0.00004,0.00007
120.81000,1.98000,0.99994,0.00000,0.00000,0.00002,0.00004
121.01000,1.98000,0.99986,0.00000,0.00000,0.00006,0.00008
121.21000,1.98000,0.99991,0.00000,0.00000,0.00003,0.00006
