Time (seconds), Duration (seconds),pred_(unlabeled),pred_On,pred_Off,pred_Dimmer,pred_Lighter
0.01000,1.98000,0.99991,0.00000,0.00009,0.00000,0.00001
0.21000,1.98000,0.99982,0.00000,0.00014,0.00000,0.00003
0.41000,1.98000,0.99988,0.00000,0.00012,0.00000,0.00000
0.61000,1.98000,0.99996,0.00000,0.00004,0.00000,0.00000
0.81000,1.98000,0.99997,0.00000,0.00002,0.00001,0.00000
1.01000,1.98000,0.99995,0.00000,0.00002,0.00002,0.00001
1.21000,1.98000,0.99998,0.00000,0.00000,0.00001,0.00001
1.41000,1.98000,0.99982,0.00000,0.00001,0.00014,0.00003
1.61000,1.98000,0.99934,0.00000,0.00002,0.00047,0.00017
1.81000,1.98000,0.99811,0.00000,0.00008,0.00074,0.00107
2.01000,1.98000,0.99483,0.00000,0.00006,0.00359,0.00152
2.21000,1.98000,0.99983,0.00000,0.00004,0.00005,0.00008
2.41000,1.98000,0.99986,0.00000,0.00008,0.00000,0.00006
2.61000,1.98000,0.99922,0.00000,0.00063,0.00000,0.00014
2.81000,1.98000,0.99996,0.00001,0.00001,0.00000,0.00003
3.01000,1.98000,0.99997,0.00000,0.00001,0.00000,0.00003
3.21000,1.98000,0.99988,0.00000,0.00000,0.00000,0.00012
3.41000,1.98000,0.99985,0.00000,0.00000,0.00000,0.00015
3.61000,1.98000,0.99998,0.00000,0.00000,0.00000,0.00002
3.81000,1.98000,0.99999,0.00000,0.00000,0.00000,0.00001
4.01000,1.98000,0.99997,0.00000,0.00000,0.00000,0.00003
4.21000,1.98000,0.99998,0.00000,0.00000,0.00000,0.00002
4.41000,1.98000,0.99869,0.00000,0.00000,0.00004,0.00128
4.61000,1.98000,0.99604,0.00000,0.00000,0.00015,0.00381
4.81000,1.98000,0.99610,0.00000,0.00000,0.00046,0.00344
5.01000,1.98000,0.99700,0.00000,0.00000,0.00086,0.00215
5.21000,1.98000,0.99897,0.00000,0.00000,0.00044,0.00059
5.41000,1.98000,0.99989,0.00000,0.00000,0.00008,0.00003
5.61000,1.98000,0.99999,0.00000,0.00000,0.00001,0.00000
5.81000,1.98000,0.99996,0.00000,0.00000,0.00004,0.00000
6.01000,1.98000,1.00000,0.00000,0.00000,0.00000,0.00000
6.21000,1.98000,0.99999,0.00000,0.00000,0.00001,0.00000
6.41000,1.98000,1.00000,0.00000,0.00000,0.00000,0.00000
6.61000,1.98000,1.00000,0.00000,0.00000,0.00000,0.00000
6.81000,1.98000,1.00000,0.00000,0.00000,0.00000,0.00000
7.01000,1.98000,0.99999,0.00000,0.00000,0.00001,0.00000
7.21000,1.98000,0.99979,0.00000,0.00000,0.00021,0.00000
7.41000,1.98000,0.99903,0.00000,0.00000,0.00096,0.00001
7.61000,1.98000,0.99893,0.00000,0.00000,0.00103,0.00003
7.81000,1.98000,0.99534,0.00000,0.00000,0.00447,0.00020
8.01000,1.98000,0.99522,0.00000,0.00000,0.00437,0.00042
8.21000,1.98000,0.99203,0.00000,0.00000,0.00721,0.00076
8.41000,1.98000,0.99276,0.00000,0.00000,0.00643,0.00081
8.61000,1.98000,0.99993,0.00000,0.00000,0.00003,0.00005
8.81000,1.98000,0.99998,0.00000,0.00000,0.00000,0.00001
9.01000,1.98000,0.99918,0.00067,0.00000,0.00013,0.00002
9.21000,1.98000,0.98598,0.00940,0.00000,0.00425,0.00038
9.41000,1.98000,0.97939,0.01999,0.00000,0.00051,0.00010
9.61000,1.98000,0.64516,0.33547,0.00014,0.01487,0.00436
9.81000,1.98000,0.55237,0.41263,0.00037,0.02956,0.00507
10.01000,1.98000,0.52414,0.41376,0.00082,0.05027,0.01100
10.21000,1.98000,0.55892,0.35858,0.00244,0.05793,0.02213
10.41000,1.98000,0.97720,0.01603,0.00109,0.00366,0.00201
10.61000,1.98000,0.99277,0.00509,0.00109,0.00071,0.00034
10.81000,1.98000,0.99791,0.00021,0.00146,0.00028,0.00014
11.01000,1.98000,0.99778,0.00001,0.00197,0.00001,0.00022
11.21000,1.98000,0.99800,0.00000,0.00166,0.00001,0.00034
11.41000,1.98000,0.99990,0.00000,0.00002,0.00000,0.00007
11.61000,1.98000,0.99823,0.00000,0.00005,0.00007,0.00165
11.81000,1.98000,0.99918,0.00000,0.00002,0.00003,0.00078
12.01000,1.98000,0.99733,0.00000,0.00002,0.00004,0.00261
12.21000,1.98000,0.99984,0.00000,0.00000,0.00000,0.00016
12.41000,1.98000,0.99995,0.00000,0.00000,0.00000,0.00004
12.61000,1.98000,0.99983,0.00000,0.00002,0.00000,0.00015
12.81000,1.98000,0.99995,0.00000,0.00001,0.00000,0.00004
13.01000,1.98000,0.99923,0.00000,0.00001,0.00000,0.00076
13.21000,1.98000,0.99995,0.00000,0.00000,0.00000,0.00005
13.41000,1.98000,0.99978,0.00000,0.00016,0.00000,0.00006
13.61000,1.98000,0.98978,0.00004,0.00962,0.00000,0.00056
13.81000,1.98000,0.91453,0.00044,0.07542,0.00005,0.00955
14.01000,1.98000,0.90844,0.00023,0.08482,0.00004,0.00647
14.21000,1.98000,0.81693,0.00020,0.17196,0.00016,0.01075
14.41000,1.98000,0.81315,0.00008,0.17806,0.00008,0.00863
14.61000,1.98000,0.83096,0.00011,0.16468,0.00008,0.00417
14.81000,1.98000,0.85292,0.00025,0.14002,0.00016,0.00665
15.01000,1.98000,0.93059,0.00003,0.06921,0.00000,0.00017
15.21000,1.98000,0.95212,0.00000,0.04786,0.00000,0.00001
15.41000,1.98000,0.99910,0.00000,0.00076,0.00000,0.00013
15.61000,1.98000,0.99975,0.00000,0.00013,0.00000,0.00012
15.81000,1.98000,0.99978,0.00000,0.00012,0.00000,0.00009
16.01000,1.98000,0.99956,0.00000,0.00022,0.00000,0.00022
16.21000,1.98000,0.99966,0.00000,0.00018,0.00000,0.00016
16.41000,1.98000,0.99991,0.00000,0.00003,0.00000,0.00006
16.61000,1.98000,0.99978,0.00000,0.00005,0.00000,0.00017
16.81000,1.98000,0.99993,0.00000,0.00003,0.00000,0.00003
17.01000,1.98000,0.99978,0.00000,0.00002,0.00000,0.00019
17.21000,1.98000,0.99977,0.00000,0.00000,0.00000,0.00023
17.41000,1.98000,0.99997,0.00000,0.00000,0.00000,0.00002
17.61000,1.98000,0.99999,0.00000,0.00000,0.00000,0.00000
17.81000,1.98000,0.99999,0.00000,0.00000,0.00000,0.00001
18.01000,1.98000,0.99999,0.00000,0.00000,0.00000,0.00001
18.21000,1.98000,1.00000,0.00000,0.00000,0.00000,0.00000
18.41000,1.98000,0.99999,0.00000,0.00000,0.00000,0.00001
18.61000,1.98000,0.99996,0.00000,0.00001,0.00000,0.00003
18.81000,1.98000,0.99967,0.00000,0.00005,0.00000,0.00028
19.01000,1.98000,0.99972,0.00000,0.00010,0.00000,0.00019
19.21000,1.98000,0.99989,0.00000,0.00004,0.00000,0.00008
19.41000,1.98000,0.99986,0.00000,0.00005,0.00000,0.00009
19.61000,1.98000,0.99913,0.00000,0.00004,0.00016,0.00066
19.81000,1.98000,0.99440,0.00000,0.00003,0.00458,0.00098
20.01000,1.98000,0.96103,0.00000,0.00025,0.03452,0.00420
20.21000,1.98000,0.92003,0.00001,0.00024,0.07535,0.00436
20.41000,1.98000,0.92219,0.00020,0.00007,0.07523,0.00230
20.61000,1.98000,0.95310,0.00092,0.00002,0.04551,0.00046
20.81000,1.98000,0.98063,0.00032,0.00000,0.01897,0.00007
21.01000,1.98000,0.99425,0.00023,0.00000,0.00550,0.00001
21.21000,1.98000,0.99987,0.00000,0.00000,0.00012,0.00000
21.41000,1.98000,0.99999,0.00000,0.00000,0.00000,0.00000
21.61000,1.98000,0.99999,0.00001,0.00000,0.00000,0.00000
21.81000,1.98000,1.00000,0.00000,0.00000,0.00000,0.00000
22.01000,1.98000,1.00000,0.00000,0.00000,0.00000,0.00000
22.21000,1.98000,0.99999,0.00000,0.00000,0.00000,0.00000
22.41000,1.98000,0.99994,0.00003,0.00000,0.00000,0.00003
22.61000,1.98000,0.99997,0.00001,0.00000,0.00000,0.00002
22.81000,1.98000,0.99973,0.00023,0.00000,0.00001,0.00003
23.01000,1.98000,0.99937,0.00049,0.00000,0.00004,0.00011
23.21000,1.98000,0.99907,0.00091,0.00000,0.00001,0.00001
23.41000,1.98000,0.99908,0.00074,0.00000,0.00011,0.00007
23.61000,1.98000,0.99779,0.00083,0.00000,0.00082,0.00056
23.81000,1.98000,0.98612,0.00034,0.00000,0.00145,0.01209
24.01000,1.98000,0.95589,0.00911,0.00001,0.00735,0.02764
24.21000,1.98000,0.92579,0.00152,0.00001,0.00160,0.07107
24.41000,1.98000,0.93433,0.00114,0.00001,0.00046,0.06406
24.61000,1.98000,0.94184,0.00062,0.00001,0.00021,0.05731
24.81000,1.98000,0.93748,0.00050,0.00001,0.00009,0.06191
25.01000,1.98000,0.94607,0.00025,0.00001,0.00005,0.05361
25.21000,1.98000,0.94886,0.00007,0.00004,0.00007,0.05096
25.41000,1.98000,0.93082,0.00007,0.00031,0.00022,0.06858
25.61000,1.98000,0.97990,0.00015,0.00010,0.00018,0.01966
25.81000,1.98000,0.99903,0.00000,0.00000,0.00002,0.00094
26.01000,1.98000,0.99955,0.00000,0.00000,0.00002,0.00043
26.21000,1.98000,0.99962,0.00000,0.00000,0.00005,0.00033
26.41000,1.98000,0.99984,0.00000,0.00000,0.00004,0.00013
26.61000,1.98000,0.99890,0.00000,0.00002,0.00021,0.00087
26.81000,1.98000,0.99997,0.00000,0.00002,0.00000,0.00001
27.01000,1.98000,0.99917,0.00000,0.00048,0.00005,0.00030
27.21000,1.98000,0.99988,0.00000,0.00010,0.00000,0.00002
27.41000,1.98000,0.99996,0.00000,0.00001,0.00001,0.00001
27.61000,1.98000,0.99934,0.00000,0.00010,0.00043,0.00013
27.81000,1.98000,0.99938,0.00000,0.00017,0.00033,0.00012
28.01000,1.98000,0.99926,0.00000,0.00028,0.00013,0.00033
28.21000,1.98000,0.99735,0.00001,0.00075,0.00071,0.00118
28.41000,1.98000,0.99868,0.00003,0.00011,0.00055,0.00063
28.61000,1.98000,0.99732,0.00033,0.00007,0.00159,0.00070
28.81000,1.98000,0.91786,0.00428,0.00004,0.07088,0.00694
29.01000,1.98000,0.99221,0.00027,0.00000,0.00673,0.00079
29.21000,1.98000,0.99391,0.00456,0.00000,0.00086,0.00066
29.41000,1.98000,0.93677,0.06310,0.00000,0.00007,0.00006
29.61000,1.98000,0.84626,0.15371,0.00000,0.00001,0.00002
29.81000,1.98000,0.65466,0.34529,0.00000,0.00003,0.00003
30.01000,1.98000,0.28287,0.71548,0.00000,0.00136,0.00028
30.21000,1.98000,0.38388,0.61332,0.00000,0.00243,0.00037
30.41000,1.98000,0.55280,0.44237,0.00000,0.00420,0.00062
30.61000,1.98000,0.72880,0.26707,0.00000,0.00374,0.00039
30.81000,1.98000,0.99512,0.00479,0.00000,0.00008,0.00000
31.01000,1.98000,0.99979,0.00015,0.00000,0.00006,0.00000
31.21000,1.98000,0.99991,0.00000,0.00000,0.00008,0.00000
31.41000,1.98000,0.99999,0.00000,0.00000,0.00001,0.00000
31.61000,1.98000,1.00000,0.00000,0.00000,0.00000,0.00000
31.81000,1.98000,1.00000,0.00000,0.00000,0.00000,0.00000
32.01000,1.98000,0.99999,0.00000,0.00000,0.00001,0.00000
32.21000,1.98000,0.99996,0.00000,0.00000,0.00004,0.00000
32.41000,1.98000,0.99980,0.00000,0.00000,0.00020,0.00000
32.61000,1.98000,0.99991,0.00000,0.00000,0.00009,0.00000
32.81000,1.98000,0.99994,0.00001,0.00000,0.00005,0.00000
33.01000,1.98000,0.99998,0.00001,0.00000,0.00001,0.00000
33.21000,1.98000,0.99997,0.00001,0.00000,0.00000,0.00001
33.41000,1.98000,0.99991,0.00008,0.00000,0.00000,0.00001
33.61000,1.98000,0.99945,0.00045,0.00000,0.00001,0.00008
33.81000,1.98000,0.99802,0.00078,0.00000,0.00016,0.00103
34.01000,1.98000,0.99967,0.00028,0.00000,0.00001,0.00004
34.21000,1.98000,0.99988,0.00001,0.00002,0.00000,0.00008
34.41000,1.98000,0.99842,0.00003,0.00154,0.00000,0.00000
34.61000,1.98000,0.96600,0.00210,0.03187,0.00000,0.00002
34.81000,1.98000,0.92701,0.01030,0.06263,0.00001,0.00004
35.01000,1.98000,0.97317,0.00127,0.02555,0.00000,0.00000
35.21000,1.98000,0.98471,0.00712,0.00817,0.00000,0.00000
35.41000,1.98000,0.99848,0.00031,0.00120,0.00000,0.00000
35.61000,1.98000,0.99964,0.00005,0.00032,0.00000,0.00000
35.81000,1.98000,0.99908,0.00002,0.00091,0.00000,0.00000
36.01000,1.98000,0.99983,0.00010,0.00006,0.00000,0.00000
36.21000,1.98000,0.99992,0.00008,0.00001,0.00000,0.00000
36.41000,1.98000,0.99986,0.00014,0.00000,0.00000,0.00000
36.61000,1.98000,0.99997,0.00002,0.00000,0.00000,0.00000
36.81000,1.98000,0.99997,0.00003,0.00000,0.00000,0.00000
37.01000,1.98000,0.99997,0.00003,0.00000,0.00000,0.00000
37.21000,1.98000,0.99999,0.00000,0.00000,0.00000,0.00000
37.41000,1.98000,0.99999,0.00000,0.00000,0.00000,0.00000
37.61000,1.98000,0.99966,0.00027,0.00000,0.00000,0.00007
37.81000,1.98000,0.99996,0.00004,0.00000,0.00000,0.00000
38.01000,1.98000,0.99718,0.00280,0.00000,0.00000,0.00002
38.21000,1.98000,0.99873,0.00080,0.00000,0.00001,0.00046
38.41000,1.98000,0.99634,0.00184,0.00001,0.00046,0.00136
38.61000,1.98000,0.97917,0.00215,0.00004,0.00399,0.01465
38.81000,1.98000,0.92763,0.00059,0.00036,0.00825,0.06317
39.01000,1.98000,0.95282,0.00029,0.00038,0.01202,0.03450
39.21000,1.98000,0.95236,0.00063,0.00018,0.01582,0.03102
39.41000,1.98000,0.97631,0.00025,0.00004,0.01003,0.01337
39.61000,1.98000,0.98014,0.00003,0.00015,0.00423,0.01545
39.81000,1.98000,0.97935,0.00001,0.00005,0.00697,0.01362
40.01000,1.98000,0.99319,0.00000,0.00015,0.00189,0.00477
40.21000,1.98000,0.99915,0.00000,0.00010,0.00002,0.00073
40.41000,1.98000,0.99994,0.00000,0.00002,0.00000,0.00004
40.61000,1.98000,0.99997,0.00000,0.00001,0.00000,0.00002
40.81000,1.98000,0.99999,0.00000,0.00000,0.00000,0.00000
41.01000,1.98000,0.99998,0.00000,0.00001,0.00000,0.00001
41.21000,1.98000,0.99998,0.00000,0.00001,0.00000,0.00000
41.41000,1.98000,0.99989,0.00000,0.00010,0.00000,0.00001
41.61000,1.98000,0.99977,0.00000,0.00020,0.00000,0.00003
41.81000,1.98000,0.99966,0.00000,0.00024,0.00000,0.00010
42.01000,1.98000,0.99963,0.00000,0.00011,0.00000,0.00027
42.21000,1.98000,0.99948,0.00000,0.00001,0.00000,0.00051
42.41000,1.98000,0.99741,0.00000,0.00002,0.00000,0.00257
42.61000,1.98000,0.99977,0.00000,0.00000,0.00000,0.00022
42.81000,1.98000,0.99966,0.00000,0.00000,0.00000,0.00034
43.01000,1.98000,0.99832,0.00001,0.00000,0.00002,0.00165
43.21000,1.98000,0.99919,0.00000,0.00000,0.00001,0.00080
43.41000,1.98000,0.99994,0.00000,0.00000,0.00000,0.00005
43.61000,1.98000,0.99434,0.00003,0.00000,0.00020,0.00543
43.81000,1.98000,0.96906,0.00019,0.00000,0.00132,0.02943
44.01000,1.98000,0.84849,0.00144,0.00001,0.00637,0.14370
44.21000,1.98000,0.74918,0.00254,0.00001,0.00924,0.23904
44.41000,1.98000,0.59584,0.00085,0.00003,0.00237,0.40091
44.61000,1.98000,0.64535,0.00038,0.00005,0.00135,0.35286
44.81000,1.98000,0.84424,0.00012,0.00001,0.00036,0.15528
45.01000,1.98000,0.98607,0.00005,0.00000,0.00001,0.01387
45.21000,1.98000,0.99857,0.00016,0.00000,0.00000,0.00127
45.41000,1.98000,0.97593,0.00549,0.00010,0.00008,0.01841
45.61000,1.98000,0.98991,0.00349,0.00017,0.00000,0.00643
45.81000,1.98000,0.99650,0.00245,0.00007,0.00000,0.00099
46.01000,1.98000,0.99806,0.00171,0.00001,0.00000,0.00022
46.21000,1.98000,0.97943,0.02043,0.00000,0.00001,0.00013
46.41000,1.98000,0.98092,0.01905,0.00000,0.00001,0.00002
46.61000,1.98000,0.99662,0.00336,0.00000,0.00001,0.00001
46.81000,1.98000,0.99776,0.00223,0.00000,0.00001,0.00001
47.01000,1.98000,0.99955,0.00031,0.00000,0.00012,0.00002
47.21000,1.98000,0.99988,0.00000,0.00000,0.00007,0.00004
47.41000,1.98000,0.99947,0.00000,0.00000,0.00043,0.00010
47.61000,1.98000,0.99938,0.00000,0.00000,0.00049,0.00013
47.81000,1.98000,0.98051,0.00001,0.00000,0.01894,0.00055
48.01000,1.98000,0.96291,0.00000,0.00000,0.03640,0.00069
48.21000,1.98000,0.96741,0.00000,0.00000,0.03178,0.00081
48.41000,1.98000,0.98726,0.00000,0.00000,0.01206,0.00068
48.61000,1.98000,0.99805,0.00000,0.00000,0.00180,0.00015
48.81000,1.98000,0.99996,0.00000,0.00000,0.00002,0.00002
49.01000,1.98000,0.99998,0.00000,0.00000,0.00000,0.00002
49.21000,1.98000,0.99983,0.00016,0.00000,0.00001,0.00000
49.41000,1.98000,0.98645,0.01330,0.00000,0.00023,0.00002
49.61000,1.98000,0.96668,0.03297,0.00000,0.00029,0.00005
49.81000,1.98000,0.86091,0.13668,0.00005,0.00203,0.00034
50.01000,1.98000,0.84236,0.15191,0.00020,0.00436,0.00117
50.21000,1.98000,0.75324,0.22892,0.00089,0.01310,0.00385
50.41000,1.98000,0.82632,0.15349,0.00198,0.01345,0.00476
50.61000,1.98000,0.98849,0.00860,0.00154,0.00100,0.00037
50.81000,1.98000,0.99928,0.00013,0.00022,0.00033,0.00004
51.01000,1.98000,0.99982,0.00001,0.00003,0.00013,0.00001
51.21000,1.98000,1.00000,0.00000,0.00000,0.00000,0.00000
51.41000,1.98000,1.00000,0.00000,0.00000,0.00000,0.00000
51.61000,1.98000,1.00000,0.00000,0.00000,0.00000,0.00000
51.81000,1.98000,1.00000,0.00000,0.00000,0.00000,0.00000
52.01000,1.98000,1.00000,0.00000,0.00000,0.00000,0.00000
52.21000,1.98000,1.00000,0.00000,0.00000,0.00000,0.00000
52.41000,1.98000,1.00000,0.00000,0.00000,0.00000,0.00000
52.61000,1.98000,1.00000,0.00000,0.00000,0.00000,0.00000
52.81000,1.98000,1.00000,0.00000,0.00000,0.00000,0.00000
53.01000,1.98000,1.00000,0.00000,0.00000,0.00000,0.00000
53.21000,1.98000,1.00000,0.00000,0.00000,0.00000,0.00000
53.41000,1.98000,1.00000,0.00000,0.00000,0.00000,0.00000
53.61000,1.98000,0.99684,0.00000,0.00000,0.00276,0.00040
53.81000,1.98000,0.98899,0.00002,0.00000,0.00913,0.00187
54.01000,1.98000,0.99664,0.00006,0.00000,0.00192,0.00138
54.21000,1.98000,0.98619,0.00044,0.00000,0.00480,0.00857
54.41000,1.98000,0.97734,0.00500,0.00000,0.00736,0.01029
54.61000,1.98000,0.98909,0.00341,0.00457,0.00073,0.00219
54.81000,1.98000,0.94934,0.00493,0.04103,0.00173,0.00297
55.01000,1.98000,0.88792,0.00517,0.08862,0.01061,0.00768
55.21000,1.98000,0.78898,0.00589,0.19599,0.00558,0.00356
55.41000,1.98000,0.78168,0.01581,0.19198,0.00683,0.00370
55.61000,1.98000,0.89855,0.01686,0.07965,0.00272,0.00221
55.81000,1.98000,0.94334,0.01634,0.03785,0.00151,0.00096
56.01000,1.98000,0.94157,0.01381,0.04384,0.00041,0.00037
56.21000,1.98000,0.93589,0.00856,0.05516,0.00022,0.00016
56.41000,1.98000,0.96324,0.02743,0.00865,0.00009,0.00059
56.61000,1.98000,0.99630,0.00010,0.00004,0.00003,0.00353
56.81000,1.98000,0.99194,0.00004,0.00005,0.00003,0.00793
57.01000,1.98000,0.99711,0.00001,0.00006,0.00000,0.00282
57.21000,1.98000,0.99974,0.00000,0.00001,0.00000,0.00025
57.41000,1.98000,0.99996,0.00000,0.00000,0.00000,0.00004
57.61000,1.98000,0.99989,0.00000,0.00001,0.00000,0.00010
57.81000,1.98000,0.99982,0.00000,0.00004,0.00000,0.00015
58.01000,1.98000,0.99908,0.00000,0.00014,0.00000,0.00077
58.21000,1.98000,0.99995,0.00000,0.00002,0.00000,0.00003
58.41000,1.98000,0.99991,0.00000,0.00002,0.00000,0.00007
58.61000,1.98000,0.99992,0.00000,0.00000,0.00000,0.00008
58.81000,1.98000,1.00000,0.00000,0.00000,0.00000,0.00000
59.01000,1.98000,0.99980,0.00000,0.00000,0.00000,0.00019
59.21000,1.98000,0.99560,0.00002,0.00001,0.00002,0.00435
59.41000,1.98000,0.97218,0.00041,0.00015,0.00130,0.02596
59.61000,1.98000,0.94077,0.00153,0.00015,0.00277,0.05477
59.81000,1.98000,0.95956,0.00207,0.00003,0.00202,0.03631
60.01000,1.98000,0.97835,0.00040,0.00003,0.00029,0.02092
60.21000,1.98000,0.97364,0.00064,0.00003,0.00046,0.02524
60.41000,1.98000,0.97270,0.00003,0.00009,0.00040,0.02678
60.61000,1.98000,0.89769,0.00001,0.00064,0.00166,0.09999
60.81000,1.98000,0.94420,0.00000,0.00098,0.00047,0.05435
61.01000,1.98000,0.99732,0.00000,0.00086,0.00000,0.00182
61.21000,1.98000,0.99992,0.00000,0.00004,0.00000,0.00004
61.41000,1.98000,0.99999,0.00000,0.00001,0.00000,0.00001
61.61000,1.98000,0.99997,0.00000,0.00001,0.00000,0.00002
61.81000,1.98000,0.99998,0.00000,0.00001,0.00000,0.00002
62.01000,1.98000,0.99998,0.00000,0.00000,0.00000,0.00002
62.21000,1.98000,0.99996,0.00000,0.00000,0.00000,0.00004
62.41000,1.98000,0.99979,0.00000,0.00000,0.00000,0.00021
62.61000,1.98000,0.99991,0.00000,0.00000,0.00000,0.00009
62.81000,1.98000,0.99994,0.00000,0.00000,0.00000,0.00006
63.01000,1.98000,0.99997,0.00000,0.00000,0.00000,0.00003
63.21000,1.98000,0.99980,0.00000,0.00000,0.00003,0.00017
63.41000,1.98000,0.99656,0.00000,0.00000,0.00064,0.00280
63.61000,1.98000,0.96164,0.00000,0.00000,0.00152,0.03685
63.81000,1.98000,0.86484,0.00001,0.00000,0.00220,0.13294
64.01000,1.98000,0.68616,0.00001,0.00001,0.00106,0.31277
64.21000,1.98000,0.83694,0.00006,0.00001,0.00153,0.16146
64.41000,1.98000,0.91520,0.00010,0.00001,0.00088,0.08381
64.61000,1.98000,0.96824,0.00003,0.00000,0.00037,0.03135
64.81000,1.98000,0.98708,0.00002,0.00000,0.00026,0.01264
65.01000,1.98000,0.98022,0.00002,0.00005,0.00071,0.01900
65.21000,1.98000,0.99388,0.00000,0.00002,0.00052,0.00559
65.41000,1.98000,0.99208,0.00005,0.00032,0.00476,0.00279
65.61000,1.98000,0.99643,0.00025,0.00001,0.00286,0.00045
65.81000,1.98000,0.97540,0.00069,0.00002,0.02248,0.00141
66.01000,1.98000,0.94938,0.00044,0.00003,0.04821,0.00194
66.21000,1.98000,0.97999,0.00013,0.00003,0.01903,0.00082
66.41000,1.98000,0.99908,0.00001,0.00000,0.00081,0.00009
66.61000,1.98000,0.99980,0.00000,0.00000,0.00018,0.00001
66.81000,1.98000,0.99950,0.00000,0.00000,0.00049,0.00001
67.01000,1.98000,0.99983,0.00000,0.00000,0.00017,0.00000
67.21000,1.98000,0.99986,0.00000,0.00000,0.00014,0.00000
67.41000,1.98000,0.99996,0.00000,0.00000,0.00004,0.00000
67.61000,1.98000,0.99985,0.00000,0.00000,0.00015,0.00000
67.81000,1.98000,0.99989,0.00000,0.00000,0.00011,0.00000
68.01000,1.98000,0.99994,0.00000,0.00000,0.00006,0.00000
68.21000,1.98000,0.99996,0.00000,0.00000,0.00004,0.00000
68.41000,1.98000,0.99993,0.00000,0.00000,0.00006,0.00000
68.61000,1.98000,0.99968,0.00011,0.00000,0.00021,0.00000
68.81000,1.98000,0.99438,0.00480,0.00000,0.00082,0.00001
69.01000,1.98000,0.90897,0.08447,0.00000,0.00629,0.00026
69.21000,1.98000,0.66509,0.29995,0.00003,0.03364,0.00128
69.41000,1.98000,0.65816,0.28567,0.00007,0.05374,0.00236
69.61000,1.98000,0.65435,0.27982,0.00015,0.06195,0.00373
69.81000,1.98000,0.85703,0.10903,0.00025,0.03080,0.00289
70.01000,1.98000,0.99906,0.00038,0.00000,0.00054,0.00001
70.21000,1.98000,0.99979,0.00001,0.00000,0.00020,0.00000
70.41000,1.98000,0.99982,0.00000,0.00000,0.00017,0.00000
70.61000,1.98000,0.99999,0.00000,0.00000,0.00001,0.00000
70.81000,1.98000,1.00000,0.00000,0.00000,0.00000,0.00000
71.01000,1.98000,1.00000,0.00000,0.00000,0.00000,0.00000
71.21000,1.98000,1.00000,0.00000,0.00000,0.00000,0.00000
71.41000,1.98000,0.99999,0.00000,0.00000,0.00001,0.00000
71.61000,1.98000,0.99999,0.00000,0.00000,0.00001,0.00000
71.81000,1.98000,0.99988,0.00000,0.00000,0.00011,0.00001
72.01000,1.98000,0.99933,0.00000,0.00000,0.00036,0.00031
72.21000,1.98000,0.99819,0.00000,0.00000,0.00031,0.00151
72.41000,1.98000,0.99330,0.00000,0.00000,0.00012,0.00658
72.61000,1.98000,0.96255,0.00000,0.00004,0.00007,0.03733
72.81000,1.98000,0.99169,0.00000,0.00002,0.00000,0.00829
73.01000,1.98000,0.99869,0.00000,0.00002,0.00000,0.00130
73.21000,1.98000,0.99979,0.00000,0.00001,0.00000,0.00020
73.41000,1.98000,0.99960,0.00000,0.00010,0.00000,0.00030
73.61000,1.98000,0.99966,0.00000,0.00009,0.00000,0.00025
73.81000,1.98000,0.98698,0.00000,0.01293,0.00000,0.00009
74.01000,1.98000,0.94750,0.00000,0.05105,0.00004,0.00141
74.21000,1.98000,0.93947,0.00002,0.05821,0.00024,0.00207
74.41000,1.98000,0.95518,0.00013,0.04349,0.00028,0.00093
74.61000,1.98000,0.99513,0.00048,0.00388,0.00024,0.00027
74.81000,1.98000,0.99659,0.00070,0.00242,0.00020,0.00008
75.01000,1.98000,0.98180,0.00066,0.01703,0.00037,0.00014
75.21000,1.98000,0.98980,0.00051,0.00950,0.00008,0.00010
75.41000,1.98000,0.99864,0.00009,0.00119,0.00005,0.00004
75.61000,1.98000,0.99998,0.00000,0.00000,0.00000,0.00002
75.81000,1.98000,0.99983,0.00000,0.00000,0.00002,0.00016
76.01000,1.98000,0.99978,0.00000,0.00000,0.00004,0.00019
76.21000,1.98000,0.99997,0.00000,0.00000,0.00000,0.00002
76.41000,1.98000,0.99999,0.00000,0.00000,0.00000,0.00001
76.61000,1.98000,1.00000,0.00000,0.00000,0.00000,0.00000
76.81000,1.98000,0.99934,0.00000,0.00000,0.00002,0.00064
77.01000,1.98000,0.99981,0.00000,0.00000,0.00000,0.00019
77.21000,1.98000,0.99948,0.00000,0.00000,0.00000,0.00052
77.41000,1.98000,0.99950,0.00000,0.00000,0.00000,0.00050
77.61000,1.98000,0.99697,0.00000,0.00000,0.00017,0.00286
77.81000,1.98000,0.98891,0.00000,0.00001,0.00080,0.01028
78.01000,1.98000,0.94667,0.00003,0.00003,0.00504,0.04824
78.21000,1.98000,0.94846,0.00003,0.00003,0.00305,0.04843
78.41000,1.98000,0.99366,0.00000,0.00001,0.00007,0.00625
78.61000,1.98000,0.98834,0.00000,0.00001,0.00028,0.01136
78.81000,1.98000,0.99029,0.00000,0.00001,0.00038,0.00932
79.01000,1.98000,0.98744,0.00000,0.00001,0.00088,0.01167
79.21000,1.98000,0.94492,0.00000,0.00002,0.00706,0.04800
79.41000,1.98000,0.96270,0.00000,0.00001,0.00271,0.03458
79.61000,1.98000,0.97380,0.00000,0.00000,0.00057,0.02563
79.81000,1.98000,0.99026,0.00000,0.00000,0.00059,0.00915
80.01000,1.98000,0.99739,0.00000,0.00000,0.00009,0.00252
80.21000,1.98000,0.99963,0.00000,0.00000,0.00001,0.00036
80.41000,1.98000,0.99837,0.00000,0.00000,0.00007,0.00157
80.61000,1.98000,0.99897,0.00001,0.00000,0.00004,0.00099
80.81000,1.98000,0.99978,0.00001,0.00000,0.00001,0.00020
81.01000,1.98000,0.99993,0.00002,0.00000,0.00000,0.00004
81.21000,1.98000,0.99997,0.00001,0.00000,0.00000,0.00002
81.41000,1.98000,0.99997,0.00000,0.00000,0.00000,0.00002
81.61000,1.98000,0.99996,0.00000,0.00000,0.00000,0.00004
81.81000,1.98000,0.99992,0.00003,0.00000,0.00000,0.00005
82.01000,1.98000,0.99995,0.00001,0.00000,0.00000,0.00004
82.21000,1.98000,0.99995,0.00000,0.00000,0.00000,0.00005
82.41000,1.98000,0.99998,0.00000,0.00000,0.00000,0.00002
82.61000,1.98000,0.99999,0.00000,0.00000,0.00000,0.00001
82.81000,1.98000,0.99997,0.00000,0.00000,0.00000,0.00003
83.01000,1.98000,0.99982,0.00000,0.00000,0.00000,0.00017
83.21000,1.98000,0.99968,0.00000,0.00000,0.00000,0.00032
83.41000,1.98000,0.99977,0.00000,0.00000,0.00000,0.00023
83.61000,1.98000,0.99757,0.00000,0.00000,0.00000,0.00243
83.81000,1.98000,0.99986,0.00000,0.00000,0.00000,0.00014
84.01000,1.98000,0.99964,0.00000,0.00000,0.00000,0.00036
84.21000,1.98000,0.99978,0.00000,0.00000,0.00000,0.00022
84.41000,1.98000,0.99930,0.00000,0.00000,0.00000,0.00069
84.61000,1.98000,0.99106,0.00002,0.00000,0.00002,0.00890
84.81000,1.98000,0.90973,0.00003,0.00001,0.00033,0.08989
85.01000,1.98000,0.89219,0.00001,0.00003,0.00065,0.10712
85.21000,1.98000,0.84819,0.00001,0.00016,0.00097,0.15067
85.41000,1.98000,0.92120,0.00000,0.00006,0.00038,0.07836
85.61000,1.98000,0.98863,0.00000,0.00005,0.00004,0.01128
85.81000,1.98000,0.97708,0.00000,0.00062,0.00023,0.02206
86.01000,1.98000,0.98252,0.00000,0.00252,0.00024,0.01472
86.21000,1.98000,0.98884,0.00000,0.00291,0.00009,0.00817
86.41000,1.98000,0.99960,0.00000,0.00034,0.00000,0.00006
86.61000,1.98000,0.99977,0.00000,0.00023,0.00000,0.00000
86.81000,1.98000,0.99984,0.00000,0.00016,0.00000,0.00001
87.01000,1.98000,0.99988,0.00000,0.00010,0.00000,0.00002
87.21000,1.98000,0.99998,0.00000,0.00002,0.00000,0.00000
87.41000,1.98000,0.99999,0.00000,0.00001,0.00000,0.00000
87.61000,1.98000,1.00000,0.00000,0.00000,0.00000,0.00000
87.81000,1.98000,0.99999,0.00000,0.00001,0.00000,0.00000
88.01000,1.98000,0.99999,0.00000,0.00001,0.00000,0.00000
88.21000,1.98000,0.99992,0.00000,0.00007,0.00000,0.00001
88.41000,1.98000,0.99998,0.00001,0.00001,0.00000,0.00000
88.61000,1.98000,0.99988,0.00010,0.00000,0.00000,0.00002
88.81000,1.98000,0.99785,0.00212,0.00000,0.00000,0.00002
89.01000,1.98000,0.99295,0.00704,0.00000,0.00000,0.00001
89.21000,1.98000,0.96355,0.03627,0.00002,0.00002,0.00014
89.41000,1.98000,0.71587,0.28241,0.00018,0.00039,0.00116
89.61000,1.98000,0.77706,0.21973,0.00006,0.00069,0.00245
89.81000,1.98000,0.81284,0.18062,0.00038,0.00218,0.00398
90.01000,1.98000,0.89382,0.07654,0.00076,0.00916,0.01973
90.21000,1.98000,0.99407,0.00260,0.00021,0.00144,0.00169
90.41000,1.98000,0.98099,0.00024,0.00260,0.00953,0.00664
90.61000,1.98000,0.99649,0.00002,0.00063,0.00153,0.00133
90.81000,1.98000,0.99985,0.00000,0.00001,0.00000,0.00013
91.01000,1.98000,0.99993,0.00000,0.00000,0.00000,0.00006
91.21000,1.98000,0.99871,0.00000,0.00000,0.00001,0.00128
91.41000,1.98000,0.99320,0.00000,0.00005,0.00004,0.00671
91.61000,1.98000,0.99913,0.00000,0.00001,0.00000,0.00086
91.81000,1.98000,0.99865,0.00000,0.00003,0.00000,0.00132
92.01000,1.98000,0.99961,0.00000,0.00001,0.00000,0.00038
92.21000,1.98000,0.99872,0.00000,0.00002,0.00000,0.00126
92.41000,1.98000,0.99303,0.00000,0.00012,0.00000,0.00684
92.61000,1.98000,0.98596,0.00000,0.00026,0.00000,0.01378
92.81000,1.98000,0.99733,0.00000,0.00012,0.00000,0.00255
93.01000,1.98000,0.95738,0.00001,0.00085,0.00006,0.04170
93.21000,1.98000,0.99618,0.00000,0.00002,0.00000,0.00379
93.41000,1.98000,0.99917,0.00000,0.00024,0.00000,0.00059
93.61000,1.98000,0.94347,0.00000,0.05648,0.00000,0.00005
93.81000,1.98000,0.75510,0.00007,0.24326,0.00001,0.00156
94.01000,1.98000,0.76751,0.00033,0.23089,0.00002,0.00126
94.21000,1.98000,0.87372,0.00139,0.12390,0.00006,0.00092
94.41000,1.98000,0.97994,0.00314,0.01644,0.00003,0.00044
94.61000,1.98000,0.99505,0.00065,0.00422,0.00000,0.00007
94.81000,1.98000,0.99866,0.00011,0.00120,0.00000,0.00003
95.01000,1.98000,0.99948,0.00003,0.00047,0.00000,0.00002
95.21000,1.98000,0.99988,0.00002,0.00010,0.00000,0.00000
95.41000,1.98000,0.99999,0.00000,0.00000,0.00000,0.00001
95.61000,1.98000,0.99998,0.00000,0.00000,0.00000,0.00002
95.81000,1.98000,0.99999,0.00000,0.00000,0.00000,0.00001
96.01000,1.98000,0.99999,0.00000,0.00000,0.00000,0.00001
96.21000,1.98000,0.99995,0.00000,0.00000,0.00000,0.00005
96.41000,1.98000,0.99997,0.00000,0.00000,0.00000,0.00003
96.61000,1.98000,0.99995,0.00000,0.00000,0.00000,0.00005
96.81000,1.98000,0.99993,0.00000,0.00000,0.00000,0.00007
97.01000,1.98000,0.99994,0.00000,0.00000,0.00000,0.00006
97.21000,1.98000,0.99991,0.00001,0.00000,0.00000,0.00008
97.41000,1.98000,0.99996,0.00002,0.00000,0.00000,0.00002
97.61000,1.98000,0.99999,0.00000,0.00000,0.00000,0.00000
97.81000,1.98000,0.99999,0.00000,0.00000,0.00000,0.00000
98.01000,1.98000,0.99997,0.00001,0.00000,0.00001,0.00001
98.21000,1.98000,1.00000,0.00000,0.00000,0.00000,0.00000
98.41000,1.98000,0.99989,0.00005,0.00000,0.00002,0.00004
98.61000,1.98000,0.99738,0.00039,0.00020,0.00065,0.00138
98.81000,1.98000,0.92693,0.00255,0.00542,0.03076,0.03433
99.01000,1.98000,0.96539,0.00045,0.00357,0.00659,0.02400
99.21000,1.98000,0.96838,0.00188,0.00231,0.00205,0.02538
99.41000,1.98000,0.99318,0.00190,0.00085,0.00016,0.00391
99.61000,1.98000,0.99240,0.00352,0.00039,0.00020,0.00350
99.81000,1.98000,0.99066,0.00505,0.00036,0.00035,0.00358
100.01000,1.98000,0.99522,0.00192,0.00047,0.00026,0.00213
100.21000,1.98000,0.99821,0.00043,0.00087,0.00003,0.00046
100.41000,1.98000,0.99991,0.00001,0.00008,0.00000,0.00000
100.61000,1.98000,1.00000,0.00000,0.00000,0.00000,0.00000
100.81000,1.98000,1.00000,0.00000,0.00000,0.00000,0.00000
101.01000,1.98000,1.00000,0.00000,0.00000,0.00000,0.00000
101.21000,1.98000,1.00000,0.00000,0.00000,0.00000,0.00000
101.41000,1.98000,1.00000,0.00000,0.00000,0.00000,0.00000
101.61000,1.98000,0.99999,0.00000,0.00000,0.00000,0.00000
101.81000,1.98000,0.99999,0.00000,0.00000,0.00000,0.00001
102.01000,1.98000,0.99993,0.00000,0.00002,0.00001,0.00005
102.21000,1.98000,0.99990,0.00000,0.00000,0.00003,0.00007
102.41000,1.98000,0.99998,0.00000,0.00000,0.00000,0.00002
102.61000,1.98000,0.99995,0.00000,0.00000,0.00000,0.00004
102.81000,1.98000,0.99990,0.00000,0.00000,0.00001,0.00009
103.01000,1.98000,0.99996,0.00000,0.00000,0.00000,0.00004
103.21000,1.98000,0.99998,0.00000,0.00000,0.00000,0.00002
103.41000,1.98000,1.00000,0.00000,0.00000,0.00000,0.00000
103.61000,1.98000,0.99999,0.00000,0.00000,0.00000,0.00001
103.81000,1.98000,0.99212,0.00000,0.00000,0.00004,0.00784
104.01000,1.98000,0.96935,0.00002,0.00001,0.00055,0.03007
104.21000,1.98000,0.91614,0.00003,0.00014,0.00100,0.08268
104.41000,1.98000,0.91855,0.00005,0.00009,0.00085,0.08047
104.61000,1.98000,0.97415,0.00006,0.00001,0.00012,0.02566
104.81000,1.98000,0.98485,0.00052,0.00004,0.00007,0.01451
105.01000,1.98000,0.99585,0.00023,0.00010,0.00001,0.00381
105.21000,1.98000,0.99691,0.00032,0.00009,0.00001,0.00267
105.41000,1.98000,0.99567,0.00130,0.00033,0.00004,0.00267
105.61000,1.98000,0.99929,0.00069,0.00002,0.00000,0.00001
105.81000,1.98000,0.99256,0.00744,0.00000,0.00000,0.00000
106.01000,1.98000,0.99887,0.00113,0.00000,0.00000,0.00000
106.21000,1.98000,0.99994,0.00006,0.00000,0.00000,0.00000
106.41000,1.98000,0.99992,0.00008,0.00000,0.00000,0.00000
106.61000,1.98000,1.00000,0.00000,0.00000,0.00000,0.00000
106.81000,1.98000,1.00000,0.00000,0.00000,0.00000,0.00000
107.01000,1.98000,1.00000,0.00000,0.00000,0.00000,0.00000
107.21000,1.98000,0.99999,0.00001,0.00000,0.00000,0.00000
107.41000,1.98000,1.00000,0.00000,0.00000,0.00000,0.00000
107.61000,1.98000,1.00000,0.00000,0.00000,0.00000,0.00000
107.81000,1.98000,1.00000,0.00000,0.00000,0.00000,0.00000
108.01000,1.98000,0.99993,0.00000,0.00000,0.00000,0.00007
108.21000,1.98000,0.99988,0.00000,0.00000,0.00000,0.00012
108.41000,1.98000,0.99987,0.00000,0.00000,0.00000,0.00013
108.61000,1.98000,0.99908,0.00000,0.00000,0.00004,0.00088
108.81000,1.98000,0.99989,0.00000,0.00000,0.00000,0.00011
109.01000,1.98000,0.99987,0.00000,0.00000,0.00000,0.00013
109.21000,1.98000,0.99995,0.00002,0.00000,0.00000,0.00003
109.41000,1.98000,0.99006,0.00991,0.00000,0.00001,0.00001
109.61000,1.98000,0.98191,0.01808,0.00000,0.00001,0.00001
109.81000,1.98000,0.94446,0.05540,0.00000,0.00010,0.00003
110.01000,1.98000,0.90486,0.09394,0.00002,0.00078,0.00039
110.21000,1.98000,0.87272,0.12540,0.00008,0.00112,0.00067
110.41000,1.98000,0.66959,0.32677,0.00015,0.00243,0.00107
110.61000,1.98000,0.84870,0.14912,0.00018,0.00144,0.00056
110.81000,1.98000,0.96593,0.03293,0.00019,0.00081,0.00014
111.01000,1.98000,0.99361,0.00539,0.00026,0.00063,0.00010
111.21000,1.98000,0.99880,0.00007,0.00088,0.00006,0.00018
111.41000,1.98000,0.99997,0.00000,0.00002,0.00000,0.00001
111.61000,1.98000,0.99999,0.00000,0.00000,0.00000,0.00001
111.81000,1.98000,0.99989,0.00000,0.00000,0.00001,0.00010
112.01000,1.98000,0.99981,0.00000,0.00000,0.00006,0.00014
112.21000,1.98000,0.99967,0.00000,0.00000,0.00020,0.00013
112.41000,1.98000,0.99984,0.00000,0.00000,0.00010,0.00006
112.61000,1.98000,0.99988,0.00000,0.00000,0.00009,0.00003
112.81000,1.98000,0.99998,0.00000,0.00000,0.00002,0.00000
113.01000,1.98000,0.99995,0.00000,0.00000,0.00004,0.00001
113.21000,1.98000,0.99996,0.00000,0.00000,0.00004,0.00000
113.41000,1.98000,0.99995,0.00000,0.00000,0.00003,0.00002
113.61000,1.98000,0.99954,0.00000,0.00000,0.00021,0.00025
113.81000,1.98000,0.95596,0.00000,0.00000,0.00198,0.04206
114.01000,1.98000,0.89618,0.00000,0.00001,0.00035,0.10346
114.21000,1.98000,0.97328,0.00000,0.00000,0.00002,0.02670
114.41000,1.98000,0.98332,0.00000,0.00000,0.00002,0.01665
114.61000,1.98000,0.98349,0.00001,0.00028,0.00002,0.01620
114.81000,1.98000,0.95419,0.00112,0.01641,0.00018,0.02810
115.01000,1.98000,0.87560,0.00137,0.09924,0.00022,0.02356
115.21000,1.98000,0.90457,0.00037,0.09196,0.00002,0.00309
115.41000,1.98000,0.89219,0.00043,0.10643,0.00001,0.00094
115.61000,1.98000,0.88738,0.00059,0.11175,0.00000,0.00028
115.81000,1.98000,0.91218,0.00205,0.08567,0.00000,0.00009
116.01000,1.98000,0.93352,0.00043,0.06600,0.00000,0.00004
116.21000,1.98000,0.76239,0.00040,0.23703,0.00000,0.00018
116.41000,1.98000,0.94608,0.00005,0.05386,0.00000,0.00000
116.61000,1.98000,0.99672,0.00000,0.00327,0.00000,0.00001
116.81000,1.98000,0.99983,0.00000,0.00017,0.00000,0.00001
117.01000,1.98000,0.99852,0.00000,0.00138,0.00000,0.00010
117.21000,1.98000,0.99990,0.00000,0.00010,0.00000,0.00000
117.41000,1.98000,0.99993,0.00000,0.00007,0.00000,0.00000
117.61000,1.98000,0.99928,0.00000,0.00021,0.00000,0.00050
117.81000,1.98000,0.99915,0.00000,0.00040,0.00000,0.00045
118.01000,1.98000,0.99801,0.00000,0.00069,0.00000,0.00130
118.21000,1.98000,0.99559,0.00000,0.00042,0.00004,0.00395
118.41000,1.98000,0.99483,0.00002,0.00006,0.00010,0.00498
118.61000,1.98000,0.99735,0.00011,0.00003,0.00021,0.00230
118.81000,1.98000,0.99786,0.00003,0.00000,0.00015,0.00195
119.01000,1.98000,0.99928,0.00001,0.00000,0.00004,0.00067
119.21000,1.98000,0.99903,0.00005,0.00000,0.00037,0.00055
119.41000,1.98000,0.99910,0.00001,0.00000,0.00061,0.00028
119.61000,1.98000,0.99705,0.00001,0.00000,0.00235,0.00060
119.81000,1.98000,0.98299,0.00002,0.00000,0.01520,0.00179
120.01000,1.98000,0.99117,0.00001,0.00000,0.00707,0.00176
120.21000,1.98000,0.98690,0.00030,0.00000,0.01006,0.00274
120.41000,1.98000,0.99136,0.00019,0.00001,0.00353,0.00491
120.61000,1.98000,0.99075,0.00030,0.00006,0.00326,0.00561
120.81000,1.98000,0.98279,0.00056,0.00093,0.00279,0.01293
121.01000,1.98000,0.96078,0.00093,0.01878,0.00196,0.01755
121.21000,1.98000,0.99969,0.00001,0.00028,0.00000,0.00002
121.41000,1.98000,0.99993,0.00002,0.00005,0.00000,0.00000
121.61000,1.98000,1.00000,0.00000,0.00000,0.00000,0.00000
121.81000,1.98000,0.99999,0.00000,0.00001,0.00000,0.00000
122.01000,1.98000,0.99999,0.00000,0.00000,0.00000,0.00000
122.21000,1.98000,0.99999,0.00000,0.00000,0.00000,0.00001
122.41000,1.98000,0.99996,0.00000,0.00000,0.00000,0.00004
122.61000,1.98000,0.99995,0.00000,0.00000,0.00000,0.00005
122.81000,1.98000,0.99947,0.00000,0.00000,0.00001,0.00053
123.01000,1.98000,0.99925,0.00000,0.00000,0.00001,0.00074
123.21000,1.98000,0.99709,0.00000,0.00000,0.00017,0.00274
123.41000,1.98000,0.99726,0.00000,0.00000,0.00028,0.00246
123.61000,1.98000,0.99883,0.00000,0.00000,0.00014,0.00103
123.81000,1.98000,0.99872,0.00000,0.00000,0.00023,0.00105
124.01000,1.98000,0.99877,0.00000,0.00000,0.00035,0.00088
124.21000,1.98000,0.99984,0.00000,0.00000,0.00003,0.00013
124.41000,1.98000,0.99811,0.00000,0.00000,0.00013,0.00175
124.61000,1.98000,0.94874,0.00000,0.00000,0.00053,0.05073
124.81000,1.98000,0.89360,0.00000,0.00000,0.00190,0.10450
125.01000,1.98000,0.79307,0.00000,0.00001,0.00132,0.20560
125.21000,1.98000,0.65021,0.00000,0.00001,0.00095,0.34882
125.41000,1.98000,0.73170,0.00000,0.00003,0.00015,0.26812
125.61000,1.98000,0.74354,0.00000,0.00008,0.00021,0.25617
125.81000,1.98000,0.84258,0.00000,0.00077,0.00029,0.15636
126.01000,1.98000,0.92866,0.00000,0.00235,0.00009,0.06890
126.21000,1.98000,0.94761,0.00000,0.00939,0.00033,0.04267
126.41000,1.98000,0.99690,0.00000,0.00285,0.00000,0.00025
126.61000,1.98000,0.99924,0.00000,0.00072,0.00000,0.00003
126.81000,1.98000,0.99988,0.00000,0.00011,0.00000,0.00000
127.01000,1.98000,0.99997,0.00000,0.00003,0.00000,0.00000
127.21000,1.98000,0.99997,0.00000,0.00002,0.00000,0.00001
127.41000,1.98000,0.99990,0.00000,0.00002,0.00000,0.00008
127.61000,1.98000,0.99998,0.00000,0.00000,0.00000,0.00001
127.81000,1.98000,0.99997,0.00000,0.00002,0.00000,0.00001
128.00999,1.98001,0.99996,0.00001,0.00001,0.00000,0.00002
128.21001,1.98000,0.99980,0.00003,0.00010,0.00000,0.00007
128.41000,1.98000,0.99771,0.00033,0.00038,0.00030,0.00127
128.61000,1.98000,0.99628,0.00030,0.00126,0.00069,0.00147
128.81000,1.98000,0.99403,0.00064,0.00208,0.00147,0.00178
129.00999,1.98001,0.99925,0.00024,0.00036,0.00004,0.00011
129.21001,1.98000,0.99994,0.00001,0.00002,0.00002,0.00002
129.41000,1.98000,1.00000,0.00000,0.00000,0.00000,0.00000
129.61000,1.98000,0.99999,0.00000,0.00000,0.00000,0.00000
129.81000,1.98000,1.00000,0.00000,0.00000,0.00000,0.00000
130.00999,1.98001,1.00000,0.00000,0.00000,0.00000,0.00000
130.21001,1.98000,1.00000,0.00000,0.00000,0.00000,0.00000
130.41000,1.98000,1.00000,0.00000,0.00000,0.00000,0.00000
130.61000,1.98000,1.00000,0.00000,0.00000,0.00000,0.00000
130.81000,1.98000,1.00000,0.00000,0.00000,0.00000,0.00000
