Time (seconds), Duration (seconds),pred_(unlabeled),pred_On,pred_Off,pred_Dimmer,pred_Lighter
0.01000,1.98000,0.99998,0.00000,0.00002,0.00000,0.00000
0.21000,1.98000,0.99998,0.00000,0.00002,0.00000,0.00000
0.41000,1.98000,0.99999,0.00000,0.00001,0.00000,0.00000
0.61000,1.98000,0.99999,0.00000,0.00001,0.00000,0.00000
0.81000,1.98000,0.99998,0.00000,0.00001,0.00000,0.00001
1.01000,1.98000,1.00000,0.00000,0.00000,0.00000,0.00000
1.21000,1.98000,0.99999,0.00000,0.00000,0.00000,0.00000
1.41000,1.98000,1.00000,0.00000,0.00000,0.00000,0.00000
1.61000,1.98000,0.99998,0.00000,0.00002,0.00000,0.00000
1.81000,1.98000,0.99996,0.00000,0.00004,0.00000,0.00001
2.01000,1.98000,0.99999,0.00000,0.00000,0.00000,0.00000
2.21000,1.98000,0.99999,0.00000,0.00000,0.00000,0.00000
2.41000,1.98000,1.00000,0.00000,0.00000,0.00000,0.00000
2.61000,1.98000,1.00000,0.00000,0.00000,0.00000,0.00000
2.81000,1.98000,1.00000,0.00000,0.00000,0.00000,0.00000
3.01000,1.98000,0.99999,0.00000,0.00001,0.00000,0.00000
3.21000,1.98000,0.99997,0.00000,0.00002,0.00000,0.00001
3.41000,1.98000,0.99997,0.00000,0.00001,0.00000,0.00002
3.61000,1.98000,0.99998,0.00000,0.00000,0.00000,0.00001
3.81000,1.98000,1.00000,0.00000,0.00000,0.00000,0.00000
4.01000,1.98000,1.00000,0.00000,0.00000,0.00000,0.00000
4.21000,1.98000,1.00000,0.00000,0.00000,0.00000,0.00000
4.41000,1.98000,1.00000,0.00000,0.00000,0.00000,0.00000
4.61000,1.98000,0.99999,0.00000,0.00000,0.00000,0.00000
4.81000,1.98000,0.99999,0.00000,0.00000,0.00001,0.00000
5.01000,1.98000,1.00000,0.00000,0.00000,0.00000,0.00000
5.21000,1.98000,0.99999,0.00000,0.00000,0.00000,0.00000
5.41000,1.98000,0.99999,0.00000,0.00001,0.00000,0.00000
5.61000,1.98000,0.99995,0.00000,0.00005,0.00000,0.00000
5.81000,1.98000,0.99990,0.00000,0.00010,0.00000,0.00000
6.01000,1.98000,0.99977,0.00000,0.00019,0.00002,0.00001
6.21000,1.98000,0.99981,0.00000,0.00018,0.00000,0.00001
6.41000,1.98000,0.99995,0.00000,0.00004,0.00000,0.00000
6.61000,1.98000,0.99997,0.00000,0.00003,0.00000,0.00000
6.81000,1.98000,0.99995,0.00000,0.00005,0.00000,0.00000
7.01000,1.98000,0.99997,0.00000,0.00003,0.00000,0.00001
7.21000,1.98000,0.99999,0.00000,0.00000,0.00000,0.00001
7.41000,1.98000,1.00000,0.00000,0.00000,0.00000,0.00000
7.61000,1.98000,1.00000,0.00000,0.00000,0.00000,0.00000
7.81000,1.98000,1.00000,0.00000,0.00000,0.00000,0.00000
8.01000,1.98000,0.99999,0.00000,0.00000,0.00000,0.00001
8.21000,1.98000,0.99999,0.00000,0.00000,0.00000,0.00001
8.41000,1.98000,1.00000,0.00000,0.00000,0.00000,0.00000
8.61000,1.98000,1.00000,0.00000,0.00000,0.00000,0.00000
8.81000,1.98000,0.99999,0.00000,0.00000,0.00000,0.00001
9.01000,1.98000,0.99998,0.00001,0.00000,0.00000,0.00000
9.21000,1.98000,0.99998,0.00001,0.00000,0.00000,0.00000
9.41000,1.98000,0.99994,0.00006,0.00000,0.00000,0.00000
9.61000,1.98000,0.99996,0.00004,0.00000,0.00000,0.00000
9.81000,1.98000,0.99983,0.00017,0.00000,0.00000,0.00000
10.01000,1.98000,0.99970,0.00030,0.00000,0.00000,0.00000
10.21000,1.98000,0.99997,0.00001,0.00002,0.00000,0.00000
10.41000,1.98000,0.99381,0.00000,0.00619,0.00000,0.00000
10.61000,1.98000,0.95403,0.00001,0.04589,0.00000,0.00008
10.81000,1.98000,0.92710,0.00000,0.07286,0.00000,0.00004
11.01000,1.98000,0.75538,0.00000,0.24436,0.00000,0.00026
11.21000,1.98000,0.83773,0.00000,0.16210,0.00000,0.00017
11.41000,1.98000,0.90762,0.00000,0.09203,0.00001,0.00034
11.61000,1.98000,0.99387,0.00000,0.00580,0.00001,0.00031
11.81000,1.98000,0.99941,0.00000,0.00034,0.00005,0.00021
12.01000,1.98000,0.99998,0.00000,0.00001,0.00000,0.00001
12.21000,1.98000,0.99999,0.00000,0.00000,0.00001,0.00000
12.41000,1.98000,0.99996,0.00000,0.00000,0.00004,0.00000
12.61000,1.98000,0.99998,0.00000,0.00000,0.00002,0.00000
12.81000,1.98000,0.99998,0.00000,0.00000,0.00002,0.00000
13.01000,1.98000,0.99997,0.00000,0.00000,0.00003,0.00000
13.21000,1.98000,0.99986,0.00000,0.00000,0.00014,0.00000
13.41000,1.98000,0.99972,0.00000,0.00000,0.00028,0.00000
13.61000,1.98000,0.99991,0.00000,0.00000,0.00009,0.00001
13.81000,1.98000,0.99984,0.00000,0.00000,0.00012,0.00005
14.01000,1.98000,0.99914,0.00000,0.00000,0.00042,0.00043
14.21000,1.98000,0.99989,0.00000,0.00000,0.00001,0.00010
14.41000,1.98000,0.99985,0.00003,0.00000,0.00000,0.00012
14.61000,1.98000,0.99987,0.00009,0.00000,0.00000,0.00003
14.81000,1.98000,0.99877,0.00000,0.00055,0.00000,0.00068
15.01000,1.98000,0.97538,0.00001,0.02455,0.00000,0.00006
15.21000,1.98000,0.93166,0.00001,0.06817,0.00000,0.00015
15.41000,1.98000,0.85508,0.00001,0.14477,0.00000,0.00014
15.61000,1.98000,0.72423,0.00012,0.27536,0.00001,0.00027
15.81000,1.98000,0.76688,0.00082,0.23183,0.00005,0.00042
16.01000,1.98000,0.94927,0.00026,0.05027,0.00002,0.00019
16.21000,1.98000,0.99477,0.00006,0.00508,0.00001,0.00008
16.41000,1.98000,0.99943,0.00001,0.00045,0.00002,0.00009
16.61000,1.98000,1.00000,0.00000,0.00000,0.00000,0.00000
16.81000,1.98000,1.00000,0.00000,0.00000,0.00000,0.00000
17.01000,1.98000,0.99999,0.00000,0.00000,0.00001,0.00000
17.21000,1.98000,0.99999,0.00000,0.00000,0.00001,0.00000
17.41000,1.98000,1.00000,0.00000,0.00000,0.00000,0.00000
17.61000,1.98000,1.00000,0.00000,0.00000,0.00000,0.00000
17.81000,1.98000,0.99998,0.00000,0.00000,0.00000,0.00002
18.01000,1.98000,0.99996,0.00000,0.00000,0.00000,0.00004
18.21000,1.98000,0.99972,0.00005,0.00000,0.00001,0.00021
18.41000,1.98000,0.99990,0.00000,0.00000,0.00000,0.00009
18.61000,1.98000,0.99266,0.00000,0.00723,0.00000,0.00011
18.81000,1.98000,0.95254,0.00000,0.04729,0.00000,0.00017
19.01000,1.98000,0.92202,0.00000,0.07795,0.00000,0.00003
19.21000,1.98000,0.84658,0.00000,0.15338,0.00000,0.00003
19.41000,1.98000,0.81823,0.00000,0.18168,0.00000,0.00009
19.61000,1.98000,0.92936,0.00002,0.07049,0.00000,0.00014
19.81000,1.98000,0.99815,0.00001,0.00180,0.00000,0.00004
20.01000,1.98000,0.99975,0.00000,0.00019,0.00000,0.00006
20.21000,1.98000,0.99959,0.00000,0.00036,0.00000,0.00005
20.41000,1.98000,0.99998,0.00000,0.00000,0.00000,0.00001
20.61000,1.98000,0.99999,0.00000,0.00000,0.00001,0.00000
20.81000,1.98000,0.99998,0.00000,0.00000,0.00001,0.00001
21.01000,1.98000,0.99997,0.00000,0.00000,0.00002,0.00001
21.21000,1.98000,0.99999,0.00000,0.00000,0.00000,0.00000
21.41000,1.98000,0.99998,0.00001,0.00000,0.00000,0.00001
21.61000,1.98000,0.99997,0.00003,0.00000,0.00000,0.00000
21.81000,1.98000,0.99980,0.00020,0.00000,0.00000,0.00000
22.01000,1.98000,0.99895,0.00005,0.00001,0.00017,0.00083
22.21000,1.98000,0.98589,0.00001,0.01382,0.00002,0.00026
22.41000,1.98000,0.95861,0.00002,0.04001,0.00011,0.00125
22.61000,1.98000,0.87395,0.00000,0.12508,0.00004,0.00092
22.81000,1.98000,0.74677,0.00000,0.25253,0.00002,0.00068
23.01000,1.98000,0.83955,0.00000,0.15981,0.00001,0.00063
23.21000,1.98000,0.85816,0.00001,0.14052,0.00006,0.00125
23.41000,1.98000,0.98605,0.00001,0.01295,0.00007,0.00092
23.61000,1.98000,0.99912,0.00000,0.00045,0.00003,0.00040
23.81000,1.98000,0.99998,0.00000,0.00001,0.00000,0.00001
24.01000,1.98000,1.00000,0.00000,0.00000,0.00000,0.00000
24.21000,1.98000,1.00000,0.00000,0.00000,0.00000,0.00000
24.41000,1.98000,1.00000,0.00000,0.00000,0.00000,0.00000
24.61000,1.98000,1.00000,0.00000,0.00000,0.00000,0.00000
24.81000,1.98000,1.00000,0.00000,0.00000,0.00000,0.00000
25.01000,1.98000,1.00000,0.00000,0.00000,0.00000,0.00000
25.21000,1.98000,0.99999,0.00000,0.00000,0.00000,0.00001
25.41000,1.98000,1.00000,0.00000,0.00000,0.00000,0.00000
25.61000,1.98000,0.99463,0.00000,0.00532,0.00000,0.00005
25.81000,1.98000,0.96251,0.00000,0.03749,0.00000,0.00000
26.01000,1.98000,0.91587,0.00000,0.08412,0.00000,0.00001
26.21000,1.98000,0.79000,0.00000,0.20997,0.00000,0.00003
26.41000,1.98000,0.56108,0.00000,0.43885,0.00001,0.00006
26.61000,1.98000,0.57582,0.00001,0.42404,0.00002,0.00010
26.81000,1.98000,0.89568,0.00010,0.10409,0.00003,0.00010
27.01000,1.98000,0.99411,0.00016,0.00567,0.00001,0.00005
27.21000,1.98000,0.99795,0.00008,0.00180,0.00002,0.00015
27.41000,1.98000,0.99993,0.00002,0.00005,0.00000,0.00000
27.61000,1.98000,0.99999,0.00000,0.00000,0.00001,0.00000
27.81000,1.98000,0.99997,0.00000,0.00000,0.00003,0.00000
28.01000,1.98000,1.00000,0.00000,0.00000,0.00000,0.00000
28.21000,1.98000,0.99995,0.00001,0.00000,0.00003,0.00001
28.41000,1.98000,1.00000,0.00000,0.00000,0.00000,0.00000
28.61000,1.98000,0.99999,0.00000,0.00000,0.00000,0.00001
28.81000,1.98000,1.00000,0.00000,0.00000,0.00000,0.00000
29.01000,1.98000,0.99995,0.00000,0.00001,0.00000,0.00004
29.21000,1.98000,0.98202,0.00000,0.01768,0.00001,0.00029
29.41000,1.98000,0.94250,0.00000,0.05709,0.00001,0.00039
29.61000,1.98000,0.87512,0.00000,0.12384,0.00007,0.00097
29.81000,1.98000,0.72442,0.00000,0.27509,0.00006,0.00043
30.01000,1.98000,0.62971,0.00000,0.36908,0.00006,0.00115
30.21000,1.98000,0.70531,0.00000,0.29372,0.00006,0.00092
30.41000,1.98000,0.94449,0.00000,0.05500,0.00004,0.00047
30.61000,1.98000,0.99815,0.00000,0.00168,0.00001,0.00016
30.81000,1.98000,0.99888,0.00000,0.00107,0.00000,0.00006
31.01000,1.98000,0.99999,0.00000,0.00001,0.00000,0.00000
31.21000,1.98000,1.00000,0.00000,0.00000,0.00000,0.00000
31.41000,1.98000,1.00000,0.00000,0.00000,0.00000,0.00000
31.61000,1.98000,1.00000,0.00000,0.00000,0.00000,0.00000
31.81000,1.98000,1.00000,0.00000,0.00000,0.00000,0.00000
32.01000,1.98000,0.99999,0.00000,0.00001,0.00000,0.00000
32.21000,1.98000,1.00000,0.00000,0.00000,0.00000,0.00000
32.41000,1.98000,1.00000,0.00000,0.00000,0.00000,0.00000
32.61000,1.98000,0.99989,0.00000,0.00008,0.00000,0.00003
32.81000,1.98000,0.97722,0.00000,0.02276,0.00000,0.00002
33.01000,1.98000,0.93901,0.00000,0.06093,0.00000,0.00006
33.21000,1.98000,0.87299,0.00000,0.12687,0.00000,0.00013
33.41000,1.98000,0.86225,0.00000,0.13738,0.00001,0.00035
33.61000,1.98000,0.97529,0.00001,0.02438,0.00001,0.00031
33.81000,1.98000,0.99694,0.00004,0.00292,0.00000,0.00010
34.01000,1.98000,0.99712,0.00053,0.00222,0.00001,0.00012
34.21000,1.98000,0.99795,0.00020,0.00174,0.00000,0.00010
34.41000,1.98000,0.99984,0.00001,0.00014,0.00000,0.00000
34.61000,1.98000,1.00000,0.00000,0.00000,0.00000,0.00000
34.81000,1.98000,1.00000,0.00000,0.00000,0.00000,0.00000
35.01000,1.98000,1.00000,0.00000,0.00000,0.00000,0.00000
35.21000,1.98000,1.00000,0.00000,0.00000,0.00000,0.00000
35.41000,1.98000,1.00000,0.00000,0.00000,0.00000,0.00000
35.61000,1.98000,1.00000,0.00000,0.00000,0.00000,0.00000
35.81000,1.98000,0.99999,0.00000,0.00001,0.00000,0.00000
36.01000,1.98000,0.99612,0.00000,0.00388,0.00000,0.00001
36.21000,1.98000,0.96699,0.00000,0.03300,0.00000,0.00000
36.41000,1.98000,0.88358,0.00000,0.11641,0.00000,0.00001
36.61000,1.98000,0.75018,0.00000,0.24978,0.00000,0.00004
36.81000,1.98000,0.69359,0.00000,0.30636,0.00000,0.00005
37.01000,1.98000,0.81117,0.00000,0.18874,0.00001,0.00009
37.21000,1.98000,0.98212,0.00000,0.01787,0.00000,0.00001
37.41000,1.98000,0.99319,0.00000,0.00678,0.00000,0.00004
37.61000,1.98000,0.99906,0.00000,0.00093,0.00000,0.00000
37.81000,1.98000,0.99995,0.00000,0.00005,0.00000,0.00000
38.01000,1.98000,0.99999,0.00000,0.00001,0.00000,0.00000
38.21000,1.98000,0.99998,0.00000,0.00002,0.00000,0.00000
38.41000,1.98000,0.99998,0.00000,0.00002,0.00000,0.00000
38.61000,1.98000,0.99998,0.00000,0.00002,0.00000,0.00000
38.81000,1.98000,0.99998,0.00000,0.00002,0.00000,0.00000
39.01000,1.98000,0.99990,0.00000,0.00010,0.00000,0.00001
39.21000,1.98000,0.99996,0.00000,0.00003,0.00000,0.00000
39.41000,1.98000,0.98688,0.00000,0.01312,0.00000,0.00000
39.61000,1.98000,0.94738,0.00000,0.05261,0.00000,0.00000
39.81000,1.98000,0.89175,0.00002,0.10822,0.00000,0.00001
40.01000,1.98000,0.80484,0.00004,0.19509,0.00001,0.00002
40.21000,1.98000,0.87921,0.00005,0.12072,0.00000,0.00001
40.41000,1.98000,0.94287,0.00011,0.05701,0.00000,0.00001
40.61000,1.98000,0.99531,0.00037,0.00431,0.00000,0.00000
40.81000,1.98000,0.99434,0.00008,0.00556,0.00000,0.00001
41.01000,1.98000,0.97418,0.00001,0.02579,0.00000,0.00002
41.21000,1.98000,0.99179,0.00000,0.00820,0.00000,0.00000
41.41000,1.98000,1.00000,0.00000,0.00000,0.00000,0.00000
41.61000,1.98000,1.00000,0.00000,0.00000,0.00000,0.00000
41.81000,1.98000,1.00000,0.00000,0.00000,0.00000,0.00000
42.01000,1.98000,0.99999,0.00000,0.00000,0.00000,0.00000
42.21000,1.98000,0.99678,0.00000,0.00320,0.00000,0.00002
42.41000,1.98000,0.97199,0.00000,0.02791,0.00000,0.00010
42.61000,1.98000,0.84798,0.00000,0.15166,0.00001,0.00036
42.81000,1.98000,0.68884,0.00000,0.31076,0.00001,0.00040
43.01000,1.98000,0.77121,0.00000,0.22852,0.00000,0.00026
43.21000,1.98000,0.95784,0.00000,0.04199,0.00000,0.00017
43.41000,1.98000,0.98594,0.00000,0.01379,0.00000,0.00027
43.61000,1.98000,0.99713,0.00000,0.00275,0.00000,0.00011
43.81000,1.98000,0.99888,0.00000,0.00111,0.00000,0.00001
44.01000,1.98000,0.99987,0.00000,0.00013,0.00000,0.00000
44.21000,1.98000,1.00000,0.00000,0.00000,0.00000,0.00000
44.41000,1.98000,0.99999,0.00000,0.00001,0.00000,0.00000
44.61000,1.98000,0.99997,0.00000,0.00002,0.00000,0.00001
44.81000,1.98000,0.99869,0.00000,0.00109,0.00000,0.00023
45.01000,1.98000,0.97133,0.00000,0.02867,0.00000,0.00000
45.21000,1.98000,0.81690,0.00000,0.18292,0.00001,0.00017
45.41000,1.98000,0.81159,0.00000,0.18781,0.00007,0.00052
45.61000,1.98000,0.70435,0.00000,0.29497,0.00011,0.00056
45.81000,1.98000,0.72145,0.00001,0.27762,0.00008,0.00083
46.01000,1.98000,0.91008,0.00011,0.08436,0.00115,0.00430
46.21000,1.98000,0.99386,0.00014,0.00420,0.00039,0.00141
46.41000,1.98000,0.99800,0.00008,0.00014,0.00027,0.00151
46.61000,1.98000,0.99998,0.00001,0.00000,0.00000,0.00001
46.81000,1.98000,0.99990,0.00009,0.00000,0.00000,0.00000
47.01000,1.98000,0.99998,0.00001,0.00000,0.00001,0.00000
47.21000,1.98000,1.00000,0.00000,0.00000,0.00000,0.00000
47.41000,1.98000,0.99999,0.00001,0.00000,0.00000,0.00000
47.61000,1.98000,0.99998,0.00002,0.00000,0.00000,0.00000
47.81000,1.98000,0.99998,0.00002,0.00000,0.00000,0.00000
48.01000,1.98000,0.99995,0.00001,0.00001,0.00000,0.00003
48.21000,1.98000,0.97685,0.00000,0.02313,0.00000,0.00002
48.41000,1.98000,0.91569,0.00000,0.08429,0.00000,0.00002
48.61000,1.98000,0.91724,0.00000,0.08264,0.00000,0.00012
48.81000,1.98000,0.86644,0.00000,0.13341,0.00000,0.00015
49.01000,1.98000,0.70957,0.00000,0.29037,0.00000,0.00005
49.21000,1.98000,0.81369,0.00000,0.18626,0.00000,0.00005
49.41000,1.98000,0.89929,0.00000,0.10068,0.00000,0.00003
49.61000,1.98000,0.95751,0.00000,0.04245,0.00000,0.00004
49.81000,1.98000,0.99353,0.00000,0.00647,0.00000,0.00000
50.01000,1.98000,0.99892,0.00000,0.00108,0.00000,0.00000
50.21000,1.98000,0.99997,0.00000,0.00002,0.00000,0.00000
50.41000,1.98000,0.99986,0.00000,0.00013,0.00000,0.00002
50.61000,1.98000,0.99890,0.00000,0.00045,0.00005,0.00060
50.81000,1.98000,0.99082,0.00000,0.00530,0.00007,0.00381
51.01000,1.98000,0.86581,0.00000,0.13392,0.00002,0.00026
51.21000,1.98000,0.80714,0.00000,0.19234,0.00007,0.00045
51.41000,1.98000,0.75880,0.00000,0.24046,0.00023,0.00051
51.61000,1.98000,0.63768,0.00002,0.36098,0.00080,0.00052
51.81000,1.98000,0.63177,0.00007,0.36652,0.00108,0.00056
52.01000,1.98000,0.90299,0.00064,0.09598,0.00014,0.00024
52.21000,1.98000,0.99289,0.00212,0.00491,0.00001,0.00007
52.41000,1.98000,0.99863,0.00052,0.00078,0.00001,0.00006
52.61000,1.98000,0.99912,0.00008,0.00080,0.00000,0.00000
52.81000,1.98000,0.99999,0.00001,0.00000,0.00000,0.00000
53.01000,1.98000,1.00000,0.00000,0.00000,0.00000,0.00000
53.21000,1.98000,0.99998,0.00000,0.00000,0.00000,0.00001
53.41000,1.98000,0.99987,0.00011,0.00000,0.00000,0.00002
53.61000,1.98000,0.99871,0.00000,0.00007,0.00000,0.00121
53.81000,1.98000,0.96667,0.00000,0.03322,0.00000,0.00011
54.01000,1.98000,0.87972,0.00000,0.11967,0.00001,0.00060
54.21000,1.98000,0.69552,0.00000,0.30337,0.00004,0.00106
54.41000,1.98000,0.58959,0.00001,0.40886,0.00013,0.00141
54.61000,1.98000,0.88398,0.00002,0.11444,0.00004,0.00153
54.81000,1.98000,0.94794,0.00011,0.04926,0.00004,0.00263
55.01000,1.98000,0.99502,0.00005,0.00441,0.00001,0.00052
55.21000,1.98000,0.99601,0.00001,0.00319,0.00001,0.00078
55.41000,1.98000,0.99514,0.00000,0.00482,0.00000,0.00004
55.61000,1.98000,0.99999,0.00000,0.00000,0.00000,0.00000
55.81000,1.98000,0.99967,0.00001,0.00001,0.00013,0.00018
56.01000,1.98000,0.99167,0.00000,0.00032,0.00093,0.00707
56.21000,1.98000,0.96679,0.00002,0.02243,0.00176,0.00900
56.41000,1.98000,0.89596,0.00003,0.09834,0.00118,0.00449
56.61000,1.98000,0.90261,0.00004,0.08561,0.00389,0.00784
56.81000,1.98000,0.88230,0.00003,0.10899,0.00316,0.00553
57.01000,1.98000,0.95129,0.00002,0.04260,0.00227,0.00382
57.21000,1.98000,0.99287,0.00003,0.00438,0.00027,0.00246
57.41000,1.98000,0.99950,0.00004,0.00027,0.00000,0.00018
57.61000,1.98000,0.99987,0.00000,0.00002,0.00000,0.00011
57.81000,1.98000,0.99997,0.00000,0.00002,0.00000,0.00001
58.01000,1.98000,1.00000,0.00000,0.00000,0.00000,0.00000
58.21000,1.98000,0.99999,0.00000,0.00000,0.00000,0.00001
58.41000,1.98000,0.99990,0.00000,0.00000,0.00000,0.00010
58.61000,1.98000,0.99634,0.00000,0.00063,0.00001,0.00302
58.81000,1.98000,0.97914,0.00000,0.01940,0.00001,0.00145
59.01000,1.98000,0.93063,0.00000,0.06806,0.00003,0.00128
59.21000,1.98000,0.90717,0.00000,0.09065,0.00004,0.00214
59.41000,1.98000,0.86891,0.00000,0.12911,0.00004,0.00194
59.61000,1.98000,0.89465,0.00000,0.10374,0.00002,0.00159
59.81000,1.98000,0.96248,0.00001,0.03676,0.00001,0.00075
60.01000,1.98000,0.99274,0.00001,0.00712,0.00000,0.00013
60.21000,1.98000,0.98622,0.00001,0.01332,0.00000,0.00045
60.41000,1.98000,0.99913,0.00000,0.00086,0.00000,0.00000
60.61000,1.98000,0.99999,0.00000,0.00000,0.00000,0.00001
60.81000,1.98000,0.99681,0.00000,0.00003,0.00019,0.00297
61.01000,1.98000,0.89149,0.00000,0.10805,0.00002,0.00044
61.21000,1.98000,0.82646,0.00000,0.17298,0.00003,0.00054
61.41000,1.98000,0.79446,0.00000,0.20404,0.00007,0.00143
61.61000,1.98000,0.80821,0.00000,0.19091,0.00001,0.00086
61.81000,1.98000,0.86026,0.00000,0.13919,0.00001,0.00054
62.01000,1.98000,0.90108,0.00000,0.09861,0.00000,0.00031
62.21000,1.98000,0.95794,0.00000,0.04200,0.00000,0.00006
62.41000,1.98000,0.97958,0.00000,0.02040,0.00000,0.00002
62.61000,1.98000,0.98860,0.00000,0.01140,0.00000,0.00000
62.81000,1.98000,0.99999,0.00000,0.00001,0.00000,0.00000
63.01000,1.98000,1.00000,0.00000,0.00000,0.00000,0.00000
63.21000,1.98000,1.00000,0.00000,0.00000,0.00000,0.00000
63.41000,1.98000,1.00000,0.00000,0.00000,0.00000,0.00000
63.61000,1.98000,1.00000,0.00000,0.00000,0.00000,0.00000
63.81000,1.98000,0.99858,0.00000,0.00142,0.00000,0.00000
64.01000,1.98000,0.98606,0.00000,0.01394,0.00000,0.00000
64.21000,1.98000,0.92881,0.00000,0.07118,0.00000,0.00001
64.41000,1.98000,0.85019,0.00000,0.14979,0.00000,0.00002
64.61000,1.98000,0.80132,0.00000,0.19858,0.00001,0.00009
64.81000,1.98000,0.98305,0.00000,0.01687,0.00001,0.00007
65.01000,1.98000,0.99797,0.00000,0.00190,0.00001,0.00012
65.21000,1.98000,0.99741,0.00000,0.00243,0.00001,0.00015
65.41000,1.98000,0.99007,0.00000,0.00963,0.00002,0.00027
65.61000,1.98000,0.99876,0.00000,0.00123,0.00000,0.00000
65.81000,1.98000,0.99997,0.00000,0.00002,0.00000,0.00001
66.01000,1.98000,0.99958,0.00000,0.00001,0.00023,0.00018
66.21000,1.98000,0.97885,0.00000,0.01751,0.00111,0.00252
66.41000,1.98000,0.90421,0.00002,0.09022,0.00207,0.00348
66.61000,1.98000,0.87677,0.00000,0.12095,0.00055,0.00173
66.81000,1.98000,0.83847,0.00001,0.15991,0.00040,0.00122
67.01000,1.98000,0.80321,0.00000,0.19538,0.00022,0.00118
67.21000,1.98000,0.89039,0.00001,0.10870,0.00004,0.00086
67.41000,1.98000,0.99179,0.00002,0.00808,0.00000,0.00011
67.61000,1.98000,0.99852,0.00026,0.00114,0.00000,0.00007
67.81000,1.98000,0.99938,0.00032,0.00023,0.00001,0.00006
68.01000,1.98000,0.99976,0.00024,0.00000,0.00000,0.00000
68.21000,1.98000,1.00000,0.00000,0.00000,0.00000,0.00000
68.41000,1.98000,0.99998,0.00002,0.00000,0.00000,0.00000
68.61000,1.98000,0.99998,0.00002,0.00000,0.00000,0.00000
68.81000,1.98000,0.99999,0.00001,0.00000,0.00000,0.00000
69.01000,1.98000,0.99996,0.00004,0.00000,0.00000,0.00000
69.21000,1.98000,0.99999,0.00001,0.00000,0.00000,0.00000
69.41000,1.98000,0.99989,0.00000,0.00000,0.00001,0.00010
69.61000,1.98000,0.99591,0.00000,0.00351,0.00003,0.00055
69.81000,1.98000,0.98235,0.00000,0.01657,0.00003,0.00105
70.01000,1.98000,0.94211,0.00000,0.05723,0.00001,0.00065
70.21000,1.98000,0.89583,0.00000,0.10349,0.00001,0.00068
70.41000,1.98000,0.87883,0.00000,0.12010,0.00007,0.00100
70.61000,1.98000,0.97984,0.00000,0.01929,0.00004,0.00083
70.81000,1.98000,0.99272,0.00000,0.00672,0.00001,0.00056
71.01000,1.98000,0.99465,0.00000,0.00482,0.00001,0.00052
71.21000,1.98000,0.99953,0.00000,0.00046,0.00000,0.00001
71.41000,1.98000,1.00000,0.00000,0.00000,0.00000,0.00000
71.61000,1.98000,1.00000,0.00000,0.00000,0.00000,0.00000
71.81000,1.98000,1.00000,0.00000,0.00000,0.00000,0.00000
72.01000,1.98000,0.99999,0.00000,0.00000,0.00000,0.00001
72.21000,1.98000,0.99995,0.00000,0.00000,0.00000,0.00005
72.41000,1.98000,0.99554,0.00000,0.00350,0.00001,0.00094
72.61000,1.98000,0.96352,0.00000,0.03640,0.00000,0.00007
72.81000,1.98000,0.93901,0.00000,0.05983,0.00012,0.00103
73.01000,1.98000,0.84026,0.00000,0.15872,0.00028,0.00073
73.21000,1.98000,0.71157,0.00000,0.28618,0.00093,0.00132
73.41000,1.98000,0.92234,0.00000,0.07509,0.00115,0.00143
73.61000,1.98000,0.98656,0.00000,0.01231,0.00032,0.00081
73.81000,1.98000,0.99923,0.00000,0.00051,0.00004,0.00022
74.01000,1.98000,0.99956,0.00000,0.00011,0.00007,0.00026
74.21000,1.98000,1.00000,0.00000,0.00000,0.00000,0.00000
74.41000,1.98000,1.00000,0.00000,0.00000,0.00000,0.00000
74.61000,1.98000,1.00000,0.00000,0.00000,0.00000,0.00000
74.81000,1.98000,1.00000,0.00000,0.00000,0.00000,0.00000
75.01000,1.98000,1.00000,0.00000,0.00000,0.00000,0.00000
75.21000,1.98000,1.00000,0.00000,0.00000,0.00000,0.00000
75.41000,1.98000,0.99999,0.00000,0.00000,0.00000,0.00001
75.61000,1.98000,0.99998,0.00002,0.00000,0.00000,0.00001
75.81000,1.98000,0.99937,0.00010,0.00000,0.00007,0.00046
76.01000,1.98000,0.98581,0.00000,0.01325,0.00014,0.00080
76.21000,1.98000,0.92220,0.00001,0.06349,0.00264,0.01166
76.41000,1.98000,0.82626,0.00000,0.16138,0.00110,0.01126
76.61000,1.98000,0.75252,0.00000,0.23905,0.00165,0.00678
76.81000,1.98000,0.91989,0.00000,0.07734,0.00072,0.00204
77.01000,1.98000,0.97611,0.00000,0.01891,0.00180,0.00318
77.21000,1.98000,0.99802,0.00000,0.00058,0.00045,0.00095
77.41000,1.98000,0.99991,0.00000,0.00001,0.00000,0.00007
77.61000,1.98000,0.99999,0.00000,0.00000,0.00000,0.00001
77.81000,1.98000,1.00000,0.00000,0.00000,0.00000,0.00000
78.01000,1.98000,1.00000,0.00000,0.00000,0.00000,0.00000
78.21000,1.98000,1.00000,0.00000,0.00000,0.00000,0.00000
78.41000,1.98000,1.00000,0.00000,0.00000,0.00000,0.00000
78.61000,1.98000,1.00000,0.00000,0.00000,0.00000,0.00000
78.81000,1.98000,1.00000,0.00000,0.00000,0.00000,0.00000
79.01000,1.98000,1.00000,0.00000,0.00000,0.00000,0.00000
79.21000,1.98000,1.00000,0.00000,0.00000,0.00000,0.00000
79.41000,1.98000,1.00000,0.00000,0.00000,0.00000,0.00000
79.61000,1.98000,0.99998,0.00000,0.00001,0.00000,0.00000
79.81000,1.98000,0.95825,0.00000,0.04174,0.00000,0.00000
80.01000,1.98000,0.90010,0.00000,0.09987,0.00000,0.00003
80.21000,1.98000,0.84120,0.00000,0.15879,0.00000,0.00001
80.41000,1.98000,0.88432,0.00000,0.11565,0.00000,0.00004
80.61000,1.98000,0.88305,0.00000,0.11691,0.00000,0.00005
80.81000,1.98000,0.95552,0.00000,0.04436,0.00000,0.00012
81.01000,1.98000,0.99808,0.00000,0.00188,0.00000,0.00004
81.21000,1.98000,0.99945,0.00000,0.00054,0.00000,0.00001
81.41000,1.98000,0.99996,0.00000,0.00004,0.00000,0.00000
81.61000,1.98000,1.00000,0.00000,0.00000,0.00000,0.00000
81.81000,1.98000,1.00000,0.00000,0.00000,0.00000,0.00000
82.01000,1.98000,1.00000,0.00000,0.00000,0.00000,0.00000
82.21000,1.98000,1.00000,0.00000,0.00000,0.00000,0.00000
82.41000,1.98000,0.99961,0.00000,0.00002,0.00000,0.00037
82.61000,1.98000,0.98861,0.00000,0.01097,0.00000,0.00042
82.81000,1.98000,0.97710,0.00000,0.02277,0.00000,0.00013
83.01000,1.98000,0.94825,0.00000,0.05126,0.00001,0.00047
83.21000,1.98000,0.92448,0.00000,0.07497,0.00002,0.00053
83.41000,1.98000,0.88907,0.00000,0.11038,0.00003,0.00052
83.61000,1.98000,0.94178,0.00000,0.05799,0.00001,0.00022
83.81000,1.98000,0.98533,0.00000,0.01456,0.00001,0.00010
84.01000,1.98000,0.99822,0.00000,0.00173,0.00000,0.00005
84.21000,1.98000,0.99946,0.00000,0.00054,0.00000,0.00000
84.41000,1.98000,0.99999,0.00000,0.00001,0.00000,0.00000
84.61000,1.98000,0.99999,0.00000,0.00000,0.00000,0.00000
84.81000,1.98000,1.00000,0.00000,0.00000,0.00000,0.00000
85.01000,1.98000,0.99999,0.00001,0.00000,0.00000,0.00000
85.21000,1.98000,0.99991,0.00008,0.00000,0.00000,0.00001
85.41000,1.98000,0.99830,0.00000,0.00011,0.00027,0.00132
85.61000,1.98000,0.96592,0.00000,0.03322,0.00004,0.00082
85.81000,1.98000,0.93218,0.00000,0.06759,0.00001,0.00022
86.01000,1.98000,0.82825,0.00000,0.17169,0.00000,0.00006
86.21000,1.98000,0.74666,0.00000,0.25301,0.00001,0.00031
86.41000,1.98000,0.77558,0.00000,0.22413,0.00001,0.00028
86.61000,1.98000,0.91940,0.00000,0.08038,0.00000,0.00022
86.81000,1.98000,0.99383,0.00000,0.00611,0.00000,0.00006
87.01000,1.98000,0.99547,0.00000,0.00449,0.00000,0.00004
87.21000,1.98000,0.99367,0.00000,0.00633,0.00000,0.00000
87.41000,1.98000,0.99992,0.00000,0.00008,0.00000,0.00000
87.61000,1.98000,0.99999,0.00000,0.00001,0.00000,0.00000
87.81000,1.98000,0.99996,0.00001,0.00002,0.00000,0.00001
88.01000,1.98000,0.99817,0.00000,0.00050,0.00036,0.00097
88.21000,1.98000,0.94682,0.00000,0.05121,0.00067,0.00130
88.41000,1.98000,0.88596,0.00003,0.10425,0.00593,0.00383
88.61000,1.98000,0.75324,0.00002,0.23422,0.00818,0.00434
88.81000,1.98000,0.69616,0.00001,0.29938,0.00321,0.00124
89.01000,1.98000,0.71917,0.00000,0.28034,0.00022,0.00027
89.21000,1.98000,0.64847,0.00019,0.34975,0.00033,0.00127
89.41000,1.98000,0.93162,0.00026,0.06776,0.00001,0.00036
89.61000,1.98000,0.96147,0.00005,0.03481,0.00006,0.00361
89.81000,1.98000,0.97696,0.00000,0.02281,0.00001,0.00021
90.01000,1.98000,0.99978,0.00004,0.00012,0.00000,0.00005
90.21000,1.98000,0.98668,0.00000,0.00040,0.00057,0.01235
90.41000,1.98000,0.91883,0.00000,0.07981,0.00003,0.00133
90.61000,1.98000,0.89814,0.00000,0.10066,0.00003,0.00117
90.81000,1.98000,0.70486,0.00000,0.29448,0.00003,0.00063
91.01000,1.98000,0.55098,0.00000,0.44659,0.00027,0.00215
91.21000,1.98000,0.62414,0.00000,0.37438,0.00044,0.00103
91.41000,1.98000,0.98196,0.00000,0.01772,0.00015,0.00017
91.61000,1.98000,0.99205,0.00001,0.00790,0.00000,0.00004
91.81000,1.98000,0.99714,0.00006,0.00265,0.00000,0.00014
92.01000,1.98000,0.99961,0.00000,0.00038,0.00000,0.00000
92.21000,1.98000,0.99999,0.00000,0.00000,0.00000,0.00000
92.41000,1.98000,0.99998,0.00000,0.00000,0.00001,0.00002
92.61000,1.98000,0.99956,0.00005,0.00000,0.00015,0.00023
92.81000,1.98000,0.99211,0.00001,0.00001,0.00092,0.00696
93.01000,1.98000,0.98103,0.00001,0.00438,0.00033,0.01425
93.21000,1.98000,0.95108,0.00001,0.03473,0.00015,0.01403
93.41000,1.98000,0.78423,0.00003,0.19806,0.00068,0.01700
93.61000,1.98000,0.64346,0.00005,0.30555,0.01109,0.03986
93.81000,1.98000,0.94634,0.00000,0.04297,0.00803,0.00265
94.01000,1.98000,0.99298,0.00000,0.00269,0.00390,0.00043
94.21000,1.98000,0.99908,0.00000,0.00021,0.00063,0.00008
94.41000,1.98000,0.99896,0.00000,0.00001,0.00091,0.00012
94.61000,1.98000,0.99999,0.00000,0.00001,0.00000,0.00000
94.81000,1.98000,0.99999,0.00000,0.00001,0.00000,0.00000
95.01000,1.98000,1.00000,0.00000,0.00000,0.00000,0.00000
95.21000,1.98000,0.99959,0.00000,0.00006,0.00011,0.00024
95.41000,1.98000,0.99763,0.00000,0.00003,0.00091,0.00143
95.61000,1.98000,0.92962,0.00000,0.06357,0.00152,0.00529
95.81000,1.98000,0.69451,0.00000,0.29008,0.00109,0.01432
96.01000,1.98000,0.65424,0.00002,0.32562,0.00226,0.01786
96.21000,1.98000,0.60714,0.00004,0.37641,0.00368,0.01274
96.41000,1.98000,0.75805,0.00002,0.22941,0.00857,0.00395
96.61000,1.98000,0.98279,0.00000,0.01134,0.00519,0.00068
96.81000,1.98000,0.99705,0.00000,0.00085,0.00183,0.00027
97.01000,1.98000,0.99753,0.00000,0.00001,0.00229,0.00017
97.21000,1.98000,0.99997,0.00000,0.00000,0.00002,0.00001
97.41000,1.98000,1.00000,0.00000,0.00000,0.00000,0.00000
97.61000,1.98000,1.00000,0.00000,0.00000,0.00000,0.00000
97.81000,1.98000,0.99997,0.00000,0.00000,0.00001,0.00001
98.01000,1.98000,0.99923,0.00000,0.00000,0.00018,0.00058
98.21000,1.98000,0.99995,0.00000,0.00000,0.00000,0.00005
98.41000,1.98000,0.99396,0.00000,0.00000,0.00005,0.00598
98.61000,1.98000,0.98493,0.00001,0.00217,0.00019,0.01270
98.81000,1.98000,0.93454,0.00006,0.02404,0.00139,0.03997
99.01000,1.98000,0.87749,0.00011,0.09366,0.00282,0.02592
99.21000,1.98000,0.70000,0.00007,0.26253,0.01601,0.02139
99.41000,1.98000,0.90054,0.00008,0.06354,0.02518,0.01066
99.61000,1.98000,0.98549,0.00002,0.00255,0.00773,0.00420
99.81000,1.98000,0.98970,0.00000,0.00011,0.00702,0.00317
100.01000,1.98000,0.99651,0.00000,0.00001,0.00257,0.00091
100.21000,1.98000,0.99996,0.00000,0.00000,0.00002,0.00002
100.41000,1.98000,1.00000,0.00000,0.00000,0.00000,0.00000
100.61000,1.98000,1.00000,0.00000,0.00000,0.00000,0.00000
100.81000,1.98000,0.99999,0.00000,0.00000,0.00000,0.00000
101.01000,1.98000,0.99998,0.00000,0.00000,0.00000,0.00002
101.21000,1.98000,0.99896,0.00000,0.00002,0.00006,0.00097
101.41000,1.98000,0.99994,0.00000,0.00000,0.00000,0.00005
101.61000,1.98000,0.99940,0.00000,0.00008,0.00001,0.00050
101.81000,1.98000,0.97932,0.00000,0.02046,0.00001,0.00021
102.01000,1.98000,0.93796,0.00000,0.06186,0.00003,0.00016
102.21000,1.98000,0.84195,0.00000,0.15752,0.00010,0.00043
102.41000,1.98000,0.64110,0.00001,0.35734,0.00041,0.00115
102.61000,1.98000,0.54765,0.00007,0.44868,0.00118,0.00242
102.81000,1.98000,0.95440,0.00020,0.04310,0.00086,0.00144
103.01000,1.98000,0.99796,0.00002,0.00051,0.00091,0.00060
103.21000,1.98000,0.99865,0.00005,0.00013,0.00052,0.00065
103.41000,1.98000,0.99991,0.00001,0.00001,0.00003,0.00004
103.61000,1.98000,0.99999,0.00001,0.00000,0.00000,0.00000
103.81000,1.98000,0.99999,0.00000,0.00000,0.00001,0.00000
104.01000,1.98000,0.99982,0.00000,0.00000,0.00011,0.00007
104.21000,1.98000,0.97968,0.00043,0.00000,0.01605,0.00385
104.41000,1.98000,0.99249,0.00040,0.00000,0.00169,0.00541
104.61000,1.98000,0.97720,0.00015,0.00153,0.00073,0.02039
104.81000,1.98000,0.96433,0.00121,0.01814,0.00146,0.01487
105.01000,1.98000,0.90278,0.00646,0.06696,0.00685,0.01696
105.21000,1.98000,0.78147,0.00650,0.17998,0.01112,0.02093
105.41000,1.98000,0.77743,0.00233,0.21437,0.00121,0.00467
105.61000,1.98000,0.89168,0.00528,0.10094,0.00017,0.00194
105.81000,1.98000,0.98726,0.00212,0.01044,0.00000,0.00018
106.01000,1.98000,0.97166,0.00692,0.01920,0.00035,0.00187
106.21000,1.98000,0.96072,0.00032,0.03835,0.00020,0.00040
106.41000,1.98000,0.99949,0.00006,0.00044,0.00000,0.00000
106.61000,1.98000,0.99980,0.00004,0.00002,0.00004,0.00010
106.81000,1.98000,0.98635,0.00000,0.00757,0.00105,0.00504
107.01000,1.98000,0.98635,0.00000,0.00748,0.00053,0.00563
107.21000,1.98000,0.91527,0.00001,0.07698,0.00083,0.00691
107.41000,1.98000,0.84621,0.00000,0.14648,0.00053,0.00678
107.61000,1.98000,0.75164,0.00000,0.24379,0.00051,0.00406
107.81000,1.98000,0.93313,0.00000,0.06578,0.00005,0.00104
108.01000,1.98000,0.98003,0.00000,0.01976,0.00000,0.00021
108.21000,1.98000,0.99235,0.00000,0.00725,0.00000,0.00040
108.41000,1.98000,0.99257,0.00000,0.00737,0.00000,0.00006
108.61000,1.98000,0.99956,0.00000,0.00044,0.00000,0.00000
108.81000,1.98000,0.99997,0.00000,0.00003,0.00000,0.00000
109.01000,1.98000,0.99993,0.00000,0.00006,0.00000,0.00000
109.21000,1.98000,0.99998,0.00000,0.00001,0.00000,0.00000
109.41000,1.98000,0.99843,0.00000,0.00133,0.00000,0.00024
109.61000,1.98000,0.98110,0.00000,0.01888,0.00000,0.00002
109.81000,1.98000,0.96481,0.00000,0.03518,0.00000,0.00001
110.01000,1.98000,0.88712,0.00000,0.11286,0.00000,0.00003
110.21000,1.98000,0.91186,0.00000,0.08812,0.00000,0.00002
110.41000,1.98000,0.86349,0.00000,0.13644,0.00000,0.00006
110.61000,1.98000,0.91009,0.00000,0.08981,0.00000,0.00009
110.81000,1.98000,0.99231,0.00000,0.00762,0.00000,0.00007
111.01000,1.98000,0.99667,0.00000,0.00329,0.00000,0.00004
111.21000,1.98000,0.99939,0.00000,0.00061,0.00000,0.00000
111.41000,1.98000,0.99999,0.00000,0.00001,0.00000,0.00000
111.61000,1.98000,0.99999,0.00000,0.00001,0.00000,0.00000
111.81000,1.98000,0.99998,0.00000,0.00002,0.00000,0.00000
112.01000,1.98000,0.99997,0.00000,0.00003,0.00000,0.00000
112.21000,1.98000,0.99688,0.00000,0.00285,0.00001,0.00027
112.41000,1.98000,0.97201,0.00000,0.02751,0.00006,0.00042
112.61000,1.98000,0.96568,0.00003,0.03346,0.00021,0.00061
112.81000,1.98000,0.91019,0.00008,0.08843,0.00040,0.00089
113.01000,1.98000,0.68741,0.00058,0.30697,0.00249,0.00255
113.21000,1.98000,0.89043,0.00103,0.10099,0.00579,0.00176
113.41000,1.98000,0.99608,0.00070,0.00189,0.00111,0.00023
113.61000,1.98000,0.99861,0.00002,0.00001,0.00121,0.00015
113.81000,1.98000,0.99975,0.00000,0.00000,0.00024,0.00001
114.01000,1.98000,0.99999,0.00001,0.00000,0.00000,0.00000
114.21000,1.98000,1.00000,0.00000,0.00000,0.00000,0.00000
114.41000,1.98000,1.00000,0.00000,0.00000,0.00000,0.00000
114.61000,1.98000,0.99996,0.00003,0.00000,0.00000,0.00000
114.81000,1.98000,0.99952,0.00028,0.00000,0.00005,0.00015
115.01000,1.98000,0.99902,0.00083,0.00000,0.00002,0.00013
115.21000,1.98000,0.99943,0.00023,0.00000,0.00000,0.00033
115.41000,1.98000,0.99909,0.00022,0.00015,0.00000,0.00054
115.61000,1.98000,0.99678,0.00215,0.00066,0.00001,0.00040
115.81000,1.98000,0.98482,0.00049,0.01327,0.00001,0.00141
116.01000,1.98000,0.87948,0.00018,0.11806,0.00002,0.00226
116.21000,1.98000,0.86400,0.00005,0.13487,0.00001,0.00107
116.41000,1.98000,0.98554,0.00002,0.01404,0.00000,0.00040
116.61000,1.98000,0.99945,0.00001,0.00036,0.00000,0.00018
116.81000,1.98000,0.99963,0.00000,0.00004,0.00000,0.00033
117.01000,1.98000,0.99996,0.00000,0.00001,0.00000,0.00003
117.21000,1.98000,0.99999,0.00001,0.00000,0.00000,0.00000
117.41000,1.98000,0.99997,0.00001,0.00000,0.00000,0.00001
117.61000,1.98000,0.99999,0.00000,0.00000,0.00000,0.00001
117.81000,1.98000,0.99998,0.00001,0.00000,0.00000,0.00000
118.01000,1.98000,0.99987,0.00013,0.00000,0.00000,0.00000
118.21000,1.98000,0.99988,0.00012,0.00000,0.00000,0.00000
118.41000,1.98000,0.99953,0.00046,0.00000,0.00000,0.00001
118.61000,1.98000,0.99949,0.00051,0.00000,0.00000,0.00000
118.81000,1.98000,0.99780,0.00219,0.00000,0.00000,0.00000
119.01000,1.98000,0.99962,0.00037,0.00001,0.00000,0.00001
119.21000,1.98000,0.99984,0.00009,0.00004,0.00000,0.00003
119.41000,1.98000,0.99806,0.00014,0.00084,0.00001,0.00096
119.61000,1.98000,0.99922,0.00007,0.00010,0.00000,0.00061
119.81000,1.98000,0.99953,0.00002,0.00012,0.00000,0.00033
120.01000,1.98000,0.99969,0.00015,0.00002,0.00001,0.00012
120.21000,1.98000,0.99886,0.00067,0.00000,0.00006,0.00041
120.41000,1.98000,0.99863,0.00104,0.00000,0.00006,0.00027
120.61000,1.98000,0.99936,0.00037,0.00000,0.00007,0.00019
120.81000,1.98000,0.99940,0.00033,0.00000,0.00008,0.00019
121.01000,1.98000,0.99931,0.00003,0.00001,0.00025,0.00039
121.21000,1.98000,0.98189,0.00163,0.00115,0.00831,0.00702
121.41000,1.98000,0.94690,0.00318,0.00650,0.01439,0.02904
121.61000,1.98000,0.90161,0.00316,0.03145,0.01296,0.05083
121.81000,1.98000,0.83294,0.00182,0.08673,0.01818,0.06033
