Time (seconds), Duration (seconds),pred_(unlabeled),pred_On,pred_Off,pred_Dimmer,pred_Lighter
0.01000,1.98000,0.99821,0.00002,0.00177,0.00000,0.00000
0.21000,1.98000,0.99185,0.00001,0.00813,0.00000,0.00001
0.41000,1.98000,0.98738,0.00002,0.01258,0.00000,0.00001
0.61000,1.98000,0.99230,0.00002,0.00767,0.00000,0.00001
0.81000,1.98000,0.99979,0.00011,0.00010,0.00000,0.00000
1.01000,1.98000,0.99804,0.00012,0.00183,0.00000,0.00001
1.21000,1.98000,0.99935,0.00026,0.00038,0.00000,0.00000
1.41000,1.98000,0.99697,0.00005,0.00296,0.00000,0.00001
1.61000,1.98000,0.99948,0.00012,0.00039,0.00000,0.00001
1.81000,1.98000,0.99891,0.00053,0.00021,0.00004,0.00031
2.01000,1.98000,0.99942,0.00012,0.00012,0.00005,0.00030
2.21000,1.98000,0.99886,0.00071,0.00004,0.00006,0.00032
2.41000,1.98000,0.99678,0.00237,0.00003,0.00015,0.00067
2.61000,1.98000,0.99967,0.00026,0.00000,0.00001,0.00006
2.81000,1.98000,0.99967,0.00009,0.00002,0.00004,0.00017
3.01000,1.98000,0.99978,0.00012,0.00000,0.00001,0.00010
3.21000,1.98000,0.99878,0.00007,0.00016,0.00005,0.00095
3.41000,1.98000,0.99938,0.00002,0.00005,0.00002,0.00052
3.61000,1.98000,0.99995,0.00000,0.00001,0.00000,0.00004
3.81000,1.98000,0.99820,0.00000,0.00058,0.00003,0.00119
4.01000,1.98000,0.99759,0.00001,0.00055,0.00004,0.00181
4.21000,1.98000,0.99769,0.00001,0.00036,0.00005,0.00189
4.41000,1.98000,0.99682,0.00000,0.00049,0.00005,0.00263
4.61000,1.98000,0.99918,0.00000,0.00009,0.00001,0.00072
4.81000,1.98000,0.99841,0.00000,0.00020,0.00006,0.00133
5.01000,1.98000,0.99429,0.00001,0.00097,0.00046,0.00427
5.21000,1.98000,0.99424,0.00000,0.00159,0.00042,0.00374
5.41000,1.98000,0.98614,0.00001,0.00180,0.00087,0.01117
5.61000,1.98000,0.92968,0.00003,0.01050,0.00648,0.05331
5.81000,1.98000,0.96774,0.00002,0.00535,0.00521,0.02168
6.01000,1.98000,0.99842,0.00000,0.00040,0.00015,0.00102
6.21000,1.98000,0.98868,0.00000,0.00408,0.00205,0.00519
6.41000,1.98000,0.99681,0.00000,0.00109,0.00081,0.00128
6.61000,1.98000,0.99883,0.00000,0.00062,0.00020,0.00034
6.81000,1.98000,0.99891,0.00000,0.00059,0.00033,0.00017
7.01000,1.98000,0.99953,0.00000,0.00025,0.00018,0.00004
7.21000,1.98000,0.99978,0.00000,0.00014,0.00008,0.00001
7.41000,1.98000,0.99993,0.00000,0.00003,0.00004,0.00000
7.61000,1.98000,0.99991,0.00000,0.00004,0.00005,0.00000
7.81000,1.98000,0.99996,0.00000,0.00002,0.00002,0.00000
8.01000,1.98000,0.99999,0.00000,0.00001,0.00001,0.00000
8.21000,1.98000,0.99999,0.00000,0.00001,0.00000,0.00000
8.41000,1.98000,0.99997,0.00000,0.00001,0.00001,0.00000
8.61000,1.98000,0.99984,0.00000,0.00005,0.00010,0.00000
8.81000,1.98000,0.99966,0.00000,0.00010,0.00023,0.00002
9.01000,1.98000,0.99973,0.00000,0.00006,0.00019,0.00003
9.21000,1.98000,0.99839,0.00000,0.00037,0.00095,0.00029
9.41000,1.98000,0.99514,0.00000,0.00134,0.00152,0.00199
9.61000,1.98000,0.99558,0.00001,0.00051,0.00093,0.00297
9.81000,1.98000,0.99581,0.00002,0.00066,0.00050,0.00301
10.01000,1.98000,0.99314,0.00002,0.00528,0.00006,0.00149
10.21000,1.98000,0.99533,0.00002,0.00460,0.00000,0.00004
10.41000,1.98000,0.96898,0.00004,0.03085,0.00001,0.00011
10.61000,1.98000,0.92296,0.00001,0.07692,0.00000,0.00011
10.81000,1.98000,0.84418,0.00000,0.15578,0.00000,0.00004
11.01000,1.98000,0.88797,0.00003,0.11190,0.00000,0.00010
11.21000,1.98000,0.74817,0.00015,0.25131,0.00002,0.00034
11.41000,1.98000,0.92460,0.00002,0.07533,0.00000,0.00004
11.61000,1.98000,0.97918,0.00000,0.02081,0.00000,0.00001
11.81000,1.98000,0.99869,0.00000,0.00131,0.00000,0.00000
12.01000,1.98000,0.99945,0.00001,0.00042,0.00001,0.00012
12.21000,1.98000,0.99961,0.00002,0.00020,0.00001,0.00016
12.41000,1.98000,0.99986,0.00000,0.00007,0.00000,0.00006
12.61000,1.98000,0.99950,0.00005,0.00011,0.00003,0.00031
12.81000,1.98000,0.99978,0.00016,0.00001,0.00001,0.00004
13.01000,1.98000,0.99836,0.00149,0.00001,0.00002,0.00013
13.21000,1.98000,0.99927,0.00061,0.00001,0.00001,0.00011
13.41000,1.98000,0.99507,0.00481,0.00000,0.00001,0.00010
13.61000,1.98000,0.97660,0.02211,0.00002,0.00028,0.00099
13.81000,1.98000,0.99157,0.00832,0.00000,0.00001,0.00009
14.01000,1.98000,0.99775,0.00184,0.00002,0.00004,0.00035
14.21000,1.98000,0.99276,0.00311,0.00023,0.00043,0.00347
14.41000,1.98000,0.99921,0.00014,0.00007,0.00006,0.00051
14.61000,1.98000,0.99971,0.00003,0.00002,0.00002,0.00022
14.81000,1.98000,0.99978,0.00002,0.00001,0.00003,0.00016
15.01000,1.98000,0.99916,0.00002,0.00007,0.00015,0.00060
15.21000,1.98000,0.99796,0.00007,0.00024,0.00024,0.00150
15.41000,1.98000,0.99737,0.00010,0.00080,0.00035,0.00137
15.61000,1.98000,0.92441,0.00234,0.01908,0.01351,0.04065
15.81000,1.98000,0.66534,0.00037,0.18045,0.04635,0.10749
16.01000,1.98000,0.85332,0.00068,0.06602,0.02113,0.05886
16.21000,1.98000,0.61577,0.00043,0.24376,0.06123,0.07882
16.41000,1.98000,0.75309,0.00032,0.19216,0.02266,0.03177
16.61000,1.98000,0.89178,0.00012,0.09040,0.00782,0.00986
16.81000,1.98000,0.96179,0.00002,0.03380,0.00132,0.00308
17.01000,1.98000,0.98427,0.00001,0.01333,0.00099,0.00140
17.21000,1.98000,0.99885,0.00000,0.00063,0.00012,0.00040
17.41000,1.98000,0.99930,0.00000,0.00022,0.00027,0.00021
17.61000,1.98000,0.99964,0.00000,0.00012,0.00011,0.00013
17.81000,1.98000,0.99891,0.00001,0.00022,0.00049,0.00037
18.01000,1.98000,0.99956,0.00000,0.00012,0.00017,0.00015
18.21000,1.98000,0.99908,0.00001,0.00007,0.00045,0.00039
18.41000,1.98000,0.99959,0.00001,0.00001,0.00022,0.00016
18.61000,1.98000,0.99691,0.00005,0.00016,0.00166,0.00123
18.81000,1.98000,0.99580,0.00007,0.00018,0.00254,0.00142
19.01000,1.98000,0.99825,0.00005,0.00011,0.00074,0.00085
19.21000,1.98000,0.99739,0.00001,0.00025,0.00016,0.00219
19.41000,1.98000,0.99917,0.00006,0.00018,0.00003,0.00055
19.61000,1.98000,0.99607,0.00024,0.00323,0.00008,0.00038
19.81000,1.98000,0.99246,0.00055,0.00644,0.00007,0.00047
20.01000,1.98000,0.92317,0.00069,0.07393,0.00039,0.00181
20.21000,1.98000,0.59826,0.00036,0.39746,0.00074,0.00317
20.41000,1.98000,0.59751,0.00005,0.40074,0.00042,0.00127
20.61000,1.98000,0.73740,0.00008,0.26081,0.00059,0.00111
20.81000,1.98000,0.96984,0.00008,0.02978,0.00011,0.00019
21.01000,1.98000,0.99196,0.00002,0.00795,0.00005,0.00002
21.21000,1.98000,0.99297,0.00001,0.00684,0.00016,0.00002
21.41000,1.98000,0.99968,0.00000,0.00022,0.00006,0.00003
21.61000,1.98000,0.99992,0.00000,0.00003,0.00004,0.00002
21.81000,1.98000,0.99994,0.00000,0.00003,0.00002,0.00002
22.01000,1.98000,0.99986,0.00000,0.00006,0.00004,0.00005
22.21000,1.98000,0.99966,0.00000,0.00014,0.00007,0.00013
22.41000,1.98000,0.99954,0.00001,0.00013,0.00004,0.00029
22.61000,1.98000,0.99748,0.00008,0.00086,0.00010,0.00149
22.81000,1.98000,0.99815,0.00004,0.00151,0.00001,0.00029
23.01000,1.98000,0.97614,0.00042,0.02150,0.00010,0.00184
23.21000,1.98000,0.93754,0.00074,0.05534,0.00032,0.00607
23.41000,1.98000,0.95839,0.00020,0.03936,0.00007,0.00198
23.61000,1.98000,0.52959,0.00026,0.46004,0.00073,0.00938
23.81000,1.98000,0.41127,0.00040,0.57599,0.00131,0.01102
24.01000,1.98000,0.93821,0.00048,0.05890,0.00020,0.00222
24.21000,1.98000,0.99642,0.00056,0.00271,0.00005,0.00026
24.41000,1.98000,0.99089,0.00014,0.00851,0.00014,0.00032
24.61000,1.98000,0.99424,0.00006,0.00453,0.00061,0.00057
24.81000,1.98000,0.99921,0.00015,0.00008,0.00019,0.00037
25.01000,1.98000,0.99974,0.00003,0.00004,0.00008,0.00011
25.21000,1.98000,0.99922,0.00006,0.00007,0.00042,0.00022
25.41000,1.98000,0.99925,0.00002,0.00012,0.00037,0.00023
25.61000,1.98000,0.99887,0.00002,0.00023,0.00045,0.00043
25.81000,1.98000,0.99628,0.00002,0.00124,0.00044,0.00202
26.01000,1.98000,0.99729,0.00004,0.00026,0.00012,0.00229
26.21000,1.98000,0.99781,0.00005,0.00064,0.00001,0.00148
26.41000,1.98000,0.99883,0.00004,0.00098,0.00000,0.00014
26.61000,1.98000,0.65954,0.00056,0.31315,0.00132,0.02544
26.81000,1.98000,0.65111,0.00033,0.32988,0.00073,0.01795
27.01000,1.98000,0.60418,0.00005,0.38764,0.00037,0.00776
27.21000,1.98000,0.41440,0.00007,0.57445,0.00066,0.01041
27.41000,1.98000,0.64665,0.00003,0.34693,0.00032,0.00606
27.61000,1.98000,0.88297,0.00009,0.11390,0.00041,0.00264
27.81000,1.98000,0.95157,0.00002,0.04749,0.00030,0.00061
28.01000,1.98000,0.99023,0.00001,0.00948,0.00012,0.00017
28.21000,1.98000,0.99136,0.00001,0.00365,0.00187,0.00312
28.41000,1.98000,0.99960,0.00001,0.00012,0.00014,0.00014
28.61000,1.98000,0.99962,0.00001,0.00008,0.00018,0.00011
28.81000,1.98000,0.99544,0.00005,0.00072,0.00267,0.00111
29.01000,1.98000,0.99334,0.00010,0.00069,0.00406,0.00181
29.21000,1.98000,0.99664,0.00002,0.00042,0.00153,0.00139
29.41000,1.98000,0.99507,0.00004,0.00057,0.00187,0.00245
29.61000,1.98000,0.99287,0.00001,0.00112,0.00146,0.00454
29.81000,1.98000,0.99086,0.00002,0.00148,0.00190,0.00573
30.01000,1.98000,0.98973,0.00003,0.00101,0.00150,0.00773
30.21000,1.98000,0.99218,0.00001,0.00080,0.00090,0.00611
30.41000,1.98000,0.97651,0.00001,0.00136,0.00212,0.02000
30.61000,1.98000,0.99582,0.00001,0.00018,0.00009,0.00390
30.81000,1.98000,0.99653,0.00001,0.00152,0.00004,0.00191
31.01000,1.98000,0.96073,0.00005,0.02287,0.00037,0.01597
31.21000,1.98000,0.91257,0.00009,0.04894,0.00049,0.03792
31.41000,1.98000,0.77140,0.00007,0.12585,0.00095,0.10173
31.61000,1.98000,0.83729,0.00005,0.08566,0.00062,0.07638
31.81000,1.98000,0.59737,0.00007,0.23796,0.00130,0.16330
32.01000,1.98000,0.92319,0.00001,0.04552,0.00012,0.03116
32.21000,1.98000,0.83996,0.00001,0.11338,0.00008,0.04658
32.41000,1.98000,0.97889,0.00000,0.01482,0.00001,0.00628
32.61000,1.98000,0.97834,0.00000,0.00984,0.00003,0.01179
32.81000,1.98000,0.98011,0.00000,0.00107,0.00002,0.01880
33.01000,1.98000,0.97728,0.00000,0.00121,0.00013,0.02137
33.21000,1.98000,0.93427,0.00000,0.00487,0.00055,0.06030
33.41000,1.98000,0.96752,0.00001,0.00152,0.00033,0.03063
33.61000,1.98000,0.96412,0.00000,0.00244,0.00043,0.03301
33.81000,1.98000,0.99422,0.00000,0.00046,0.00003,0.00528
34.01000,1.98000,0.99959,0.00000,0.00003,0.00000,0.00038
34.21000,1.98000,0.99988,0.00000,0.00005,0.00000,0.00007
34.41000,1.98000,0.98923,0.00000,0.00997,0.00001,0.00079
34.61000,1.98000,0.84992,0.00006,0.13540,0.00031,0.01430
34.81000,1.98000,0.89231,0.00006,0.09728,0.00024,0.01010
35.01000,1.98000,0.55411,0.00008,0.42804,0.00149,0.01627
35.21000,1.98000,0.78055,0.00008,0.21329,0.00114,0.00494
35.41000,1.98000,0.89643,0.00016,0.09889,0.00113,0.00338
35.61000,1.98000,0.90581,0.00003,0.09228,0.00059,0.00130
35.81000,1.98000,0.99786,0.00000,0.00211,0.00001,0.00002
36.01000,1.98000,0.99985,0.00000,0.00014,0.00000,0.00001
36.21000,1.98000,1.00000,0.00000,0.00000,0.00000,0.00000
36.41000,1.98000,0.99991,0.00000,0.00002,0.00003,0.00004
36.61000,1.98000,0.99990,0.00000,0.00002,0.00004,0.00004
36.81000,1.98000,0.99994,0.00000,0.00001,0.00002,0.00004
37.01000,1.98000,0.99996,0.00000,0.00000,0.00001,0.00003
37.21000,1.98000,0.99893,0.00000,0.00005,0.00017,0.00085
37.41000,1.98000,0.99854,0.00000,0.00010,0.00015,0.00120
37.61000,1.98000,0.99933,0.00000,0.00003,0.00008,0.00056
37.81000,1.98000,0.99939,0.00000,0.00007,0.00004,0.00049
38.01000,1.98000,0.99976,0.00000,0.00002,0.00000,0.00022
38.21000,1.98000,0.99984,0.00000,0.00008,0.00000,0.00008
38.41000,1.98000,0.99603,0.00001,0.00333,0.00003,0.00059
38.61000,1.98000,0.94564,0.00015,0.04766,0.00070,0.00585
38.81000,1.98000,0.87633,0.00066,0.10550,0.00211,0.01540
39.01000,1.98000,0.95538,0.00065,0.03767,0.00126,0.00504
39.21000,1.98000,0.78380,0.00071,0.19472,0.00566,0.01511
39.41000,1.98000,0.92315,0.00076,0.06439,0.00116,0.01053
39.61000,1.98000,0.88051,0.01121,0.06187,0.01208,0.03433
39.81000,1.98000,0.95110,0.00036,0.03905,0.00262,0.00687
40.01000,1.98000,0.99798,0.00015,0.00064,0.00024,0.00100
40.21000,1.98000,0.99635,0.00007,0.00036,0.00065,0.00257
40.41000,1.98000,0.99731,0.00006,0.00038,0.00043,0.00182
40.61000,1.98000,0.99657,0.00009,0.00035,0.00039,0.00260
40.81000,1.98000,0.99936,0.00003,0.00015,0.00004,0.00041
41.01000,1.98000,0.99830,0.00006,0.00047,0.00016,0.00100
41.21000,1.98000,0.96467,0.00044,0.01263,0.00878,0.01348
41.41000,1.98000,0.99887,0.00020,0.00020,0.00024,0.00050
41.61000,1.98000,0.99943,0.00001,0.00023,0.00006,0.00027
41.81000,1.98000,0.99984,0.00000,0.00008,0.00001,0.00007
42.01000,1.98000,0.99568,0.00001,0.00228,0.00062,0.00141
42.21000,1.98000,0.99729,0.00001,0.00099,0.00070,0.00101
42.41000,1.98000,0.99936,0.00002,0.00008,0.00025,0.00028
42.61000,1.98000,0.99944,0.00001,0.00011,0.00016,0.00029
42.81000,1.98000,0.99972,0.00000,0.00009,0.00004,0.00015
43.01000,1.98000,0.99983,0.00000,0.00006,0.00002,0.00009
43.21000,1.98000,0.99974,0.00000,0.00012,0.00002,0.00012
43.41000,1.98000,0.99993,0.00000,0.00003,0.00000,0.00003
43.61000,1.98000,0.99974,0.00000,0.00022,0.00001,0.00002
43.81000,1.98000,0.99911,0.00002,0.00078,0.00001,0.00008
44.01000,1.98000,0.99709,0.00006,0.00245,0.00005,0.00036
44.21000,1.98000,0.96379,0.00007,0.03242,0.00075,0.00296
44.41000,1.98000,0.84915,0.00008,0.14112,0.00167,0.00799
44.61000,1.98000,0.93757,0.00007,0.05353,0.00128,0.00756
44.81000,1.98000,0.92400,0.00018,0.06195,0.00151,0.01236
45.01000,1.98000,0.87145,0.00029,0.10015,0.00435,0.02376
45.21000,1.98000,0.93262,0.00012,0.04725,0.00212,0.01789
45.41000,1.98000,0.99509,0.00007,0.00056,0.00035,0.00393
45.61000,1.98000,0.95886,0.00008,0.00191,0.00614,0.03301
45.81000,1.98000,0.93655,0.00014,0.00208,0.01248,0.04875
46.01000,1.98000,0.98087,0.00002,0.00080,0.00239,0.01591
46.21000,1.98000,0.97705,0.00002,0.00184,0.00155,0.01954
46.41000,1.98000,0.99240,0.00000,0.00076,0.00026,0.00657
46.61000,1.98000,0.99594,0.00000,0.00058,0.00024,0.00324
46.81000,1.98000,0.99825,0.00000,0.00068,0.00004,0.00104
47.01000,1.98000,0.99788,0.00000,0.00089,0.00003,0.00120
47.21000,1.98000,0.99968,0.00000,0.00018,0.00000,0.00014
47.41000,1.98000,0.99979,0.00000,0.00011,0.00000,0.00010
47.61000,1.98000,0.99571,0.00000,0.00422,0.00000,0.00008
47.81000,1.98000,0.99482,0.00000,0.00513,0.00000,0.00004
48.01000,1.98000,0.92265,0.00001,0.07574,0.00003,0.00157
48.21000,1.98000,0.76766,0.00001,0.22916,0.00011,0.00307
48.41000,1.98000,0.67466,0.00001,0.32119,0.00022,0.00391
48.61000,1.98000,0.29755,0.00008,0.68609,0.00120,0.01508
48.81000,1.98000,0.80540,0.00063,0.18440,0.00132,0.00825
49.01000,1.98000,0.99043,0.00007,0.00917,0.00005,0.00028
49.21000,1.98000,0.99358,0.00001,0.00630,0.00004,0.00007
49.41000,1.98000,0.98845,0.00001,0.01040,0.00049,0.00065
49.61000,1.98000,0.99408,0.00001,0.00242,0.00116,0.00232
49.81000,1.98000,0.99770,0.00001,0.00069,0.00088,0.00073
50.01000,1.98000,0.98860,0.00003,0.00232,0.00673,0.00231
50.21000,1.98000,0.99278,0.00002,0.00155,0.00345,0.00220
50.41000,1.98000,0.99884,0.00001,0.00031,0.00037,0.00047
50.61000,1.98000,0.99824,0.00002,0.00028,0.00082,0.00063
50.81000,1.98000,0.99655,0.00003,0.00060,0.00160,0.00121
51.01000,1.98000,0.99769,0.00005,0.00018,0.00110,0.00097
51.21000,1.98000,0.99940,0.00001,0.00008,0.00024,0.00027
51.41000,1.98000,0.99493,0.00004,0.00069,0.00184,0.00251
51.61000,1.98000,0.99808,0.00001,0.00029,0.00034,0.00127
51.81000,1.98000,0.99943,0.00001,0.00013,0.00007,0.00036
52.01000,1.98000,0.99946,0.00001,0.00011,0.00005,0.00038
52.21000,1.98000,0.99911,0.00001,0.00016,0.00009,0.00062
52.41000,1.98000,0.99963,0.00001,0.00004,0.00001,0.00031
52.61000,1.98000,0.99905,0.00010,0.00033,0.00001,0.00050
52.81000,1.98000,0.99131,0.00025,0.00692,0.00007,0.00145
53.01000,1.98000,0.94638,0.00032,0.04646,0.00018,0.00665
53.21000,1.98000,0.88849,0.00043,0.09647,0.00036,0.01427
53.41000,1.98000,0.95237,0.00132,0.03618,0.00027,0.00986
53.61000,1.98000,0.95727,0.00543,0.02588,0.00050,0.01092
53.81000,1.98000,0.95321,0.00057,0.03969,0.00024,0.00630
54.01000,1.98000,0.96734,0.00168,0.02400,0.00042,0.00657
54.21000,1.98000,0.93200,0.00020,0.06280,0.00056,0.00445
54.41000,1.98000,0.99803,0.00002,0.00161,0.00003,0.00030
54.61000,1.98000,0.99910,0.00001,0.00025,0.00003,0.00060
54.81000,1.98000,0.99894,0.00010,0.00007,0.00009,0.00080
55.01000,1.98000,0.99652,0.00127,0.00014,0.00036,0.00171
55.21000,1.98000,0.99408,0.00399,0.00007,0.00051,0.00135
55.41000,1.98000,0.99210,0.00567,0.00003,0.00062,0.00156
55.61000,1.98000,0.99395,0.00376,0.00006,0.00072,0.00151
55.81000,1.98000,0.96332,0.03265,0.00003,0.00232,0.00168
56.01000,1.98000,0.98209,0.01186,0.00006,0.00397,0.00201
56.21000,1.98000,0.99734,0.00213,0.00001,0.00024,0.00028
56.41000,1.98000,0.99620,0.00213,0.00005,0.00100,0.00062
56.61000,1.98000,0.99976,0.00017,0.00000,0.00003,0.00003
56.81000,1.98000,0.99944,0.00005,0.00003,0.00022,0.00025
57.01000,1.98000,0.99999,0.00000,0.00000,0.00000,0.00001
57.21000,1.98000,0.99960,0.00001,0.00011,0.00007,0.00021
57.41000,1.98000,0.99987,0.00000,0.00006,0.00002,0.00005
57.61000,1.98000,0.99957,0.00000,0.00019,0.00005,0.00019
57.81000,1.98000,0.99989,0.00000,0.00003,0.00000,0.00007
58.01000,1.98000,0.99925,0.00000,0.00059,0.00001,0.00014
58.21000,1.98000,0.99975,0.00001,0.00022,0.00000,0.00002
58.41000,1.98000,0.82944,0.00005,0.16653,0.00043,0.00355
58.61000,1.98000,0.68261,0.00019,0.30804,0.00114,0.00803
58.81000,1.98000,0.77966,0.00024,0.21060,0.00125,0.00826
59.01000,1.98000,0.94316,0.00037,0.05282,0.00058,0.00307
59.21000,1.98000,0.87973,0.00034,0.11055,0.00242,0.00696
59.41000,1.98000,0.98261,0.00033,0.01461,0.00029,0.00215
59.61000,1.98000,0.98853,0.00006,0.01046,0.00030,0.00065
59.81000,1.98000,0.99885,0.00004,0.00092,0.00007,0.00013
60.01000,1.98000,0.99862,0.00001,0.00043,0.00034,0.00059
60.21000,1.98000,0.99934,0.00002,0.00011,0.00018,0.00036
60.41000,1.98000,0.99815,0.00001,0.00052,0.00036,0.00096
60.61000,1.98000,0.99713,0.00001,0.00077,0.00040,0.00168
60.81000,1.98000,0.99989,0.00000,0.00006,0.00000,0.00005
61.01000,1.98000,0.99974,0.00000,0.00016,0.00001,0.00010
61.21000,1.98000,0.99747,0.00000,0.00067,0.00005,0.00181
61.41000,1.98000,0.99979,0.00000,0.00008,0.00000,0.00013
61.61000,1.98000,0.99934,0.00000,0.00026,0.00000,0.00039
61.81000,1.98000,0.99848,0.00000,0.00076,0.00000,0.00075
62.01000,1.98000,0.99876,0.00000,0.00055,0.00000,0.00069
62.21000,1.98000,0.99776,0.00000,0.00213,0.00000,0.00011
62.41000,1.98000,0.98473,0.00000,0.01456,0.00000,0.00071
62.61000,1.98000,0.93642,0.00007,0.05855,0.00002,0.00494
62.81000,1.98000,0.80640,0.00012,0.18367,0.00012,0.00970
63.01000,1.98000,0.73747,0.00018,0.25546,0.00042,0.00648
63.21000,1.98000,0.63764,0.00015,0.35627,0.00084,0.00511
63.41000,1.98000,0.88662,0.00105,0.10519,0.00079,0.00636
63.61000,1.98000,0.95644,0.00018,0.04171,0.00042,0.00125
63.81000,1.98000,0.98484,0.00006,0.01461,0.00022,0.00028
64.01000,1.98000,0.99925,0.00000,0.00060,0.00004,0.00011
64.21000,1.98000,0.99944,0.00000,0.00022,0.00007,0.00027
64.41000,1.98000,0.99104,0.00004,0.00291,0.00159,0.00442
64.61000,1.98000,0.99739,0.00001,0.00098,0.00019,0.00143
64.81000,1.98000,0.99881,0.00000,0.00054,0.00003,0.00062
65.01000,1.98000,0.99924,0.00000,0.00028,0.00000,0.00048
65.21000,1.98000,0.99502,0.00000,0.00027,0.00000,0.00471
65.41000,1.98000,0.88622,0.00000,0.00357,0.00001,0.11020
65.61000,1.98000,0.99910,0.00000,0.00004,0.00000,0.00086
65.81000,1.98000,0.98891,0.00000,0.00210,0.00000,0.00899
66.01000,1.98000,0.98580,0.00000,0.00824,0.00000,0.00595
66.21000,1.98000,0.93664,0.00001,0.01967,0.00000,0.04368
66.41000,1.98000,0.57024,0.00003,0.15558,0.00004,0.27411
66.61000,1.98000,0.68899,0.00004,0.15104,0.00003,0.15991
66.81000,1.98000,0.69162,0.00009,0.23228,0.00022,0.07579
67.01000,1.98000,0.79934,0.00053,0.17507,0.00193,0.02313
67.21000,1.98000,0.99441,0.00022,0.00439,0.00012,0.00087
67.41000,1.98000,0.98984,0.00002,0.00961,0.00012,0.00042
67.61000,1.98000,0.99530,0.00001,0.00424,0.00014,0.00031
67.81000,1.98000,0.99829,0.00002,0.00079,0.00029,0.00062
68.01000,1.98000,0.99959,0.00000,0.00019,0.00007,0.00016
68.21000,1.98000,0.99983,0.00000,0.00009,0.00002,0.00006
68.41000,1.98000,0.99958,0.00000,0.00022,0.00005,0.00015
68.61000,1.98000,0.99826,0.00000,0.00111,0.00007,0.00056
68.81000,1.98000,0.99311,0.00000,0.00507,0.00003,0.00179
69.01000,1.98000,0.99921,0.00000,0.00040,0.00000,0.00039
69.21000,1.98000,0.99856,0.00000,0.00113,0.00000,0.00031
69.41000,1.98000,0.99991,0.00000,0.00005,0.00000,0.00004
69.61000,1.98000,0.99934,0.00000,0.00051,0.00000,0.00015
69.81000,1.98000,0.98248,0.00000,0.01620,0.00000,0.00132
70.01000,1.98000,0.89797,0.00000,0.09816,0.00000,0.00387
70.21000,1.98000,0.73098,0.00000,0.25205,0.00001,0.01696
70.41000,1.98000,0.72354,0.00000,0.25862,0.00002,0.01782
70.61000,1.98000,0.88372,0.00000,0.10359,0.00007,0.01261
70.81000,1.98000,0.94036,0.00002,0.05353,0.00022,0.00587
71.01000,1.98000,0.93289,0.00007,0.05653,0.00116,0.00936
71.21000,1.98000,0.96822,0.00002,0.02832,0.00060,0.00284
71.41000,1.98000,0.99916,0.00001,0.00046,0.00009,0.00029
71.61000,1.98000,0.99930,0.00000,0.00020,0.00008,0.00042
71.81000,1.98000,0.99904,0.00000,0.00032,0.00019,0.00045
72.01000,1.98000,0.99758,0.00000,0.00076,0.00060,0.00105
72.21000,1.98000,0.99920,0.00000,0.00033,0.00012,0.00035
72.41000,1.98000,0.99899,0.00000,0.00077,0.00003,0.00021
72.61000,1.98000,0.99583,0.00000,0.00244,0.00006,0.00166
72.81000,1.98000,0.99186,0.00000,0.00278,0.00003,0.00533
73.01000,1.98000,0.99967,0.00000,0.00017,0.00000,0.00015
73.21000,1.98000,0.99978,0.00000,0.00010,0.00000,0.00012
73.41000,1.98000,0.99436,0.00000,0.00516,0.00000,0.00048
73.61000,1.98000,0.95716,0.00000,0.04146,0.00000,0.00138
73.81000,1.98000,0.63892,0.00000,0.33750,0.00002,0.02356
74.01000,1.98000,0.65360,0.00000,0.30440,0.00003,0.04198
74.21000,1.98000,0.54498,0.00000,0.39133,0.00008,0.06360
74.41000,1.98000,0.67381,0.00001,0.28506,0.00031,0.04081
74.61000,1.98000,0.79569,0.00006,0.17946,0.00094,0.02385
74.81000,1.98000,0.86296,0.00005,0.12649,0.00164,0.00886
75.01000,1.98000,0.97148,0.00001,0.02713,0.00040,0.00099
75.21000,1.98000,0.99820,0.00000,0.00158,0.00011,0.00011
75.41000,1.98000,0.99984,0.00000,0.00010,0.00002,0.00004
75.61000,1.98000,0.99970,0.00000,0.00016,0.00008,0.00007
75.81000,1.98000,0.99998,0.00000,0.00001,0.00001,0.00000
76.01000,1.98000,0.99998,0.00000,0.00001,0.00000,0.00001
76.21000,1.98000,0.99998,0.00000,0.00001,0.00001,0.00001
76.41000,1.98000,0.99997,0.00000,0.00001,0.00001,0.00001
76.61000,1.98000,0.99972,0.00000,0.00008,0.00007,0.00012
76.81000,1.98000,0.99933,0.00001,0.00017,0.00010,0.00039
77.01000,1.98000,0.99968,0.00000,0.00006,0.00003,0.00022
77.21000,1.98000,0.99969,0.00000,0.00017,0.00001,0.00013
77.41000,1.98000,0.99803,0.00001,0.00189,0.00001,0.00006
77.61000,1.98000,0.98288,0.00041,0.01590,0.00013,0.00068
77.81000,1.98000,0.92195,0.00065,0.07540,0.00048,0.00152
78.01000,1.98000,0.55006,0.00160,0.43896,0.00329,0.00609
78.21000,1.98000,0.91759,0.00072,0.08013,0.00035,0.00121
78.41000,1.98000,0.89954,0.00032,0.09789,0.00031,0.00195
78.61000,1.98000,0.84737,0.00107,0.14695,0.00103,0.00358
78.81000,1.98000,0.87987,0.00084,0.11595,0.00081,0.00253
79.01000,1.98000,0.94144,0.00049,0.05635,0.00066,0.00106
79.21000,1.98000,0.99920,0.00003,0.00042,0.00004,0.00031
79.41000,1.98000,0.99548,0.00001,0.00138,0.00061,0.00252
79.61000,1.98000,0.99931,0.00000,0.00029,0.00006,0.00034
79.81000,1.98000,0.99979,0.00000,0.00010,0.00002,0.00009
80.01000,1.98000,0.99993,0.00000,0.00004,0.00000,0.00003
80.21000,1.98000,0.99989,0.00000,0.00007,0.00000,0.00004
80.41000,1.98000,0.99992,0.00000,0.00005,0.00000,0.00003
80.61000,1.98000,0.99983,0.00000,0.00017,0.00000,0.00000
80.81000,1.98000,0.99875,0.00000,0.00125,0.00000,0.00000
81.01000,1.98000,0.83589,0.00000,0.16389,0.00004,0.00018
81.21000,1.98000,0.57869,0.00001,0.42046,0.00028,0.00056
81.41000,1.98000,0.56209,0.00001,0.43707,0.00038,0.00044
81.61000,1.98000,0.48770,0.00008,0.51106,0.00065,0.00051
81.81000,1.98000,0.91430,0.00009,0.08537,0.00010,0.00013
82.01000,1.98000,0.99148,0.00001,0.00848,0.00001,0.00002
82.21000,1.98000,0.99343,0.00001,0.00653,0.00001,0.00001
82.41000,1.98000,0.99974,0.00001,0.00024,0.00000,0.00000
82.61000,1.98000,0.99988,0.00001,0.00001,0.00004,0.00006
82.81000,1.98000,0.99958,0.00001,0.00008,0.00018,0.00015
83.01000,1.98000,0.99873,0.00006,0.00011,0.00063,0.00046
83.21000,1.98000,0.99920,0.00004,0.00009,0.00027,0.00041
83.41000,1.98000,0.99985,0.00001,0.00002,0.00002,0.00011
83.61000,1.98000,0.99903,0.00006,0.00018,0.00004,0.00068
83.81000,1.98000,0.99722,0.00035,0.00215,0.00003,0.00024
84.01000,1.98000,0.99415,0.00098,0.00439,0.00004,0.00044
84.21000,1.98000,0.79198,0.00116,0.19805,0.00062,0.00819
84.41000,1.98000,0.38326,0.00016,0.60917,0.00058,0.00682
84.61000,1.98000,0.56759,0.00020,0.42097,0.00097,0.01027
84.81000,1.98000,0.66534,0.00010,0.32211,0.00060,0.01184
85.01000,1.98000,0.79733,0.00003,0.19025,0.00018,0.01221
85.21000,1.98000,0.93528,0.00002,0.06000,0.00007,0.00462
85.41000,1.98000,0.97549,0.00000,0.02355,0.00002,0.00094
85.61000,1.98000,0.99763,0.00000,0.00189,0.00000,0.00047
85.81000,1.98000,0.99558,0.00000,0.00082,0.00002,0.00358
86.01000,1.98000,0.99729,0.00000,0.00062,0.00004,0.00205
86.21000,1.98000,0.99893,0.00000,0.00044,0.00000,0.00063
86.41000,1.98000,0.99341,0.00000,0.00323,0.00000,0.00336
86.61000,1.98000,0.98416,0.00000,0.00795,0.00000,0.00789
86.81000,1.98000,0.99662,0.00000,0.00164,0.00000,0.00174
87.01000,1.98000,0.99990,0.00000,0.00006,0.00000,0.00004
87.21000,1.98000,0.99891,0.00000,0.00087,0.00000,0.00021
87.41000,1.98000,0.99864,0.00000,0.00135,0.00000,0.00001
87.61000,1.98000,0.98441,0.00000,0.01544,0.00000,0.00015
87.81000,1.98000,0.87325,0.00000,0.12496,0.00000,0.00179
88.01000,1.98000,0.73866,0.00000,0.25548,0.00001,0.00585
88.21000,1.98000,0.80946,0.00001,0.18701,0.00002,0.00351
88.41000,1.98000,0.98168,0.00001,0.01763,0.00001,0.00066
88.61000,1.98000,0.99549,0.00007,0.00422,0.00001,0.00021
88.81000,1.98000,0.99932,0.00004,0.00061,0.00001,0.00003
89.01000,1.98000,0.99769,0.00001,0.00224,0.00002,0.00005
89.21000,1.98000,0.99954,0.00000,0.00022,0.00002,0.00022
89.41000,1.98000,0.99938,0.00001,0.00010,0.00008,0.00044
89.61000,1.98000,0.99890,0.00000,0.00025,0.00030,0.00055
89.81000,1.98000,0.99769,0.00001,0.00044,0.00029,0.00157
90.01000,1.98000,0.99943,0.00000,0.00007,0.00004,0.00046
90.21000,1.98000,0.99927,0.00001,0.00008,0.00003,0.00062
90.41000,1.98000,0.99955,0.00000,0.00005,0.00002,0.00038
90.61000,1.98000,0.99897,0.00000,0.00029,0.00003,0.00071
90.81000,1.98000,0.99305,0.00000,0.00048,0.00003,0.00644
91.01000,1.98000,0.92930,0.00001,0.00233,0.00015,0.06822
91.21000,1.98000,0.99336,0.00000,0.00021,0.00001,0.00642
91.41000,1.98000,0.99108,0.00000,0.00103,0.00000,0.00788
91.61000,1.98000,0.98620,0.00001,0.00339,0.00000,0.01040
91.81000,1.98000,0.99650,0.00002,0.00190,0.00000,0.00158
92.01000,1.98000,0.68443,0.00012,0.21659,0.00014,0.09871
92.21000,1.98000,0.54953,0.00012,0.32611,0.00018,0.12407
92.41000,1.98000,0.53092,0.00012,0.40390,0.00016,0.06491
92.61000,1.98000,0.55004,0.00022,0.40400,0.00042,0.04532
92.81000,1.98000,0.90784,0.00043,0.07161,0.00031,0.01980
93.01000,1.98000,0.99229,0.00015,0.00662,0.00003,0.00091
93.21000,1.98000,0.98871,0.00006,0.01046,0.00003,0.00075
93.41000,1.98000,0.99947,0.00001,0.00045,0.00000,0.00007
93.61000,1.98000,0.99943,0.00000,0.00025,0.00000,0.00032
93.81000,1.98000,0.99953,0.00000,0.00021,0.00001,0.00025
94.01000,1.98000,0.99935,0.00000,0.00034,0.00001,0.00030
94.21000,1.98000,0.99977,0.00000,0.00016,0.00000,0.00007
94.41000,1.98000,0.99953,0.00000,0.00042,0.00000,0.00006
94.61000,1.98000,0.99961,0.00000,0.00032,0.00000,0.00007
94.81000,1.98000,0.99983,0.00000,0.00010,0.00000,0.00007
95.01000,1.98000,0.99954,0.00000,0.00025,0.00000,0.00020
95.21000,1.98000,0.99750,0.00001,0.00205,0.00001,0.00044
95.41000,1.98000,0.94727,0.00022,0.04296,0.00130,0.00825
95.61000,1.98000,0.97685,0.00018,0.01663,0.00046,0.00588
95.81000,1.98000,0.84784,0.00035,0.11765,0.00328,0.03088
96.01000,1.98000,0.97213,0.00010,0.02191,0.00037,0.00549
96.21000,1.98000,0.96657,0.00006,0.02602,0.00031,0.00704
96.41000,1.98000,0.98860,0.00000,0.01027,0.00001,0.00111
96.61000,1.98000,0.99634,0.00000,0.00352,0.00000,0.00014
96.81000,1.98000,0.99950,0.00000,0.00048,0.00000,0.00002
97.01000,1.98000,0.99973,0.00000,0.00021,0.00000,0.00006
97.21000,1.98000,0.99945,0.00000,0.00046,0.00000,0.00009
97.41000,1.98000,0.99960,0.00000,0.00036,0.00000,0.00004
97.61000,1.98000,0.99814,0.00000,0.00182,0.00000,0.00004
97.81000,1.98000,0.99914,0.00000,0.00085,0.00000,0.00001
98.01000,1.98000,0.90695,0.00000,0.09240,0.00002,0.00063
98.21000,1.98000,0.47333,0.00006,0.51831,0.00037,0.00792
98.41000,1.98000,0.74411,0.00007,0.25181,0.00032,0.00369
98.61000,1.98000,0.91640,0.00001,0.08276,0.00007,0.00077
98.81000,1.98000,0.80402,0.00011,0.19006,0.00047,0.00533
99.01000,1.98000,0.99331,0.00002,0.00626,0.00002,0.00039
99.21000,1.98000,0.99774,0.00001,0.00212,0.00002,0.00012
99.41000,1.98000,0.99914,0.00000,0.00066,0.00006,0.00014
99.61000,1.98000,0.99920,0.00000,0.00005,0.00022,0.00052
99.81000,1.98000,0.99893,0.00000,0.00010,0.00027,0.00070
100.01000,1.98000,0.99822,0.00003,0.00008,0.00050,0.00117
100.21000,1.98000,0.98471,0.00029,0.00204,0.00206,0.01090
100.41000,1.98000,0.98374,0.00031,0.00681,0.00226,0.00688
100.61000,1.98000,0.91096,0.00152,0.03698,0.01483,0.03571
100.81000,1.98000,0.66543,0.00364,0.12011,0.05546,0.15537
101.01000,1.98000,0.50506,0.00115,0.29223,0.05287,0.14870
101.21000,1.98000,0.78599,0.00043,0.15045,0.01574,0.04739
101.41000,1.98000,0.79321,0.00025,0.16783,0.00801,0.03070
101.61000,1.98000,0.80423,0.00030,0.14988,0.00781,0.03778
101.81000,1.98000,0.95767,0.00009,0.03284,0.00272,0.00667
102.01000,1.98000,0.99805,0.00001,0.00122,0.00027,0.00045
102.21000,1.98000,0.99965,0.00000,0.00006,0.00004,0.00025
102.41000,1.98000,0.99940,0.00000,0.00002,0.00023,0.00034
102.61000,1.98000,0.99772,0.00000,0.00007,0.00063,0.00157
102.81000,1.98000,0.98737,0.00001,0.00017,0.00085,0.01160
103.01000,1.98000,0.99359,0.00005,0.00022,0.00023,0.00591
103.21000,1.98000,0.99538,0.00028,0.00094,0.00023,0.00317
103.41000,1.98000,0.94910,0.00101,0.01122,0.00260,0.03607
103.61000,1.98000,0.66127,0.00395,0.09641,0.02126,0.21711
103.81000,1.98000,0.74173,0.00438,0.06854,0.01793,0.16742
104.01000,1.98000,0.81028,0.00039,0.10198,0.00817,0.07918
104.21000,1.98000,0.75318,0.00071,0.18507,0.00811,0.05292
104.41000,1.98000,0.70843,0.00179,0.25687,0.00606,0.02685
104.61000,1.98000,0.98855,0.00040,0.00911,0.00049,0.00146
104.81000,1.98000,0.99765,0.00011,0.00156,0.00025,0.00043
105.01000,1.98000,0.99981,0.00001,0.00004,0.00003,0.00011
105.21000,1.98000,0.99595,0.00002,0.00059,0.00109,0.00235
105.41000,1.98000,0.99816,0.00002,0.00023,0.00050,0.00109
105.61000,1.98000,0.99830,0.00001,0.00035,0.00043,0.00092
105.81000,1.98000,0.99959,0.00000,0.00014,0.00006,0.00021
106.01000,1.98000,0.99958,0.00000,0.00016,0.00005,0.00021
106.21000,1.98000,0.99983,0.00000,0.00009,0.00001,0.00007
106.41000,1.98000,0.99958,0.00000,0.00024,0.00001,0.00017
106.61000,1.98000,0.99992,0.00000,0.00005,0.00000,0.00003
106.81000,1.98000,0.99937,0.00000,0.00056,0.00000,0.00008
107.01000,1.98000,0.99437,0.00000,0.00562,0.00000,0.00001
107.21000,1.98000,0.90804,0.00000,0.09163,0.00004,0.00029
107.41000,1.98000,0.71337,0.00002,0.28547,0.00018,0.00096
107.61000,1.98000,0.71822,0.00004,0.28063,0.00020,0.00092
107.81000,1.98000,0.82904,0.00008,0.16893,0.00022,0.00173
108.01000,1.98000,0.94225,0.00004,0.05703,0.00007,0.00061
108.21000,1.98000,0.99444,0.00003,0.00543,0.00000,0.00009
108.41000,1.98000,0.99135,0.00001,0.00859,0.00001,0.00004
108.61000,1.98000,0.99511,0.00000,0.00484,0.00001,0.00003
108.81000,1.98000,0.99973,0.00000,0.00019,0.00001,0.00008
109.01000,1.98000,0.99925,0.00000,0.00045,0.00004,0.00027
109.21000,1.98000,0.99964,0.00000,0.00025,0.00001,0.00010
109.41000,1.98000,0.99948,0.00000,0.00040,0.00001,0.00011
109.61000,1.98000,0.99951,0.00000,0.00038,0.00000,0.00010
109.81000,1.98000,0.99941,0.00000,0.00055,0.00000,0.00004
110.01000,1.98000,0.99543,0.00000,0.00456,0.00000,0.00001
110.21000,1.98000,0.94083,0.00000,0.05910,0.00001,0.00006
110.41000,1.98000,0.83888,0.00001,0.16083,0.00005,0.00023
110.61000,1.98000,0.89029,0.00002,0.10922,0.00007,0.00040
110.81000,1.98000,0.72264,0.00006,0.27609,0.00035,0.00087
111.01000,1.98000,0.66209,0.00022,0.33546,0.00079,0.00145
111.21000,1.98000,0.94338,0.00047,0.05517,0.00045,0.00053
111.41000,1.98000,0.99744,0.00004,0.00248,0.00003,0.00001
111.61000,1.98000,0.99910,0.00000,0.00087,0.00001,0.00001
111.81000,1.98000,0.99999,0.00000,0.00001,0.00000,0.00000
112.01000,1.98000,0.99997,0.00000,0.00002,0.00000,0.00001
112.21000,1.98000,0.99995,0.00000,0.00003,0.00000,0.00001
112.41000,1.98000,0.99990,0.00000,0.00005,0.00001,0.00003
112.61000,1.98000,0.99987,0.00000,0.00009,0.00001,0.00003
112.81000,1.98000,0.99990,0.00000,0.00007,0.00000,0.00002
113.01000,1.98000,0.99976,0.00000,0.00016,0.00000,0.00007
113.21000,1.98000,0.99992,0.00000,0.00006,0.00000,0.00002
113.41000,1.98000,0.99971,0.00000,0.00026,0.00000,0.00003
113.61000,1.98000,0.99723,0.00000,0.00262,0.00000,0.00015
113.81000,1.98000,0.90317,0.00000,0.09374,0.00022,0.00288
114.01000,1.98000,0.75337,0.00001,0.23525,0.00084,0.01053
114.21000,1.98000,0.55709,0.00001,0.40811,0.00126,0.03353
114.41000,1.98000,0.74485,0.00003,0.21920,0.00180,0.03412
114.61000,1.98000,0.89772,0.00005,0.07617,0.00091,0.02515
114.81000,1.98000,0.94057,0.00002,0.04269,0.00044,0.01628
115.01000,1.98000,0.98984,0.00000,0.00922,0.00004,0.00091
115.21000,1.98000,0.99673,0.00000,0.00259,0.00006,0.00061
115.41000,1.98000,0.99928,0.00000,0.00036,0.00001,0.00035
115.61000,1.98000,0.99956,0.00000,0.00030,0.00001,0.00013
115.81000,1.98000,0.99965,0.00000,0.00024,0.00000,0.00010
116.01000,1.98000,0.99854,0.00000,0.00127,0.00001,0.00018
116.21000,1.98000,0.99981,0.00000,0.00016,0.00000,0.00003
116.41000,1.98000,0.99972,0.00000,0.00025,0.00000,0.00003
116.61000,1.98000,0.99956,0.00000,0.00040,0.00000,0.00003
116.81000,1.98000,0.99946,0.00000,0.00052,0.00000,0.00002
117.01000,1.98000,0.98947,0.00000,0.01030,0.00000,0.00023
117.21000,1.98000,0.78824,0.00001,0.20763,0.00011,0.00401
117.41000,1.98000,0.77371,0.00001,0.21517,0.00017,0.01094
117.61000,1.98000,0.39999,0.00003,0.57008,0.00091,0.02900
117.81000,1.98000,0.39714,0.00008,0.56879,0.00192,0.03207
118.01000,1.98000,0.53636,0.00009,0.43437,0.00162,0.02756
118.21000,1.98000,0.78671,0.00044,0.17356,0.00131,0.03799
118.41000,1.98000,0.86158,0.00045,0.11072,0.00292,0.02434
118.61000,1.98000,0.99247,0.00006,0.00456,0.00062,0.00229
118.81000,1.98000,0.99639,0.00001,0.00087,0.00026,0.00247
119.01000,1.98000,0.99854,0.00003,0.00021,0.00019,0.00103
119.21000,1.98000,0.99896,0.00003,0.00020,0.00011,0.00070
119.41000,1.98000,0.99825,0.00004,0.00036,0.00022,0.00114
119.61000,1.98000,0.99734,0.00003,0.00048,0.00033,0.00181
119.81000,1.98000,0.99573,0.00001,0.00138,0.00041,0.00246
120.01000,1.98000,0.99963,0.00000,0.00016,0.00001,0.00020
120.21000,1.98000,0.99967,0.00000,0.00013,0.00001,0.00018
120.41000,1.98000,0.99952,0.00001,0.00021,0.00001,0.00025
120.61000,1.98000,0.99990,0.00002,0.00004,0.00000,0.00004
120.81000,1.98000,0.99839,0.00039,0.00017,0.00008,0.00097
121.01000,1.98000,0.99929,0.00003,0.00037,0.00002,0.00029
121.21000,1.98000,0.99980,0.00012,0.00003,0.00000,0.00005
121.41000,1.98000,0.97179,0.00758,0.00684,0.00190,0.01189
121.61000,1.98000,0.92768,0.02340,0.02025,0.00681,0.02186
121.81000,1.98000,0.98441,0.01029,0.00194,0.00106,0.00230
122.01000,1.98000,0.99833,0.00073,0.00055,0.00018,0.00020
122.21000,1.98000,0.99989,0.00004,0.00004,0.00002,0.00001
122.41000,1.98000,0.99988,0.00001,0.00007,0.00004,0.00001
122.61000,1.98000,0.99999,0.00000,0.00000,0.00000,0.00000
122.81000,1.98000,1.00000,0.00000,0.00000,0.00000,0.00000
123.01000,1.98000,1.00000,0.00000,0.00000,0.00000,0.00000
123.21000,1.98000,1.00000,0.00000,0.00000,0.00000,0.00000
123.41000,1.98000,1.00000,0.00000,0.00000,0.00000,0.00000
