Time (seconds), Duration (seconds),pred_(unlabeled),pred_On,pred_Off,pred_Dimmer,pred_Lighter
0.01000,1.98000,0.99997,0.00000,0.00003,0.00000,0.00001
0.21000,1.98000,0.99997,0.00000,0.00002,0.00000,0.00001
0.41000,1.98000,0.99995,0.00000,0.00003,0.00000,0.00001
0.61000,1.98000,0.99997,0.00000,0.00002,0.00000,0.00001
0.81000,1.98000,0.99992,0.00000,0.00005,0.00000,0.00002
1.01000,1.98000,0.99988,0.00000,0.00011,0.00000,0.00001
1.21000,1.98000,0.99992,0.00000,0.00008,0.00000,0.00000
1.41000,1.98000,0.99957,0.00000,0.00043,0.00000,0.00001
1.61000,1.98000,0.92725,0.00001,0.07244,0.00001,0.00030
1.81000,1.98000,0.27775,0.00018,0.71961,0.00033,0.00213
2.01000,1.98000,0.97570,0.00000,0.02415,0.00000,0.00014
2.21000,1.98000,0.98830,0.00000,0.01161,0.00000,0.00009
2.41000,1.98000,0.97475,0.00000,0.02515,0.00000,0.00010
2.61000,1.98000,0.99652,0.00000,0.00347,0.00000,0.00000
2.81000,1.98000,0.99941,0.00000,0.00058,0.00000,0.00000
3.01000,1.98000,0.99989,0.00000,0.00011,0.00000,0.00000
3.21000,1.98000,0.99997,0.00000,0.00002,0.00000,0.00000
3.41000,1.98000,0.99985,0.00000,0.00011,0.00000,0.00004
3.61000,1.98000,0.99948,0.00000,0.00042,0.00000,0.00010
3.81000,1.98000,0.99951,0.00000,0.00034,0.00000,0.00014
4.01000,1.98000,0.99873,0.00000,0.00091,0.00001,0.00035
4.21000,1.98000,0.99910,0.00000,0.00063,0.00000,0.00027
4.41000,1.98000,0.99345,0.00000,0.00498,0.00009,0.00147
4.61000,1.98000,0.99924,0.00000,0.00043,0.00000,0.00033
4.81000,1.98000,0.99872,0.00000,0.00094,0.00001,0.00032
5.01000,1.98000,0.99973,0.00000,0.00015,0.00000,0.00012
5.21000,1.98000,0.99976,0.00000,0.00012,0.00000,0.00011
5.41000,1.98000,0.99931,0.00000,0.00043,0.00000,0.00026
5.61000,1.98000,0.99974,0.00000,0.00019,0.00000,0.00007
5.81000,1.98000,0.99997,0.00000,0.00002,0.00000,0.00001
6.01000,1.98000,0.99993,0.00000,0.00005,0.00000,0.00003
6.21000,1.98000,0.99996,0.00000,0.00002,0.00000,0.00001
6.41000,1.98000,0.99996,0.00000,0.00003,0.00000,0.00001
6.61000,1.98000,0.99997,0.00000,0.00002,0.00000,0.00001
6.81000,1.98000,0.99995,0.00000,0.00003,0.00000,0.00001
7.01000,1.98000,0.99996,0.00000,0.00003,0.00000,0.00001
7.21000,1.98000,0.99994,0.00000,0.00004,0.00000,0.00001
7.41000,1.98000,0.99996,0.00000,0.00003,0.00000,0.00001
7.61000,1.98000,0.99997,0.00000,0.00003,0.00000,0.00001
7.81000,1.98000,0.99996,0.00000,0.00003,0.00000,0.00001
8.01000,1.98000,0.99995,0.00000,0.00003,0.00000,0.00001
8.21000,1.98000,0.99996,0.00000,0.00003,0.00000,0.00001
8.41000,1.98000,0.99997,0.00000,0.00002,0.00000,0.00001
8.61000,1.98000,0.99998,0.00000,0.00001,0.00000,0.00001
8.81000,1.98000,0.99995,0.00000,0.00003,0.00000,0.00001
9.01000,1.98000,0.99997,0.00000,0.00002,0.00000,0.00001
9.21000,1.98000,0.99997,0.00000,0.00002,0.00000,0.00000
9.41000,1.98000,0.99993,0.00000,0.00007,0.00000,0.00000
9.61000,1.98000,0.99983,0.00000,0.00016,0.00000,0.00001
9.81000,1.98000,0.85989,0.00003,0.13802,0.00002,0.00204
10.01000,1.98000,0.76266,0.00019,0.23200,0.00014,0.00501
10.21000,1.98000,0.48164,0.00011,0.51465,0.00015,0.00345
10.41000,1.98000,0.96756,0.00006,0.03136,0.00003,0.00098
10.61000,1.98000,0.98988,0.00000,0.00993,0.00000,0.00019
10.81000,1.98000,0.99972,0.00000,0.00028,0.00000,0.00001
11.01000,1.98000,0.99955,0.00000,0.00045,0.00000,0.00000
11.21000,1.98000,0.99998,0.00000,0.00002,0.00000,0.00000
11.41000,1.98000,0.99998,0.00000,0.00001,0.00000,0.00001
11.61000,1.98000,0.99999,0.00000,0.00001,0.00000,0.00000
11.81000,1.98000,0.99998,0.00000,0.00001,0.00000,0.00000
12.01000,1.98000,0.99999,0.00000,0.00001,0.00000,0.00000
12.21000,1.98000,0.99999,0.00000,0.00001,0.00000,0.00000
12.41000,1.98000,0.99999,0.00000,0.00001,0.00000,0.00000
12.61000,1.98000,0.99999,0.00000,0.00001,0.00000,0.00000
12.81000,1.98000,0.99999,0.00000,0.00001,0.00000,0.00001
13.01000,1.98000,0.99998,0.00000,0.00001,0.00000,0.00001
13.21000,1.98000,0.99999,0.00000,0.00001,0.00000,0.00000
13.41000,1.98000,0.99999,0.00000,0.00001,0.00000,0.00001
13.61000,1.98000,0.99999,0.00000,0.00001,0.00000,0.00001
13.81000,1.98000,0.99997,0.00000,0.00002,0.00000,0.00001
14.01000,1.98000,0.99997,0.00000,0.00002,0.00000,0.00001
14.21000,1.98000,0.99966,0.00000,0.00019,0.00000,0.00015
14.41000,1.98000,0.99982,0.00000,0.00010,0.00000,0.00009
14.61000,1.98000,0.99687,0.00000,0.00129,0.00002,0.00182
14.81000,1.98000,0.99659,0.00000,0.00212,0.00006,0.00124
15.01000,1.98000,0.99671,0.00000,0.00160,0.00007,0.00161
15.21000,1.98000,0.99848,0.00000,0.00073,0.00005,0.00074
15.41000,1.98000,0.99959,0.00000,0.00019,0.00000,0.00022
15.61000,1.98000,0.99953,0.00000,0.00023,0.00000,0.00024
15.81000,1.98000,0.99995,0.00000,0.00002,0.00000,0.00002
16.01000,1.98000,0.99985,0.00000,0.00011,0.00000,0.00004
16.21000,1.98000,0.99996,0.00000,0.00003,0.00000,0.00001
16.41000,1.98000,0.99999,0.00000,0.00001,0.00000,0.00000
16.61000,1.98000,0.99995,0.00000,0.00004,0.00000,0.00002
16.81000,1.98000,0.99996,0.00000,0.00003,0.00000,0.00001
17.01000,1.98000,0.99996,0.00000,0.00003,0.00000,0.00001
17.21000,1.98000,0.99996,0.00000,0.00003,0.00000,0.00001
17.41000,1.98000,0.99995,0.00000,0.00004,0.00000,0.00001
17.61000,1.98000,0.99995,0.00000,0.00004,0.00000,0.00001
17.81000,1.98000,0.99997,0.00000,0.00002,0.00000,0.00001
18.01000,1.98000,0.99998,0.00000,0.00002,0.00000,0.00001
18.21000,1.98000,0.99993,0.00000,0.00006,0.00000,0.00001
18.41000,1.98000,0.99994,0.00000,0.00006,0.00000,0.00000
18.61000,1.98000,0.99990,0.00000,0.00010,0.00000,0.00000
18.81000,1.98000,0.97078,0.00006,0.02915,0.00000,0.00001
19.01000,1.98000,0.43261,0.00030,0.56555,0.00044,0.00109
19.21000,1.98000,0.22717,0.00122,0.77124,0.00022,0.00015
19.41000,1.98000,0.75104,0.00057,0.24684,0.00088,0.00068
19.61000,1.98000,0.98861,0.00004,0.01134,0.00000,0.00000
19.81000,1.98000,0.99863,0.00000,0.00137,0.00000,0.00000
20.01000,1.98000,0.99849,0.00000,0.00151,0.00000,0.00000
20.21000,1.98000,0.99988,0.00000,0.00012,0.00000,0.00000
20.41000,1.98000,0.99998,0.00000,0.00002,0.00000,0.00000
20.61000,1.98000,0.99999,0.00000,0.00000,0.00000,0.00000
20.81000,1.98000,1.00000,0.00000,0.00000,0.00000,0.00000
21.01000,1.98000,0.99999,0.00000,0.00000,0.00000,0.00000
21.21000,1.98000,0.99999,0.00000,0.00001,0.00000,0.00000
21.41000,1.98000,0.99999,0.00000,0.00000,0.00000,0.00000
21.61000,1.98000,0.99999,0.00000,0.00000,0.00000,0.00000
21.81000,1.98000,0.99999,0.00000,0.00000,0.00000,0.00000
22.01000,1.98000,0.99999,0.00000,0.00001,0.00000,0.00000
22.21000,1.98000,0.99999,0.00000,0.00001,0.00000,0.00000
22.41000,1.98000,0.99998,0.00000,0.00001,0.00000,0.00000
22.61000,1.98000,0.99997,0.00000,0.00002,0.00000,0.00001
22.81000,1.98000,0.99992,0.00000,0.00005,0.00000,0.00003
23.01000,1.98000,0.99979,0.00000,0.00009,0.00000,0.00011
23.21000,1.98000,0.99853,0.00000,0.00066,0.00005,0.00076
23.41000,1.98000,0.98711,0.00000,0.00367,0.00069,0.00853
23.61000,1.98000,0.99269,0.00000,0.00232,0.00022,0.00477
23.81000,1.98000,0.99046,0.00000,0.00237,0.00029,0.00689
24.01000,1.98000,0.99939,0.00000,0.00010,0.00000,0.00050
24.21000,1.98000,0.99901,0.00000,0.00013,0.00000,0.00086
24.41000,1.98000,0.99940,0.00000,0.00013,0.00000,0.00047
24.61000,1.98000,0.99951,0.00000,0.00021,0.00000,0.00028
24.81000,1.98000,0.99939,0.00000,0.00031,0.00000,0.00031
25.01000,1.98000,0.99991,0.00000,0.00007,0.00000,0.00002
25.21000,1.98000,0.99976,0.00000,0.00016,0.00000,0.00008
25.41000,1.98000,0.99941,0.00000,0.00039,0.00000,0.00020
25.61000,1.98000,0.99977,0.00000,0.00016,0.00000,0.00008
25.81000,1.98000,0.99980,0.00000,0.00011,0.00000,0.00009
26.01000,1.98000,0.99897,0.00000,0.00078,0.00000,0.00025
26.21000,1.98000,0.99955,0.00000,0.00029,0.00000,0.00016
26.41000,1.98000,0.99987,0.00000,0.00009,0.00000,0.00003
26.61000,1.98000,0.99986,0.00000,0.00012,0.00000,0.00002
26.81000,1.98000,0.99911,0.00000,0.00088,0.00000,0.00000
27.01000,1.98000,0.99116,0.00000,0.00883,0.00000,0.00000
27.21000,1.98000,0.94360,0.00005,0.05634,0.00001,0.00000
27.41000,1.98000,0.31312,0.00012,0.68664,0.00004,0.00008
27.61000,1.98000,0.65728,0.00021,0.34247,0.00003,0.00001
27.81000,1.98000,0.84499,0.00002,0.15494,0.00000,0.00005
28.01000,1.98000,0.99656,0.00000,0.00344,0.00000,0.00000
28.21000,1.98000,0.99236,0.00000,0.00764,0.00000,0.00000
28.41000,1.98000,0.99943,0.00000,0.00057,0.00000,0.00000
28.61000,1.98000,0.99983,0.00000,0.00017,0.00000,0.00000
28.81000,1.98000,0.99995,0.00000,0.00004,0.00000,0.00001
29.01000,1.98000,0.99999,0.00000,0.00001,0.00000,0.00000
29.21000,1.98000,0.99997,0.00000,0.00002,0.00000,0.00001
29.41000,1.98000,0.99997,0.00000,0.00002,0.00000,0.00001
29.61000,1.98000,0.99997,0.00000,0.00002,0.00000,0.00001
29.81000,1.98000,0.99998,0.00000,0.00002,0.00000,0.00001
30.01000,1.98000,0.99997,0.00000,0.00002,0.00000,0.00001
30.21000,1.98000,0.99994,0.00000,0.00004,0.00000,0.00002
30.41000,1.98000,0.99994,0.00000,0.00005,0.00000,0.00001
30.61000,1.98000,0.99953,0.00000,0.00039,0.00000,0.00009
30.81000,1.98000,0.99928,0.00000,0.00058,0.00000,0.00014
31.01000,1.98000,0.99780,0.00000,0.00176,0.00001,0.00043
31.21000,1.98000,0.99772,0.00000,0.00183,0.00001,0.00043
31.41000,1.98000,0.99737,0.00000,0.00224,0.00001,0.00038
31.61000,1.98000,0.99987,0.00000,0.00010,0.00000,0.00003
31.81000,1.98000,0.99967,0.00000,0.00026,0.00000,0.00007
32.01000,1.98000,0.99994,0.00000,0.00004,0.00000,0.00002
32.21000,1.98000,0.99993,0.00000,0.00005,0.00000,0.00003
32.41000,1.98000,0.99990,0.00000,0.00007,0.00000,0.00003
32.61000,1.98000,0.99988,0.00000,0.00009,0.00000,0.00003
32.81000,1.98000,0.99991,0.00000,0.00006,0.00000,0.00003
33.01000,1.98000,0.99965,0.00000,0.00024,0.00000,0.00011
33.21000,1.98000,0.99974,0.00000,0.00018,0.00000,0.00007
33.41000,1.98000,0.99988,0.00000,0.00009,0.00000,0.00004
33.61000,1.98000,0.99992,0.00000,0.00006,0.00000,0.00002
33.81000,1.98000,0.99992,0.00000,0.00006,0.00000,0.00002
34.01000,1.98000,0.99992,0.00000,0.00006,0.00000,0.00002
34.21000,1.98000,0.99999,0.00000,0.00001,0.00000,0.00000
34.41000,1.98000,0.99997,0.00000,0.00002,0.00000,0.00001
34.61000,1.98000,0.99997,0.00000,0.00002,0.00000,0.00001
34.81000,1.98000,0.99995,0.00000,0.00003,0.00000,0.00001
35.01000,1.98000,0.99996,0.00000,0.00003,0.00000,0.00001
35.21000,1.98000,0.99995,0.00000,0.00004,0.00000,0.00001
35.41000,1.98000,0.99995,0.00000,0.00004,0.00000,0.00001
35.61000,1.98000,0.99995,0.00000,0.00003,0.00000,0.00001
35.81000,1.98000,0.99995,0.00000,0.00004,0.00000,0.00001
36.01000,1.98000,0.99996,0.00000,0.00003,0.00000,0.00001
36.21000,1.98000,0.99995,0.00000,0.00004,0.00000,0.00002
36.41000,1.98000,0.99996,0.00000,0.00003,0.00000,0.00001
36.61000,1.98000,0.99995,0.00000,0.00004,0.00000,0.00001
36.81000,1.98000,0.99995,0.00000,0.00004,0.00000,0.00001
37.01000,1.98000,0.99993,0.00000,0.00005,0.00000,0.00002
37.21000,1.98000,0.99995,0.00000,0.00004,0.00000,0.00001
37.41000,1.98000,0.99984,0.00000,0.00014,0.00000,0.00001
37.61000,1.98000,0.99997,0.00000,0.00003,0.00000,0.00000
37.81000,1.98000,0.99030,0.00000,0.00968,0.00000,0.00002
38.01000,1.98000,0.95785,0.00001,0.04207,0.00001,0.00006
38.21000,1.98000,0.60987,0.00017,0.38902,0.00022,0.00072
38.41000,1.98000,0.93748,0.00003,0.06233,0.00003,0.00014
38.61000,1.98000,0.98110,0.00001,0.01884,0.00000,0.00004
38.81000,1.98000,0.99836,0.00000,0.00164,0.00000,0.00000
39.01000,1.98000,0.99945,0.00000,0.00054,0.00000,0.00000
39.21000,1.98000,0.99974,0.00000,0.00026,0.00000,0.00000
39.41000,1.98000,0.99992,0.00000,0.00005,0.00000,0.00003
39.61000,1.98000,0.99998,0.00000,0.00001,0.00000,0.00000
39.81000,1.98000,0.99997,0.00000,0.00002,0.00000,0.00001
40.01000,1.98000,0.99998,0.00000,0.00001,0.00000,0.00001
40.21000,1.98000,0.99998,0.00000,0.00001,0.00000,0.00001
40.41000,1.98000,0.99998,0.00000,0.00001,0.00000,0.00001
40.61000,1.98000,0.99998,0.00000,0.00001,0.00000,0.00001
40.81000,1.98000,0.99998,0.00000,0.00001,0.00000,0.00001
41.01000,1.98000,0.99998,0.00000,0.00001,0.00000,0.00001
41.21000,1.98000,0.99998,0.00000,0.00001,0.00000,0.00001
41.41000,1.98000,0.99998,0.00000,0.00001,0.00000,0.00001
41.61000,1.98000,0.99999,0.00000,0.00001,0.00000,0.00000
41.81000,1.98000,0.99998,0.00000,0.00001,0.00000,0.00001
42.01000,1.98000,0.99999,0.00000,0.00001,0.00000,0.00001
42.21000,1.98000,0.99998,0.00000,0.00001,0.00000,0.00001
42.41000,1.98000,0.99999,0.00000,0.00001,0.00000,0.00001
42.61000,1.98000,0.99998,0.00000,0.00001,0.00000,0.00001
42.81000,1.98000,0.99998,0.00000,0.00001,0.00000,0.00001
43.01000,1.98000,0.99998,0.00000,0.00001,0.00000,0.00001
43.21000,1.98000,0.99992,0.00000,0.00005,0.00000,0.00002
43.41000,1.98000,0.99997,0.00000,0.00002,0.00000,0.00001
43.61000,1.98000,0.99993,0.00000,0.00005,0.00000,0.00002
43.81000,1.98000,0.99998,0.00000,0.00002,0.00000,0.00001
44.01000,1.98000,0.99993,0.00000,0.00005,0.00000,0.00002
44.21000,1.98000,0.99991,0.00000,0.00006,0.00000,0.00003
44.41000,1.98000,0.99997,0.00000,0.00002,0.00000,0.00001
44.61000,1.98000,0.99998,0.00000,0.00001,0.00000,0.00001
44.81000,1.98000,0.99996,0.00000,0.00003,0.00000,0.00001
45.01000,1.98000,0.99993,0.00000,0.00006,0.00000,0.00002
45.21000,1.98000,0.99997,0.00000,0.00002,0.00000,0.00001
45.41000,1.98000,0.99995,0.00000,0.00004,0.00000,0.00001
45.61000,1.98000,0.99996,0.00000,0.00003,0.00000,0.00001
45.81000,1.98000,0.99993,0.00000,0.00005,0.00000,0.00002
46.01000,1.98000,0.99997,0.00000,0.00002,0.00000,0.00001
46.21000,1.98000,0.99996,0.00000,0.00003,0.00000,0.00001
46.41000,1.98000,0.99997,0.00000,0.00002,0.00000,0.00001
46.61000,1.98000,0.99991,0.00000,0.00007,0.00000,0.00002
46.81000,1.98000,0.99994,0.00000,0.00004,0.00000,0.00002
47.01000,1.98000,0.99987,0.00000,0.00010,0.00000,0.00003
47.21000,1.98000,0.99991,0.00000,0.00007,0.00000,0.00002
47.41000,1.98000,0.99987,0.00000,0.00009,0.00000,0.00003
47.61000,1.98000,0.99987,0.00000,0.00010,0.00000,0.00003
47.81000,1.98000,0.99984,0.00000,0.00012,0.00000,0.00004
48.01000,1.98000,0.99988,0.00000,0.00008,0.00000,0.00003
48.21000,1.98000,0.99995,0.00000,0.00003,0.00000,0.00001
48.41000,1.98000,0.99991,0.00000,0.00007,0.00000,0.00002
48.61000,1.98000,0.99989,0.00000,0.00009,0.00000,0.00003
48.81000,1.98000,0.99989,0.00000,0.00009,0.00000,0.00002
49.01000,1.98000,0.99994,0.00000,0.00005,0.00000,0.00001
49.21000,1.98000,0.99991,0.00000,0.00007,0.00000,0.00002
49.41000,1.98000,0.99989,0.00000,0.00008,0.00000,0.00002
49.61000,1.98000,0.99994,0.00000,0.00004,0.00000,0.00002
49.81000,1.98000,0.99993,0.00000,0.00005,0.00000,0.00002
50.01000,1.98000,0.99984,0.00000,0.00013,0.00000,0.00003
50.21000,1.98000,0.99992,0.00000,0.00007,0.00000,0.00001
50.41000,1.98000,0.99966,0.00000,0.00032,0.00000,0.00002
50.61000,1.98000,0.99995,0.00000,0.00005,0.00000,0.00000
50.81000,1.98000,0.91431,0.00001,0.08558,0.00001,0.00009
51.01000,1.98000,0.64096,0.00001,0.35805,0.00006,0.00092
51.21000,1.98000,0.24141,0.00026,0.75644,0.00039,0.00150
51.41000,1.98000,0.91415,0.00000,0.08550,0.00002,0.00033
51.61000,1.98000,0.99325,0.00000,0.00673,0.00000,0.00002
51.81000,1.98000,0.99789,0.00000,0.00211,0.00000,0.00000
52.01000,1.98000,0.99904,0.00000,0.00096,0.00000,0.00000
52.21000,1.98000,0.99978,0.00000,0.00022,0.00000,0.00000
52.41000,1.98000,0.99997,0.00000,0.00002,0.00000,0.00001
52.61000,1.98000,0.99997,0.00000,0.00002,0.00000,0.00001
52.81000,1.98000,0.99998,0.00000,0.00001,0.00000,0.00000
53.01000,1.98000,0.99998,0.00000,0.00001,0.00000,0.00001
53.21000,1.98000,0.99998,0.00000,0.00001,0.00000,0.00001
53.41000,1.98000,0.99998,0.00000,0.00001,0.00000,0.00001
53.61000,1.98000,0.99998,0.00000,0.00001,0.00000,0.00001
53.81000,1.98000,0.99998,0.00000,0.00001,0.00000,0.00001
54.01000,1.98000,0.99998,0.00000,0.00001,0.00000,0.00001
54.21000,1.98000,0.99997,0.00000,0.00002,0.00000,0.00001
54.41000,1.98000,0.99998,0.00000,0.00001,0.00000,0.00001
54.61000,1.98000,0.99998,0.00000,0.00001,0.00000,0.00001
54.81000,1.98000,0.99998,0.00000,0.00001,0.00000,0.00001
55.01000,1.98000,0.99998,0.00000,0.00001,0.00000,0.00001
55.21000,1.98000,0.99998,0.00000,0.00001,0.00000,0.00001
55.41000,1.98000,0.99998,0.00000,0.00001,0.00000,0.00001
55.61000,1.98000,0.99998,0.00000,0.00001,0.00000,0.00001
55.81000,1.98000,0.99998,0.00000,0.00001,0.00000,0.00001
56.01000,1.98000,0.99999,0.00000,0.00001,0.00000,0.00001
56.21000,1.98000,0.99998,0.00000,0.00001,0.00000,0.00001
56.41000,1.98000,0.99998,0.00000,0.00001,0.00000,0.00001
56.61000,1.98000,0.99998,0.00000,0.00001,0.00000,0.00001
56.81000,1.98000,0.99998,0.00000,0.00001,0.00000,0.00001
57.01000,1.98000,0.99998,0.00000,0.00001,0.00000,0.00001
57.21000,1.98000,0.99997,0.00000,0.00002,0.00000,0.00001
57.41000,1.98000,0.99999,0.00000,0.00001,0.00000,0.00000
57.61000,1.98000,0.99997,0.00000,0.00002,0.00000,0.00001
57.81000,1.98000,0.99997,0.00000,0.00002,0.00000,0.00001
58.01000,1.98000,0.99991,0.00000,0.00006,0.00000,0.00003
58.21000,1.98000,0.99993,0.00000,0.00004,0.00000,0.00002
58.41000,1.98000,0.99985,0.00000,0.00010,0.00000,0.00004
58.61000,1.98000,0.99994,0.00000,0.00004,0.00000,0.00002
58.81000,1.98000,0.99989,0.00000,0.00008,0.00000,0.00003
59.01000,1.98000,0.99997,0.00000,0.00002,0.00000,0.00001
59.21000,1.98000,0.99998,0.00000,0.00001,0.00000,0.00001
59.41000,1.98000,0.99997,0.00000,0.00002,0.00000,0.00001
59.61000,1.98000,0.99998,0.00000,0.00001,0.00000,0.00001
59.81000,1.98000,0.99995,0.00000,0.00004,0.00000,0.00001
60.01000,1.98000,0.99994,0.00000,0.00004,0.00000,0.00002
60.21000,1.98000,0.99975,0.00000,0.00020,0.00000,0.00006
60.41000,1.98000,0.99966,0.00000,0.00026,0.00000,0.00008
60.61000,1.98000,0.99979,0.00000,0.00016,0.00000,0.00005
60.81000,1.98000,0.99985,0.00000,0.00011,0.00000,0.00004
61.01000,1.98000,0.99981,0.00000,0.00015,0.00000,0.00005
61.21000,1.98000,0.99994,0.00000,0.00005,0.00000,0.00001
61.41000,1.98000,0.99999,0.00000,0.00001,0.00000,0.00000
61.61000,1.98000,0.99995,0.00000,0.00004,0.00000,0.00001
61.81000,1.98000,0.99996,0.00000,0.00003,0.00000,0.00001
62.01000,1.98000,0.99996,0.00000,0.00003,0.00000,0.00001
62.21000,1.98000,0.99997,0.00000,0.00002,0.00000,0.00001
62.41000,1.98000,0.99995,0.00000,0.00004,0.00000,0.00001
62.61000,1.98000,0.99993,0.00000,0.00005,0.00000,0.00002
62.81000,1.98000,0.99996,0.00000,0.00003,0.00000,0.00001
63.01000,1.98000,0.99991,0.00000,0.00007,0.00000,0.00003
63.21000,1.98000,0.99993,0.00000,0.00005,0.00000,0.00002
63.41000,1.98000,0.99988,0.00000,0.00009,0.00000,0.00003
63.61000,1.98000,0.99988,0.00000,0.00009,0.00000,0.00003
63.81000,1.98000,0.99996,0.00000,0.00003,0.00000,0.00001
64.01000,1.98000,0.99961,0.00000,0.00035,0.00000,0.00005
64.21000,1.98000,0.99958,0.00000,0.00041,0.00000,0.00000
64.41000,1.98000,0.99761,0.00000,0.00236,0.00000,0.00003
64.61000,1.98000,0.88411,0.00001,0.11501,0.00009,0.00079
64.81000,1.98000,0.74678,0.00005,0.25089,0.00021,0.00208
65.01000,1.98000,0.77903,0.00001,0.22000,0.00016,0.00080
65.21000,1.98000,0.95339,0.00001,0.04556,0.00005,0.00099
65.41000,1.98000,0.99771,0.00000,0.00227,0.00000,0.00001
65.61000,1.98000,0.99963,0.00000,0.00037,0.00000,0.00000
65.81000,1.98000,0.99957,0.00000,0.00042,0.00000,0.00001
66.01000,1.98000,0.99994,0.00000,0.00005,0.00000,0.00001
66.21000,1.98000,0.99992,0.00000,0.00006,0.00000,0.00002
66.41000,1.98000,0.99995,0.00000,0.00003,0.00000,0.00002
66.61000,1.98000,0.99995,0.00000,0.00003,0.00000,0.00002
66.81000,1.98000,0.99995,0.00000,0.00003,0.00000,0.00002
67.01000,1.98000,0.99995,0.00000,0.00003,0.00000,0.00002
67.21000,1.98000,0.99995,0.00000,0.00003,0.00000,0.00002
67.41000,1.98000,0.99992,0.00000,0.00005,0.00000,0.00003
67.61000,1.98000,0.99996,0.00000,0.00003,0.00000,0.00001
67.81000,1.98000,0.99993,0.00000,0.00004,0.00000,0.00003
68.01000,1.98000,0.99997,0.00000,0.00002,0.00000,0.00001
68.21000,1.98000,0.99985,0.00000,0.00009,0.00000,0.00006
68.41000,1.98000,0.99979,0.00000,0.00016,0.00000,0.00004
68.61000,1.98000,0.99912,0.00000,0.00056,0.00001,0.00031
68.81000,1.98000,0.99853,0.00000,0.00084,0.00007,0.00056
69.01000,1.98000,0.99086,0.00000,0.00337,0.00034,0.00543
69.21000,1.98000,0.99617,0.00000,0.00166,0.00019,0.00198
69.41000,1.98000,0.99828,0.00000,0.00106,0.00004,0.00062
69.61000,1.98000,0.99958,0.00000,0.00023,0.00001,0.00018
69.81000,1.98000,0.99978,0.00000,0.00006,0.00000,0.00016
70.01000,1.98000,0.99996,0.00000,0.00003,0.00000,0.00002
70.21000,1.98000,0.99992,0.00000,0.00003,0.00000,0.00005
70.41000,1.98000,0.99982,0.00000,0.00010,0.00000,0.00008
70.61000,1.98000,0.99981,0.00000,0.00014,0.00000,0.00005
70.81000,1.98000,0.99817,0.00000,0.00144,0.00000,0.00039
71.01000,1.98000,0.99792,0.00000,0.00168,0.00000,0.00039
71.21000,1.98000,0.99758,0.00000,0.00192,0.00000,0.00050
71.41000,1.98000,0.99855,0.00000,0.00111,0.00000,0.00034
71.61000,1.98000,0.99917,0.00000,0.00061,0.00000,0.00023
71.81000,1.98000,0.99985,0.00000,0.00011,0.00000,0.00004
72.01000,1.98000,0.99997,0.00000,0.00002,0.00000,0.00001
72.21000,1.98000,0.99986,0.00000,0.00011,0.00000,0.00004
72.41000,1.98000,0.99974,0.00000,0.00019,0.00000,0.00007
72.61000,1.98000,0.99971,0.00000,0.00022,0.00000,0.00007
72.81000,1.98000,0.99985,0.00000,0.00012,0.00000,0.00003
73.01000,1.98000,0.99962,0.00000,0.00031,0.00000,0.00007
73.21000,1.98000,0.99942,0.00000,0.00044,0.00000,0.00014
73.41000,1.98000,0.99926,0.00000,0.00056,0.00000,0.00018
73.61000,1.98000,0.99927,0.00000,0.00058,0.00000,0.00014
73.81000,1.98000,0.99986,0.00000,0.00010,0.00000,0.00004
74.01000,1.98000,0.99957,0.00000,0.00034,0.00000,0.00009
74.21000,1.98000,0.99994,0.00000,0.00004,0.00000,0.00001
74.41000,1.98000,0.99993,0.00000,0.00005,0.00000,0.00002
74.61000,1.98000,0.99999,0.00000,0.00001,0.00000,0.00000
74.81000,1.98000,0.99994,0.00000,0.00005,0.00000,0.00001
75.01000,1.98000,0.99997,0.00000,0.00002,0.00000,0.00001
75.21000,1.98000,0.99997,0.00000,0.00002,0.00000,0.00001
75.41000,1.98000,0.99992,0.00000,0.00006,0.00000,0.00002
75.61000,1.98000,0.99996,0.00000,0.00003,0.00000,0.00001
75.81000,1.98000,0.99996,0.00000,0.00004,0.00000,0.00000
76.01000,1.98000,0.99985,0.00000,0.00014,0.00000,0.00000
76.21000,1.98000,0.99989,0.00000,0.00011,0.00000,0.00000
76.41000,1.98000,0.96281,0.00000,0.03688,0.00002,0.00029
76.61000,1.98000,0.54914,0.00002,0.44735,0.00015,0.00334
76.81000,1.98000,0.30867,0.00010,0.68501,0.00099,0.00524
77.01000,1.98000,0.43972,0.00009,0.55807,0.00019,0.00194
77.21000,1.98000,0.95586,0.00001,0.04383,0.00002,0.00028
77.41000,1.98000,0.99808,0.00000,0.00190,0.00000,0.00002
77.61000,1.98000,0.99757,0.00000,0.00242,0.00000,0.00002
77.81000,1.98000,0.99949,0.00000,0.00050,0.00000,0.00001
78.01000,1.98000,0.99991,0.00000,0.00007,0.00000,0.00001
78.21000,1.98000,0.99992,0.00000,0.00006,0.00000,0.00001
78.41000,1.98000,0.99992,0.00000,0.00006,0.00000,0.00002
78.61000,1.98000,0.99994,0.00000,0.00005,0.00000,0.00001
78.81000,1.98000,0.99995,0.00000,0.00004,0.00000,0.00001
79.01000,1.98000,0.99994,0.00000,0.00004,0.00000,0.00001
79.21000,1.98000,0.99996,0.00000,0.00003,0.00000,0.00001
79.41000,1.98000,0.99993,0.00000,0.00005,0.00000,0.00002
79.61000,1.98000,0.99995,0.00000,0.00004,0.00000,0.00001
79.81000,1.98000,0.99996,0.00000,0.00003,0.00000,0.00001
80.01000,1.98000,0.99996,0.00000,0.00003,0.00000,0.00001
80.21000,1.98000,0.99996,0.00000,0.00003,0.00000,0.00001
80.41000,1.98000,0.99995,0.00000,0.00004,0.00000,0.00001
80.61000,1.98000,0.99996,0.00000,0.00003,0.00000,0.00001
80.81000,1.98000,0.99991,0.00000,0.00007,0.00000,0.00002
81.01000,1.98000,0.99993,0.00000,0.00005,0.00000,0.00002
81.21000,1.98000,0.99994,0.00000,0.00005,0.00000,0.00002
81.41000,1.98000,0.99972,0.00000,0.00022,0.00000,0.00006
81.61000,1.98000,0.99996,0.00000,0.00003,0.00000,0.00001
81.81000,1.98000,0.99948,0.00000,0.00039,0.00000,0.00014
82.01000,1.98000,0.99986,0.00000,0.00010,0.00000,0.00004
82.21000,1.98000,0.99781,0.00000,0.00162,0.00002,0.00055
82.41000,1.98000,0.99847,0.00000,0.00099,0.00001,0.00053
82.61000,1.98000,0.99064,0.00000,0.00695,0.00005,0.00236
82.81000,1.98000,0.99944,0.00000,0.00036,0.00000,0.00020
83.01000,1.98000,0.99961,0.00000,0.00016,0.00000,0.00023
83.21000,1.98000,0.99915,0.00000,0.00064,0.00000,0.00021
83.41000,1.98000,0.99979,0.00000,0.00016,0.00000,0.00005
83.61000,1.98000,0.99986,0.00000,0.00011,0.00000,0.00003
83.81000,1.98000,0.99994,0.00000,0.00003,0.00000,0.00002
84.01000,1.98000,0.99950,0.00000,0.00037,0.00000,0.00013
84.21000,1.98000,0.99985,0.00000,0.00011,0.00000,0.00004
84.41000,1.98000,0.99972,0.00000,0.00021,0.00000,0.00007
84.61000,1.98000,0.99992,0.00000,0.00006,0.00000,0.00002
84.81000,1.98000,0.99984,0.00000,0.00012,0.00000,0.00004
85.01000,1.98000,0.99989,0.00000,0.00008,0.00000,0.00003
85.21000,1.98000,0.99995,0.00000,0.00004,0.00000,0.00001
85.41000,1.98000,0.99994,0.00000,0.00004,0.00000,0.00002
85.61000,1.98000,0.99996,0.00000,0.00003,0.00000,0.00001
85.81000,1.98000,0.99994,0.00000,0.00004,0.00000,0.00001
86.01000,1.98000,0.99980,0.00000,0.00015,0.00000,0.00005
86.21000,1.98000,0.99987,0.00000,0.00012,0.00000,0.00001
86.41000,1.98000,0.99995,0.00000,0.00005,0.00000,0.00000
86.61000,1.98000,0.98888,0.00001,0.01093,0.00001,0.00018
86.81000,1.98000,0.81965,0.00018,0.17648,0.00014,0.00354
87.01000,1.98000,0.60678,0.00038,0.38703,0.00031,0.00549
87.21000,1.98000,0.84690,0.00008,0.15088,0.00007,0.00208
87.41000,1.98000,0.92887,0.00015,0.07011,0.00007,0.00080
87.61000,1.98000,0.99932,0.00000,0.00067,0.00000,0.00001
87.81000,1.98000,0.99747,0.00000,0.00251,0.00000,0.00002
88.01000,1.98000,0.99987,0.00000,0.00012,0.00000,0.00000
88.21000,1.98000,0.99993,0.00000,0.00006,0.00000,0.00001
88.41000,1.98000,0.99995,0.00000,0.00004,0.00000,0.00001
88.61000,1.98000,0.99996,0.00000,0.00003,0.00000,0.00001
88.81000,1.98000,0.99995,0.00000,0.00004,0.00000,0.00001
89.01000,1.98000,0.99996,0.00000,0.00003,0.00000,0.00001
89.21000,1.98000,0.99995,0.00000,0.00004,0.00000,0.00001
89.41000,1.98000,0.99995,0.00000,0.00004,0.00000,0.00001
89.61000,1.98000,0.99994,0.00000,0.00005,0.00000,0.00001
89.81000,1.98000,0.99995,0.00000,0.00004,0.00000,0.00001
90.01000,1.98000,0.99995,0.00000,0.00004,0.00000,0.00001
90.21000,1.98000,0.99995,0.00000,0.00004,0.00000,0.00001
90.41000,1.98000,0.99995,0.00000,0.00004,0.00000,0.00001
90.61000,1.98000,0.99996,0.00000,0.00003,0.00000,0.00001
90.81000,1.98000,0.99996,0.00000,0.00003,0.00000,0.00001
91.01000,1.98000,0.99995,0.00000,0.00003,0.00000,0.00001
91.21000,1.98000,0.99996,0.00000,0.00003,0.00000,0.00001
91.41000,1.98000,0.99996,0.00000,0.00003,0.00000,0.00001
91.61000,1.98000,0.99995,0.00000,0.00003,0.00000,0.00001
91.81000,1.98000,0.99995,0.00000,0.00003,0.00000,0.00001
92.01000,1.98000,0.99995,0.00000,0.00004,0.00000,0.00001
92.21000,1.98000,0.99995,0.00000,0.00004,0.00000,0.00001
92.41000,1.98000,0.99994,0.00000,0.00004,0.00000,0.00002
92.61000,1.98000,0.99994,0.00000,0.00005,0.00000,0.00002
92.81000,1.98000,0.99991,0.00000,0.00006,0.00000,0.00002
93.01000,1.98000,0.99991,0.00000,0.00007,0.00000,0.00002
93.21000,1.98000,0.99994,0.00000,0.00004,0.00000,0.00002
93.41000,1.98000,0.99993,0.00000,0.00005,0.00000,0.00002
93.61000,1.98000,0.99990,0.00000,0.00008,0.00000,0.00003
93.81000,1.98000,0.99990,0.00000,0.00007,0.00000,0.00002
94.01000,1.98000,0.99986,0.00000,0.00010,0.00000,0.00004
94.21000,1.98000,0.99962,0.00000,0.00029,0.00000,0.00009
94.41000,1.98000,0.99951,0.00000,0.00040,0.00000,0.00009
94.61000,1.98000,0.99946,0.00000,0.00040,0.00000,0.00014
94.81000,1.98000,0.99955,0.00000,0.00036,0.00000,0.00010
95.01000,1.98000,0.99961,0.00000,0.00031,0.00000,0.00008
95.21000,1.98000,0.99970,0.00000,0.00023,0.00000,0.00007
95.41000,1.98000,0.99990,0.00000,0.00008,0.00000,0.00003
95.61000,1.98000,0.99991,0.00000,0.00007,0.00000,0.00002
95.81000,1.98000,0.99956,0.00000,0.00035,0.00000,0.00009
96.01000,1.98000,0.99992,0.00000,0.00007,0.00000,0.00002
96.21000,1.98000,0.99972,0.00000,0.00022,0.00000,0.00007
96.41000,1.98000,0.99988,0.00000,0.00010,0.00000,0.00001
96.61000,1.98000,0.99657,0.00000,0.00283,0.00000,0.00060
96.81000,1.98000,0.99893,0.00000,0.00089,0.00000,0.00018
97.01000,1.98000,0.99735,0.00000,0.00205,0.00000,0.00059
97.21000,1.98000,0.99723,0.00000,0.00210,0.00000,0.00066
97.41000,1.98000,0.99851,0.00000,0.00121,0.00000,0.00027
97.61000,1.98000,0.99885,0.00000,0.00094,0.00000,0.00022
97.81000,1.98000,0.99978,0.00000,0.00015,0.00000,0.00007
98.01000,1.98000,0.99994,0.00000,0.00004,0.00000,0.00002
98.21000,1.98000,0.99993,0.00000,0.00005,0.00000,0.00001
98.41000,1.98000,0.99993,0.00000,0.00005,0.00000,0.00002
98.61000,1.98000,0.99975,0.00000,0.00024,0.00000,0.00001
98.81000,1.98000,0.99981,0.00000,0.00018,0.00000,0.00000
99.01000,1.98000,0.93079,0.00002,0.06909,0.00001,0.00009
99.21000,1.98000,0.70983,0.00011,0.28893,0.00010,0.00103
99.41000,1.98000,0.17601,0.00067,0.82127,0.00077,0.00127
99.61000,1.98000,0.21862,0.00062,0.77797,0.00043,0.00235
99.81000,1.98000,0.88447,0.00007,0.11531,0.00003,0.00012
100.01000,1.98000,0.99539,0.00000,0.00457,0.00000,0.00003
100.21000,1.98000,0.99565,0.00000,0.00435,0.00000,0.00001
100.41000,1.98000,0.99848,0.00000,0.00151,0.00000,0.00001
100.61000,1.98000,0.99988,0.00000,0.00010,0.00000,0.00002
100.81000,1.98000,0.99990,0.00000,0.00008,0.00000,0.00002
101.01000,1.98000,0.99997,0.00000,0.00002,0.00000,0.00001
101.21000,1.98000,0.99991,0.00000,0.00007,0.00000,0.00002
101.41000,1.98000,0.99992,0.00000,0.00006,0.00000,0.00002
101.61000,1.98000,0.99998,0.00000,0.00001,0.00000,0.00000
101.81000,1.98000,0.99988,0.00000,0.00009,0.00000,0.00003
102.01000,1.98000,0.99987,0.00000,0.00010,0.00000,0.00002
102.21000,1.98000,0.99995,0.00000,0.00004,0.00000,0.00001
102.41000,1.98000,0.99996,0.00000,0.00003,0.00000,0.00001
102.61000,1.98000,0.99992,0.00000,0.00006,0.00000,0.00002
102.81000,1.98000,0.99994,0.00000,0.00005,0.00000,0.00002
103.01000,1.98000,0.99996,0.00000,0.00003,0.00000,0.00001
103.21000,1.98000,0.99995,0.00000,0.00004,0.00000,0.00001
103.41000,1.98000,0.99996,0.00000,0.00003,0.00000,0.00001
103.61000,1.98000,0.99995,0.00000,0.00004,0.00000,0.00001
103.81000,1.98000,0.99996,0.00000,0.00003,0.00000,0.00001
104.01000,1.98000,0.99993,0.00000,0.00005,0.00000,0.00002
104.21000,1.98000,0.99993,0.00000,0.00005,0.00000,0.00002
104.41000,1.98000,0.99987,0.00000,0.00009,0.00000,0.00003
104.61000,1.98000,0.99978,0.00000,0.00018,0.00000,0.00005
104.81000,1.98000,0.99990,0.00000,0.00007,0.00000,0.00003
105.01000,1.98000,0.99977,0.00000,0.00018,0.00000,0.00005
105.21000,1.98000,0.99978,0.00000,0.00016,0.00000,0.00006
105.41000,1.98000,0.99986,0.00000,0.00011,0.00000,0.00003
105.61000,1.98000,0.99990,0.00000,0.00008,0.00000,0.00002
105.81000,1.98000,0.99982,0.00000,0.00014,0.00000,0.00004
106.01000,1.98000,0.99991,0.00000,0.00007,0.00000,0.00002
106.21000,1.98000,0.99986,0.00000,0.00011,0.00000,0.00003
106.41000,1.98000,0.99993,0.00000,0.00006,0.00000,0.00001
106.61000,1.98000,0.99964,0.00000,0.00028,0.00000,0.00007
106.81000,1.98000,0.99980,0.00000,0.00016,0.00000,0.00004
107.01000,1.98000,0.99989,0.00000,0.00009,0.00000,0.00003
107.21000,1.98000,0.99929,0.00000,0.00052,0.00000,0.00019
107.41000,1.98000,0.99960,0.00000,0.00029,0.00000,0.00011
107.61000,1.98000,0.99985,0.00000,0.00009,0.00000,0.00006
107.81000,1.98000,0.99980,0.00000,0.00015,0.00000,0.00005
108.01000,1.98000,0.99926,0.00000,0.00052,0.00000,0.00022
108.21000,1.98000,0.99978,0.00000,0.00015,0.00000,0.00007
108.41000,1.98000,0.99995,0.00000,0.00003,0.00000,0.00002
108.61000,1.98000,0.99978,0.00000,0.00016,0.00000,0.00006
108.81000,1.98000,0.99996,0.00000,0.00003,0.00000,0.00002
109.01000,1.98000,0.99999,0.00000,0.00001,0.00000,0.00000
109.21000,1.98000,0.99985,0.00000,0.00015,0.00000,0.00000
109.41000,1.98000,0.99993,0.00000,0.00007,0.00000,0.00000
109.61000,1.98000,0.92312,0.00003,0.07684,0.00000,0.00001
109.81000,1.98000,0.73727,0.00010,0.26257,0.00002,0.00005
110.01000,1.98000,0.22046,0.00010,0.77927,0.00005,0.00013
110.21000,1.98000,0.87191,0.00013,0.12787,0.00001,0.00008
110.41000,1.98000,0.99045,0.00000,0.00954,0.00000,0.00000
110.61000,1.98000,0.99849,0.00000,0.00151,0.00000,0.00000
110.81000,1.98000,0.99503,0.00000,0.00497,0.00000,0.00000
111.01000,1.98000,0.99965,0.00000,0.00035,0.00000,0.00000
111.21000,1.98000,0.99993,0.00000,0.00005,0.00000,0.00001
111.41000,1.98000,0.99993,0.00000,0.00006,0.00000,0.00002
111.61000,1.98000,0.99996,0.00000,0.00003,0.00000,0.00001
111.81000,1.98000,0.99996,0.00000,0.00003,0.00000,0.00001
112.01000,1.98000,0.99996,0.00000,0.00003,0.00000,0.00001
112.21000,1.98000,0.99998,0.00000,0.00002,0.00000,0.00001
112.41000,1.98000,0.99996,0.00000,0.00003,0.00000,0.00001
112.61000,1.98000,0.99996,0.00000,0.00003,0.00000,0.00001
112.81000,1.98000,0.99996,0.00000,0.00003,0.00000,0.00001
113.01000,1.98000,0.99995,0.00000,0.00003,0.00000,0.00002
113.21000,1.98000,0.99975,0.00000,0.00018,0.00000,0.00007
113.41000,1.98000,0.99984,0.00000,0.00012,0.00000,0.00004
113.61000,1.98000,0.99980,0.00000,0.00016,0.00000,0.00005
113.81000,1.98000,0.99960,0.00000,0.00031,0.00000,0.00009
114.01000,1.98000,0.99942,0.00000,0.00045,0.00000,0.00013
114.21000,1.98000,0.99987,0.00000,0.00008,0.00000,0.00004
114.41000,1.98000,0.99980,0.00000,0.00015,0.00000,0.00005
114.61000,1.98000,0.99965,0.00000,0.00029,0.00000,0.00006
114.81000,1.98000,0.99986,0.00000,0.00011,0.00000,0.00004
115.01000,1.98000,0.99990,0.00000,0.00008,0.00000,0.00002
115.21000,1.98000,0.99987,0.00000,0.00010,0.00000,0.00002
115.41000,1.98000,0.99994,0.00000,0.00005,0.00000,0.00001
115.61000,1.98000,0.99976,0.00000,0.00019,0.00000,0.00005
115.81000,1.98000,0.99987,0.00000,0.00011,0.00000,0.00003
116.01000,1.98000,0.99975,0.00000,0.00019,0.00000,0.00005
116.21000,1.98000,0.99946,0.00000,0.00045,0.00000,0.00009
116.41000,1.98000,0.99919,0.00000,0.00065,0.00000,0.00016
116.61000,1.98000,0.99921,0.00000,0.00065,0.00000,0.00013
116.81000,1.98000,0.99986,0.00000,0.00010,0.00000,0.00004
117.01000,1.98000,0.99988,0.00000,0.00010,0.00000,0.00002
117.21000,1.98000,0.99989,0.00000,0.00008,0.00000,0.00003
117.41000,1.98000,0.99994,0.00000,0.00004,0.00000,0.00001
117.61000,1.98000,0.99996,0.00000,0.00003,0.00000,0.00001
117.81000,1.98000,0.99998,0.00000,0.00002,0.00000,0.00001
118.01000,1.98000,0.99994,0.00000,0.00005,0.00000,0.00001
118.21000,1.98000,0.99992,0.00000,0.00008,0.00000,0.00000
118.41000,1.98000,0.99945,0.00000,0.00055,0.00000,0.00000
118.61000,1.98000,0.98953,0.00001,0.01046,0.00000,0.00000
118.81000,1.98000,0.93795,0.00007,0.06194,0.00001,0.00003
119.01000,1.98000,0.14855,0.00022,0.85112,0.00005,0.00007
119.21000,1.98000,0.52973,0.00012,0.47001,0.00004,0.00010
119.41000,1.98000,0.91291,0.00008,0.08697,0.00000,0.00004
119.61000,1.98000,0.98853,0.00000,0.01146,0.00000,0.00001
119.81000,1.98000,0.97808,0.00000,0.02192,0.00000,0.00000
120.01000,1.98000,0.99907,0.00000,0.00093,0.00000,0.00000
120.21000,1.98000,0.99987,0.00000,0.00013,0.00000,0.00000
120.41000,1.98000,0.99997,0.00000,0.00002,0.00000,0.00001
120.61000,1.98000,0.99996,0.00000,0.00003,0.00000,0.00001
120.81000,1.98000,0.99993,0.00000,0.00005,0.00000,0.00002
121.01000,1.98000,0.99994,0.00000,0.00004,0.00000,0.00001
121.21000,1.98000,0.99995,0.00000,0.00003,0.00000,0.00001
121.41000,1.98000,0.99994,0.00000,0.00004,0.00000,0.00001
121.61000,1.98000,0.99993,0.00000,0.00005,0.00000,0.00002
121.81000,1.98000,0.99995,0.00000,0.00004,0.00000,0.00001
122.01000,1.98000,0.99993,0.00000,0.00005,0.00000,0.00002
122.21000,1.98000,0.99996,0.00000,0.00003,0.00000,0.00001
122.41000,1.98000,0.99997,0.00000,0.00002,0.00000,0.00001
122.61000,1.98000,0.99979,0.00000,0.00016,0.00000,0.00005
122.81000,1.98000,0.99990,0.00000,0.00008,0.00000,0.00002
123.01000,1.98000,0.99985,0.00000,0.00012,0.00000,0.00003
123.21000,1.98000,0.99984,0.00000,0.00012,0.00000,0.00004
123.41000,1.98000,0.99972,0.00000,0.00022,0.00000,0.00006
123.61000,1.98000,0.99985,0.00000,0.00011,0.00000,0.00004
123.81000,1.98000,0.99988,0.00000,0.00009,0.00000,0.00002
124.01000,1.98000,0.99981,0.00000,0.00015,0.00000,0.00004
124.21000,1.98000,0.99987,0.00000,0.00009,0.00000,0.00003
124.41000,1.98000,0.99990,0.00000,0.00008,0.00000,0.00003
124.61000,1.98000,0.99979,0.00000,0.00016,0.00000,0.00005
124.81000,1.98000,0.99945,0.00000,0.00044,0.00000,0.00011
125.01000,1.98000,0.99971,0.00000,0.00024,0.00000,0.00005
125.21000,1.98000,0.99987,0.00000,0.00010,0.00000,0.00003
125.41000,1.98000,0.99922,0.00000,0.00066,0.00000,0.00013
125.61000,1.98000,0.99856,0.00000,0.00140,0.00000,0.00004
125.81000,1.98000,0.99978,0.00000,0.00022,0.00000,0.00000
126.01000,1.98000,0.99908,0.00000,0.00092,0.00000,0.00000
126.21000,1.98000,0.92074,0.00004,0.07917,0.00002,0.00003
126.41000,1.98000,0.54608,0.00024,0.45338,0.00015,0.00015
126.61000,1.98000,0.67303,0.00010,0.32657,0.00020,0.00010
126.81000,1.98000,0.99232,0.00000,0.00768,0.00000,0.00000
127.01000,1.98000,0.99647,0.00000,0.00352,0.00000,0.00000
127.21000,1.98000,0.99454,0.00000,0.00546,0.00000,0.00000
127.41000,1.98000,0.99877,0.00000,0.00122,0.00000,0.00000
127.61000,1.98000,0.99962,0.00000,0.00038,0.00000,0.00000
127.81000,1.98000,0.99996,0.00000,0.00003,0.00000,0.00001
128.00999,1.98001,0.99990,0.00000,0.00006,0.00000,0.00003
128.21001,1.98000,0.99995,0.00000,0.00004,0.00000,0.00001
128.41000,1.98000,0.99994,0.00000,0.00004,0.00000,0.00002
128.61000,1.98000,0.99994,0.00000,0.00004,0.00000,0.00002
128.81000,1.98000,0.99991,0.00000,0.00007,0.00000,0.00003
129.00999,1.98001,0.99993,0.00000,0.00005,0.00000,0.00002
129.21001,1.98000,0.99996,0.00000,0.00003,0.00000,0.00001
129.41000,1.98000,0.99981,0.00000,0.00014,0.00000,0.00004
129.61000,1.98000,0.99982,0.00000,0.00014,0.00000,0.00005
129.81000,1.98000,0.99960,0.00000,0.00031,0.00000,0.00009
130.00999,1.98001,0.99923,0.00000,0.00062,0.00000,0.00015
130.21001,1.98000,0.99935,0.00000,0.00053,0.00000,0.00012
130.41000,1.98000,0.99981,0.00000,0.00014,0.00000,0.00006
130.61000,1.98000,0.99956,0.00000,0.00032,0.00000,0.00012
130.81000,1.98000,0.99978,0.00000,0.00018,0.00000,0.00005
131.00999,1.98001,0.99987,0.00000,0.00010,0.00000,0.00003
131.21001,1.98000,0.99996,0.00000,0.00003,0.00000,0.00001
131.41000,1.98000,0.99986,0.00000,0.00009,0.00000,0.00004
131.61000,1.98000,0.99993,0.00000,0.00004,0.00000,0.00003
131.81000,1.98000,0.99992,0.00000,0.00006,0.00000,0.00002
132.00999,1.98001,0.99987,0.00000,0.00008,0.00000,0.00005
