Time (seconds), Duration (seconds),pred_(unlabeled),pred_On,pred_Off,pred_Dimmer,pred_Lighter
0.01000,1.98000,0.99952,0.00003,0.00012,0.00001,0.00033
0.21000,1.98000,0.99511,0.00011,0.00079,0.00006,0.00392
0.41000,1.98000,0.99976,0.00005,0.00002,0.00000,0.00016
0.61000,1.98000,0.99971,0.00013,0.00001,0.00000,0.00014
0.81000,1.98000,0.99832,0.00077,0.00003,0.00003,0.00084
1.01000,1.98000,0.99721,0.00149,0.00001,0.00008,0.00121
1.21000,1.98000,0.99736,0.00040,0.00009,0.00024,0.00190
1.41000,1.98000,0.99978,0.00017,0.00000,0.00000,0.00005
1.61000,1.98000,0.99922,0.00070,0.00001,0.00000,0.00007
1.81000,1.98000,0.97409,0.02524,0.00002,0.00007,0.00057
2.01000,1.98000,0.99817,0.00178,0.00000,0.00000,0.00005
2.21000,1.98000,0.99761,0.00236,0.00000,0.00000,0.00003
2.41000,1.98000,0.99784,0.00182,0.00003,0.00004,0.00028
2.61000,1.98000,0.99868,0.00083,0.00007,0.00005,0.00037
2.81000,1.98000,0.99863,0.00097,0.00005,0.00004,0.00031
3.01000,1.98000,0.99941,0.00048,0.00003,0.00000,0.00007
3.21000,1.98000,0.99969,0.00013,0.00007,0.00001,0.00011
3.41000,1.98000,0.99983,0.00002,0.00010,0.00000,0.00005
3.61000,1.98000,0.99961,0.00012,0.00014,0.00001,0.00013
3.81000,1.98000,0.99921,0.00002,0.00065,0.00001,0.00011
4.01000,1.98000,0.99992,0.00001,0.00005,0.00000,0.00002
4.21000,1.98000,0.99833,0.00014,0.00101,0.00004,0.00048
4.41000,1.98000,0.99977,0.00004,0.00012,0.00000,0.00005
4.61000,1.98000,0.99915,0.00026,0.00033,0.00002,0.00024
4.81000,1.98000,0.99918,0.00026,0.00017,0.00002,0.00038
5.01000,1.98000,0.99774,0.00050,0.00052,0.00016,0.00108
5.21000,1.98000,0.99134,0.00282,0.00085,0.00063,0.00436
5.41000,1.98000,0.93432,0.01252,0.00578,0.02041,0.02697
5.61000,1.98000,0.98516,0.00125,0.00326,0.00538,0.00496
5.81000,1.98000,0.98370,0.00166,0.00339,0.00492,0.00633
6.01000,1.98000,0.99412,0.00068,0.00025,0.00347,0.00148
6.21000,1.98000,0.99860,0.00047,0.00001,0.00060,0.00031
6.41000,1.98000,0.99318,0.00232,0.00001,0.00364,0.00086
6.61000,1.98000,0.91538,0.00584,0.00007,0.07165,0.00706
6.81000,1.98000,0.91758,0.00181,0.00029,0.06718,0.01315
7.01000,1.98000,0.91546,0.00638,0.00009,0.06233,0.01574
7.21000,1.98000,0.93621,0.00777,0.00008,0.03028,0.02567
7.41000,1.98000,0.99680,0.00067,0.00000,0.00082,0.00171
7.61000,1.98000,0.99438,0.00044,0.00001,0.00120,0.00397
7.81000,1.98000,0.97729,0.00077,0.00030,0.00437,0.01726
8.01000,1.98000,0.98810,0.00074,0.00045,0.00130,0.00942
8.21000,1.98000,0.88945,0.00536,0.00259,0.02618,0.07641
8.41000,1.98000,0.87313,0.00206,0.01090,0.03509,0.07882
8.61000,1.98000,0.99746,0.00065,0.00011,0.00026,0.00152
8.81000,1.98000,0.99412,0.00133,0.00076,0.00057,0.00323
9.01000,1.98000,0.99835,0.00124,0.00003,0.00010,0.00029
9.21000,1.98000,0.99664,0.00320,0.00003,0.00002,0.00011
9.41000,1.98000,0.99463,0.00515,0.00004,0.00002,0.00016
9.61000,1.98000,0.80843,0.18893,0.00013,0.00061,0.00190
9.81000,1.98000,0.61450,0.35030,0.00197,0.01439,0.01884
10.01000,1.98000,0.61022,0.35975,0.00163,0.01305,0.01535
10.21000,1.98000,0.98400,0.01517,0.00016,0.00023,0.00043
10.41000,1.98000,0.99753,0.00164,0.00037,0.00023,0.00023
10.61000,1.98000,0.99931,0.00018,0.00022,0.00019,0.00010
10.81000,1.98000,0.99976,0.00006,0.00014,0.00002,0.00002
11.01000,1.98000,0.99880,0.00001,0.00070,0.00041,0.00008
11.21000,1.98000,0.99977,0.00001,0.00010,0.00010,0.00002
11.41000,1.98000,0.99987,0.00000,0.00005,0.00007,0.00001
11.61000,1.98000,0.99984,0.00000,0.00004,0.00011,0.00001
11.81000,1.98000,0.99989,0.00000,0.00004,0.00005,0.00002
12.01000,1.98000,0.99951,0.00000,0.00020,0.00017,0.00012
12.21000,1.98000,0.99888,0.00000,0.00038,0.00041,0.00034
12.41000,1.98000,0.99939,0.00000,0.00014,0.00021,0.00026
12.61000,1.98000,0.99969,0.00000,0.00009,0.00006,0.00017
12.81000,1.98000,0.99858,0.00000,0.00029,0.00021,0.00091
13.01000,1.98000,0.99983,0.00000,0.00004,0.00001,0.00012
13.21000,1.98000,0.99990,0.00000,0.00002,0.00000,0.00008
13.41000,1.98000,0.99977,0.00000,0.00007,0.00000,0.00016
13.61000,1.98000,0.99795,0.00000,0.00030,0.00003,0.00171
13.81000,1.98000,0.99569,0.00000,0.00224,0.00019,0.00187
14.01000,1.98000,0.94669,0.00007,0.03099,0.00194,0.02029
14.21000,1.98000,0.82108,0.00148,0.06311,0.00640,0.10792
14.41000,1.98000,0.95963,0.00084,0.01272,0.00184,0.02497
14.61000,1.98000,0.99843,0.00005,0.00047,0.00004,0.00100
14.81000,1.98000,0.99896,0.00001,0.00053,0.00003,0.00048
15.01000,1.98000,0.99844,0.00000,0.00099,0.00003,0.00054
15.21000,1.98000,0.98437,0.00004,0.01028,0.00036,0.00495
15.41000,1.98000,0.99826,0.00017,0.00132,0.00002,0.00022
15.61000,1.98000,0.99877,0.00042,0.00015,0.00004,0.00061
15.81000,1.98000,0.99098,0.00626,0.00009,0.00039,0.00228
16.01000,1.98000,0.99824,0.00148,0.00001,0.00005,0.00022
16.21000,1.98000,0.99889,0.00050,0.00007,0.00011,0.00044
16.41000,1.98000,0.99009,0.00784,0.00012,0.00049,0.00146
16.61000,1.98000,0.96648,0.03318,0.00001,0.00008,0.00025
16.81000,1.98000,0.92810,0.07177,0.00000,0.00003,0.00009
17.01000,1.98000,0.98828,0.01141,0.00000,0.00015,0.00016
17.21000,1.98000,0.99861,0.00117,0.00000,0.00012,0.00009
17.41000,1.98000,0.99769,0.00092,0.00002,0.00076,0.00061
17.61000,1.98000,0.99162,0.00152,0.00008,0.00480,0.00198
17.81000,1.98000,0.99599,0.00028,0.00005,0.00249,0.00118
18.01000,1.98000,0.99924,0.00058,0.00000,0.00008,0.00010
18.21000,1.98000,0.99762,0.00007,0.00001,0.00113,0.00117
18.41000,1.98000,0.99479,0.00002,0.00002,0.00113,0.00404
18.61000,1.98000,0.60691,0.00004,0.00081,0.07741,0.31483
18.81000,1.98000,0.34582,0.00011,0.00425,0.12289,0.52693
19.01000,1.98000,0.84684,0.00011,0.00082,0.01307,0.13916
19.21000,1.98000,0.89607,0.00022,0.00023,0.00708,0.09640
19.41000,1.98000,0.99213,0.00002,0.00002,0.00030,0.00752
19.61000,1.98000,0.99558,0.00000,0.00007,0.00018,0.00417
19.81000,1.98000,0.99901,0.00000,0.00002,0.00002,0.00094
20.01000,1.98000,0.99968,0.00000,0.00005,0.00001,0.00026
20.21000,1.98000,0.99981,0.00000,0.00008,0.00000,0.00011
20.41000,1.98000,0.99996,0.00000,0.00002,0.00000,0.00002
20.61000,1.98000,0.99998,0.00000,0.00001,0.00000,0.00001
20.81000,1.98000,0.99973,0.00000,0.00011,0.00001,0.00015
21.01000,1.98000,0.99997,0.00000,0.00002,0.00000,0.00001
21.21000,1.98000,0.99963,0.00000,0.00027,0.00000,0.00010
21.41000,1.98000,0.99973,0.00000,0.00015,0.00001,0.00011
21.61000,1.98000,0.99989,0.00000,0.00007,0.00000,0.00004
21.81000,1.98000,0.99875,0.00001,0.00083,0.00007,0.00035
22.01000,1.98000,0.99864,0.00002,0.00074,0.00006,0.00055
22.21000,1.98000,0.99785,0.00007,0.00055,0.00034,0.00119
22.41000,1.98000,0.98884,0.00003,0.00376,0.00370,0.00368
22.61000,1.98000,0.98269,0.00034,0.00470,0.00597,0.00629
22.81000,1.98000,0.99762,0.00020,0.00014,0.00039,0.00165
23.01000,1.98000,0.98877,0.00047,0.00024,0.00372,0.00679
23.21000,1.98000,0.99483,0.00018,0.00018,0.00102,0.00380
23.41000,1.98000,0.99269,0.00016,0.00012,0.00169,0.00534
23.61000,1.98000,0.96759,0.00009,0.00012,0.00361,0.02860
23.81000,1.98000,0.90237,0.00003,0.00078,0.00180,0.09502
24.01000,1.98000,0.91988,0.00001,0.00027,0.00023,0.07961
24.21000,1.98000,0.82125,0.00000,0.00065,0.00008,0.17801
24.41000,1.98000,0.99574,0.00000,0.00002,0.00000,0.00424
24.61000,1.98000,0.96943,0.00001,0.00024,0.00002,0.03030
24.81000,1.98000,0.99861,0.00001,0.00001,0.00000,0.00137
25.01000,1.98000,0.99947,0.00000,0.00001,0.00000,0.00052
25.21000,1.98000,0.99931,0.00000,0.00002,0.00000,0.00067
25.41000,1.98000,0.99965,0.00001,0.00002,0.00000,0.00033
25.61000,1.98000,0.99976,0.00000,0.00001,0.00000,0.00022
25.81000,1.98000,0.99900,0.00003,0.00006,0.00000,0.00090
26.01000,1.98000,0.99963,0.00018,0.00001,0.00001,0.00017
26.21000,1.98000,0.99987,0.00003,0.00001,0.00000,0.00008
26.41000,1.98000,0.99994,0.00001,0.00001,0.00000,0.00004
26.61000,1.98000,0.99997,0.00001,0.00000,0.00000,0.00002
26.81000,1.98000,0.99867,0.00000,0.00025,0.00008,0.00099
27.01000,1.98000,0.99841,0.00001,0.00044,0.00015,0.00099
27.21000,1.98000,0.99880,0.00003,0.00033,0.00011,0.00072
27.41000,1.98000,0.99907,0.00007,0.00023,0.00012,0.00052
27.61000,1.98000,0.99893,0.00003,0.00042,0.00023,0.00040
27.81000,1.98000,0.99934,0.00006,0.00016,0.00016,0.00029
28.01000,1.98000,0.99793,0.00017,0.00019,0.00093,0.00078
28.21000,1.98000,0.99867,0.00016,0.00012,0.00049,0.00056
28.41000,1.98000,0.99950,0.00018,0.00001,0.00017,0.00015
28.61000,1.98000,0.99911,0.00037,0.00001,0.00039,0.00013
28.81000,1.98000,0.99890,0.00105,0.00000,0.00003,0.00002
29.01000,1.98000,0.99390,0.00594,0.00000,0.00009,0.00007
29.21000,1.98000,0.87434,0.11634,0.00008,0.00594,0.00330
29.41000,1.98000,0.86743,0.13000,0.00002,0.00143,0.00112
29.61000,1.98000,0.99365,0.00551,0.00005,0.00032,0.00047
29.81000,1.98000,0.99937,0.00057,0.00000,0.00001,0.00005
30.01000,1.98000,0.99993,0.00005,0.00001,0.00000,0.00002
30.21000,1.98000,0.99964,0.00006,0.00011,0.00001,0.00018
30.41000,1.98000,0.99979,0.00004,0.00009,0.00000,0.00008
30.61000,1.98000,0.99635,0.00001,0.00210,0.00007,0.00148
30.81000,1.98000,0.99893,0.00001,0.00042,0.00002,0.00064
31.01000,1.98000,0.99970,0.00001,0.00007,0.00001,0.00021
31.21000,1.98000,0.99902,0.00004,0.00013,0.00003,0.00078
31.41000,1.98000,0.99915,0.00004,0.00006,0.00001,0.00074
31.61000,1.98000,0.99329,0.00015,0.00060,0.00027,0.00568
31.81000,1.98000,0.97323,0.00031,0.00363,0.00469,0.01813
32.01000,1.98000,0.99823,0.00003,0.00042,0.00024,0.00109
32.21000,1.98000,0.99620,0.00004,0.00061,0.00051,0.00264
32.41000,1.98000,0.99414,0.00003,0.00101,0.00108,0.00373
32.61000,1.98000,0.99880,0.00001,0.00021,0.00012,0.00086
32.81000,1.98000,0.99856,0.00000,0.00032,0.00009,0.00103
33.01000,1.98000,0.99783,0.00000,0.00074,0.00006,0.00137
33.21000,1.98000,0.98881,0.00000,0.00338,0.00060,0.00721
33.41000,1.98000,0.99831,0.00000,0.00028,0.00004,0.00137
33.61000,1.98000,0.99388,0.00000,0.00155,0.00007,0.00449
33.81000,1.98000,0.99558,0.00001,0.00253,0.00004,0.00185
34.01000,1.98000,0.96044,0.00004,0.02237,0.00055,0.01660
34.21000,1.98000,0.87049,0.00007,0.08722,0.00083,0.04139
34.41000,1.98000,0.96393,0.00007,0.01815,0.00037,0.01748
34.61000,1.98000,0.99169,0.00014,0.00294,0.00022,0.00501
34.81000,1.98000,0.99636,0.00021,0.00195,0.00010,0.00138
35.01000,1.98000,0.99367,0.00091,0.00196,0.00033,0.00313
35.21000,1.98000,0.98868,0.00054,0.00698,0.00076,0.00304
35.41000,1.98000,0.99904,0.00010,0.00054,0.00006,0.00026
35.61000,1.98000,0.99982,0.00003,0.00003,0.00002,0.00010
35.81000,1.98000,0.99963,0.00027,0.00000,0.00003,0.00007
36.01000,1.98000,0.99902,0.00050,0.00002,0.00023,0.00022
36.21000,1.98000,0.99862,0.00081,0.00003,0.00029,0.00026
36.41000,1.98000,0.99920,0.00074,0.00000,0.00002,0.00004
36.61000,1.98000,0.99988,0.00003,0.00001,0.00002,0.00006
36.81000,1.98000,0.99992,0.00002,0.00001,0.00002,0.00004
37.01000,1.98000,0.99994,0.00000,0.00001,0.00001,0.00004
37.21000,1.98000,0.99973,0.00001,0.00005,0.00004,0.00016
37.41000,1.98000,0.99941,0.00001,0.00009,0.00005,0.00044
37.61000,1.98000,0.98998,0.00002,0.00221,0.00087,0.00692
37.81000,1.98000,0.99459,0.00000,0.00189,0.00038,0.00313
38.01000,1.98000,0.99949,0.00000,0.00016,0.00002,0.00033
38.21000,1.98000,0.99955,0.00000,0.00012,0.00001,0.00032
38.41000,1.98000,0.99804,0.00000,0.00010,0.00018,0.00167
38.61000,1.98000,0.97863,0.00000,0.00051,0.00303,0.01781
38.81000,1.98000,0.87387,0.00004,0.00104,0.00867,0.11639
39.01000,1.98000,0.83164,0.00009,0.00085,0.00695,0.16047
39.21000,1.98000,0.77169,0.00039,0.00058,0.01176,0.21559
39.41000,1.98000,0.87419,0.00048,0.00045,0.01616,0.10873
39.61000,1.98000,0.97607,0.00007,0.00022,0.00199,0.02166
39.81000,1.98000,0.98181,0.00007,0.00017,0.00109,0.01686
40.01000,1.98000,0.99331,0.00001,0.00014,0.00033,0.00620
40.21000,1.98000,0.97881,0.00001,0.00325,0.00053,0.01740
40.41000,1.98000,0.99416,0.00000,0.00181,0.00005,0.00398
40.61000,1.98000,0.99957,0.00000,0.00005,0.00001,0.00037
40.81000,1.98000,0.99636,0.00001,0.00041,0.00019,0.00303
41.01000,1.98000,0.99618,0.00002,0.00045,0.00032,0.00304
41.21000,1.98000,0.99600,0.00000,0.00084,0.00031,0.00284
41.41000,1.98000,0.99898,0.00000,0.00018,0.00009,0.00074
41.61000,1.98000,0.99858,0.00000,0.00020,0.00010,0.00111
41.81000,1.98000,0.99970,0.00000,0.00004,0.00003,0.00023
42.01000,1.98000,0.99963,0.00000,0.00003,0.00005,0.00028
42.21000,1.98000,0.99889,0.00001,0.00005,0.00041,0.00064
42.41000,1.98000,0.99970,0.00002,0.00001,0.00012,0.00015
42.61000,1.98000,0.98759,0.00029,0.00020,0.00798,0.00394
42.81000,1.98000,0.99628,0.00038,0.00001,0.00253,0.00079
43.01000,1.98000,0.97879,0.00166,0.00002,0.01666,0.00288
43.21000,1.98000,0.98750,0.00123,0.00000,0.00990,0.00138
43.41000,1.98000,0.74637,0.00186,0.00004,0.23902,0.01271
43.61000,1.98000,0.95988,0.00867,0.00002,0.02535,0.00608
43.81000,1.98000,0.96865,0.00198,0.00000,0.01912,0.01024
44.01000,1.98000,0.86907,0.00161,0.00003,0.03405,0.09524
44.21000,1.98000,0.57586,0.00057,0.00006,0.01723,0.40628
44.41000,1.98000,0.92450,0.00002,0.00003,0.00060,0.07484
44.61000,1.98000,0.98247,0.00000,0.00005,0.00005,0.01744
44.81000,1.98000,0.99560,0.00001,0.00002,0.00001,0.00437
45.01000,1.98000,0.99010,0.00001,0.00005,0.00002,0.00983
45.21000,1.98000,0.99636,0.00001,0.00002,0.00001,0.00360
45.41000,1.98000,0.99167,0.00001,0.00004,0.00002,0.00826
45.61000,1.98000,0.98848,0.00000,0.00053,0.00006,0.01093
45.81000,1.98000,0.99910,0.00000,0.00011,0.00001,0.00078
46.01000,1.98000,0.99714,0.00000,0.00045,0.00017,0.00224
46.21000,1.98000,0.98664,0.00001,0.00173,0.00178,0.00984
46.41000,1.98000,0.98689,0.00003,0.00119,0.00233,0.00955
46.61000,1.98000,0.99972,0.00000,0.00008,0.00004,0.00016
46.81000,1.98000,0.99938,0.00000,0.00018,0.00008,0.00035
47.01000,1.98000,0.99783,0.00000,0.00126,0.00011,0.00079
47.21000,1.98000,0.99886,0.00000,0.00081,0.00002,0.00032
47.41000,1.98000,0.99794,0.00000,0.00144,0.00009,0.00054
47.61000,1.98000,0.99962,0.00000,0.00024,0.00001,0.00012
47.81000,1.98000,0.98171,0.00000,0.01444,0.00115,0.00270
48.01000,1.98000,0.98589,0.00000,0.01051,0.00164,0.00197
48.21000,1.98000,0.99325,0.00000,0.00484,0.00125,0.00066
48.41000,1.98000,0.99982,0.00000,0.00011,0.00002,0.00005
48.61000,1.98000,0.99997,0.00001,0.00002,0.00000,0.00001
48.81000,1.98000,0.99994,0.00005,0.00001,0.00000,0.00000
49.01000,1.98000,0.99984,0.00015,0.00001,0.00000,0.00000
49.21000,1.98000,0.99591,0.00407,0.00002,0.00000,0.00000
49.41000,1.98000,0.90727,0.09051,0.00164,0.00032,0.00026
49.61000,1.98000,0.87286,0.12244,0.00367,0.00061,0.00042
49.81000,1.98000,0.85824,0.13804,0.00276,0.00057,0.00039
50.01000,1.98000,0.99883,0.00112,0.00005,0.00000,0.00000
50.21000,1.98000,0.99974,0.00012,0.00014,0.00000,0.00000
50.41000,1.98000,0.99978,0.00001,0.00020,0.00001,0.00000
50.61000,1.98000,0.99997,0.00000,0.00003,0.00000,0.00000
50.81000,1.98000,0.99980,0.00000,0.00017,0.00002,0.00000
51.01000,1.98000,0.99998,0.00000,0.00001,0.00001,0.00000
51.21000,1.98000,1.00000,0.00000,0.00000,0.00000,0.00000
51.41000,1.98000,1.00000,0.00000,0.00000,0.00000,0.00000
51.61000,1.98000,0.99999,0.00000,0.00000,0.00000,0.00000
51.81000,1.98000,1.00000,0.00000,0.00000,0.00000,0.00000
52.01000,1.98000,0.99999,0.00000,0.00001,0.00000,0.00000
52.21000,1.98000,0.99999,0.00000,0.00000,0.00000,0.00000
52.41000,1.98000,0.99999,0.00000,0.00000,0.00000,0.00000
52.61000,1.98000,1.00000,0.00000,0.00000,0.00000,0.00000
52.81000,1.98000,0.99996,0.00000,0.00002,0.00002,0.00000
53.01000,1.98000,0.99991,0.00000,0.00006,0.00002,0.00001
53.21000,1.98000,0.99988,0.00000,0.00008,0.00002,0.00002
53.41000,1.98000,0.99995,0.00000,0.00003,0.00000,0.00001
53.61000,1.98000,0.99993,0.00000,0.00007,0.00000,0.00000
53.81000,1.98000,0.99755,0.00000,0.00236,0.00002,0.00007
54.01000,1.98000,0.98749,0.00000,0.01173,0.00011,0.00067
54.21000,1.98000,0.99519,0.00000,0.00470,0.00001,0.00011
54.41000,1.98000,0.99658,0.00001,0.00332,0.00001,0.00009
54.61000,1.98000,0.99979,0.00001,0.00019,0.00000,0.00001
54.81000,1.98000,0.99972,0.00002,0.00024,0.00000,0.00003
55.01000,1.98000,0.99992,0.00001,0.00006,0.00000,0.00001
55.21000,1.98000,0.99990,0.00001,0.00006,0.00000,0.00002
55.41000,1.98000,0.99950,0.00008,0.00008,0.00002,0.00032
55.61000,1.98000,0.99796,0.00014,0.00005,0.00011,0.00174
55.81000,1.98000,0.99968,0.00002,0.00001,0.00002,0.00026
56.01000,1.98000,0.99886,0.00005,0.00005,0.00007,0.00097
56.21000,1.98000,0.99885,0.00016,0.00002,0.00004,0.00093
56.41000,1.98000,0.99756,0.00016,0.00003,0.00008,0.00216
56.61000,1.98000,0.99180,0.00009,0.00030,0.00067,0.00714
56.81000,1.98000,0.99788,0.00007,0.00009,0.00021,0.00175
57.01000,1.98000,0.99732,0.00013,0.00015,0.00103,0.00137
57.21000,1.98000,0.99831,0.00004,0.00014,0.00069,0.00082
57.41000,1.98000,0.99353,0.00005,0.00101,0.00312,0.00229
57.61000,1.98000,0.99961,0.00001,0.00003,0.00014,0.00020
57.81000,1.98000,0.99963,0.00001,0.00001,0.00020,0.00015
58.01000,1.98000,0.99968,0.00001,0.00001,0.00019,0.00012
58.21000,1.98000,0.99819,0.00006,0.00001,0.00109,0.00064
58.41000,1.98000,0.99695,0.00022,0.00001,0.00161,0.00121
58.61000,1.98000,0.96823,0.00076,0.00006,0.02332,0.00762
58.81000,1.98000,0.95882,0.00024,0.00000,0.03582,0.00512
59.01000,1.98000,0.75125,0.00033,0.00000,0.20056,0.04785
59.21000,1.98000,0.95811,0.00013,0.00000,0.02351,0.01826
59.41000,1.98000,0.86630,0.00004,0.00002,0.08518,0.04845
59.61000,1.98000,0.89448,0.00004,0.00003,0.03954,0.06591
59.81000,1.98000,0.93032,0.00004,0.00004,0.01591,0.05368
60.01000,1.98000,0.99138,0.00003,0.00001,0.00302,0.00556
60.21000,1.98000,0.99779,0.00006,0.00000,0.00060,0.00155
60.41000,1.98000,0.98261,0.00006,0.00003,0.00420,0.01310
60.61000,1.98000,0.97800,0.00033,0.00056,0.00159,0.01952
60.81000,1.98000,0.98715,0.00162,0.00074,0.00200,0.00848
61.01000,1.98000,0.97076,0.00704,0.00081,0.00704,0.01435
61.21000,1.98000,0.99659,0.00123,0.00006,0.00033,0.00180
61.41000,1.98000,0.97858,0.00148,0.00127,0.00327,0.01541
61.61000,1.98000,0.99584,0.00071,0.00013,0.00028,0.00305
61.81000,1.98000,0.99527,0.00007,0.00016,0.00038,0.00412
62.01000,1.98000,0.99545,0.00001,0.00011,0.00064,0.00379
62.21000,1.98000,0.99964,0.00000,0.00002,0.00005,0.00029
62.41000,1.98000,0.99394,0.00000,0.00083,0.00107,0.00417
62.61000,1.98000,0.99938,0.00000,0.00005,0.00008,0.00049
62.81000,1.98000,0.99452,0.00000,0.00034,0.00141,0.00373
63.01000,1.98000,0.97650,0.00000,0.00282,0.00739,0.01328
63.21000,1.98000,0.99753,0.00001,0.00013,0.00042,0.00191
63.41000,1.98000,0.99273,0.00001,0.00062,0.00151,0.00513
63.61000,1.98000,0.96815,0.00002,0.00045,0.00549,0.02590
63.81000,1.98000,0.89478,0.00010,0.00042,0.00474,0.09996
64.01000,1.98000,0.49115,0.00007,0.00088,0.00368,0.50422
64.21000,1.98000,0.83702,0.00000,0.00042,0.00026,0.16230
64.41000,1.98000,0.90502,0.00000,0.00044,0.00007,0.09446
64.61000,1.98000,0.99177,0.00001,0.00002,0.00000,0.00819
64.81000,1.98000,0.97960,0.00001,0.00015,0.00000,0.02023
65.01000,1.98000,0.98942,0.00000,0.00021,0.00000,0.01037
65.21000,1.98000,0.95919,0.00001,0.00065,0.00002,0.04012
65.41000,1.98000,0.97809,0.00002,0.00570,0.00002,0.01617
65.61000,1.98000,0.99881,0.00002,0.00034,0.00000,0.00083
65.81000,1.98000,0.99933,0.00001,0.00024,0.00000,0.00042
66.01000,1.98000,0.99943,0.00002,0.00018,0.00000,0.00037
66.21000,1.98000,0.99976,0.00001,0.00008,0.00000,0.00015
66.41000,1.98000,0.99920,0.00001,0.00030,0.00003,0.00046
66.61000,1.98000,0.99963,0.00000,0.00013,0.00001,0.00023
66.81000,1.98000,0.99940,0.00000,0.00014,0.00004,0.00042
67.01000,1.98000,0.99993,0.00000,0.00002,0.00000,0.00004
67.21000,1.98000,0.99969,0.00001,0.00005,0.00003,0.00022
67.41000,1.98000,0.99645,0.00003,0.00079,0.00071,0.00203
67.61000,1.98000,0.99753,0.00004,0.00044,0.00054,0.00145
67.81000,1.98000,0.99725,0.00003,0.00067,0.00076,0.00129
68.01000,1.98000,0.99868,0.00006,0.00017,0.00046,0.00063
68.21000,1.98000,0.99991,0.00005,0.00001,0.00001,0.00003
68.41000,1.98000,0.99952,0.00031,0.00001,0.00006,0.00010
68.61000,1.98000,0.99844,0.00155,0.00000,0.00000,0.00000
68.81000,1.98000,0.99010,0.00990,0.00000,0.00000,0.00000
69.01000,1.98000,0.98025,0.01975,0.00000,0.00000,0.00000
69.21000,1.98000,0.84203,0.15795,0.00000,0.00000,0.00002
69.41000,1.98000,0.26110,0.73853,0.00002,0.00012,0.00023
69.61000,1.98000,0.53848,0.46136,0.00001,0.00004,0.00010
69.81000,1.98000,0.91806,0.08191,0.00001,0.00000,0.00002
70.01000,1.98000,0.97575,0.02421,0.00001,0.00001,0.00002
70.21000,1.98000,0.98630,0.01360,0.00004,0.00002,0.00004
70.41000,1.98000,0.99586,0.00339,0.00030,0.00026,0.00020
70.61000,1.98000,0.99296,0.00072,0.00183,0.00360,0.00090
70.81000,1.98000,0.99852,0.00015,0.00023,0.00094,0.00015
71.01000,1.98000,0.99902,0.00002,0.00016,0.00073,0.00007
71.21000,1.98000,0.99958,0.00002,0.00006,0.00031,0.00003
71.41000,1.98000,0.99991,0.00001,0.00002,0.00006,0.00001
71.61000,1.98000,0.99991,0.00000,0.00002,0.00006,0.00001
71.81000,1.98000,0.99998,0.00000,0.00000,0.00001,0.00000
72.01000,1.98000,0.99998,0.00000,0.00000,0.00001,0.00000
72.21000,1.98000,0.99994,0.00001,0.00000,0.00004,0.00001
72.41000,1.98000,0.99977,0.00004,0.00001,0.00014,0.00004
72.61000,1.98000,0.99934,0.00005,0.00002,0.00044,0.00015
72.81000,1.98000,0.99102,0.00045,0.00016,0.00424,0.00413
73.01000,1.98000,0.99959,0.00009,0.00001,0.00006,0.00026
73.21000,1.98000,0.99977,0.00005,0.00002,0.00001,0.00015
73.41000,1.98000,0.99814,0.00060,0.00066,0.00013,0.00047
73.61000,1.98000,0.96943,0.00724,0.01168,0.00375,0.00791
73.81000,1.98000,0.97168,0.00220,0.02076,0.00140,0.00395
74.01000,1.98000,0.98301,0.00369,0.01068,0.00036,0.00225
74.21000,1.98000,0.98608,0.00127,0.01170,0.00009,0.00086
74.41000,1.98000,0.97728,0.00140,0.01993,0.00005,0.00134
74.61000,1.98000,0.99507,0.00206,0.00246,0.00003,0.00039
74.81000,1.98000,0.98741,0.00035,0.01176,0.00008,0.00040
75.01000,1.98000,0.99641,0.00027,0.00300,0.00007,0.00026
75.21000,1.98000,0.99946,0.00011,0.00009,0.00003,0.00031
75.41000,1.98000,0.99939,0.00005,0.00010,0.00005,0.00042
75.61000,1.98000,0.99962,0.00000,0.00021,0.00001,0.00016
75.81000,1.98000,0.99732,0.00001,0.00117,0.00011,0.00139
76.01000,1.98000,0.99991,0.00000,0.00004,0.00000,0.00004
76.21000,1.98000,0.99984,0.00000,0.00010,0.00000,0.00006
76.41000,1.98000,0.99951,0.00000,0.00031,0.00002,0.00016
76.61000,1.98000,0.99997,0.00000,0.00001,0.00000,0.00002
76.81000,1.98000,0.99975,0.00000,0.00012,0.00000,0.00013
77.01000,1.98000,0.99910,0.00000,0.00048,0.00002,0.00039
77.21000,1.98000,0.99768,0.00000,0.00094,0.00004,0.00134
77.41000,1.98000,0.99769,0.00000,0.00075,0.00002,0.00154
77.61000,1.98000,0.99877,0.00000,0.00011,0.00001,0.00111
77.81000,1.98000,0.99285,0.00000,0.00136,0.00015,0.00563
78.01000,1.98000,0.99813,0.00000,0.00016,0.00002,0.00169
78.21000,1.98000,0.99854,0.00000,0.00021,0.00001,0.00123
78.41000,1.98000,0.99961,0.00000,0.00002,0.00002,0.00035
78.61000,1.98000,0.99734,0.00000,0.00009,0.00009,0.00249
78.81000,1.98000,0.92526,0.00002,0.00079,0.00108,0.07285
79.01000,1.98000,0.32111,0.00008,0.01547,0.03620,0.62715
79.21000,1.98000,0.87636,0.00005,0.00470,0.01172,0.10717
79.41000,1.98000,0.94789,0.00005,0.00340,0.02266,0.02601
79.61000,1.98000,0.99554,0.00001,0.00028,0.00256,0.00161
79.81000,1.98000,0.99794,0.00000,0.00049,0.00111,0.00046
80.01000,1.98000,0.99966,0.00000,0.00014,0.00014,0.00006
80.21000,1.98000,0.99976,0.00000,0.00017,0.00004,0.00002
80.41000,1.98000,0.99998,0.00000,0.00002,0.00000,0.00000
80.61000,1.98000,0.99998,0.00000,0.00001,0.00001,0.00000
80.81000,1.98000,0.99985,0.00000,0.00008,0.00007,0.00000
81.01000,1.98000,0.99998,0.00000,0.00001,0.00001,0.00000
81.21000,1.98000,0.99997,0.00000,0.00001,0.00001,0.00001
81.41000,1.98000,0.99933,0.00000,0.00010,0.00030,0.00027
81.61000,1.98000,0.99982,0.00000,0.00001,0.00005,0.00012
81.81000,1.98000,0.99911,0.00003,0.00005,0.00025,0.00055
82.01000,1.98000,0.99214,0.00021,0.00040,0.00209,0.00517
82.21000,1.98000,0.95839,0.00114,0.00100,0.01190,0.02757
82.41000,1.98000,0.92390,0.00137,0.00225,0.01924,0.05325
82.61000,1.98000,0.99340,0.00159,0.00007,0.00070,0.00425
82.81000,1.98000,0.99591,0.00021,0.00011,0.00072,0.00304
83.01000,1.98000,0.98998,0.00078,0.00018,0.00151,0.00755
83.21000,1.98000,0.98826,0.00374,0.00010,0.00247,0.00543
83.41000,1.98000,0.99781,0.00068,0.00002,0.00046,0.00104
83.61000,1.98000,0.98874,0.00043,0.00005,0.00385,0.00693
83.81000,1.98000,0.96164,0.00086,0.00011,0.00587,0.03152
84.01000,1.98000,0.38340,0.00108,0.00110,0.03212,0.58230
84.21000,1.98000,0.59280,0.00033,0.00124,0.00571,0.39991
84.41000,1.98000,0.84003,0.00004,0.00079,0.00045,0.15868
84.61000,1.98000,0.98941,0.00001,0.00008,0.00004,0.01046
84.81000,1.98000,0.99876,0.00001,0.00001,0.00000,0.00121
85.01000,1.98000,0.99522,0.00001,0.00006,0.00001,0.00471
85.21000,1.98000,0.98945,0.00001,0.00048,0.00001,0.01005
85.41000,1.98000,0.99994,0.00000,0.00001,0.00000,0.00005
85.61000,1.98000,0.99988,0.00002,0.00001,0.00000,0.00008
85.81000,1.98000,0.99983,0.00000,0.00006,0.00000,0.00011
86.01000,1.98000,0.99876,0.00011,0.00041,0.00002,0.00071
86.21000,1.98000,0.99966,0.00008,0.00011,0.00000,0.00014
86.41000,1.98000,0.99973,0.00007,0.00007,0.00001,0.00012
86.61000,1.98000,0.99955,0.00005,0.00017,0.00002,0.00021
86.81000,1.98000,0.99959,0.00001,0.00020,0.00002,0.00018
87.01000,1.98000,0.99900,0.00002,0.00049,0.00012,0.00037
87.21000,1.98000,0.99932,0.00000,0.00033,0.00007,0.00027
87.41000,1.98000,0.99972,0.00001,0.00006,0.00007,0.00014
87.61000,1.98000,0.99636,0.00003,0.00081,0.00146,0.00134
87.81000,1.98000,0.99833,0.00006,0.00012,0.00099,0.00050
88.01000,1.98000,0.96433,0.00018,0.00328,0.02645,0.00577
88.21000,1.98000,0.99920,0.00007,0.00014,0.00032,0.00027
88.41000,1.98000,0.99971,0.00019,0.00003,0.00003,0.00005
88.61000,1.98000,0.99845,0.00151,0.00001,0.00001,0.00002
88.81000,1.98000,0.99961,0.00039,0.00000,0.00000,0.00000
89.01000,1.98000,0.99549,0.00445,0.00004,0.00000,0.00002
89.21000,1.98000,0.87253,0.12715,0.00009,0.00003,0.00020
89.41000,1.98000,0.48177,0.51587,0.00073,0.00031,0.00132
89.61000,1.98000,0.54715,0.44952,0.00138,0.00045,0.00150
89.81000,1.98000,0.99098,0.00890,0.00009,0.00001,0.00003
90.01000,1.98000,0.99955,0.00038,0.00007,0.00000,0.00000
90.21000,1.98000,0.99991,0.00002,0.00007,0.00000,0.00000
90.41000,1.98000,0.99996,0.00000,0.00004,0.00000,0.00000
90.61000,1.98000,0.99986,0.00000,0.00013,0.00001,0.00000
90.81000,1.98000,0.99994,0.00000,0.00005,0.00000,0.00000
91.01000,1.98000,1.00000,0.00000,0.00000,0.00000,0.00000
91.21000,1.98000,1.00000,0.00000,0.00000,0.00000,0.00000
91.41000,1.98000,1.00000,0.00000,0.00000,0.00000,0.00000
91.61000,1.98000,0.99999,0.00000,0.00001,0.00000,0.00000
91.81000,1.98000,0.99999,0.00000,0.00001,0.00000,0.00000
92.01000,1.98000,0.99997,0.00000,0.00003,0.00000,0.00000
92.21000,1.98000,0.99989,0.00000,0.00010,0.00000,0.00001
92.41000,1.98000,0.99973,0.00000,0.00024,0.00000,0.00003
92.61000,1.98000,0.99906,0.00000,0.00070,0.00001,0.00023
92.81000,1.98000,0.99611,0.00000,0.00178,0.00001,0.00209
93.01000,1.98000,0.99933,0.00000,0.00013,0.00000,0.00054
93.21000,1.98000,0.99947,0.00000,0.00030,0.00000,0.00023
93.41000,1.98000,0.99986,0.00000,0.00013,0.00000,0.00002
93.61000,1.98000,0.98334,0.00000,0.01583,0.00000,0.00083
93.81000,1.98000,0.93956,0.00000,0.05247,0.00001,0.00796
94.01000,1.98000,0.56503,0.00005,0.38303,0.00018,0.05173
94.21000,1.98000,0.63286,0.00007,0.34067,0.00027,0.02613
94.41000,1.98000,0.80437,0.00005,0.18901,0.00025,0.00632
94.61000,1.98000,0.80026,0.00031,0.19361,0.00118,0.00464
94.81000,1.98000,0.99360,0.00001,0.00630,0.00003,0.00006
95.01000,1.98000,0.99768,0.00000,0.00228,0.00001,0.00002
95.21000,1.98000,0.99961,0.00000,0.00038,0.00001,0.00001
95.41000,1.98000,0.99983,0.00000,0.00013,0.00003,0.00002
95.61000,1.98000,0.99978,0.00000,0.00012,0.00009,0.00001
95.81000,1.98000,0.99989,0.00000,0.00005,0.00006,0.00001
96.01000,1.98000,0.99973,0.00000,0.00010,0.00015,0.00002
96.21000,1.98000,0.99982,0.00000,0.00006,0.00009,0.00003
96.41000,1.98000,0.99995,0.00000,0.00001,0.00003,0.00001
96.61000,1.98000,0.99994,0.00000,0.00001,0.00004,0.00001
96.81000,1.98000,0.99947,0.00002,0.00004,0.00038,0.00008
97.01000,1.98000,0.99581,0.00007,0.00036,0.00347,0.00030
97.21000,1.98000,0.99907,0.00002,0.00010,0.00076,0.00005
97.41000,1.98000,0.99987,0.00003,0.00001,0.00008,0.00002
97.61000,1.98000,0.99992,0.00001,0.00002,0.00004,0.00001
97.81000,1.98000,0.99972,0.00002,0.00009,0.00007,0.00010
98.01000,1.98000,0.99938,0.00006,0.00006,0.00005,0.00044
98.21000,1.98000,0.99838,0.00020,0.00008,0.00009,0.00125
98.41000,1.98000,0.99573,0.00015,0.00067,0.00017,0.00328
98.61000,1.98000,0.91411,0.00010,0.00235,0.00470,0.07873
98.81000,1.98000,0.50299,0.00021,0.00157,0.00172,0.49351
99.01000,1.98000,0.45482,0.00007,0.00122,0.00046,0.54342
99.21000,1.98000,0.36353,0.00002,0.00529,0.00089,0.63027
99.41000,1.98000,0.62032,0.00002,0.00220,0.00134,0.37612
99.61000,1.98000,0.88210,0.00001,0.00412,0.00245,0.11133
99.81000,1.98000,0.97100,0.00001,0.00157,0.00292,0.02450
100.01000,1.98000,0.99792,0.00000,0.00034,0.00007,0.00167
100.21000,1.98000,0.99806,0.00000,0.00041,0.00004,0.00149
100.41000,1.98000,0.99931,0.00000,0.00056,0.00001,0.00012
100.61000,1.98000,0.99990,0.00000,0.00009,0.00000,0.00001
100.81000,1.98000,0.99996,0.00000,0.00004,0.00001,0.00000
101.01000,1.98000,0.99983,0.00000,0.00014,0.00003,0.00001
101.21000,1.98000,0.99969,0.00000,0.00026,0.00004,0.00001
101.41000,1.98000,0.99994,0.00000,0.00006,0.00001,0.00000
101.61000,1.98000,0.99998,0.00000,0.00002,0.00000,0.00000
101.81000,1.98000,0.99985,0.00000,0.00014,0.00001,0.00000
102.01000,1.98000,0.99972,0.00000,0.00021,0.00007,0.00000
102.21000,1.98000,0.99985,0.00000,0.00010,0.00005,0.00000
102.41000,1.98000,0.99966,0.00000,0.00023,0.00010,0.00001
102.61000,1.98000,0.99968,0.00000,0.00012,0.00018,0.00001
102.81000,1.98000,0.99983,0.00001,0.00004,0.00011,0.00002
103.01000,1.98000,0.99976,0.00003,0.00004,0.00012,0.00005
103.21000,1.98000,0.99551,0.00042,0.00055,0.00257,0.00095
103.41000,1.98000,0.99734,0.00060,0.00030,0.00110,0.00066
103.61000,1.98000,0.98926,0.00373,0.00038,0.00552,0.00111
103.81000,1.98000,0.93816,0.05517,0.00027,0.00454,0.00186
104.01000,1.98000,0.63726,0.15705,0.00283,0.09894,0.10392
104.21000,1.98000,0.87714,0.04299,0.00028,0.00469,0.07490
104.41000,1.98000,0.83912,0.00624,0.00113,0.00091,0.15260
104.61000,1.98000,0.45189,0.00107,0.00290,0.00059,0.54355
104.81000,1.98000,0.27464,0.00020,0.00326,0.00027,0.72163
105.01000,1.98000,0.63856,0.00009,0.00205,0.00010,0.35919
105.21000,1.98000,0.97609,0.00000,0.00065,0.00001,0.02324
105.41000,1.98000,0.99472,0.00000,0.00027,0.00000,0.00501
105.61000,1.98000,0.99861,0.00000,0.00006,0.00000,0.00132
105.81000,1.98000,0.99807,0.00000,0.00018,0.00000,0.00175
106.01000,1.98000,0.99391,0.00002,0.00028,0.00002,0.00577
106.21000,1.98000,0.98240,0.00003,0.00305,0.00070,0.01382
106.41000,1.98000,0.98876,0.00008,0.00292,0.00379,0.00445
106.61000,1.98000,0.98076,0.00019,0.00421,0.01128,0.00357
106.81000,1.98000,0.93100,0.00212,0.00407,0.05152,0.01129
107.01000,1.98000,0.99038,0.00059,0.00042,0.00436,0.00425
107.21000,1.98000,0.99536,0.00011,0.00078,0.00208,0.00167
107.41000,1.98000,0.99817,0.00001,0.00076,0.00048,0.00058
107.61000,1.98000,0.99896,0.00001,0.00028,0.00051,0.00024
107.81000,1.98000,0.99782,0.00001,0.00058,0.00127,0.00031
108.01000,1.98000,0.99784,0.00002,0.00040,0.00138,0.00037
108.21000,1.98000,0.99354,0.00006,0.00085,0.00401,0.00155
108.41000,1.98000,0.99935,0.00008,0.00007,0.00021,0.00028
108.61000,1.98000,0.99990,0.00004,0.00003,0.00001,0.00002
108.81000,1.98000,0.99969,0.00027,0.00002,0.00000,0.00002
109.01000,1.98000,0.99748,0.00242,0.00005,0.00001,0.00004
109.21000,1.98000,0.97736,0.02087,0.00051,0.00019,0.00106
109.41000,1.98000,0.72112,0.19504,0.01168,0.00514,0.06703
109.61000,1.98000,0.75941,0.16266,0.00718,0.00243,0.06832
109.81000,1.98000,0.94996,0.02113,0.01200,0.00067,0.01624
110.01000,1.98000,0.99921,0.00052,0.00016,0.00000,0.00010
110.21000,1.98000,0.99956,0.00003,0.00037,0.00000,0.00004
110.41000,1.98000,0.99969,0.00000,0.00025,0.00001,0.00005
110.61000,1.98000,0.99952,0.00000,0.00039,0.00001,0.00008
110.81000,1.98000,0.99956,0.00000,0.00028,0.00004,0.00012
111.01000,1.98000,0.99979,0.00000,0.00017,0.00002,0.00002
111.21000,1.98000,0.99922,0.00000,0.00055,0.00019,0.00004
111.41000,1.98000,0.99846,0.00000,0.00100,0.00049,0.00005
111.61000,1.98000,0.99807,0.00000,0.00110,0.00078,0.00005
111.81000,1.98000,0.99906,0.00000,0.00048,0.00042,0.00004
112.01000,1.98000,0.99978,0.00000,0.00013,0.00008,0.00001
112.21000,1.98000,0.99969,0.00000,0.00021,0.00009,0.00001
112.41000,1.98000,0.99993,0.00000,0.00004,0.00002,0.00000
112.61000,1.98000,0.99997,0.00000,0.00001,0.00002,0.00000
112.81000,1.98000,0.99999,0.00000,0.00001,0.00000,0.00000
113.01000,1.98000,0.99999,0.00000,0.00001,0.00000,0.00000
113.21000,1.98000,0.99992,0.00000,0.00006,0.00001,0.00001
113.41000,1.98000,0.99989,0.00000,0.00008,0.00001,0.00002
113.61000,1.98000,0.99989,0.00000,0.00006,0.00001,0.00004
113.81000,1.98000,0.99941,0.00001,0.00049,0.00001,0.00008
114.01000,1.98000,0.95965,0.00071,0.03117,0.00134,0.00713
114.21000,1.98000,0.93702,0.00169,0.04263,0.00278,0.01588
114.41000,1.98000,0.95823,0.00238,0.02832,0.00116,0.00990
114.61000,1.98000,0.97303,0.00033,0.02416,0.00031,0.00218
114.81000,1.98000,0.98658,0.00018,0.01140,0.00011,0.00173
115.01000,1.98000,0.97752,0.00052,0.01839,0.00062,0.00296
115.21000,1.98000,0.98525,0.00148,0.00971,0.00212,0.00144
115.41000,1.98000,0.99879,0.00016,0.00083,0.00015,0.00006
115.61000,1.98000,0.99971,0.00011,0.00006,0.00008,0.00003
115.81000,1.98000,0.99746,0.00014,0.00044,0.00159,0.00037
116.01000,1.98000,0.99995,0.00001,0.00001,0.00002,0.00001
116.21000,1.98000,0.99996,0.00000,0.00001,0.00001,0.00001
116.41000,1.98000,0.99996,0.00000,0.00001,0.00001,0.00001
116.61000,1.98000,0.99974,0.00001,0.00007,0.00009,0.00009
116.81000,1.98000,0.99397,0.00021,0.00067,0.00199,0.00316
117.01000,1.98000,0.98173,0.00046,0.00234,0.00687,0.00861
117.21000,1.98000,0.96993,0.00030,0.00587,0.01381,0.01010
117.41000,1.98000,0.98878,0.00008,0.00275,0.00571,0.00268
117.61000,1.98000,0.99555,0.00005,0.00137,0.00213,0.00089
117.81000,1.98000,0.99841,0.00001,0.00065,0.00070,0.00023
118.01000,1.98000,0.99994,0.00000,0.00005,0.00001,0.00000
118.21000,1.98000,0.99999,0.00000,0.00001,0.00000,0.00000
118.41000,1.98000,0.99985,0.00000,0.00004,0.00010,0.00001
118.61000,1.98000,0.99987,0.00000,0.00003,0.00008,0.00002
118.81000,1.98000,0.99881,0.00000,0.00021,0.00019,0.00079
119.01000,1.98000,0.97993,0.00000,0.00221,0.00114,0.01672
119.21000,1.98000,0.98627,0.00000,0.00049,0.00068,0.01256
119.41000,1.98000,0.96608,0.00000,0.00060,0.00112,0.03220
119.61000,1.98000,0.92646,0.00001,0.00069,0.00137,0.07147
119.81000,1.98000,0.99690,0.00000,0.00008,0.00002,0.00300
120.01000,1.98000,0.99704,0.00000,0.00012,0.00002,0.00282
120.21000,1.98000,0.99939,0.00000,0.00009,0.00000,0.00052
120.41000,1.98000,0.99968,0.00000,0.00005,0.00000,0.00027
120.61000,1.98000,0.99926,0.00002,0.00006,0.00006,0.00060
120.81000,1.98000,0.99971,0.00000,0.00008,0.00002,0.00019
121.01000,1.98000,0.99962,0.00000,0.00013,0.00003,0.00022
121.21000,1.98000,0.99978,0.00000,0.00005,0.00002,0.00015
121.41000,1.98000,0.99953,0.00000,0.00009,0.00007,0.00031
121.61000,1.98000,0.99655,0.00004,0.00037,0.00084,0.00220
121.81000,1.98000,0.98443,0.00010,0.00096,0.00693,0.00759
122.01000,1.98000,0.96380,0.00005,0.00278,0.01557,0.01780
122.21000,1.98000,0.99931,0.00004,0.00002,0.00020,0.00043
122.41000,1.98000,0.99752,0.00001,0.00023,0.00068,0.00156
122.61000,1.98000,0.99890,0.00000,0.00024,0.00024,0.00063
122.81000,1.98000,0.99681,0.00000,0.00096,0.00063,0.00160
123.01000,1.98000,0.99320,0.00000,0.00215,0.00063,0.00402
123.21000,1.98000,0.99469,0.00000,0.00137,0.00075,0.00318
123.41000,1.98000,0.99885,0.00000,0.00013,0.00010,0.00091
123.61000,1.98000,0.99935,0.00000,0.00019,0.00002,0.00044
123.81000,1.98000,0.99713,0.00000,0.00070,0.00004,0.00213
124.01000,1.98000,0.93728,0.00001,0.00591,0.00034,0.05647
124.21000,1.98000,0.65441,0.00001,0.03679,0.00047,0.30832
124.41000,1.98000,0.73808,0.00001,0.02216,0.00018,0.23957
124.61000,1.98000,0.96280,0.00001,0.00251,0.00004,0.03464
124.81000,1.98000,0.97683,0.00012,0.00102,0.00003,0.02201
125.01000,1.98000,0.99429,0.00052,0.00020,0.00000,0.00498
125.21000,1.98000,0.99771,0.00013,0.00014,0.00000,0.00202
125.41000,1.98000,0.99666,0.00009,0.00013,0.00000,0.00312
125.61000,1.98000,0.99605,0.00009,0.00059,0.00000,0.00327
125.81000,1.98000,0.99767,0.00063,0.00018,0.00001,0.00151
126.01000,1.98000,0.99511,0.00287,0.00026,0.00011,0.00166
126.21000,1.98000,0.99808,0.00124,0.00017,0.00006,0.00045
126.41000,1.98000,0.99762,0.00061,0.00066,0.00014,0.00097
126.61000,1.98000,0.99857,0.00018,0.00045,0.00008,0.00072
126.81000,1.98000,0.99370,0.00011,0.00274,0.00034,0.00311
127.01000,1.98000,0.99682,0.00009,0.00143,0.00030,0.00136
127.21000,1.98000,0.99234,0.00023,0.00327,0.00125,0.00291
127.41000,1.98000,0.95662,0.00097,0.01567,0.01278,0.01396
127.61000,1.98000,0.90715,0.00081,0.04635,0.02562,0.02007
127.81000,1.98000,0.97775,0.00006,0.01464,0.00487,0.00267
128.00999,1.98001,0.99671,0.00001,0.00259,0.00050,0.00020
128.21001,1.98000,0.99918,0.00000,0.00065,0.00014,0.00003
128.41000,1.98000,0.99987,0.00000,0.00009,0.00004,0.00000
128.61000,1.98000,0.99999,0.00000,0.00001,0.00000,0.00000
128.81000,1.98000,1.00000,0.00000,0.00000,0.00000,0.00000
129.00999,1.98001,1.00000,0.00000,0.00000,0.00000,0.00000
129.21001,1.98000,1.00000,0.00000,0.00000,0.00000,0.00000
