Time (seconds), Duration (seconds),pred_(unlabeled),pred_On,pred_Off,pred_Dimmer,pred_Lighter
0.01000,1.98000,0.99867,0.00003,0.00008,0.00033,0.00089
0.21000,1.98000,0.99969,0.00000,0.00000,0.00002,0.00028
0.41000,1.98000,0.99977,0.00000,0.00000,0.00002,0.00020
0.61000,1.98000,0.99971,0.00000,0.00000,0.00005,0.00024
0.81000,1.98000,0.99973,0.00000,0.00000,0.00007,0.00020
1.01000,1.98000,0.99975,0.00000,0.00000,0.00007,0.00018
1.21000,1.98000,0.99983,0.00000,0.00000,0.00004,0.00013
1.41000,1.98000,0.99990,0.00000,0.00000,0.00003,0.00007
1.61000,1.98000,0.99991,0.00001,0.00000,0.00003,0.00005
1.81000,1.98000,0.99991,0.00003,0.00000,0.00002,0.00003
2.01000,1.98000,0.99988,0.00009,0.00000,0.00001,0.00001
2.21000,1.98000,0.99903,0.00083,0.00000,0.00011,0.00003
2.41000,1.98000,0.99008,0.00879,0.00000,0.00109,0.00005
2.61000,1.98000,0.63512,0.32208,0.00001,0.04240,0.00039
2.81000,1.98000,0.01325,0.96777,0.00006,0.01885,0.00007
3.01000,1.98000,0.97872,0.02095,0.00024,0.00003,0.00006
3.21000,1.98000,0.99913,0.00060,0.00020,0.00001,0.00005
3.41000,1.98000,0.99983,0.00008,0.00004,0.00001,0.00005
3.61000,1.98000,0.99992,0.00001,0.00002,0.00001,0.00004
3.81000,1.98000,0.99988,0.00000,0.00004,0.00002,0.00006
4.01000,1.98000,0.99983,0.00001,0.00000,0.00005,0.00010
4.21000,1.98000,0.99988,0.00001,0.00000,0.00003,0.00008
4.41000,1.98000,0.99986,0.00004,0.00000,0.00004,0.00006
4.61000,1.98000,0.99986,0.00010,0.00000,0.00002,0.00002
4.81000,1.98000,0.99965,0.00032,0.00000,0.00002,0.00001
5.01000,1.98000,0.99793,0.00190,0.00000,0.00016,0.00002
5.21000,1.98000,0.96139,0.03248,0.00000,0.00596,0.00017
5.41000,1.98000,0.10839,0.85510,0.00001,0.03644,0.00007
5.61000,1.98000,0.76487,0.23405,0.00090,0.00009,0.00009
5.81000,1.98000,0.99600,0.00381,0.00016,0.00001,0.00002
6.01000,1.98000,0.99971,0.00025,0.00003,0.00000,0.00002
6.21000,1.98000,0.99993,0.00003,0.00001,0.00000,0.00002
6.41000,1.98000,0.99991,0.00001,0.00003,0.00001,0.00004
6.61000,1.98000,0.99993,0.00000,0.00001,0.00001,0.00004
6.81000,1.98000,0.99968,0.00000,0.00000,0.00013,0.00019
7.01000,1.98000,0.99976,0.00000,0.00000,0.00007,0.00018
7.21000,1.98000,0.99975,0.00000,0.00000,0.00007,0.00018
7.41000,1.98000,0.99975,0.00000,0.00000,0.00007,0.00018
7.61000,1.98000,0.99975,0.00000,0.00000,0.00007,0.00018
7.81000,1.98000,0.99975,0.00000,0.00000,0.00007,0.00018
8.01000,1.98000,0.99975,0.00000,0.00000,0.00007,0.00018
8.21000,1.98000,0.99975,0.00000,0.00000,0.00007,0.00018
8.41000,1.98000,0.99980,0.00000,0.00000,0.00005,0.00014
8.61000,1.98000,0.99987,0.00000,0.00000,0.00004,0.00008
8.81000,1.98000,0.99992,0.00001,0.00000,0.00002,0.00004
9.01000,1.98000,0.99993,0.00003,0.00000,0.00002,0.00002
9.21000,1.98000,0.99995,0.00004,0.00000,0.00001,0.00000
9.41000,1.98000,0.99957,0.00039,0.00000,0.00003,0.00001
9.61000,1.98000,0.99194,0.00794,0.00000,0.00011,0.00001
9.81000,1.98000,0.69074,0.29266,0.00000,0.01639,0.00021
10.01000,1.98000,0.02172,0.97297,0.00002,0.00525,0.00003
10.21000,1.98000,0.97728,0.02243,0.00028,0.00001,0.00001
10.41000,1.98000,0.99953,0.00042,0.00004,0.00000,0.00000
10.61000,1.98000,0.99982,0.00013,0.00003,0.00000,0.00002
10.81000,1.98000,0.99993,0.00002,0.00002,0.00001,0.00003
11.01000,1.98000,0.99992,0.00001,0.00002,0.00001,0.00003
11.21000,1.98000,0.99996,0.00000,0.00000,0.00001,0.00003
11.41000,1.98000,0.99976,0.00000,0.00000,0.00006,0.00018
11.61000,1.98000,0.99977,0.00000,0.00000,0.00006,0.00017
11.81000,1.98000,0.99976,0.00000,0.00000,0.00006,0.00018
12.01000,1.98000,0.99976,0.00000,0.00000,0.00007,0.00018
12.21000,1.98000,0.99976,0.00000,0.00000,0.00007,0.00018
12.41000,1.98000,0.99975,0.00000,0.00000,0.00007,0.00018
12.61000,1.98000,0.99976,0.00000,0.00000,0.00006,0.00018
12.81000,1.98000,0.99987,0.00000,0.00000,0.00004,0.00009
13.01000,1.98000,0.99988,0.00000,0.00000,0.00003,0.00008
13.21000,1.98000,0.99987,0.00003,0.00000,0.00005,0.00005
13.41000,1.98000,0.99976,0.00015,0.00000,0.00006,0.00004
13.61000,1.98000,0.99953,0.00041,0.00000,0.00005,0.00001
13.81000,1.98000,0.99847,0.00138,0.00000,0.00013,0.00002
14.01000,1.98000,0.98777,0.01074,0.00000,0.00144,0.00005
14.21000,1.98000,0.29923,0.68986,0.00000,0.01086,0.00005
14.41000,1.98000,0.15947,0.84018,0.00029,0.00003,0.00002
14.61000,1.98000,0.87178,0.12764,0.00050,0.00003,0.00005
14.81000,1.98000,0.99557,0.00427,0.00011,0.00001,0.00004
15.01000,1.98000,0.99975,0.00019,0.00004,0.00000,0.00002
15.21000,1.98000,0.99993,0.00002,0.00002,0.00000,0.00003
15.41000,1.98000,0.99989,0.00001,0.00005,0.00001,0.00005
15.61000,1.98000,0.99992,0.00000,0.00002,0.00001,0.00005
15.81000,1.98000,0.99979,0.00000,0.00000,0.00006,0.00015
16.01000,1.98000,0.99971,0.00000,0.00000,0.00008,0.00021
16.21000,1.98000,0.99974,0.00000,0.00000,0.00007,0.00018
16.41000,1.98000,0.99974,0.00000,0.00000,0.00008,0.00018
16.61000,1.98000,0.99975,0.00000,0.00000,0.00007,0.00018
16.81000,1.98000,0.99975,0.00000,0.00000,0.00007,0.00018
17.01000,1.98000,0.99974,0.00000,0.00000,0.00007,0.00018
17.21000,1.98000,0.99975,0.00000,0.00000,0.00007,0.00018
17.41000,1.98000,0.99988,0.00000,0.00000,0.00004,0.00009
17.61000,1.98000,0.99992,0.00000,0.00000,0.00002,0.00006
17.81000,1.98000,0.99991,0.00001,0.00000,0.00003,0.00005
18.01000,1.98000,0.99989,0.00005,0.00000,0.00003,0.00003
18.21000,1.98000,0.99951,0.00044,0.00000,0.00004,0.00002
18.41000,1.98000,0.99838,0.00141,0.00000,0.00019,0.00002
18.61000,1.98000,0.99275,0.00667,0.00000,0.00056,0.00002
18.81000,1.98000,0.63574,0.35781,0.00000,0.00640,0.00005
19.01000,1.98000,0.04692,0.95304,0.00002,0.00002,0.00000
19.21000,1.98000,0.46192,0.53761,0.00040,0.00005,0.00002
19.41000,1.98000,0.97006,0.02978,0.00011,0.00002,0.00003
19.61000,1.98000,0.99775,0.00208,0.00012,0.00001,0.00004
19.81000,1.98000,0.99970,0.00019,0.00006,0.00001,0.00004
20.01000,1.98000,0.99986,0.00003,0.00004,0.00002,0.00006
20.21000,1.98000,0.99988,0.00001,0.00003,0.00002,0.00006
20.41000,1.98000,0.99992,0.00000,0.00000,0.00002,0.00005
20.61000,1.98000,0.99975,0.00000,0.00000,0.00006,0.00018
20.81000,1.98000,0.99974,0.00000,0.00000,0.00007,0.00019
21.01000,1.98000,0.99975,0.00000,0.00000,0.00007,0.00018
21.21000,1.98000,0.99975,0.00000,0.00000,0.00007,0.00018
21.41000,1.98000,0.99975,0.00000,0.00000,0.00007,0.00018
21.61000,1.98000,0.99976,0.00000,0.00000,0.00007,0.00017
21.81000,1.98000,0.99977,0.00000,0.00000,0.00006,0.00017
22.01000,1.98000,0.99981,0.00000,0.00000,0.00004,0.00014
22.21000,1.98000,0.99987,0.00000,0.00000,0.00004,0.00009
22.41000,1.98000,0.99935,0.00001,0.00000,0.00046,0.00018
22.61000,1.98000,0.99793,0.00003,0.00000,0.00175,0.00030
22.81000,1.98000,0.99264,0.00012,0.00001,0.00670,0.00052
23.01000,1.98000,0.99454,0.00008,0.00002,0.00445,0.00090
23.21000,1.98000,0.99511,0.00006,0.00005,0.00305,0.00172
23.41000,1.98000,0.99769,0.00004,0.00002,0.00093,0.00133
23.61000,1.98000,0.99970,0.00002,0.00000,0.00005,0.00023
23.81000,1.98000,0.99988,0.00001,0.00000,0.00002,0.00009
24.01000,1.98000,0.99988,0.00002,0.00000,0.00003,0.00007
24.21000,1.98000,0.99911,0.00007,0.00000,0.00055,0.00028
24.41000,1.98000,0.99904,0.00011,0.00000,0.00068,0.00016
24.61000,1.98000,0.99795,0.00108,0.00000,0.00085,0.00012
24.81000,1.98000,0.99367,0.00478,0.00000,0.00139,0.00016
25.01000,1.98000,0.99636,0.00336,0.00000,0.00019,0.00009
25.21000,1.98000,0.99950,0.00045,0.00000,0.00001,0.00004
25.41000,1.98000,0.99516,0.00474,0.00000,0.00003,0.00007
25.61000,1.98000,0.96173,0.03762,0.00000,0.00056,0.00008
25.81000,1.98000,0.36656,0.61082,0.00000,0.02238,0.00024
26.01000,1.98000,0.01958,0.96660,0.00003,0.01375,0.00004
26.21000,1.98000,0.97799,0.02170,0.00026,0.00002,0.00003
26.41000,1.98000,0.99865,0.00124,0.00008,0.00001,0.00002
26.61000,1.98000,0.99965,0.00024,0.00004,0.00001,0.00005
26.81000,1.98000,0.99974,0.00006,0.00008,0.00003,0.00009
27.01000,1.98000,0.99983,0.00001,0.00004,0.00004,0.00009
27.21000,1.98000,0.99988,0.00000,0.00000,0.00003,0.00009
27.41000,1.98000,0.99972,0.00000,0.00000,0.00007,0.00020
27.61000,1.98000,0.99973,0.00000,0.00000,0.00008,0.00019
27.81000,1.98000,0.99973,0.00000,0.00000,0.00008,0.00018
28.01000,1.98000,0.99973,0.00000,0.00000,0.00008,0.00018
28.21000,1.98000,0.99974,0.00000,0.00000,0.00008,0.00018
28.41000,1.98000,0.99990,0.00000,0.00000,0.00003,0.00007
28.61000,1.98000,0.99992,0.00000,0.00000,0.00002,0.00005
28.81000,1.98000,0.99995,0.00001,0.00000,0.00002,0.00002
29.01000,1.98000,0.99994,0.00005,0.00000,0.00001,0.00001
29.21000,1.98000,0.99967,0.00031,0.00000,0.00002,0.00001
29.41000,1.98000,0.99780,0.00213,0.00000,0.00006,0.00001
29.61000,1.98000,0.95742,0.04196,0.00000,0.00060,0.00002
29.81000,1.98000,0.07324,0.92619,0.00000,0.00056,0.00000
30.01000,1.98000,0.53111,0.46832,0.00052,0.00004,0.00002
30.21000,1.98000,0.98795,0.01183,0.00020,0.00001,0.00001
30.41000,1.98000,0.99771,0.00220,0.00006,0.00001,0.00002
30.61000,1.98000,0.99962,0.00020,0.00012,0.00001,0.00004
30.81000,1.98000,0.99987,0.00004,0.00004,0.00001,0.00004
31.01000,1.98000,0.99990,0.00001,0.00003,0.00002,0.00005
31.21000,1.98000,0.99997,0.00000,0.00000,0.00001,0.00002
31.41000,1.98000,0.99994,0.00000,0.00000,0.00001,0.00005
31.61000,1.98000,0.99996,0.00001,0.00000,0.00001,0.00003
31.81000,1.98000,0.99996,0.00003,0.00000,0.00000,0.00001
32.01000,1.98000,0.99973,0.00025,0.00000,0.00001,0.00001
32.21000,1.98000,0.99477,0.00497,0.00000,0.00022,0.00005
32.41000,1.98000,0.96512,0.03442,0.00000,0.00044,0.00002
32.61000,1.98000,0.28540,0.71359,0.00000,0.00099,0.00002
32.81000,1.98000,0.46453,0.53511,0.00022,0.00010,0.00003
33.01000,1.98000,0.99381,0.00609,0.00008,0.00001,0.00001
33.21000,1.98000,0.99848,0.00143,0.00004,0.00001,0.00003
33.41000,1.98000,0.99939,0.00053,0.00004,0.00002,0.00003
33.61000,1.98000,0.99948,0.00022,0.00013,0.00010,0.00007
33.81000,1.98000,0.99970,0.00003,0.00007,0.00011,0.00009
34.01000,1.98000,0.99956,0.00002,0.00001,0.00028,0.00014
34.21000,1.98000,0.99967,0.00000,0.00000,0.00007,0.00026
34.41000,1.98000,0.99968,0.00000,0.00000,0.00005,0.00028
34.61000,1.98000,0.99981,0.00000,0.00000,0.00003,0.00017
34.81000,1.98000,0.99977,0.00000,0.00000,0.00005,0.00018
35.01000,1.98000,0.99954,0.00000,0.00000,0.00021,0.00024
35.21000,1.98000,0.99946,0.00001,0.00000,0.00031,0.00022
35.41000,1.98000,0.99937,0.00001,0.00000,0.00034,0.00028
35.61000,1.98000,0.99969,0.00000,0.00000,0.00009,0.00021
35.81000,1.98000,0.99973,0.00000,0.00000,0.00004,0.00023
36.01000,1.98000,0.99982,0.00000,0.00000,0.00001,0.00016
36.21000,1.98000,0.99985,0.00000,0.00000,0.00001,0.00015
36.41000,1.98000,0.99989,0.00000,0.00000,0.00001,0.00010
36.61000,1.98000,0.99993,0.00000,0.00000,0.00001,0.00006
36.81000,1.98000,0.99995,0.00001,0.00000,0.00000,0.00004
37.01000,1.98000,0.99998,0.00001,0.00000,0.00000,0.00001
37.21000,1.98000,0.99997,0.00003,0.00000,0.00000,0.00000
37.41000,1.98000,0.99968,0.00029,0.00000,0.00001,0.00001
37.61000,1.98000,0.88135,0.11650,0.00001,0.00196,0.00018
37.81000,1.98000,0.06393,0.93493,0.00001,0.00109,0.00004
38.01000,1.98000,0.78108,0.21832,0.00024,0.00021,0.00014
38.21000,1.98000,0.99785,0.00206,0.00006,0.00000,0.00002
38.41000,1.98000,0.99951,0.00041,0.00006,0.00000,0.00002
38.61000,1.98000,0.99967,0.00012,0.00012,0.00002,0.00007
38.81000,1.98000,0.99965,0.00003,0.00013,0.00004,0.00015
39.01000,1.98000,0.99989,0.00000,0.00000,0.00001,0.00009
39.21000,1.98000,0.99970,0.00000,0.00000,0.00004,0.00025
39.41000,1.98000,0.99971,0.00000,0.00000,0.00006,0.00023
39.61000,1.98000,0.99973,0.00000,0.00000,0.00008,0.00020
39.81000,1.98000,0.99974,0.00000,0.00000,0.00008,0.00019
40.01000,1.98000,0.99988,0.00000,0.00000,0.00003,0.00009
40.21000,1.98000,0.99991,0.00000,0.00000,0.00002,0.00007
40.41000,1.98000,0.99995,0.00001,0.00000,0.00001,0.00003
40.61000,1.98000,0.99989,0.00008,0.00000,0.00001,0.00001
40.81000,1.98000,0.99955,0.00043,0.00000,0.00001,0.00001
41.01000,1.98000,0.99627,0.00364,0.00000,0.00007,0.00002
41.21000,1.98000,0.94083,0.05831,0.00000,0.00079,0.00007
41.41000,1.98000,0.06254,0.93357,0.00001,0.00386,0.00003
41.61000,1.98000,0.82154,0.17771,0.00066,0.00004,0.00005
41.81000,1.98000,0.99592,0.00397,0.00009,0.00000,0.00001
42.01000,1.98000,0.99948,0.00049,0.00002,0.00000,0.00001
42.21000,1.98000,0.99972,0.00016,0.00006,0.00001,0.00004
42.41000,1.98000,0.99983,0.00003,0.00007,0.00002,0.00006
42.61000,1.98000,0.99985,0.00001,0.00004,0.00002,0.00008
42.81000,1.98000,0.99983,0.00000,0.00000,0.00005,0.00012
43.01000,1.98000,0.99975,0.00000,0.00000,0.00006,0.00019
43.21000,1.98000,0.99975,0.00000,0.00000,0.00006,0.00019
43.41000,1.98000,0.99978,0.00000,0.00000,0.00005,0.00017
43.61000,1.98000,0.99982,0.00000,0.00000,0.00004,0.00014
43.81000,1.98000,0.99983,0.00000,0.00000,0.00004,0.00013
44.01000,1.98000,0.99957,0.00000,0.00000,0.00022,0.00021
44.21000,1.98000,0.99968,0.00001,0.00000,0.00019,0.00012
44.41000,1.98000,0.99983,0.00003,0.00000,0.00008,0.00007
44.61000,1.98000,0.99993,0.00002,0.00000,0.00001,0.00004
44.81000,1.98000,0.99992,0.00004,0.00000,0.00001,0.00003
45.01000,1.98000,0.99978,0.00020,0.00000,0.00001,0.00001
45.21000,1.98000,0.99577,0.00404,0.00000,0.00012,0.00007
45.41000,1.98000,0.91586,0.07952,0.00000,0.00456,0.00006
45.61000,1.98000,0.09141,0.89536,0.00000,0.01316,0.00006
45.81000,1.98000,0.62696,0.37265,0.00008,0.00024,0.00006
46.01000,1.98000,0.99784,0.00191,0.00023,0.00001,0.00002
46.21000,1.98000,0.99938,0.00048,0.00011,0.00001,0.00003
46.41000,1.98000,0.99973,0.00013,0.00005,0.00002,0.00008
46.61000,1.98000,0.99974,0.00003,0.00007,0.00004,0.00012
46.81000,1.98000,0.99985,0.00001,0.00001,0.00004,0.00009
47.01000,1.98000,0.99970,0.00000,0.00000,0.00004,0.00025
47.21000,1.98000,0.99972,0.00000,0.00000,0.00006,0.00022
47.41000,1.98000,0.99974,0.00000,0.00000,0.00006,0.00020
47.61000,1.98000,0.99975,0.00000,0.00000,0.00006,0.00018
47.81000,1.98000,0.99976,0.00000,0.00000,0.00006,0.00018
48.01000,1.98000,0.99976,0.00000,0.00000,0.00007,0.00018
48.21000,1.98000,0.99975,0.00000,0.00000,0.00007,0.00018
48.41000,1.98000,0.99990,0.00000,0.00000,0.00002,0.00008
48.61000,1.98000,0.99995,0.00000,0.00000,0.00001,0.00004
48.81000,1.98000,0.99996,0.00001,0.00000,0.00001,0.00002
49.01000,1.98000,0.99995,0.00003,0.00000,0.00001,0.00001
49.21000,1.98000,0.99970,0.00028,0.00000,0.00001,0.00001
49.41000,1.98000,0.99666,0.00325,0.00000,0.00008,0.00002
49.61000,1.98000,0.95244,0.04725,0.00000,0.00029,0.00001
49.81000,1.98000,0.42978,0.56993,0.00000,0.00029,0.00001
50.01000,1.98000,0.11584,0.88368,0.00045,0.00002,0.00001
50.21000,1.98000,0.84025,0.15806,0.00161,0.00004,0.00003
50.41000,1.98000,0.99264,0.00699,0.00033,0.00002,0.00002
50.61000,1.98000,0.99864,0.00110,0.00019,0.00002,0.00004
50.81000,1.98000,0.99950,0.00030,0.00009,0.00002,0.00008
51.01000,1.98000,0.99958,0.00011,0.00012,0.00007,0.00012
51.21000,1.98000,0.99982,0.00003,0.00002,0.00004,0.00010
51.41000,1.98000,0.99984,0.00000,0.00000,0.00002,0.00014
51.61000,1.98000,0.99993,0.00000,0.00000,0.00002,0.00005
51.81000,1.98000,0.99995,0.00001,0.00000,0.00001,0.00003
52.01000,1.98000,0.99989,0.00008,0.00000,0.00001,0.00002
52.21000,1.98000,0.99943,0.00051,0.00000,0.00002,0.00004
52.41000,1.98000,0.99854,0.00139,0.00000,0.00003,0.00005
52.61000,1.98000,0.98856,0.01046,0.00000,0.00058,0.00040
52.81000,1.98000,0.96617,0.03368,0.00000,0.00014,0.00002
53.01000,1.98000,0.62495,0.37491,0.00000,0.00013,0.00001
53.21000,1.98000,0.11583,0.88412,0.00004,0.00000,0.00000
53.41000,1.98000,0.18440,0.81552,0.00007,0.00000,0.00000
53.61000,1.98000,0.25387,0.74558,0.00050,0.00003,0.00002
53.81000,1.98000,0.74835,0.24904,0.00246,0.00007,0.00009
54.01000,1.98000,0.98284,0.01678,0.00029,0.00003,0.00006
54.21000,1.98000,0.99828,0.00140,0.00022,0.00002,0.00007
54.41000,1.98000,0.99947,0.00026,0.00014,0.00003,0.00009
54.61000,1.98000,0.99955,0.00008,0.00015,0.00006,0.00016
54.81000,1.98000,0.99972,0.00003,0.00001,0.00004,0.00019
55.01000,1.98000,0.99988,0.00000,0.00000,0.00002,0.00010
55.21000,1.98000,0.99988,0.00001,0.00000,0.00002,0.00009
55.41000,1.98000,0.99993,0.00002,0.00000,0.00001,0.00003
55.61000,1.98000,0.99992,0.00006,0.00000,0.00001,0.00001
55.81000,1.98000,0.99962,0.00036,0.00000,0.00002,0.00001
56.01000,1.98000,0.99692,0.00295,0.00000,0.00011,0.00001
56.21000,1.98000,0.96280,0.03554,0.00000,0.00161,0.00006
56.41000,1.98000,0.06983,0.92734,0.00001,0.00280,0.00002
56.61000,1.98000,0.75594,0.24348,0.00054,0.00001,0.00003
56.81000,1.98000,0.95300,0.04687,0.00012,0.00000,0.00001
57.01000,1.98000,0.93349,0.06622,0.00023,0.00002,0.00004
57.21000,1.98000,0.96110,0.03830,0.00049,0.00007,0.00004
57.41000,1.98000,0.98480,0.01393,0.00101,0.00018,0.00009
57.61000,1.98000,0.99601,0.00342,0.00030,0.00015,0.00012
57.81000,1.98000,0.99777,0.00071,0.00002,0.00101,0.00049
58.01000,1.98000,0.99880,0.00005,0.00005,0.00049,0.00061
58.21000,1.98000,0.99920,0.00001,0.00002,0.00012,0.00064
58.41000,1.98000,0.99974,0.00000,0.00000,0.00004,0.00022
58.61000,1.98000,0.99969,0.00000,0.00000,0.00004,0.00026
58.81000,1.98000,0.99978,0.00000,0.00000,0.00002,0.00020
59.01000,1.98000,0.99989,0.00000,0.00000,0.00001,0.00009
59.21000,1.98000,0.99992,0.00001,0.00000,0.00002,0.00006
59.41000,1.98000,0.99990,0.00004,0.00000,0.00002,0.00004
59.61000,1.98000,0.99991,0.00007,0.00000,0.00001,0.00001
59.81000,1.98000,0.99965,0.00030,0.00000,0.00003,0.00001
60.01000,1.98000,0.99404,0.00575,0.00000,0.00018,0.00002
60.21000,1.98000,0.91854,0.08104,0.00000,0.00041,0.00002
60.41000,1.98000,0.14453,0.85534,0.00000,0.00012,0.00001
60.61000,1.98000,0.11224,0.88758,0.00016,0.00001,0.00001
60.81000,1.98000,0.26686,0.73226,0.00077,0.00008,0.00004
61.01000,1.98000,0.69225,0.30434,0.00318,0.00008,0.00016
61.21000,1.98000,0.81085,0.18837,0.00053,0.00009,0.00016
61.41000,1.98000,0.71645,0.28262,0.00057,0.00023,0.00014
61.61000,1.98000,0.54387,0.45407,0.00068,0.00113,0.00025
61.81000,1.98000,0.83185,0.16456,0.00026,0.00100,0.00234
62.01000,1.98000,0.99331,0.00266,0.00003,0.00166,0.00234
62.21000,1.98000,0.97128,0.02183,0.00001,0.00302,0.00386
62.41000,1.98000,0.95583,0.03681,0.00002,0.00477,0.00258
62.61000,1.98000,0.96168,0.02619,0.00005,0.00855,0.00353
62.81000,1.98000,0.99519,0.00286,0.00019,0.00081,0.00095
63.01000,1.98000,0.99769,0.00037,0.00006,0.00090,0.00098
63.21000,1.98000,0.99885,0.00007,0.00008,0.00034,0.00066
63.41000,1.98000,0.99906,0.00025,0.00006,0.00021,0.00042
63.61000,1.98000,0.99988,0.00004,0.00000,0.00000,0.00008
63.81000,1.98000,0.99988,0.00010,0.00000,0.00000,0.00002
64.01000,1.98000,0.99969,0.00029,0.00000,0.00000,0.00001
64.21000,1.98000,0.99554,0.00437,0.00000,0.00006,0.00003
64.41000,1.98000,0.93132,0.06853,0.00000,0.00013,0.00003
64.61000,1.98000,0.51578,0.48414,0.00000,0.00006,0.00002
64.81000,1.98000,0.03321,0.96669,0.00008,0.00002,0.00001
65.01000,1.98000,0.41353,0.58341,0.00295,0.00003,0.00007
65.21000,1.98000,0.63976,0.35870,0.00140,0.00002,0.00011
65.41000,1.98000,0.49610,0.50287,0.00091,0.00002,0.00009
65.61000,1.98000,0.42648,0.57229,0.00099,0.00007,0.00016
65.81000,1.98000,0.25026,0.74723,0.00189,0.00024,0.00038
66.01000,1.98000,0.20229,0.79605,0.00088,0.00025,0.00053
66.21000,1.98000,0.84091,0.15682,0.00003,0.00121,0.00102
66.41000,1.98000,0.70272,0.26539,0.00017,0.02381,0.00792
66.61000,1.98000,0.65871,0.33964,0.00018,0.00084,0.00063
66.81000,1.98000,0.31798,0.67956,0.00071,0.00023,0.00153
67.01000,1.98000,0.21804,0.78097,0.00031,0.00021,0.00047
67.21000,1.98000,0.53255,0.46600,0.00006,0.00025,0.00115
67.41000,1.98000,0.91738,0.07902,0.00001,0.00036,0.00323
67.61000,1.98000,0.87573,0.12174,0.00001,0.00050,0.00201
67.81000,1.98000,0.91464,0.08469,0.00001,0.00010,0.00056
68.01000,1.98000,0.98945,0.00920,0.00003,0.00008,0.00125
68.21000,1.98000,0.83199,0.01787,0.00240,0.01414,0.13360
68.41000,1.98000,0.99497,0.00318,0.00015,0.00068,0.00101
68.61000,1.98000,0.99397,0.00185,0.00134,0.00043,0.00241
68.81000,1.98000,0.99818,0.00017,0.00094,0.00006,0.00065
69.01000,1.98000,0.99785,0.00013,0.00135,0.00010,0.00057
69.21000,1.98000,0.99837,0.00012,0.00004,0.00056,0.00090
69.41000,1.98000,0.99909,0.00000,0.00004,0.00021,0.00065
69.61000,1.98000,0.99973,0.00000,0.00002,0.00002,0.00023
69.81000,1.98000,0.99969,0.00000,0.00000,0.00004,0.00026
70.01000,1.98000,0.99972,0.00000,0.00000,0.00007,0.00021
70.21000,1.98000,0.99982,0.00000,0.00000,0.00005,0.00014
70.41000,1.98000,0.99988,0.00000,0.00000,0.00004,0.00008
70.61000,1.98000,0.99993,0.00001,0.00000,0.00002,0.00004
70.81000,1.98000,0.99993,0.00003,0.00000,0.00002,0.00002
71.01000,1.98000,0.99983,0.00013,0.00000,0.00002,0.00001
71.21000,1.98000,0.99855,0.00139,0.00000,0.00005,0.00001
71.41000,1.98000,0.99330,0.00638,0.00000,0.00031,0.00001
71.61000,1.98000,0.85820,0.13878,0.00000,0.00297,0.00005
71.81000,1.98000,0.08901,0.91062,0.00001,0.00036,0.00001
72.01000,1.98000,0.11908,0.88070,0.00019,0.00001,0.00001
72.21000,1.98000,0.26469,0.73498,0.00028,0.00004,0.00002
72.41000,1.98000,0.91495,0.08430,0.00061,0.00003,0.00011
72.61000,1.98000,0.98481,0.01463,0.00039,0.00003,0.00014
72.81000,1.98000,0.99643,0.00294,0.00041,0.00005,0.00016
73.01000,1.98000,0.99892,0.00050,0.00031,0.00006,0.00022
73.21000,1.98000,0.99933,0.00020,0.00009,0.00008,0.00029
73.41000,1.98000,0.99961,0.00002,0.00001,0.00008,0.00028
73.61000,1.98000,0.99966,0.00000,0.00000,0.00004,0.00030
73.81000,1.98000,0.99972,0.00000,0.00000,0.00005,0.00023
74.01000,1.98000,0.99970,0.00000,0.00000,0.00006,0.00024
74.21000,1.98000,0.99975,0.00000,0.00000,0.00006,0.00020
74.41000,1.98000,0.99973,0.00000,0.00000,0.00006,0.00020
74.61000,1.98000,0.99975,0.00000,0.00000,0.00007,0.00019
74.81000,1.98000,0.99983,0.00000,0.00000,0.00004,0.00013
75.01000,1.98000,0.99990,0.00000,0.00000,0.00003,0.00006
75.21000,1.98000,0.99992,0.00001,0.00000,0.00002,0.00005
75.41000,1.98000,0.99987,0.00005,0.00000,0.00004,0.00004
75.61000,1.98000,0.99959,0.00034,0.00000,0.00004,0.00003
75.81000,1.98000,0.99731,0.00257,0.00000,0.00010,0.00003
76.01000,1.98000,0.99262,0.00683,0.00000,0.00051,0.00004
76.21000,1.98000,0.87415,0.11784,0.00000,0.00780,0.00021
76.41000,1.98000,0.04453,0.95508,0.00003,0.00034,0.00001
76.61000,1.98000,0.41860,0.58071,0.00062,0.00002,0.00004
76.81000,1.98000,0.89878,0.10066,0.00046,0.00002,0.00008
77.01000,1.98000,0.97480,0.02458,0.00039,0.00006,0.00017
77.21000,1.98000,0.99704,0.00279,0.00009,0.00002,0.00007
77.41000,1.98000,0.99854,0.00133,0.00006,0.00003,0.00005
77.61000,1.98000,0.99870,0.00090,0.00014,0.00016,0.00010
77.81000,1.98000,0.99874,0.00048,0.00002,0.00064,0.00012
78.01000,1.98000,0.99732,0.00006,0.00001,0.00218,0.00043
78.21000,1.98000,0.99804,0.00004,0.00001,0.00131,0.00060
78.41000,1.98000,0.99956,0.00001,0.00000,0.00007,0.00036
78.61000,1.98000,0.99975,0.00000,0.00000,0.00002,0.00023
78.81000,1.98000,0.99979,0.00000,0.00000,0.00002,0.00019
79.01000,1.98000,0.99951,0.00000,0.00000,0.00019,0.00030
79.21000,1.98000,0.99960,0.00001,0.00000,0.00020,0.00018
79.41000,1.98000,0.99984,0.00001,0.00000,0.00005,0.00009
79.61000,1.98000,0.99988,0.00002,0.00000,0.00002,0.00008
79.81000,1.98000,0.99994,0.00003,0.00000,0.00001,0.00002
80.01000,1.98000,0.99977,0.00020,0.00000,0.00000,0.00002
80.21000,1.98000,0.99397,0.00591,0.00000,0.00008,0.00005
80.41000,1.98000,0.95694,0.04243,0.00000,0.00053,0.00010
80.61000,1.98000,0.19025,0.80045,0.00000,0.00923,0.00006
80.81000,1.98000,0.14816,0.85128,0.00046,0.00008,0.00003
81.01000,1.98000,0.97667,0.02291,0.00037,0.00001,0.00003
81.21000,1.98000,0.99835,0.00154,0.00009,0.00001,0.00002
81.41000,1.98000,0.99975,0.00021,0.00002,0.00000,0.00002
81.61000,1.98000,0.99977,0.00008,0.00005,0.00002,0.00007
81.81000,1.98000,0.99984,0.00002,0.00003,0.00002,0.00010
82.01000,1.98000,0.99981,0.00001,0.00000,0.00005,0.00013
82.21000,1.98000,0.99972,0.00000,0.00000,0.00007,0.00020
82.41000,1.98000,0.99976,0.00000,0.00000,0.00004,0.00020
82.61000,1.98000,0.99976,0.00000,0.00000,0.00004,0.00020
82.81000,1.98000,0.99975,0.00000,0.00000,0.00005,0.00020
83.01000,1.98000,0.99979,0.00000,0.00000,0.00004,0.00017
83.21000,1.98000,0.99989,0.00000,0.00000,0.00002,0.00008
83.41000,1.98000,0.99994,0.00001,0.00000,0.00001,0.00004
83.61000,1.98000,0.99993,0.00003,0.00000,0.00001,0.00003
83.81000,1.98000,0.99992,0.00006,0.00000,0.00001,0.00001
84.01000,1.98000,0.99954,0.00043,0.00000,0.00002,0.00001
84.21000,1.98000,0.99407,0.00562,0.00000,0.00030,0.00002
84.41000,1.98000,0.90840,0.08110,0.00000,0.01027,0.00022
84.61000,1.98000,0.04991,0.94477,0.00002,0.00526,0.00004
84.81000,1.98000,0.62216,0.37675,0.00103,0.00002,0.00003
85.01000,1.98000,0.96103,0.03822,0.00070,0.00001,0.00004
85.21000,1.98000,0.99543,0.00430,0.00019,0.00001,0.00007
85.41000,1.98000,0.99883,0.00093,0.00013,0.00002,0.00009
85.61000,1.98000,0.99944,0.00023,0.00019,0.00004,0.00010
85.81000,1.98000,0.99966,0.00005,0.00012,0.00003,0.00014
86.01000,1.98000,0.99979,0.00001,0.00000,0.00004,0.00016
86.21000,1.98000,0.99976,0.00000,0.00000,0.00003,0.00020
86.41000,1.98000,0.99973,0.00000,0.00000,0.00003,0.00024
86.61000,1.98000,0.99987,0.00000,0.00000,0.00002,0.00010
86.81000,1.98000,0.99985,0.00000,0.00000,0.00004,0.00011
87.01000,1.98000,0.99981,0.00002,0.00000,0.00008,0.00009
87.21000,1.98000,0.99939,0.00012,0.00000,0.00037,0.00012
87.41000,1.98000,0.99654,0.00080,0.00000,0.00227,0.00038
87.61000,1.98000,0.96103,0.00669,0.00002,0.02850,0.00376
87.81000,1.98000,0.86186,0.02110,0.00013,0.08880,0.02812
88.01000,1.98000,0.87131,0.08973,0.00016,0.02072,0.01809
88.21000,1.98000,0.78535,0.21170,0.00030,0.00026,0.00239
88.41000,1.98000,0.86540,0.13292,0.00016,0.00008,0.00145
88.61000,1.98000,0.80352,0.19461,0.00003,0.00018,0.00167
88.81000,1.98000,0.64349,0.35400,0.00003,0.00061,0.00188
89.01000,1.98000,0.74254,0.25379,0.00003,0.00289,0.00076
89.21000,1.98000,0.80022,0.19666,0.00041,0.00226,0.00045
89.41000,1.98000,0.68172,0.31478,0.00277,0.00029,0.00044
89.61000,1.98000,0.67443,0.32404,0.00104,0.00027,0.00022
89.81000,1.98000,0.76110,0.23446,0.00301,0.00097,0.00046
90.01000,1.98000,0.91026,0.08606,0.00221,0.00125,0.00022
90.21000,1.98000,0.86630,0.13174,0.00038,0.00149,0.00009
90.41000,1.98000,0.96830,0.02715,0.00006,0.00409,0.00041
90.61000,1.98000,0.96666,0.03215,0.00002,0.00097,0.00020
90.81000,1.98000,0.99787,0.00191,0.00000,0.00002,0.00019
91.01000,1.98000,0.99096,0.00888,0.00000,0.00005,0.00012
91.21000,1.98000,0.96917,0.02947,0.00000,0.00117,0.00020
91.41000,1.98000,0.85343,0.14488,0.00000,0.00159,0.00010
91.61000,1.98000,0.05489,0.94487,0.00002,0.00019,0.00002
91.81000,1.98000,0.05621,0.94370,0.00008,0.00000,0.00001
92.01000,1.98000,0.06998,0.92998,0.00004,0.00000,0.00001
92.21000,1.98000,0.04465,0.95528,0.00005,0.00000,0.00001
92.41000,1.98000,0.05481,0.94495,0.00019,0.00002,0.00003
92.61000,1.98000,0.38717,0.61187,0.00071,0.00007,0.00018
92.81000,1.98000,0.86815,0.13140,0.00027,0.00005,0.00012
93.01000,1.98000,0.98154,0.01795,0.00033,0.00006,0.00013
93.21000,1.98000,0.99668,0.00300,0.00019,0.00004,0.00009
93.41000,1.98000,0.99958,0.00017,0.00012,0.00002,0.00011
93.61000,1.98000,0.99968,0.00007,0.00007,0.00007,0.00013
93.81000,1.98000,0.99970,0.00000,0.00000,0.00006,0.00024
94.01000,1.98000,0.99963,0.00000,0.00000,0.00006,0.00031
94.21000,1.98000,0.99973,0.00000,0.00000,0.00004,0.00023
94.41000,1.98000,0.99975,0.00000,0.00000,0.00005,0.00019
94.61000,1.98000,0.99974,0.00000,0.00000,0.00007,0.00019
94.81000,1.98000,0.99974,0.00000,0.00000,0.00007,0.00019
95.01000,1.98000,0.99975,0.00000,0.00000,0.00007,0.00018
95.21000,1.98000,0.99976,0.00000,0.00000,0.00007,0.00017
95.41000,1.98000,0.99975,0.00000,0.00000,0.00007,0.00018
95.61000,1.98000,0.99976,0.00000,0.00000,0.00006,0.00018
95.81000,1.98000,0.99977,0.00000,0.00000,0.00005,0.00018
96.01000,1.98000,0.99977,0.00000,0.00000,0.00005,0.00018
96.21000,1.98000,0.99984,0.00000,0.00000,0.00004,0.00012
96.41000,1.98000,0.99991,0.00000,0.00000,0.00002,0.00007
96.61000,1.98000,0.99994,0.00001,0.00000,0.00001,0.00004
96.81000,1.98000,0.99993,0.00004,0.00000,0.00001,0.00002
97.01000,1.98000,0.99982,0.00016,0.00000,0.00001,0.00001
97.21000,1.98000,0.99847,0.00145,0.00000,0.00006,0.00002
97.41000,1.98000,0.98572,0.01287,0.00000,0.00133,0.00007
97.61000,1.98000,0.79446,0.20474,0.00000,0.00077,0.00003
97.81000,1.98000,0.08317,0.91671,0.00009,0.00001,0.00001
98.01000,1.98000,0.09952,0.90026,0.00019,0.00001,0.00001
98.21000,1.98000,0.61172,0.38649,0.00157,0.00009,0.00013
98.41000,1.98000,0.97070,0.02860,0.00054,0.00005,0.00011
98.61000,1.98000,0.99457,0.00472,0.00043,0.00007,0.00021
98.81000,1.98000,0.99748,0.00172,0.00042,0.00013,0.00025
99.01000,1.98000,0.99903,0.00035,0.00021,0.00011,0.00030
99.21000,1.98000,0.99950,0.00003,0.00002,0.00006,0.00039
99.41000,1.98000,0.99975,0.00000,0.00000,0.00004,0.00020
99.61000,1.98000,0.99990,0.00000,0.00000,0.00001,0.00010
99.81000,1.98000,0.99998,0.00000,0.00000,0.00000,0.00002
100.01000,1.98000,0.99998,0.00001,0.00000,0.00000,0.00001
100.21000,1.98000,0.99995,0.00004,0.00000,0.00000,0.00001
100.41000,1.98000,0.99867,0.00121,0.00000,0.00003,0.00008
100.61000,1.98000,0.75579,0.24111,0.00003,0.00227,0.00080
100.81000,1.98000,0.02812,0.97108,0.00001,0.00076,0.00002
101.01000,1.98000,0.97682,0.02304,0.00003,0.00003,0.00009
101.21000,1.98000,0.99827,0.00169,0.00002,0.00000,0.00001
101.41000,1.98000,0.99951,0.00039,0.00008,0.00000,0.00001
101.61000,1.98000,0.99947,0.00037,0.00011,0.00002,0.00003
101.81000,1.98000,0.99944,0.00047,0.00004,0.00003,0.00003
102.01000,1.98000,0.99978,0.00019,0.00000,0.00001,0.00002
102.21000,1.98000,0.99997,0.00001,0.00000,0.00000,0.00001
102.41000,1.98000,0.99993,0.00006,0.00000,0.00000,0.00001
102.61000,1.98000,0.99798,0.00198,0.00000,0.00001,0.00003
102.81000,1.98000,0.73165,0.26747,0.00000,0.00068,0.00020
103.01000,1.98000,0.08237,0.91694,0.00000,0.00067,0.00001
103.21000,1.98000,0.93903,0.06085,0.00003,0.00004,0.00005
103.41000,1.98000,0.99862,0.00132,0.00004,0.00000,0.00001
103.61000,1.98000,0.99990,0.00006,0.00003,0.00000,0.00001
103.81000,1.98000,0.99990,0.00003,0.00004,0.00001,0.00002
104.01000,1.98000,0.99990,0.00001,0.00003,0.00002,0.00004
104.21000,1.98000,0.99996,0.00001,0.00000,0.00001,0.00002
104.41000,1.98000,0.99996,0.00001,0.00000,0.00001,0.00003
104.61000,1.98000,0.99998,0.00001,0.00000,0.00000,0.00001
104.81000,1.98000,0.99997,0.00002,0.00000,0.00000,0.00000
105.01000,1.98000,0.99970,0.00028,0.00000,0.00001,0.00001
105.21000,1.98000,0.94120,0.05858,0.00000,0.00015,0.00008
105.41000,1.98000,0.26084,0.73865,0.00000,0.00046,0.00005
105.61000,1.98000,0.07391,0.92596,0.00005,0.00008,0.00002
105.81000,1.98000,0.88245,0.11671,0.00076,0.00002,0.00006
106.01000,1.98000,0.99640,0.00330,0.00026,0.00000,0.00002
106.21000,1.98000,0.99745,0.00222,0.00023,0.00001,0.00009
106.41000,1.98000,0.99825,0.00168,0.00003,0.00001,0.00003
106.61000,1.98000,0.99924,0.00071,0.00001,0.00001,0.00004
106.81000,1.98000,0.99812,0.00182,0.00000,0.00001,0.00005
107.01000,1.98000,0.99959,0.00028,0.00000,0.00002,0.00011
107.21000,1.98000,0.99770,0.00121,0.00000,0.00061,0.00048
107.41000,1.98000,0.87058,0.03037,0.00007,0.07052,0.02846
107.61000,1.98000,0.89045,0.06979,0.00004,0.03057,0.00915
107.81000,1.98000,0.70191,0.29597,0.00002,0.00149,0.00061
108.01000,1.98000,0.61330,0.38571,0.00071,0.00003,0.00025
108.21000,1.98000,0.50910,0.49024,0.00035,0.00002,0.00028
108.41000,1.98000,0.26856,0.73099,0.00011,0.00005,0.00030
108.61000,1.98000,0.12206,0.87661,0.00009,0.00096,0.00029
108.81000,1.98000,0.02354,0.97553,0.00011,0.00075,0.00007
109.01000,1.98000,0.85827,0.14082,0.00056,0.00014,0.00022
109.21000,1.98000,0.99291,0.00693,0.00009,0.00002,0.00005
109.41000,1.98000,0.99876,0.00110,0.00006,0.00002,0.00006
109.61000,1.98000,0.99955,0.00022,0.00010,0.00004,0.00009
109.81000,1.98000,0.99985,0.00003,0.00003,0.00002,0.00006
110.01000,1.98000,0.99991,0.00004,0.00000,0.00002,0.00003
110.21000,1.98000,0.99966,0.00006,0.00000,0.00010,0.00017
110.41000,1.98000,0.99929,0.00011,0.00000,0.00036,0.00025
110.61000,1.98000,0.99693,0.00061,0.00000,0.00193,0.00053
110.81000,1.98000,0.94798,0.01598,0.00003,0.03284,0.00317
111.01000,1.98000,0.84018,0.07820,0.00005,0.07256,0.00901
111.21000,1.98000,0.82342,0.13125,0.00007,0.03438,0.01088
111.41000,1.98000,0.28634,0.70935,0.00004,0.00209,0.00218
111.61000,1.98000,0.08313,0.91605,0.00042,0.00003,0.00037
111.81000,1.98000,0.11338,0.88622,0.00015,0.00003,0.00021
112.01000,1.98000,0.17558,0.82375,0.00010,0.00014,0.00042
112.21000,1.98000,0.06404,0.93569,0.00008,0.00008,0.00011
112.41000,1.98000,0.06456,0.93531,0.00007,0.00002,0.00004
112.61000,1.98000,0.10790,0.89185,0.00020,0.00001,0.00004
112.81000,1.98000,0.16123,0.83815,0.00056,0.00002,0.00004
113.01000,1.98000,0.56300,0.43528,0.00156,0.00004,0.00013
113.21000,1.98000,0.95114,0.04782,0.00079,0.00003,0.00022
113.41000,1.98000,0.99642,0.00303,0.00033,0.00002,0.00021
113.61000,1.98000,0.99946,0.00033,0.00010,0.00001,0.00010
113.81000,1.98000,0.99947,0.00005,0.00020,0.00003,0.00025
114.01000,1.98000,0.99966,0.00001,0.00013,0.00001,0.00019
114.21000,1.98000,0.99993,0.00001,0.00000,0.00001,0.00006
114.41000,1.98000,0.99995,0.00001,0.00000,0.00001,0.00003
114.61000,1.98000,0.99998,0.00001,0.00000,0.00000,0.00001
114.81000,1.98000,0.99995,0.00004,0.00000,0.00000,0.00000
115.01000,1.98000,0.99604,0.00391,0.00000,0.00003,0.00002
115.21000,1.98000,0.84554,0.15364,0.00000,0.00073,0.00010
115.41000,1.98000,0.08148,0.91724,0.00001,0.00123,0.00004
115.61000,1.98000,0.66458,0.33489,0.00017,0.00026,0.00011
115.81000,1.98000,0.99729,0.00247,0.00021,0.00000,0.00002
116.01000,1.98000,0.99970,0.00025,0.00004,0.00000,0.00002
116.21000,1.98000,0.99919,0.00075,0.00002,0.00001,0.00003
116.41000,1.98000,0.99946,0.00051,0.00001,0.00001,0.00002
116.61000,1.98000,0.99953,0.00045,0.00000,0.00000,0.00002
116.81000,1.98000,0.99993,0.00006,0.00000,0.00000,0.00001
117.01000,1.98000,0.99942,0.00054,0.00000,0.00001,0.00003
117.21000,1.98000,0.99394,0.00589,0.00000,0.00013,0.00005
117.41000,1.98000,0.87550,0.12411,0.00000,0.00034,0.00004
117.61000,1.98000,0.07023,0.92973,0.00001,0.00003,0.00001
117.81000,1.98000,0.19295,0.80600,0.00099,0.00004,0.00003
118.01000,1.98000,0.95689,0.04226,0.00078,0.00003,0.00004
118.21000,1.98000,0.99630,0.00350,0.00014,0.00001,0.00004
118.41000,1.98000,0.99934,0.00047,0.00012,0.00002,0.00006
118.61000,1.98000,0.99982,0.00009,0.00004,0.00001,0.00004
118.81000,1.98000,0.99978,0.00001,0.00007,0.00002,0.00012
119.01000,1.98000,0.99986,0.00000,0.00000,0.00001,0.00013
119.21000,1.98000,0.99990,0.00001,0.00000,0.00001,0.00008
119.41000,1.98000,0.99998,0.00000,0.00000,0.00000,0.00002
119.61000,1.98000,0.99998,0.00001,0.00000,0.00000,0.00001
119.81000,1.98000,0.99996,0.00004,0.00000,0.00000,0.00000
120.01000,1.98000,0.99452,0.00538,0.00000,0.00006,0.00004
120.21000,1.98000,0.76942,0.22934,0.00000,0.00111,0.00012
120.41000,1.98000,0.06129,0.93795,0.00001,0.00073,0.00003
120.61000,1.98000,0.80818,0.19136,0.00019,0.00020,0.00008
120.81000,1.98000,0.99883,0.00102,0.00014,0.00000,0.00001
121.01000,1.98000,0.99987,0.00008,0.00004,0.00000,0.00001
121.21000,1.98000,0.99985,0.00006,0.00006,0.00001,0.00003
121.41000,1.98000,0.99990,0.00002,0.00003,0.00001,0.00004
121.61000,1.98000,0.99996,0.00001,0.00000,0.00001,0.00002
121.81000,1.98000,0.99994,0.00001,0.00000,0.00001,0.00004
122.01000,1.98000,0.99997,0.00002,0.00000,0.00000,0.00001
122.21000,1.98000,0.99996,0.00003,0.00000,0.00000,0.00000
122.41000,1.98000,0.99969,0.00029,0.00000,0.00001,0.00001
122.61000,1.98000,0.96226,0.03733,0.00000,0.00030,0.00011
122.81000,1.98000,0.15894,0.84028,0.00000,0.00075,0.00003
123.01000,1.98000,0.15925,0.84042,0.00001,0.00032,0.00001
123.21000,1.98000,0.99574,0.00421,0.00004,0.00000,0.00001
123.41000,1.98000,0.99963,0.00030,0.00005,0.00000,0.00001
123.61000,1.98000,0.99982,0.00010,0.00006,0.00000,0.00002
123.81000,1.98000,0.99981,0.00004,0.00008,0.00002,0.00005
124.01000,1.98000,0.99989,0.00001,0.00004,0.00002,0.00004
124.21000,1.98000,0.99992,0.00001,0.00000,0.00002,0.00006
124.41000,1.98000,0.99993,0.00000,0.00000,0.00001,0.00006
124.61000,1.98000,0.99995,0.00001,0.00000,0.00001,0.00002
124.81000,1.98000,0.99993,0.00006,0.00000,0.00001,0.00001
125.01000,1.98000,0.99970,0.00029,0.00000,0.00001,0.00001
125.21000,1.98000,0.99677,0.00313,0.00000,0.00008,0.00002
125.41000,1.98000,0.96348,0.03648,0.00000,0.00003,0.00001
125.61000,1.98000,0.14210,0.85780,0.00000,0.00009,0.00000
125.81000,1.98000,0.25244,0.74698,0.00056,0.00002,0.00001
126.01000,1.98000,0.97692,0.02278,0.00029,0.00001,0.00001
126.21000,1.98000,0.99839,0.00155,0.00005,0.00000,0.00001
