Time (seconds), Duration (seconds),pred_(unlabeled),pred_On,pred_Off,pred_Dimmer,pred_Lighter
0.01000,1.98000,0.99689,0.00001,0.00042,0.00199,0.00069
0.21000,1.98000,0.99754,0.00002,0.00022,0.00167,0.00055
0.41000,1.98000,0.99826,0.00002,0.00010,0.00134,0.00028
0.61000,1.98000,0.99968,0.00000,0.00005,0.00021,0.00006
0.81000,1.98000,0.99971,0.00001,0.00003,0.00017,0.00009
1.01000,1.98000,0.99940,0.00003,0.00005,0.00035,0.00017
1.21000,1.98000,0.99632,0.00006,0.00024,0.00227,0.00111
1.41000,1.98000,0.99959,0.00003,0.00003,0.00016,0.00019
1.61000,1.98000,0.99810,0.00005,0.00010,0.00074,0.00101
1.81000,1.98000,0.99978,0.00001,0.00002,0.00007,0.00012
2.01000,1.98000,0.99840,0.00016,0.00006,0.00049,0.00089
2.21000,1.98000,0.99650,0.00020,0.00011,0.00117,0.00201
2.41000,1.98000,0.99690,0.00005,0.00017,0.00073,0.00215
2.61000,1.98000,0.99795,0.00001,0.00023,0.00061,0.00121
2.81000,1.98000,0.99727,0.00002,0.00016,0.00063,0.00191
3.01000,1.98000,0.98814,0.00007,0.00084,0.00411,0.00685
3.21000,1.98000,0.99139,0.00004,0.00042,0.00206,0.00609
3.41000,1.98000,0.99478,0.00006,0.00021,0.00111,0.00384
3.61000,1.98000,0.99757,0.00000,0.00014,0.00031,0.00198
3.81000,1.98000,0.99217,0.00000,0.00044,0.00091,0.00648
4.01000,1.98000,0.99538,0.00000,0.00038,0.00051,0.00372
4.21000,1.98000,0.99719,0.00000,0.00025,0.00020,0.00237
4.41000,1.98000,0.98249,0.00000,0.00547,0.00248,0.00956
4.61000,1.98000,0.99221,0.00000,0.00205,0.00160,0.00414
4.81000,1.98000,0.99617,0.00000,0.00091,0.00104,0.00187
5.01000,1.98000,0.99281,0.00000,0.00339,0.00193,0.00186
5.21000,1.98000,0.99899,0.00000,0.00068,0.00018,0.00015
5.41000,1.98000,0.99903,0.00000,0.00072,0.00017,0.00007
5.61000,1.98000,0.99963,0.00000,0.00025,0.00010,0.00001
5.81000,1.98000,0.99980,0.00000,0.00011,0.00009,0.00001
6.01000,1.98000,0.99984,0.00000,0.00009,0.00006,0.00000
6.21000,1.98000,0.99998,0.00000,0.00001,0.00001,0.00000
6.41000,1.98000,0.99998,0.00000,0.00001,0.00001,0.00000
6.61000,1.98000,1.00000,0.00000,0.00000,0.00000,0.00000
6.81000,1.98000,0.99990,0.00000,0.00005,0.00004,0.00000
7.01000,1.98000,0.99975,0.00000,0.00011,0.00012,0.00001
7.21000,1.98000,0.99801,0.00000,0.00058,0.00125,0.00017
7.41000,1.98000,0.99926,0.00000,0.00014,0.00045,0.00014
7.61000,1.98000,0.99633,0.00001,0.00068,0.00175,0.00122
7.81000,1.98000,0.99495,0.00001,0.00063,0.00159,0.00282
8.01000,1.98000,0.99776,0.00000,0.00018,0.00052,0.00153
8.21000,1.98000,0.99719,0.00000,0.00028,0.00062,0.00191
8.41000,1.98000,0.99573,0.00000,0.00034,0.00121,0.00271
8.61000,1.98000,0.98323,0.00002,0.00053,0.00531,0.01091
8.81000,1.98000,0.99875,0.00001,0.00006,0.00024,0.00094
9.01000,1.98000,0.99934,0.00001,0.00005,0.00007,0.00054
9.21000,1.98000,0.98403,0.00001,0.00015,0.00162,0.01419
9.41000,1.98000,0.96945,0.00003,0.00029,0.00098,0.02925
9.61000,1.98000,0.91391,0.00004,0.00050,0.00068,0.08487
9.81000,1.98000,0.34208,0.00003,0.00697,0.00173,0.64920
10.01000,1.98000,0.12102,0.00002,0.00305,0.00043,0.87548
10.21000,1.98000,0.53082,0.00007,0.00058,0.00008,0.46845
10.41000,1.98000,0.61922,0.00001,0.00142,0.00007,0.37928
10.61000,1.98000,0.93808,0.00000,0.00060,0.00001,0.06131
10.81000,1.98000,0.99589,0.00000,0.00004,0.00000,0.00407
11.01000,1.98000,0.99839,0.00000,0.00012,0.00000,0.00149
11.21000,1.98000,0.99200,0.00000,0.00020,0.00000,0.00780
11.41000,1.98000,0.99397,0.00000,0.00028,0.00001,0.00574
11.61000,1.98000,0.99505,0.00000,0.00038,0.00001,0.00456
11.81000,1.98000,0.98110,0.00000,0.00219,0.00043,0.01628
12.01000,1.98000,0.99365,0.00000,0.00022,0.00031,0.00581
12.21000,1.98000,0.98809,0.00001,0.00021,0.00056,0.01113
12.41000,1.98000,0.99576,0.00002,0.00007,0.00018,0.00397
12.61000,1.98000,0.99203,0.00002,0.00017,0.00018,0.00760
12.81000,1.98000,0.98911,0.00002,0.00030,0.00044,0.01013
13.01000,1.98000,0.99855,0.00000,0.00003,0.00004,0.00137
13.21000,1.98000,0.98583,0.00002,0.00052,0.00072,0.01291
13.41000,1.98000,0.94045,0.00019,0.00191,0.01401,0.04344
13.61000,1.98000,0.97292,0.00010,0.00087,0.00832,0.01779
13.81000,1.98000,0.98352,0.00004,0.00148,0.00342,0.01154
14.01000,1.98000,0.99762,0.00004,0.00011,0.00011,0.00212
14.21000,1.98000,0.97640,0.00001,0.00013,0.00227,0.02119
14.41000,1.98000,0.97146,0.00001,0.00003,0.00106,0.02743
14.61000,1.98000,0.69568,0.00001,0.00040,0.00351,0.30040
14.81000,1.98000,0.70185,0.00001,0.00025,0.00066,0.29723
15.01000,1.98000,0.70279,0.00001,0.00006,0.00024,0.29691
15.21000,1.98000,0.74819,0.00000,0.00004,0.00004,0.25173
15.41000,1.98000,0.75219,0.00001,0.00002,0.00002,0.24777
15.61000,1.98000,0.93106,0.00000,0.00002,0.00000,0.06891
15.81000,1.98000,0.97352,0.00000,0.00001,0.00000,0.02647
16.01000,1.98000,0.99464,0.00000,0.00004,0.00000,0.00532
16.21000,1.98000,0.99640,0.00001,0.00004,0.00000,0.00355
16.41000,1.98000,0.99702,0.00000,0.00007,0.00000,0.00291
16.61000,1.98000,0.97451,0.00004,0.00084,0.00004,0.02457
16.81000,1.98000,0.98665,0.00005,0.00077,0.00009,0.01243
17.01000,1.98000,0.99789,0.00003,0.00018,0.00003,0.00187
17.21000,1.98000,0.99936,0.00002,0.00006,0.00002,0.00054
17.41000,1.98000,0.99924,0.00001,0.00010,0.00004,0.00061
17.61000,1.98000,0.99770,0.00001,0.00026,0.00023,0.00180
17.81000,1.98000,0.97116,0.00003,0.00432,0.00525,0.01924
18.01000,1.98000,0.95979,0.00016,0.00410,0.01096,0.02500
18.21000,1.98000,0.98622,0.00028,0.00128,0.00229,0.00992
18.41000,1.98000,0.98417,0.00014,0.00071,0.00517,0.00981
18.61000,1.98000,0.96750,0.00011,0.00017,0.00666,0.02556
18.81000,1.98000,0.92887,0.00006,0.00020,0.00288,0.06800
19.01000,1.98000,0.89396,0.00003,0.00080,0.00175,0.10345
19.21000,1.98000,0.33788,0.00014,0.00370,0.00440,0.65388
19.41000,1.98000,0.51938,0.00022,0.00203,0.00282,0.47555
19.61000,1.98000,0.95178,0.00006,0.00023,0.00020,0.04773
19.81000,1.98000,0.99879,0.00000,0.00001,0.00000,0.00120
20.01000,1.98000,0.99864,0.00000,0.00001,0.00000,0.00135
20.21000,1.98000,0.99818,0.00000,0.00003,0.00000,0.00178
20.41000,1.98000,0.99845,0.00000,0.00020,0.00000,0.00134
20.61000,1.98000,0.99940,0.00000,0.00006,0.00000,0.00054
20.81000,1.98000,0.99688,0.00000,0.00033,0.00002,0.00277
21.01000,1.98000,0.99217,0.00001,0.00078,0.00018,0.00687
21.21000,1.98000,0.96979,0.00002,0.00172,0.00060,0.02787
21.41000,1.98000,0.98460,0.00001,0.00101,0.00075,0.01363
21.61000,1.98000,0.97641,0.00007,0.00096,0.00228,0.02028
21.81000,1.98000,0.99412,0.00002,0.00019,0.00057,0.00511
22.01000,1.98000,0.99047,0.00001,0.00051,0.00174,0.00727
22.21000,1.98000,0.99414,0.00001,0.00035,0.00148,0.00401
22.41000,1.98000,0.99147,0.00002,0.00021,0.00527,0.00303
22.61000,1.98000,0.97940,0.00007,0.00045,0.01114,0.00894
22.81000,1.98000,0.97395,0.00023,0.00029,0.01521,0.01031
23.01000,1.98000,0.99186,0.00013,0.00032,0.00251,0.00518
23.21000,1.98000,0.97793,0.00003,0.00010,0.00958,0.01236
23.41000,1.98000,0.96262,0.00001,0.00005,0.00478,0.03254
23.61000,1.98000,0.60815,0.00001,0.00050,0.01013,0.38122
23.81000,1.98000,0.48614,0.00000,0.00034,0.00066,0.51287
24.01000,1.98000,0.09572,0.00000,0.00044,0.00013,0.90370
24.21000,1.98000,0.12468,0.00000,0.00064,0.00006,0.87463
24.41000,1.98000,0.49063,0.00000,0.00044,0.00002,0.50891
24.61000,1.98000,0.96295,0.00000,0.00007,0.00000,0.03698
24.81000,1.98000,0.98890,0.00000,0.00003,0.00000,0.01107
25.01000,1.98000,0.99905,0.00000,0.00004,0.00000,0.00090
25.21000,1.98000,0.98441,0.00000,0.00196,0.00000,0.01363
25.41000,1.98000,0.99846,0.00000,0.00029,0.00000,0.00125
25.61000,1.98000,0.99934,0.00000,0.00028,0.00000,0.00038
25.81000,1.98000,0.99933,0.00000,0.00039,0.00000,0.00028
26.01000,1.98000,0.99949,0.00000,0.00016,0.00000,0.00034
26.21000,1.98000,0.99784,0.00001,0.00026,0.00000,0.00189
26.41000,1.98000,0.99631,0.00002,0.00031,0.00001,0.00336
26.61000,1.98000,0.99586,0.00002,0.00057,0.00002,0.00354
26.81000,1.98000,0.98551,0.00013,0.00102,0.00013,0.01321
27.01000,1.98000,0.99628,0.00006,0.00031,0.00014,0.00321
27.21000,1.98000,0.99381,0.00012,0.00037,0.00041,0.00530
27.41000,1.98000,0.99888,0.00014,0.00003,0.00018,0.00077
27.61000,1.98000,0.99902,0.00006,0.00004,0.00023,0.00066
27.81000,1.98000,0.99286,0.00009,0.00020,0.00296,0.00389
28.01000,1.98000,0.99848,0.00006,0.00009,0.00040,0.00098
28.21000,1.98000,0.98655,0.00005,0.00007,0.00755,0.00578
28.41000,1.98000,0.98877,0.00001,0.00005,0.00297,0.00819
28.61000,1.98000,0.83879,0.00010,0.00012,0.01110,0.14990
28.81000,1.98000,0.39647,0.00003,0.00033,0.00485,0.59832
29.01000,1.98000,0.35631,0.00000,0.00193,0.00100,0.64076
29.21000,1.98000,0.60684,0.00000,0.00073,0.00007,0.39236
29.41000,1.98000,0.30136,0.00000,0.00119,0.00011,0.69734
29.61000,1.98000,0.95535,0.00000,0.00008,0.00000,0.04457
29.81000,1.98000,0.99034,0.00000,0.00004,0.00000,0.00962
30.01000,1.98000,0.99853,0.00000,0.00001,0.00000,0.00145
30.21000,1.98000,0.99990,0.00000,0.00001,0.00000,0.00009
30.41000,1.98000,0.99990,0.00000,0.00002,0.00000,0.00009
30.61000,1.98000,0.99993,0.00000,0.00002,0.00000,0.00005
30.81000,1.98000,0.99976,0.00000,0.00011,0.00000,0.00012
31.01000,1.98000,0.99785,0.00006,0.00103,0.00001,0.00105
31.21000,1.98000,0.97120,0.00323,0.00637,0.00036,0.01884
31.41000,1.98000,0.99775,0.00048,0.00020,0.00001,0.00156
31.61000,1.98000,0.99880,0.00079,0.00011,0.00000,0.00030
31.81000,1.98000,0.99792,0.00100,0.00005,0.00003,0.00100
32.01000,1.98000,0.99278,0.00019,0.00015,0.00018,0.00671
32.21000,1.98000,0.92825,0.00009,0.00027,0.00025,0.07114
32.41000,1.98000,0.03669,0.00004,0.00231,0.00644,0.95453
32.61000,1.98000,0.23742,0.00003,0.00286,0.00635,0.75334
32.81000,1.98000,0.79396,0.00003,0.00064,0.00131,0.20405
33.01000,1.98000,0.96208,0.00001,0.00025,0.00055,0.03712
33.21000,1.98000,0.99393,0.00000,0.00033,0.00009,0.00565
33.41000,1.98000,0.99862,0.00000,0.00011,0.00002,0.00125
33.61000,1.98000,0.99991,0.00000,0.00004,0.00000,0.00005
33.81000,1.98000,0.99997,0.00000,0.00002,0.00000,0.00000
34.01000,1.98000,0.99999,0.00000,0.00001,0.00000,0.00000
34.21000,1.98000,0.99999,0.00000,0.00000,0.00000,0.00000
34.41000,1.98000,0.99991,0.00002,0.00005,0.00001,0.00001
34.61000,1.98000,0.99908,0.00078,0.00007,0.00003,0.00005
34.81000,1.98000,0.99825,0.00165,0.00003,0.00002,0.00006
35.01000,1.98000,0.98003,0.01973,0.00003,0.00004,0.00017
35.21000,1.98000,0.88317,0.11353,0.00017,0.00042,0.00271
35.41000,1.98000,0.94498,0.05374,0.00006,0.00015,0.00107
35.61000,1.98000,0.96630,0.03242,0.00004,0.00021,0.00103
35.81000,1.98000,0.99404,0.00550,0.00001,0.00005,0.00039
36.01000,1.98000,0.99531,0.00065,0.00001,0.00196,0.00208
36.21000,1.98000,0.99487,0.00021,0.00000,0.00121,0.00371
36.41000,1.98000,0.85418,0.00023,0.00002,0.01176,0.13380
36.61000,1.98000,0.53906,0.00002,0.00004,0.00399,0.45689
36.81000,1.98000,0.25074,0.00000,0.00006,0.00244,0.74676
37.01000,1.98000,0.74511,0.00000,0.00002,0.00019,0.25468
37.21000,1.98000,0.90150,0.00000,0.00003,0.00001,0.09846
37.41000,1.98000,0.98802,0.00000,0.00000,0.00000,0.01198
37.61000,1.98000,0.99656,0.00000,0.00000,0.00000,0.00344
37.81000,1.98000,0.99786,0.00000,0.00001,0.00000,0.00214
38.01000,1.98000,0.99903,0.00000,0.00003,0.00000,0.00094
38.21000,1.98000,0.99951,0.00000,0.00003,0.00000,0.00046
38.41000,1.98000,0.99952,0.00000,0.00006,0.00000,0.00042
38.61000,1.98000,0.99715,0.00001,0.00029,0.00000,0.00254
38.81000,1.98000,0.98684,0.00013,0.00108,0.00013,0.01183
39.01000,1.98000,0.99377,0.00027,0.00043,0.00017,0.00536
39.21000,1.98000,0.98763,0.00131,0.00097,0.00146,0.00863
39.41000,1.98000,0.99674,0.00023,0.00043,0.00066,0.00194
39.61000,1.98000,0.99984,0.00006,0.00000,0.00001,0.00009
39.81000,1.98000,0.99921,0.00008,0.00003,0.00016,0.00053
40.01000,1.98000,0.99045,0.00004,0.00003,0.00426,0.00523
40.21000,1.98000,0.95362,0.00024,0.00004,0.01306,0.03304
40.41000,1.98000,0.72199,0.00105,0.00011,0.03071,0.24613
40.61000,1.98000,0.40426,0.00054,0.00044,0.05999,0.53477
40.81000,1.98000,0.36992,0.00033,0.00095,0.07547,0.55333
41.01000,1.98000,0.76399,0.00060,0.00044,0.03417,0.20080
41.21000,1.98000,0.99821,0.00004,0.00000,0.00008,0.00166
41.41000,1.98000,0.99836,0.00001,0.00002,0.00006,0.00155
41.61000,1.98000,0.99965,0.00001,0.00000,0.00001,0.00033
41.81000,1.98000,0.99976,0.00004,0.00004,0.00000,0.00016
42.01000,1.98000,0.99974,0.00005,0.00005,0.00001,0.00015
42.21000,1.98000,0.99226,0.00140,0.00144,0.00081,0.00408
42.41000,1.98000,0.97947,0.00259,0.00430,0.00386,0.00978
42.61000,1.98000,0.97401,0.00347,0.00191,0.00441,0.01619
42.81000,1.98000,0.98460,0.00142,0.00058,0.00238,0.01102
43.01000,1.98000,0.99683,0.00028,0.00010,0.00023,0.00256
43.21000,1.98000,0.98996,0.00006,0.00085,0.00093,0.00820
43.41000,1.98000,0.97888,0.00002,0.00135,0.00330,0.01644
43.61000,1.98000,0.96590,0.00003,0.00138,0.00783,0.02487
43.81000,1.98000,0.98204,0.00010,0.00037,0.00659,0.01089
44.01000,1.98000,0.98789,0.00008,0.00021,0.00571,0.00610
44.21000,1.98000,0.99654,0.00002,0.00017,0.00100,0.00226
44.41000,1.98000,0.99908,0.00001,0.00006,0.00021,0.00064
44.61000,1.98000,0.99780,0.00001,0.00026,0.00057,0.00136
44.81000,1.98000,0.98586,0.00004,0.00089,0.00706,0.00615
45.01000,1.98000,0.99737,0.00007,0.00010,0.00091,0.00156
45.21000,1.98000,0.99956,0.00005,0.00003,0.00010,0.00026
45.41000,1.98000,0.99859,0.00001,0.00002,0.00066,0.00072
45.61000,1.98000,0.99001,0.00002,0.00003,0.00205,0.00790
45.81000,1.98000,0.79754,0.00006,0.00019,0.01221,0.19000
46.01000,1.98000,0.57155,0.00003,0.00017,0.00270,0.42555
46.21000,1.98000,0.44417,0.00000,0.00044,0.00090,0.55448
46.41000,1.98000,0.09744,0.00002,0.00042,0.00147,0.90066
46.61000,1.98000,0.96457,0.00000,0.00003,0.00002,0.03538
46.81000,1.98000,0.93177,0.00000,0.00049,0.00007,0.06766
47.01000,1.98000,0.99012,0.00000,0.00015,0.00002,0.00971
47.21000,1.98000,0.99936,0.00000,0.00016,0.00000,0.00048
47.41000,1.98000,0.99993,0.00000,0.00005,0.00000,0.00002
47.61000,1.98000,0.99998,0.00000,0.00002,0.00000,0.00000
47.81000,1.98000,0.99999,0.00000,0.00001,0.00000,0.00000
48.01000,1.98000,0.99999,0.00000,0.00001,0.00000,0.00000
48.21000,1.98000,0.99991,0.00000,0.00006,0.00001,0.00002
48.41000,1.98000,0.99786,0.00010,0.00089,0.00068,0.00047
48.61000,1.98000,0.99654,0.00045,0.00072,0.00115,0.00114
48.81000,1.98000,0.99682,0.00068,0.00038,0.00036,0.00176
49.01000,1.98000,0.98833,0.00365,0.00052,0.00071,0.00680
49.21000,1.98000,0.99850,0.00105,0.00002,0.00002,0.00040
49.41000,1.98000,0.97514,0.00772,0.00130,0.00170,0.01414
49.61000,1.98000,0.99525,0.00081,0.00045,0.00040,0.00309
49.81000,1.98000,0.99922,0.00065,0.00001,0.00001,0.00011
50.01000,1.98000,0.99550,0.00205,0.00016,0.00035,0.00194
50.21000,1.98000,0.97783,0.00785,0.00097,0.00349,0.00986
50.41000,1.98000,0.99632,0.00240,0.00010,0.00014,0.00104
50.61000,1.98000,0.99731,0.00151,0.00008,0.00010,0.00099
50.81000,1.98000,0.98798,0.00085,0.00007,0.00270,0.00841
51.01000,1.98000,0.99490,0.00059,0.00000,0.00009,0.00441
51.21000,1.98000,0.71837,0.00064,0.00012,0.00199,0.27888
51.41000,1.98000,0.07692,0.00025,0.00024,0.00184,0.92076
51.61000,1.98000,0.09055,0.00014,0.00026,0.00164,0.90741
51.81000,1.98000,0.18354,0.00002,0.00037,0.00136,0.81470
52.01000,1.98000,0.66811,0.00000,0.00087,0.00021,0.33081
52.21000,1.98000,0.97965,0.00000,0.00012,0.00001,0.02022
52.41000,1.98000,0.98817,0.00000,0.00019,0.00000,0.01163
52.61000,1.98000,0.99062,0.00000,0.00227,0.00000,0.00710
52.81000,1.98000,0.99828,0.00000,0.00134,0.00000,0.00038
53.01000,1.98000,0.99968,0.00000,0.00032,0.00000,0.00001
53.21000,1.98000,0.99997,0.00000,0.00003,0.00000,0.00000
53.41000,1.98000,0.99996,0.00000,0.00004,0.00000,0.00000
53.61000,1.98000,0.99998,0.00000,0.00002,0.00000,0.00000
53.81000,1.98000,0.99993,0.00000,0.00004,0.00000,0.00002
54.01000,1.98000,0.99979,0.00001,0.00011,0.00000,0.00007
54.21000,1.98000,0.99901,0.00012,0.00040,0.00003,0.00044
54.41000,1.98000,0.98982,0.00240,0.00172,0.00069,0.00537
54.61000,1.98000,0.93832,0.01267,0.00594,0.00471,0.03835
54.81000,1.98000,0.99940,0.00024,0.00004,0.00001,0.00031
55.01000,1.98000,0.99882,0.00047,0.00005,0.00005,0.00060
55.21000,1.98000,0.99971,0.00018,0.00001,0.00001,0.00010
55.41000,1.98000,0.99952,0.00014,0.00000,0.00006,0.00027
55.61000,1.98000,0.99714,0.00004,0.00001,0.00040,0.00243
55.81000,1.98000,0.92942,0.00020,0.00003,0.00278,0.06757
56.01000,1.98000,0.80872,0.00016,0.00007,0.00254,0.18851
56.21000,1.98000,0.10038,0.00011,0.00025,0.00743,0.89183
56.41000,1.98000,0.26838,0.00004,0.00023,0.00204,0.72929
56.61000,1.98000,0.68108,0.00002,0.00046,0.00083,0.31760
56.81000,1.98000,0.98386,0.00000,0.00010,0.00005,0.01599
57.01000,1.98000,0.99188,0.00000,0.00027,0.00003,0.00782
57.21000,1.98000,0.99949,0.00000,0.00008,0.00000,0.00042
57.41000,1.98000,0.99987,0.00000,0.00012,0.00000,0.00002
57.61000,1.98000,0.99988,0.00000,0.00012,0.00000,0.00000
57.81000,1.98000,0.99990,0.00000,0.00010,0.00000,0.00000
58.01000,1.98000,0.99981,0.00000,0.00019,0.00000,0.00000
58.21000,1.98000,0.99999,0.00000,0.00001,0.00000,0.00000
58.41000,1.98000,0.99998,0.00000,0.00002,0.00000,0.00000
58.61000,1.98000,0.99997,0.00000,0.00003,0.00000,0.00000
58.81000,1.98000,0.99994,0.00000,0.00003,0.00000,0.00002
59.01000,1.98000,0.99956,0.00002,0.00018,0.00001,0.00023
59.21000,1.98000,0.99917,0.00006,0.00017,0.00002,0.00058
59.41000,1.98000,0.99727,0.00023,0.00025,0.00006,0.00219
59.61000,1.98000,0.90433,0.00626,0.00382,0.00492,0.08068
59.81000,1.98000,0.99488,0.00207,0.00010,0.00009,0.00287
60.01000,1.98000,0.99666,0.00130,0.00010,0.00004,0.00189
60.21000,1.98000,0.99853,0.00041,0.00000,0.00006,0.00099
60.41000,1.98000,0.98869,0.00028,0.00001,0.00018,0.01084
60.61000,1.98000,0.73243,0.00073,0.00011,0.00261,0.26412
60.81000,1.98000,0.31665,0.00018,0.00075,0.00979,0.67262
61.01000,1.98000,0.14911,0.00008,0.00082,0.00687,0.84312
61.21000,1.98000,0.36137,0.00011,0.00106,0.00736,0.63010
61.41000,1.98000,0.92481,0.00001,0.00043,0.00149,0.07326
61.61000,1.98000,0.99679,0.00000,0.00026,0.00007,0.00288
61.81000,1.98000,0.99967,0.00000,0.00007,0.00002,0.00024
62.01000,1.98000,0.99978,0.00000,0.00019,0.00000,0.00003
62.21000,1.98000,0.99977,0.00000,0.00022,0.00000,0.00000
62.41000,1.98000,0.99998,0.00000,0.00002,0.00000,0.00000
62.61000,1.98000,0.99999,0.00000,0.00001,0.00000,0.00000
62.81000,1.98000,0.99998,0.00000,0.00002,0.00000,0.00000
63.01000,1.98000,0.99982,0.00000,0.00016,0.00001,0.00001
63.21000,1.98000,0.99857,0.00001,0.00101,0.00012,0.00029
63.41000,1.98000,0.99377,0.00001,0.00333,0.00025,0.00265
63.61000,1.98000,0.97577,0.00005,0.00580,0.00108,0.01731
63.81000,1.98000,0.94010,0.00007,0.00686,0.00265,0.05032
64.01000,1.98000,0.98635,0.00002,0.00111,0.00049,0.01202
64.21000,1.98000,0.98505,0.00002,0.00182,0.00098,0.01212
64.41000,1.98000,0.99265,0.00000,0.00127,0.00066,0.00541
64.61000,1.98000,0.98910,0.00000,0.00123,0.00124,0.00843
64.81000,1.98000,0.99426,0.00001,0.00041,0.00132,0.00400
65.01000,1.98000,0.99676,0.00001,0.00016,0.00109,0.00198
65.21000,1.98000,0.99949,0.00000,0.00004,0.00009,0.00037
65.41000,1.98000,0.99598,0.00002,0.00001,0.00295,0.00104
65.61000,1.98000,0.99350,0.00003,0.00000,0.00299,0.00348
65.81000,1.98000,0.82249,0.00036,0.00002,0.02833,0.14880
66.01000,1.98000,0.42453,0.00009,0.00007,0.01296,0.56235
66.21000,1.98000,0.32533,0.00006,0.00006,0.00399,0.67055
66.41000,1.98000,0.33994,0.00001,0.00013,0.00121,0.65871
66.61000,1.98000,0.58069,0.00000,0.00021,0.00050,0.41859
66.81000,1.98000,0.99329,0.00000,0.00001,0.00000,0.00670
67.01000,1.98000,0.99512,0.00000,0.00002,0.00000,0.00486
67.21000,1.98000,0.99895,0.00000,0.00002,0.00000,0.00103
67.41000,1.98000,0.99992,0.00000,0.00002,0.00000,0.00006
67.61000,1.98000,0.99996,0.00000,0.00002,0.00000,0.00002
67.81000,1.98000,0.99994,0.00000,0.00003,0.00000,0.00004
68.01000,1.98000,0.99939,0.00000,0.00025,0.00000,0.00036
68.21000,1.98000,0.99712,0.00000,0.00115,0.00003,0.00170
68.41000,1.98000,0.99593,0.00000,0.00056,0.00004,0.00346
68.61000,1.98000,0.99597,0.00001,0.00026,0.00014,0.00363
68.81000,1.98000,0.99640,0.00006,0.00007,0.00035,0.00311
69.01000,1.98000,0.96788,0.00104,0.00032,0.00680,0.02395
69.21000,1.98000,0.97432,0.00202,0.00021,0.00714,0.01631
69.41000,1.98000,0.96048,0.00141,0.00038,0.02075,0.01699
69.61000,1.98000,0.93247,0.00295,0.00045,0.04742,0.01671
69.81000,1.98000,0.91200,0.00545,0.00042,0.06879,0.01334
70.01000,1.98000,0.98916,0.00107,0.00009,0.00757,0.00210
70.21000,1.98000,0.99758,0.00014,0.00007,0.00171,0.00050
70.41000,1.98000,0.99867,0.00003,0.00010,0.00090,0.00030
70.61000,1.98000,0.99770,0.00004,0.00009,0.00176,0.00041
70.81000,1.98000,0.99908,0.00001,0.00003,0.00067,0.00021
71.01000,1.98000,0.99579,0.00004,0.00013,0.00286,0.00118
71.21000,1.98000,0.99926,0.00001,0.00003,0.00037,0.00033
71.41000,1.98000,0.99920,0.00005,0.00004,0.00020,0.00051
71.61000,1.98000,0.99383,0.00003,0.00004,0.00351,0.00259
71.81000,1.98000,0.97289,0.00009,0.00003,0.01068,0.01631
72.01000,1.98000,0.89005,0.00020,0.00003,0.00916,0.10056
72.21000,1.98000,0.25522,0.00005,0.00021,0.00971,0.73481
72.41000,1.98000,0.19537,0.00001,0.00029,0.00167,0.80265
72.61000,1.98000,0.19369,0.00000,0.00111,0.00139,0.80381
72.81000,1.98000,0.93138,0.00000,0.00004,0.00005,0.06853
73.01000,1.98000,0.77586,0.00000,0.00046,0.00011,0.22356
73.21000,1.98000,0.97686,0.00000,0.00008,0.00000,0.02305
73.41000,1.98000,0.94785,0.00000,0.00065,0.00001,0.05149
73.61000,1.98000,0.99882,0.00000,0.00024,0.00000,0.00094
73.81000,1.98000,0.99918,0.00000,0.00034,0.00000,0.00048
74.01000,1.98000,0.99982,0.00000,0.00010,0.00000,0.00008
74.21000,1.98000,0.99977,0.00000,0.00011,0.00000,0.00012
74.41000,1.98000,0.99897,0.00000,0.00047,0.00000,0.00056
74.61000,1.98000,0.99932,0.00000,0.00027,0.00000,0.00041
74.81000,1.98000,0.99807,0.00000,0.00077,0.00001,0.00116
75.01000,1.98000,0.99782,0.00000,0.00059,0.00002,0.00157
75.21000,1.98000,0.97317,0.00004,0.00390,0.00037,0.02251
75.41000,1.98000,0.99334,0.00001,0.00053,0.00010,0.00602
75.61000,1.98000,0.98640,0.00002,0.00214,0.00048,0.01095
75.81000,1.98000,0.98984,0.00003,0.00117,0.00088,0.00808
76.01000,1.98000,0.99536,0.00001,0.00096,0.00068,0.00300
76.21000,1.98000,0.99883,0.00000,0.00018,0.00020,0.00079
76.41000,1.98000,0.99771,0.00000,0.00029,0.00058,0.00142
76.61000,1.98000,0.99595,0.00000,0.00029,0.00168,0.00207
76.81000,1.98000,0.99100,0.00001,0.00050,0.00560,0.00289
77.01000,1.98000,0.98522,0.00003,0.00050,0.01078,0.00346
77.21000,1.98000,0.98049,0.00008,0.00043,0.01472,0.00427
77.41000,1.98000,0.99911,0.00003,0.00002,0.00041,0.00043
77.61000,1.98000,0.99656,0.00002,0.00001,0.00235,0.00106
77.81000,1.98000,0.98967,0.00005,0.00000,0.00505,0.00523
78.01000,1.98000,0.92998,0.00030,0.00001,0.01253,0.05718
78.21000,1.98000,0.60039,0.00006,0.00004,0.00818,0.39133
78.41000,1.98000,0.36876,0.00002,0.00004,0.00124,0.62994
78.61000,1.98000,0.85499,0.00000,0.00001,0.00006,0.14494
78.81000,1.98000,0.79746,0.00000,0.00001,0.00001,0.20252
79.01000,1.98000,0.57944,0.00000,0.00003,0.00001,0.42051
79.21000,1.98000,0.84515,0.00000,0.00003,0.00000,0.15482
79.41000,1.98000,0.97905,0.00000,0.00001,0.00000,0.02094
79.61000,1.98000,0.99460,0.00000,0.00005,0.00000,0.00536
79.81000,1.98000,0.99775,0.00000,0.00009,0.00000,0.00216
80.01000,1.98000,0.99737,0.00000,0.00041,0.00000,0.00222
80.21000,1.98000,0.99815,0.00000,0.00024,0.00000,0.00161
80.41000,1.98000,0.97471,0.00001,0.00589,0.00018,0.01921
80.61000,1.98000,0.99054,0.00003,0.00206,0.00028,0.00709
80.81000,1.98000,0.99843,0.00005,0.00023,0.00015,0.00113
81.01000,1.98000,0.99915,0.00010,0.00006,0.00008,0.00060
81.21000,1.98000,0.99870,0.00013,0.00013,0.00011,0.00093
81.41000,1.98000,0.99343,0.00007,0.00004,0.00017,0.00629
81.61000,1.98000,0.93917,0.00030,0.00012,0.00066,0.05975
81.81000,1.98000,0.16194,0.00026,0.00101,0.00682,0.82997
82.01000,1.98000,0.18447,0.00024,0.00018,0.00146,0.81364
82.21000,1.98000,0.72571,0.00004,0.00036,0.00045,0.27345
82.41000,1.98000,0.52152,0.00002,0.00070,0.00033,0.47743
82.61000,1.98000,0.94123,0.00000,0.00023,0.00002,0.05851
82.81000,1.98000,0.99542,0.00000,0.00008,0.00000,0.00450
83.01000,1.98000,0.99966,0.00000,0.00001,0.00000,0.00033
83.21000,1.98000,0.99965,0.00000,0.00015,0.00000,0.00019
83.41000,1.98000,0.99986,0.00000,0.00009,0.00000,0.00006
83.61000,1.98000,0.99964,0.00000,0.00025,0.00000,0.00011
83.81000,1.98000,0.99794,0.00000,0.00129,0.00002,0.00075
84.01000,1.98000,0.98652,0.00005,0.00627,0.00030,0.00687
84.21000,1.98000,0.98988,0.00007,0.00361,0.00052,0.00593
84.41000,1.98000,0.99811,0.00003,0.00064,0.00011,0.00112
84.61000,1.98000,0.99836,0.00002,0.00044,0.00013,0.00105
84.81000,1.98000,0.99968,0.00000,0.00012,0.00002,0.00018
85.01000,1.98000,0.99968,0.00001,0.00010,0.00002,0.00019
85.21000,1.98000,0.99912,0.00000,0.00031,0.00006,0.00051
85.41000,1.98000,0.99960,0.00001,0.00002,0.00009,0.00029
85.61000,1.98000,0.99941,0.00000,0.00000,0.00005,0.00054
85.81000,1.98000,0.97780,0.00008,0.00006,0.00119,0.02087
86.01000,1.98000,0.61413,0.00006,0.00069,0.00332,0.38180
86.21000,1.98000,0.27196,0.00005,0.00153,0.00197,0.72449
86.41000,1.98000,0.66879,0.00001,0.00099,0.00013,0.33008
86.61000,1.98000,0.96504,0.00001,0.00009,0.00001,0.03485
86.81000,1.98000,0.99264,0.00003,0.00001,0.00000,0.00731
87.01000,1.98000,0.98563,0.00001,0.00012,0.00001,0.01424
87.21000,1.98000,0.99695,0.00000,0.00010,0.00000,0.00295
87.41000,1.98000,0.99935,0.00005,0.00008,0.00000,0.00052
87.61000,1.98000,0.99667,0.00011,0.00058,0.00001,0.00262
87.81000,1.98000,0.99157,0.00054,0.00169,0.00017,0.00603
88.01000,1.98000,0.99086,0.00149,0.00182,0.00067,0.00515
88.21000,1.98000,0.98708,0.00533,0.00091,0.00133,0.00536
88.41000,1.98000,0.99240,0.00230,0.00062,0.00186,0.00281
88.61000,1.98000,0.98817,0.00068,0.00103,0.00522,0.00490
88.81000,1.98000,0.97828,0.00045,0.00059,0.01329,0.00739
89.01000,1.98000,0.98207,0.00061,0.00031,0.00875,0.00827
89.21000,1.98000,0.95720,0.00077,0.00063,0.02570,0.01570
89.41000,1.98000,0.98234,0.00213,0.00007,0.00982,0.00565
89.61000,1.98000,0.70127,0.00391,0.00077,0.22526,0.06878
89.81000,1.98000,0.95242,0.00108,0.00020,0.03095,0.01535
90.01000,1.98000,0.65426,0.00479,0.00047,0.26631,0.07417
90.21000,1.98000,0.86252,0.00173,0.00041,0.09472,0.04062
90.41000,1.98000,0.92927,0.00047,0.00050,0.04774,0.02201
90.61000,1.98000,0.99586,0.00059,0.00004,0.00133,0.00218
90.81000,1.98000,0.98561,0.00073,0.00001,0.00785,0.00579
91.01000,1.98000,0.98721,0.00018,0.00000,0.00159,0.01102
91.21000,1.98000,0.60130,0.00028,0.00007,0.00914,0.38921
91.41000,1.98000,0.49910,0.00007,0.00016,0.00215,0.49853
91.61000,1.98000,0.35854,0.00010,0.00024,0.00243,0.63870
91.81000,1.98000,0.89259,0.00001,0.00005,0.00004,0.10731
92.01000,1.98000,0.97171,0.00000,0.00001,0.00000,0.02827
92.21000,1.98000,0.99864,0.00000,0.00000,0.00000,0.00136
92.41000,1.98000,0.99759,0.00000,0.00001,0.00000,0.00240
92.61000,1.98000,0.99858,0.00000,0.00002,0.00000,0.00140
92.81000,1.98000,0.99615,0.00006,0.00043,0.00001,0.00335
93.01000,1.98000,0.98215,0.00028,0.00367,0.00010,0.01380
93.21000,1.98000,0.98987,0.00026,0.00163,0.00016,0.00808
93.41000,1.98000,0.97093,0.00150,0.00235,0.00075,0.02447
93.61000,1.98000,0.97567,0.00326,0.00155,0.00320,0.01632
93.81000,1.98000,0.98864,0.00329,0.00043,0.00220,0.00544
94.01000,1.98000,0.99086,0.00080,0.00041,0.00294,0.00499
94.21000,1.98000,0.96641,0.00040,0.00125,0.01374,0.01820
94.41000,1.98000,0.97947,0.00013,0.00062,0.00898,0.01081
94.61000,1.98000,0.99832,0.00009,0.00002,0.00053,0.00104
94.81000,1.98000,0.99709,0.00007,0.00011,0.00084,0.00188
95.01000,1.98000,0.99307,0.00004,0.00002,0.00214,0.00473
95.21000,1.98000,0.92558,0.00010,0.00004,0.00488,0.06941
95.41000,1.98000,0.52017,0.00009,0.00014,0.00420,0.47540
95.61000,1.98000,0.35096,0.00003,0.00022,0.00131,0.64748
95.81000,1.98000,0.51807,0.00001,0.00017,0.00036,0.48138
96.01000,1.98000,0.36193,0.00001,0.00061,0.00096,0.63649
96.21000,1.98000,0.85612,0.00000,0.00030,0.00024,0.14334
96.41000,1.98000,0.99645,0.00000,0.00002,0.00000,0.00352
96.61000,1.98000,0.99935,0.00000,0.00001,0.00000,0.00064
96.81000,1.98000,0.99924,0.00000,0.00010,0.00000,0.00066
97.01000,1.98000,0.99959,0.00000,0.00015,0.00000,0.00026
97.21000,1.98000,0.99896,0.00000,0.00042,0.00001,0.00061
97.41000,1.98000,0.99219,0.00007,0.00287,0.00030,0.00457
97.61000,1.98000,0.97546,0.00014,0.00888,0.00154,0.01398
97.81000,1.98000,0.89528,0.00025,0.01608,0.00461,0.08378
98.01000,1.98000,0.98528,0.00005,0.00111,0.00034,0.01322
98.21000,1.98000,0.99617,0.00009,0.00014,0.00013,0.00346
98.41000,1.98000,0.99859,0.00003,0.00004,0.00020,0.00114
98.61000,1.98000,0.99439,0.00001,0.00005,0.00058,0.00498
98.81000,1.98000,0.98691,0.00001,0.00001,0.00007,0.01301
99.01000,1.98000,0.44321,0.00001,0.00022,0.00224,0.55433
99.21000,1.98000,0.35457,0.00001,0.00063,0.00496,0.63982
99.41000,1.98000,0.52773,0.00003,0.00081,0.00701,0.46442
99.61000,1.98000,0.91693,0.00001,0.00042,0.00190,0.08073
99.81000,1.98000,0.99297,0.00000,0.00006,0.00010,0.00687
100.01000,1.98000,0.99905,0.00000,0.00001,0.00001,0.00093
100.21000,1.98000,0.99951,0.00000,0.00001,0.00000,0.00047
100.41000,1.98000,0.99929,0.00002,0.00011,0.00001,0.00058
100.61000,1.98000,0.99810,0.00016,0.00046,0.00012,0.00116
100.81000,1.98000,0.99535,0.00078,0.00120,0.00105,0.00162
101.01000,1.98000,0.98354,0.00385,0.00227,0.00508,0.00525
101.21000,1.98000,0.99054,0.00220,0.00070,0.00167,0.00488
101.41000,1.98000,0.99133,0.00123,0.00038,0.00184,0.00522
101.61000,1.98000,0.99818,0.00087,0.00002,0.00011,0.00081
101.81000,1.98000,0.99959,0.00009,0.00005,0.00001,0.00026
102.01000,1.98000,0.99872,0.00004,0.00001,0.00013,0.00111
102.21000,1.98000,0.98727,0.00002,0.00002,0.00046,0.01223
102.41000,1.98000,0.93336,0.00003,0.00004,0.00039,0.06619
102.61000,1.98000,0.48981,0.00003,0.00027,0.00213,0.50777
102.81000,1.98000,0.69698,0.00000,0.00027,0.00013,0.30262
103.01000,1.98000,0.75162,0.00000,0.00014,0.00002,0.24822
103.21000,1.98000,0.98025,0.00000,0.00002,0.00000,0.01973
103.41000,1.98000,0.98380,0.00000,0.00002,0.00000,0.01617
103.61000,1.98000,0.98552,0.00000,0.00002,0.00000,0.01445
103.81000,1.98000,0.98407,0.00000,0.00013,0.00001,0.01580
104.01000,1.98000,0.99509,0.00004,0.00016,0.00000,0.00470
104.21000,1.98000,0.99859,0.00012,0.00006,0.00001,0.00122
104.41000,1.98000,0.81239,0.00617,0.01058,0.00594,0.16492
104.61000,1.98000,0.93861,0.01604,0.00130,0.00371,0.04033
104.81000,1.98000,0.98714,0.00636,0.00031,0.00051,0.00568
105.01000,1.98000,0.95851,0.00508,0.00032,0.00880,0.02729
105.21000,1.98000,0.90271,0.00123,0.00049,0.00416,0.09142
105.41000,1.98000,0.77551,0.00478,0.00013,0.00244,0.21714
105.61000,1.98000,0.23681,0.00095,0.00058,0.00537,0.75629
105.81000,1.98000,0.13911,0.00014,0.00181,0.00842,0.85052
106.01000,1.98000,0.53263,0.00014,0.00065,0.00291,0.46367
106.21000,1.98000,0.95016,0.00010,0.00004,0.00039,0.04932
106.41000,1.98000,0.98909,0.00008,0.00002,0.00003,0.01077
106.61000,1.98000,0.99748,0.00006,0.00001,0.00001,0.00245
106.81000,1.98000,0.99969,0.00016,0.00000,0.00000,0.00015
107.01000,1.98000,0.99913,0.00058,0.00001,0.00000,0.00027
107.21000,1.98000,0.94847,0.04968,0.00010,0.00013,0.00163
107.41000,1.98000,0.89408,0.10298,0.00015,0.00027,0.00253
107.61000,1.98000,0.94774,0.05186,0.00001,0.00002,0.00036
107.81000,1.98000,0.99613,0.00383,0.00000,0.00000,0.00004
108.01000,1.98000,0.99899,0.00092,0.00000,0.00000,0.00009
108.21000,1.98000,0.99759,0.00026,0.00000,0.00002,0.00213
108.41000,1.98000,0.55943,0.00086,0.00030,0.00135,0.43806
108.61000,1.98000,0.43556,0.00013,0.00092,0.00429,0.55910
108.81000,1.98000,0.25486,0.00011,0.00137,0.00992,0.73374
109.01000,1.98000,0.78558,0.00006,0.00041,0.00267,0.21129
109.21000,1.98000,0.99208,0.00000,0.00003,0.00003,0.00785
109.41000,1.98000,0.99802,0.00000,0.00003,0.00000,0.00195
109.61000,1.98000,0.99826,0.00000,0.00004,0.00000,0.00170
109.81000,1.98000,0.99989,0.00000,0.00004,0.00000,0.00007
110.01000,1.98000,0.99996,0.00000,0.00002,0.00000,0.00002
110.21000,1.98000,0.99992,0.00000,0.00004,0.00000,0.00004
110.41000,1.98000,0.99986,0.00000,0.00004,0.00000,0.00009
110.61000,1.98000,0.99463,0.00004,0.00071,0.00002,0.00460
110.81000,1.98000,0.99306,0.00005,0.00033,0.00001,0.00654
111.01000,1.98000,0.99425,0.00020,0.00023,0.00001,0.00531
111.21000,1.98000,0.98852,0.00014,0.00005,0.00027,0.01102
111.41000,1.98000,0.98415,0.00066,0.00001,0.00061,0.01456
111.61000,1.98000,0.81078,0.00043,0.00020,0.00357,0.18502
111.81000,1.98000,0.76195,0.00012,0.00015,0.00146,0.23632
112.01000,1.98000,0.05653,0.00002,0.00057,0.00367,0.93920
112.21000,1.98000,0.33181,0.00003,0.00073,0.00160,0.66583
112.41000,1.98000,0.65523,0.00000,0.00065,0.00066,0.34345
112.61000,1.98000,0.98438,0.00000,0.00006,0.00002,0.01552
112.81000,1.98000,0.99773,0.00000,0.00002,0.00000,0.00224
113.01000,1.98000,0.99977,0.00000,0.00002,0.00000,0.00021
113.21000,1.98000,0.99994,0.00000,0.00001,0.00000,0.00004
113.41000,1.98000,0.99994,0.00000,0.00002,0.00000,0.00004
113.61000,1.98000,0.99997,0.00001,0.00001,0.00000,0.00001
113.81000,1.98000,0.99922,0.00018,0.00020,0.00001,0.00039
114.01000,1.98000,0.99743,0.00071,0.00048,0.00005,0.00134
114.21000,1.98000,0.99974,0.00015,0.00001,0.00000,0.00010
114.41000,1.98000,0.99821,0.00154,0.00003,0.00001,0.00021
114.61000,1.98000,0.99902,0.00071,0.00000,0.00002,0.00024
114.81000,1.98000,0.99865,0.00028,0.00001,0.00009,0.00098
115.01000,1.98000,0.96473,0.00041,0.00006,0.00126,0.03354
115.21000,1.98000,0.76844,0.00022,0.00012,0.00106,0.23016
115.41000,1.98000,0.77427,0.00003,0.00008,0.00051,0.22511
115.61000,1.98000,0.38425,0.00003,0.00025,0.00224,0.61323
115.81000,1.98000,0.78398,0.00001,0.00024,0.00082,0.21495
116.01000,1.98000,0.96368,0.00000,0.00028,0.00011,0.03594
116.21000,1.98000,0.99389,0.00000,0.00010,0.00003,0.00599
116.41000,1.98000,0.99946,0.00000,0.00013,0.00000,0.00040
116.61000,1.98000,0.99957,0.00000,0.00035,0.00000,0.00007
116.81000,1.98000,0.99948,0.00000,0.00045,0.00000,0.00007
117.01000,1.98000,0.99999,0.00000,0.00001,0.00000,0.00000
117.21000,1.98000,0.99995,0.00000,0.00005,0.00000,0.00000
117.41000,1.98000,0.99994,0.00000,0.00005,0.00000,0.00001
117.61000,1.98000,0.99995,0.00001,0.00002,0.00000,0.00001
117.81000,1.98000,0.99969,0.00027,0.00002,0.00000,0.00001
118.01000,1.98000,0.99384,0.00612,0.00001,0.00000,0.00002
118.21000,1.98000,0.94154,0.05834,0.00002,0.00000,0.00010
118.41000,1.98000,0.83293,0.16680,0.00003,0.00001,0.00023
118.61000,1.98000,0.63294,0.36700,0.00000,0.00000,0.00005
118.81000,1.98000,0.95288,0.04711,0.00000,0.00000,0.00001
119.01000,1.98000,0.99225,0.00774,0.00000,0.00000,0.00001
119.21000,1.98000,0.99763,0.00215,0.00000,0.00002,0.00019
119.41000,1.98000,0.99805,0.00063,0.00000,0.00002,0.00130
119.61000,1.98000,0.93045,0.00056,0.00001,0.00054,0.06844
119.81000,1.98000,0.45261,0.00013,0.00006,0.00261,0.54459
120.01000,1.98000,0.44506,0.00003,0.00007,0.00330,0.55153
120.21000,1.98000,0.96259,0.00000,0.00001,0.00011,0.03729
120.41000,1.98000,0.99210,0.00000,0.00002,0.00002,0.00786
120.61000,1.98000,0.99814,0.00000,0.00005,0.00000,0.00181
120.81000,1.98000,0.99800,0.00000,0.00073,0.00000,0.00126
121.01000,1.98000,0.99946,0.00000,0.00040,0.00000,0.00014
121.21000,1.98000,0.99979,0.00000,0.00019,0.00000,0.00002
121.41000,1.98000,0.99998,0.00000,0.00002,0.00000,0.00000
121.61000,1.98000,0.99999,0.00000,0.00001,0.00000,0.00000
121.81000,1.98000,0.99999,0.00000,0.00001,0.00000,0.00000
122.01000,1.98000,0.99998,0.00001,0.00000,0.00000,0.00000
122.21000,1.98000,0.99966,0.00024,0.00003,0.00000,0.00007
122.41000,1.98000,0.99292,0.00464,0.00041,0.00017,0.00187
122.61000,1.98000,0.98873,0.00873,0.00023,0.00032,0.00199
122.81000,1.98000,0.99699,0.00217,0.00003,0.00006,0.00074
123.01000,1.98000,0.99907,0.00074,0.00001,0.00002,0.00016
123.21000,1.98000,0.99926,0.00053,0.00001,0.00003,0.00018
123.41000,1.98000,0.99927,0.00006,0.00005,0.00010,0.00052
123.61000,1.98000,0.99683,0.00002,0.00014,0.00061,0.00240
123.81000,1.98000,0.99716,0.00000,0.00010,0.00063,0.00211
124.01000,1.98000,0.99906,0.00000,0.00011,0.00028,0.00054
124.21000,1.98000,0.99866,0.00000,0.00022,0.00020,0.00092
124.41000,1.98000,0.99964,0.00000,0.00005,0.00002,0.00029
124.61000,1.98000,0.99923,0.00000,0.00008,0.00007,0.00061
124.81000,1.98000,0.99940,0.00000,0.00028,0.00001,0.00030
125.01000,1.98000,0.99965,0.00000,0.00019,0.00001,0.00016
125.21000,1.98000,0.99942,0.00000,0.00041,0.00001,0.00017
125.41000,1.98000,0.99899,0.00000,0.00078,0.00001,0.00022
125.61000,1.98000,0.98553,0.00001,0.01220,0.00025,0.00202
125.81000,1.98000,0.97172,0.00004,0.02364,0.00097,0.00363
126.01000,1.98000,0.99581,0.00002,0.00339,0.00022,0.00056
126.21000,1.98000,0.99898,0.00002,0.00071,0.00017,0.00012
126.41000,1.98000,0.99996,0.00000,0.00003,0.00000,0.00000
126.61000,1.98000,0.99975,0.00000,0.00020,0.00004,0.00001
