Time (seconds), Duration (seconds),pred_(unlabeled),pred_On,pred_Off,pred_Dimmer,pred_Lighter
0.01000,1.98000,0.99930,0.00062,0.00001,0.00000,0.00008
0.21000,1.98000,0.99944,0.00022,0.00000,0.00000,0.00033
0.41000,1.98000,0.99998,0.00002,0.00000,0.00000,0.00001
0.61000,1.98000,0.99931,0.00002,0.00001,0.00008,0.00058
0.81000,1.98000,0.99950,0.00005,0.00002,0.00034,0.00008
1.01000,1.98000,0.99987,0.00008,0.00003,0.00001,0.00001
1.21000,1.98000,0.99998,0.00001,0.00001,0.00000,0.00000
1.41000,1.98000,0.99997,0.00002,0.00001,0.00000,0.00000
1.61000,1.98000,0.99989,0.00005,0.00005,0.00000,0.00001
1.81000,1.98000,0.99988,0.00010,0.00002,0.00000,0.00001
2.01000,1.98000,0.99988,0.00007,0.00003,0.00000,0.00002
2.21000,1.98000,0.99948,0.00031,0.00001,0.00002,0.00018
2.41000,1.98000,0.99790,0.00040,0.00001,0.00009,0.00160
2.61000,1.98000,0.99962,0.00008,0.00000,0.00001,0.00029
2.81000,1.98000,0.99977,0.00002,0.00000,0.00000,0.00020
3.01000,1.98000,0.99998,0.00000,0.00000,0.00000,0.00002
3.21000,1.98000,0.99994,0.00000,0.00000,0.00000,0.00006
3.41000,1.98000,0.99998,0.00000,0.00000,0.00001,0.00001
3.61000,1.98000,0.99999,0.00000,0.00001,0.00000,0.00000
3.81000,1.98000,0.99999,0.00000,0.00001,0.00000,0.00000
4.01000,1.98000,0.99997,0.00000,0.00003,0.00000,0.00000
4.21000,1.98000,0.99999,0.00000,0.00001,0.00000,0.00000
4.41000,1.98000,1.00000,0.00000,0.00000,0.00000,0.00000
4.61000,1.98000,1.00000,0.00000,0.00000,0.00000,0.00000
4.81000,1.98000,0.99999,0.00000,0.00001,0.00000,0.00000
5.01000,1.98000,0.99999,0.00000,0.00001,0.00000,0.00000
5.21000,1.98000,1.00000,0.00000,0.00000,0.00000,0.00000
5.41000,1.98000,0.99999,0.00000,0.00001,0.00000,0.00000
5.61000,1.98000,0.99999,0.00000,0.00000,0.00000,0.00000
5.81000,1.98000,0.99999,0.00000,0.00001,0.00000,0.00000
6.01000,1.98000,0.99996,0.00001,0.00003,0.00000,0.00000
6.21000,1.98000,0.99972,0.00005,0.00021,0.00002,0.00000
6.41000,1.98000,0.99846,0.00020,0.00123,0.00008,0.00002
6.61000,1.98000,0.99851,0.00023,0.00120,0.00004,0.00002
6.81000,1.98000,0.99949,0.00026,0.00022,0.00001,0.00001
7.01000,1.98000,0.99864,0.00097,0.00028,0.00007,0.00004
7.21000,1.98000,0.99803,0.00127,0.00032,0.00017,0.00021
7.41000,1.98000,0.99732,0.00128,0.00006,0.00078,0.00055
7.61000,1.98000,0.99656,0.00087,0.00002,0.00175,0.00080
7.81000,1.98000,0.99940,0.00018,0.00000,0.00019,0.00024
8.01000,1.98000,0.99991,0.00001,0.00000,0.00000,0.00008
8.21000,1.98000,0.99990,0.00001,0.00000,0.00001,0.00007
8.41000,1.98000,0.99991,0.00004,0.00000,0.00002,0.00003
8.61000,1.98000,0.99988,0.00009,0.00000,0.00001,0.00003
8.81000,1.98000,0.99951,0.00034,0.00000,0.00004,0.00010
9.01000,1.98000,0.99906,0.00069,0.00000,0.00010,0.00016
9.21000,1.98000,0.99915,0.00083,0.00000,0.00000,0.00002
9.41000,1.98000,0.99163,0.00793,0.00000,0.00003,0.00041
9.61000,1.98000,0.99723,0.00250,0.00000,0.00004,0.00024
9.81000,1.98000,0.99809,0.00189,0.00000,0.00000,0.00002
10.01000,1.98000,0.99817,0.00179,0.00000,0.00000,0.00003
10.21000,1.98000,0.99974,0.00025,0.00000,0.00000,0.00002
10.41000,1.98000,0.99995,0.00002,0.00001,0.00001,0.00001
10.61000,1.98000,0.99989,0.00010,0.00000,0.00001,0.00000
10.81000,1.98000,0.99967,0.00016,0.00015,0.00001,0.00001
11.01000,1.98000,0.92504,0.00062,0.07345,0.00067,0.00022
11.21000,1.98000,0.11972,0.00004,0.87956,0.00028,0.00040
11.41000,1.98000,0.99699,0.00000,0.00297,0.00000,0.00003
11.61000,1.98000,0.99990,0.00000,0.00008,0.00000,0.00002
11.81000,1.98000,0.99985,0.00000,0.00010,0.00001,0.00004
12.01000,1.98000,0.99981,0.00000,0.00014,0.00001,0.00004
12.21000,1.98000,0.99976,0.00000,0.00001,0.00004,0.00018
12.41000,1.98000,0.99970,0.00000,0.00000,0.00006,0.00023
12.61000,1.98000,0.99964,0.00000,0.00000,0.00008,0.00027
12.81000,1.98000,0.99973,0.00000,0.00000,0.00006,0.00021
13.01000,1.98000,0.99976,0.00000,0.00000,0.00002,0.00021
13.21000,1.98000,0.99985,0.00000,0.00000,0.00001,0.00014
13.41000,1.98000,0.99981,0.00000,0.00000,0.00001,0.00018
13.61000,1.98000,0.99981,0.00000,0.00000,0.00001,0.00018
13.81000,1.98000,0.99984,0.00000,0.00000,0.00001,0.00016
14.01000,1.98000,0.99904,0.00001,0.00000,0.00003,0.00093
14.21000,1.98000,0.99825,0.00000,0.00000,0.00005,0.00170
14.41000,1.98000,0.99738,0.00001,0.00000,0.00013,0.00248
14.61000,1.98000,0.99990,0.00000,0.00007,0.00001,0.00002
14.81000,1.98000,0.99999,0.00000,0.00000,0.00000,0.00001
15.01000,1.98000,1.00000,0.00000,0.00000,0.00000,0.00000
15.21000,1.98000,0.99998,0.00000,0.00001,0.00000,0.00000
15.41000,1.98000,0.99794,0.00009,0.00191,0.00004,0.00001
15.61000,1.98000,0.95014,0.00355,0.04503,0.00110,0.00018
15.81000,1.98000,0.03383,0.00018,0.96517,0.00043,0.00040
16.01000,1.98000,0.98963,0.00002,0.01023,0.00002,0.00009
16.21000,1.98000,0.99990,0.00001,0.00005,0.00001,0.00004
16.41000,1.98000,0.99986,0.00000,0.00008,0.00001,0.00005
16.61000,1.98000,0.99978,0.00000,0.00017,0.00001,0.00004
16.81000,1.98000,0.99973,0.00000,0.00000,0.00004,0.00023
17.01000,1.98000,0.99970,0.00000,0.00000,0.00006,0.00024
17.21000,1.98000,0.99973,0.00000,0.00000,0.00007,0.00020
17.41000,1.98000,0.99989,0.00000,0.00000,0.00003,0.00008
17.61000,1.98000,0.99997,0.00000,0.00000,0.00001,0.00003
17.81000,1.98000,0.99998,0.00000,0.00000,0.00001,0.00001
18.01000,1.98000,0.99996,0.00000,0.00000,0.00002,0.00002
18.21000,1.98000,0.99961,0.00002,0.00000,0.00017,0.00021
18.41000,1.98000,0.99831,0.00001,0.00000,0.00018,0.00149
18.61000,1.98000,0.99981,0.00001,0.00000,0.00009,0.00009
18.81000,1.98000,0.99995,0.00004,0.00000,0.00001,0.00000
19.01000,1.98000,0.99976,0.00005,0.00019,0.00000,0.00000
19.21000,1.98000,0.98171,0.00031,0.01780,0.00015,0.00003
19.41000,1.98000,0.01487,0.00013,0.98425,0.00058,0.00016
19.61000,1.98000,0.99625,0.00007,0.00344,0.00009,0.00016
19.81000,1.98000,0.99976,0.00006,0.00011,0.00002,0.00005
20.01000,1.98000,0.99991,0.00001,0.00004,0.00001,0.00003
20.21000,1.98000,0.99986,0.00000,0.00010,0.00001,0.00003
20.41000,1.98000,0.99993,0.00000,0.00002,0.00001,0.00003
20.61000,1.98000,0.99968,0.00001,0.00000,0.00011,0.00020
20.81000,1.98000,0.99982,0.00001,0.00000,0.00007,0.00010
21.01000,1.98000,0.99965,0.00013,0.00000,0.00013,0.00009
21.21000,1.98000,0.99994,0.00002,0.00000,0.00000,0.00004
21.41000,1.98000,0.99995,0.00002,0.00000,0.00000,0.00003
21.61000,1.98000,0.99998,0.00001,0.00000,0.00000,0.00000
21.81000,1.98000,0.99985,0.00002,0.00000,0.00004,0.00009
22.01000,1.98000,0.99982,0.00001,0.00000,0.00003,0.00015
22.21000,1.98000,0.99996,0.00002,0.00000,0.00001,0.00001
22.41000,1.98000,0.99997,0.00002,0.00001,0.00000,0.00000
22.61000,1.98000,0.99916,0.00009,0.00073,0.00002,0.00000
22.81000,1.98000,0.51868,0.00049,0.48027,0.00041,0.00015
23.01000,1.98000,0.54114,0.00005,0.45854,0.00009,0.00019
23.21000,1.98000,0.99718,0.00002,0.00277,0.00001,0.00003
23.41000,1.98000,0.99961,0.00003,0.00030,0.00002,0.00003
23.61000,1.98000,0.99976,0.00001,0.00017,0.00002,0.00004
23.81000,1.98000,0.99983,0.00000,0.00012,0.00001,0.00004
24.01000,1.98000,0.99963,0.00000,0.00000,0.00008,0.00028
24.21000,1.98000,0.99987,0.00000,0.00000,0.00000,0.00013
24.41000,1.98000,0.99996,0.00000,0.00000,0.00000,0.00004
24.61000,1.98000,0.99996,0.00000,0.00000,0.00000,0.00004
24.81000,1.98000,0.99978,0.00000,0.00000,0.00001,0.00022
25.01000,1.98000,0.99955,0.00000,0.00000,0.00007,0.00038
25.21000,1.98000,0.99709,0.00000,0.00002,0.00226,0.00063
25.41000,1.98000,0.99999,0.00000,0.00001,0.00000,0.00000
25.61000,1.98000,0.99999,0.00000,0.00001,0.00000,0.00000
25.81000,1.98000,0.99996,0.00000,0.00004,0.00000,0.00000
26.01000,1.98000,0.99996,0.00001,0.00003,0.00000,0.00000
26.21000,1.98000,0.99964,0.00005,0.00030,0.00001,0.00000
26.41000,1.98000,0.35269,0.00066,0.64601,0.00048,0.00016
26.61000,1.98000,0.01960,0.00003,0.98022,0.00007,0.00008
26.81000,1.98000,0.99830,0.00004,0.00160,0.00001,0.00005
27.01000,1.98000,0.99993,0.00001,0.00002,0.00000,0.00004
27.21000,1.98000,0.99993,0.00001,0.00002,0.00000,0.00004
27.41000,1.98000,0.99993,0.00000,0.00002,0.00001,0.00004
27.61000,1.98000,0.99971,0.00000,0.00000,0.00009,0.00020
27.81000,1.98000,0.99981,0.00000,0.00000,0.00003,0.00015
28.01000,1.98000,0.99991,0.00000,0.00000,0.00001,0.00007
28.21000,1.98000,0.99993,0.00001,0.00000,0.00001,0.00006
28.41000,1.98000,0.99996,0.00001,0.00000,0.00000,0.00003
28.61000,1.98000,0.99997,0.00002,0.00000,0.00000,0.00002
28.81000,1.98000,0.99967,0.00002,0.00000,0.00004,0.00027
29.01000,1.98000,0.99970,0.00000,0.00000,0.00021,0.00009
29.21000,1.98000,0.99999,0.00000,0.00000,0.00001,0.00000
29.41000,1.98000,0.99999,0.00001,0.00000,0.00000,0.00000
29.61000,1.98000,0.99980,0.00002,0.00017,0.00000,0.00000
29.81000,1.98000,0.97676,0.00041,0.02275,0.00005,0.00003
30.01000,1.98000,0.01460,0.00006,0.98514,0.00012,0.00007
30.21000,1.98000,0.75741,0.00007,0.24213,0.00005,0.00033
30.41000,1.98000,0.99897,0.00003,0.00092,0.00000,0.00007
30.61000,1.98000,0.99992,0.00001,0.00001,0.00000,0.00005
30.81000,1.98000,0.99993,0.00000,0.00004,0.00000,0.00003
31.01000,1.98000,0.99992,0.00000,0.00002,0.00000,0.00006
31.21000,1.98000,0.99994,0.00000,0.00000,0.00000,0.00006
31.41000,1.98000,0.99995,0.00000,0.00000,0.00000,0.00004
31.61000,1.98000,0.99998,0.00000,0.00000,0.00000,0.00001
31.81000,1.98000,0.99996,0.00000,0.00000,0.00002,0.00002
32.01000,1.98000,0.99980,0.00000,0.00000,0.00007,0.00013
32.21000,1.98000,0.99957,0.00000,0.00001,0.00034,0.00008
32.41000,1.98000,0.99997,0.00000,0.00001,0.00001,0.00000
32.61000,1.98000,1.00000,0.00000,0.00000,0.00000,0.00000
32.81000,1.98000,0.99999,0.00000,0.00001,0.00000,0.00000
33.01000,1.98000,0.99994,0.00001,0.00006,0.00000,0.00000
33.21000,1.98000,0.99888,0.00006,0.00106,0.00001,0.00000
33.41000,1.98000,0.12452,0.00032,0.87490,0.00018,0.00008
33.61000,1.98000,0.06887,0.00004,0.93082,0.00009,0.00018
33.81000,1.98000,0.99053,0.00008,0.00930,0.00002,0.00007
34.01000,1.98000,0.99978,0.00017,0.00003,0.00000,0.00002
34.21000,1.98000,0.99915,0.00070,0.00001,0.00003,0.00012
34.41000,1.98000,0.99938,0.00056,0.00000,0.00001,0.00005
34.61000,1.98000,0.99976,0.00015,0.00000,0.00001,0.00008
34.81000,1.98000,0.99945,0.00007,0.00000,0.00006,0.00042
35.01000,1.98000,0.99987,0.00002,0.00000,0.00002,0.00008
35.21000,1.98000,0.99989,0.00008,0.00000,0.00000,0.00003
35.41000,1.98000,0.99989,0.00003,0.00000,0.00001,0.00006
35.61000,1.98000,0.99998,0.00001,0.00000,0.00000,0.00000
35.81000,1.98000,1.00000,0.00000,0.00000,0.00000,0.00000
36.01000,1.98000,1.00000,0.00000,0.00000,0.00000,0.00000
36.21000,1.98000,0.99999,0.00000,0.00001,0.00000,0.00000
36.41000,1.98000,0.99995,0.00000,0.00004,0.00000,0.00000
36.61000,1.98000,0.99654,0.00011,0.00333,0.00002,0.00001
36.81000,1.98000,0.02705,0.00004,0.97270,0.00010,0.00011
37.01000,1.98000,0.97083,0.00003,0.02894,0.00001,0.00019
37.21000,1.98000,0.99972,0.00002,0.00018,0.00000,0.00007
37.41000,1.98000,0.99994,0.00000,0.00001,0.00000,0.00005
37.61000,1.98000,0.99995,0.00000,0.00001,0.00000,0.00004
37.81000,1.98000,0.99979,0.00000,0.00000,0.00000,0.00021
38.01000,1.98000,0.99999,0.00000,0.00000,0.00000,0.00001
38.21000,1.98000,0.99999,0.00000,0.00000,0.00000,0.00001
38.41000,1.98000,0.99995,0.00000,0.00000,0.00001,0.00004
38.61000,1.98000,0.99887,0.00000,0.00000,0.00016,0.00096
38.81000,1.98000,0.99992,0.00000,0.00000,0.00005,0.00003
39.01000,1.98000,0.99992,0.00000,0.00007,0.00000,0.00001
39.21000,1.98000,0.99993,0.00000,0.00007,0.00000,0.00000
39.41000,1.98000,0.99999,0.00000,0.00001,0.00000,0.00000
39.61000,1.98000,0.99993,0.00000,0.00007,0.00000,0.00000
39.81000,1.98000,0.99981,0.00002,0.00016,0.00000,0.00000
40.01000,1.98000,0.99723,0.00012,0.00261,0.00003,0.00001
40.21000,1.98000,0.13796,0.00024,0.86074,0.00063,0.00043
40.41000,1.98000,0.12366,0.00016,0.87540,0.00036,0.00042
40.61000,1.98000,0.99906,0.00051,0.00033,0.00002,0.00009
40.81000,1.98000,0.99989,0.00010,0.00001,0.00000,0.00001
41.01000,1.98000,0.99985,0.00012,0.00001,0.00000,0.00001
41.21000,1.98000,0.99995,0.00005,0.00000,0.00000,0.00000
41.41000,1.98000,0.99758,0.00005,0.00000,0.00181,0.00055
41.61000,1.98000,0.99952,0.00004,0.00000,0.00040,0.00004
41.81000,1.98000,0.99990,0.00008,0.00000,0.00001,0.00000
42.01000,1.98000,0.99999,0.00000,0.00001,0.00000,0.00000
42.21000,1.98000,1.00000,0.00000,0.00000,0.00000,0.00000
42.41000,1.98000,0.99999,0.00000,0.00001,0.00000,0.00000
42.61000,1.98000,0.99978,0.00000,0.00021,0.00000,0.00000
42.81000,1.98000,0.91560,0.00012,0.08416,0.00008,0.00003
43.01000,1.98000,0.01479,0.00005,0.98493,0.00014,0.00009
43.21000,1.98000,0.87284,0.00006,0.12674,0.00003,0.00032
43.41000,1.98000,0.99987,0.00002,0.00008,0.00000,0.00003
43.61000,1.98000,0.99996,0.00002,0.00000,0.00000,0.00003
43.81000,1.98000,0.99999,0.00000,0.00000,0.00000,0.00001
44.01000,1.98000,0.99999,0.00000,0.00000,0.00000,0.00001
44.21000,1.98000,0.99993,0.00000,0.00000,0.00002,0.00005
44.41000,1.98000,0.99967,0.00000,0.00000,0.00018,0.00015
44.61000,1.98000,0.99957,0.00000,0.00000,0.00035,0.00008
44.81000,1.98000,0.99999,0.00000,0.00000,0.00000,0.00000
45.01000,1.98000,0.99999,0.00000,0.00001,0.00000,0.00000
45.21000,1.98000,0.99997,0.00000,0.00003,0.00000,0.00000
45.41000,1.98000,0.99962,0.00002,0.00036,0.00000,0.00000
45.61000,1.98000,0.93298,0.00021,0.06674,0.00005,0.00002
45.81000,1.98000,0.00731,0.00005,0.99253,0.00008,0.00003
46.01000,1.98000,0.89748,0.00009,0.10225,0.00007,0.00011
46.21000,1.98000,0.99973,0.00007,0.00016,0.00001,0.00003
46.41000,1.98000,0.99982,0.00011,0.00001,0.00001,0.00005
46.61000,1.98000,0.99984,0.00001,0.00012,0.00001,0.00002
46.81000,1.98000,0.99984,0.00009,0.00001,0.00003,0.00003
47.01000,1.98000,0.99994,0.00002,0.00000,0.00001,0.00004
47.21000,1.98000,0.99997,0.00001,0.00000,0.00000,0.00002
47.41000,1.98000,0.99996,0.00002,0.00000,0.00000,0.00003
47.61000,1.98000,0.99994,0.00004,0.00000,0.00000,0.00002
47.81000,1.98000,0.99998,0.00001,0.00000,0.00000,0.00000
48.01000,1.98000,0.99992,0.00004,0.00000,0.00001,0.00003
48.21000,1.98000,0.99986,0.00004,0.00000,0.00008,0.00002
48.41000,1.98000,0.99977,0.00022,0.00000,0.00001,0.00000
48.61000,1.98000,0.99969,0.00014,0.00016,0.00000,0.00001
48.81000,1.98000,0.91240,0.00200,0.08543,0.00009,0.00007
49.01000,1.98000,0.05390,0.00124,0.94460,0.00016,0.00011
49.21000,1.98000,0.98119,0.00032,0.01838,0.00001,0.00010
49.41000,1.98000,0.99943,0.00029,0.00022,0.00000,0.00006
49.61000,1.98000,0.99992,0.00003,0.00001,0.00000,0.00003
49.81000,1.98000,0.99995,0.00002,0.00001,0.00000,0.00002
50.01000,1.98000,0.99979,0.00016,0.00000,0.00000,0.00005
50.21000,1.98000,0.99999,0.00000,0.00000,0.00000,0.00001
50.41000,1.98000,0.99995,0.00000,0.00000,0.00001,0.00003
50.61000,1.98000,0.99987,0.00001,0.00000,0.00007,0.00005
50.81000,1.98000,0.99998,0.00000,0.00000,0.00001,0.00000
51.01000,1.98000,0.99996,0.00001,0.00002,0.00001,0.00000
51.21000,1.98000,0.99983,0.00007,0.00008,0.00001,0.00000
51.41000,1.98000,0.99945,0.00018,0.00034,0.00002,0.00001
51.61000,1.98000,0.49996,0.00119,0.49791,0.00076,0.00018
51.81000,1.98000,0.02708,0.00003,0.97257,0.00015,0.00017
52.01000,1.98000,0.99704,0.00004,0.00280,0.00002,0.00010
52.21000,1.98000,0.99988,0.00004,0.00002,0.00001,0.00006
52.41000,1.98000,0.99991,0.00003,0.00000,0.00000,0.00005
52.61000,1.98000,0.99969,0.00026,0.00001,0.00001,0.00004
52.81000,1.98000,0.99996,0.00002,0.00000,0.00000,0.00002
53.01000,1.98000,0.99998,0.00001,0.00000,0.00000,0.00001
53.21000,1.98000,0.99994,0.00002,0.00000,0.00001,0.00003
53.41000,1.98000,0.99621,0.00011,0.00000,0.00234,0.00134
53.61000,1.98000,0.99991,0.00001,0.00000,0.00005,0.00004
53.81000,1.98000,0.99997,0.00002,0.00001,0.00000,0.00000
54.01000,1.98000,0.99994,0.00002,0.00004,0.00000,0.00000
54.21000,1.98000,0.99815,0.00006,0.00178,0.00001,0.00000
54.41000,1.98000,0.67029,0.00109,0.32807,0.00044,0.00010
54.61000,1.98000,0.05629,0.00002,0.94336,0.00008,0.00024
54.81000,1.98000,0.99923,0.00005,0.00062,0.00001,0.00009
55.01000,1.98000,0.99994,0.00002,0.00002,0.00000,0.00003
55.21000,1.98000,0.99996,0.00001,0.00000,0.00000,0.00003
55.41000,1.98000,0.99998,0.00000,0.00000,0.00000,0.00001
55.61000,1.98000,0.99999,0.00000,0.00000,0.00000,0.00001
55.81000,1.98000,0.99995,0.00001,0.00000,0.00002,0.00002
56.01000,1.98000,0.99993,0.00000,0.00000,0.00002,0.00004
56.21000,1.98000,0.99917,0.00002,0.00001,0.00047,0.00034
56.41000,1.98000,0.99890,0.00020,0.00002,0.00079,0.00008
56.61000,1.98000,0.99531,0.00068,0.00368,0.00028,0.00006
56.81000,1.98000,0.30634,0.00225,0.68805,0.00277,0.00059
57.01000,1.98000,0.17092,0.00009,0.82832,0.00031,0.00036
57.21000,1.98000,0.99821,0.00007,0.00157,0.00005,0.00009
57.41000,1.98000,0.99989,0.00004,0.00001,0.00001,0.00005
57.61000,1.98000,0.99994,0.00003,0.00000,0.00000,0.00003
57.81000,1.98000,0.99983,0.00015,0.00000,0.00001,0.00002
58.01000,1.98000,0.99999,0.00000,0.00000,0.00000,0.00001
58.21000,1.98000,0.99999,0.00000,0.00000,0.00000,0.00001
58.41000,1.98000,0.99996,0.00001,0.00000,0.00001,0.00001
58.61000,1.98000,0.99931,0.00004,0.00000,0.00052,0.00013
58.81000,1.98000,0.99941,0.00018,0.00000,0.00040,0.00001
59.01000,1.98000,0.99943,0.00046,0.00005,0.00006,0.00000
59.21000,1.98000,0.71155,0.00057,0.28768,0.00016,0.00004
59.41000,1.98000,0.25105,0.00010,0.74872,0.00007,0.00005
59.61000,1.98000,0.95016,0.00004,0.04971,0.00003,0.00006
59.81000,1.98000,0.99977,0.00001,0.00022,0.00000,0.00001
60.01000,1.98000,0.99999,0.00001,0.00000,0.00000,0.00001
60.21000,1.98000,0.99999,0.00001,0.00000,0.00000,0.00000
60.41000,1.98000,0.99998,0.00002,0.00000,0.00000,0.00000
60.61000,1.98000,0.99990,0.00006,0.00000,0.00001,0.00003
60.81000,1.98000,0.99993,0.00002,0.00000,0.00004,0.00001
61.01000,1.98000,0.99922,0.00020,0.00001,0.00055,0.00002
61.21000,1.98000,0.99840,0.00135,0.00003,0.00020,0.00001
61.41000,1.98000,0.82888,0.04894,0.12045,0.00072,0.00101
61.61000,1.98000,0.62281,0.00464,0.37210,0.00008,0.00037
61.81000,1.98000,0.74420,0.00077,0.25492,0.00004,0.00007
62.01000,1.98000,0.97112,0.00010,0.02871,0.00001,0.00007
62.21000,1.98000,0.99955,0.00018,0.00024,0.00000,0.00003
62.41000,1.98000,0.99987,0.00010,0.00001,0.00000,0.00003
62.61000,1.98000,0.99996,0.00003,0.00000,0.00000,0.00001
62.81000,1.98000,0.99994,0.00001,0.00000,0.00001,0.00004
63.01000,1.98000,0.99999,0.00000,0.00000,0.00000,0.00000
63.21000,1.98000,1.00000,0.00000,0.00000,0.00000,0.00000
63.41000,1.98000,0.99999,0.00000,0.00001,0.00000,0.00000
63.61000,1.98000,0.99998,0.00001,0.00000,0.00000,0.00000
63.81000,1.98000,0.99999,0.00000,0.00000,0.00000,0.00000
64.01000,1.98000,0.99998,0.00000,0.00002,0.00000,0.00000
64.21000,1.98000,0.99984,0.00001,0.00014,0.00000,0.00000
64.41000,1.98000,0.99736,0.00022,0.00239,0.00002,0.00000
64.61000,1.98000,0.17079,0.00073,0.82821,0.00021,0.00006
64.81000,1.98000,0.63181,0.00017,0.36756,0.00014,0.00031
65.01000,1.98000,0.99958,0.00004,0.00033,0.00000,0.00004
65.21000,1.98000,0.99996,0.00003,0.00000,0.00000,0.00001
65.41000,1.98000,0.99999,0.00001,0.00000,0.00000,0.00000
65.61000,1.98000,0.99997,0.00001,0.00000,0.00000,0.00001
65.81000,1.98000,0.99998,0.00000,0.00000,0.00000,0.00001
66.01000,1.98000,0.99999,0.00001,0.00000,0.00000,0.00000
66.21000,1.98000,0.99980,0.00001,0.00000,0.00009,0.00010
66.41000,1.98000,0.99983,0.00003,0.00000,0.00004,0.00010
66.61000,1.98000,0.99954,0.00025,0.00005,0.00010,0.00006
66.81000,1.98000,0.98811,0.00080,0.01090,0.00016,0.00004
67.01000,1.98000,0.05766,0.00011,0.94161,0.00045,0.00017
67.21000,1.98000,0.95371,0.00008,0.04604,0.00003,0.00014
67.41000,1.98000,0.99987,0.00007,0.00003,0.00000,0.00003
67.61000,1.98000,0.99974,0.00017,0.00001,0.00002,0.00006
67.81000,1.98000,0.99993,0.00000,0.00005,0.00000,0.00002
68.01000,1.98000,0.99981,0.00016,0.00000,0.00001,0.00002
68.21000,1.98000,0.99981,0.00012,0.00000,0.00002,0.00005
68.41000,1.98000,0.99978,0.00018,0.00000,0.00001,0.00003
68.61000,1.98000,0.99992,0.00005,0.00000,0.00000,0.00003
68.81000,1.98000,0.99996,0.00002,0.00000,0.00000,0.00002
69.01000,1.98000,0.99970,0.00001,0.00000,0.00013,0.00016
69.21000,1.98000,0.99989,0.00004,0.00000,0.00002,0.00005
69.41000,1.98000,0.99995,0.00004,0.00000,0.00000,0.00000
69.61000,1.98000,0.99999,0.00000,0.00000,0.00000,0.00000
69.81000,1.98000,0.99994,0.00001,0.00005,0.00000,0.00000
70.01000,1.98000,0.99758,0.00004,0.00238,0.00000,0.00000
70.21000,1.98000,0.45336,0.00027,0.54618,0.00009,0.00010
70.41000,1.98000,0.02593,0.00003,0.97380,0.00003,0.00021
70.61000,1.98000,0.99401,0.00004,0.00589,0.00000,0.00006
70.81000,1.98000,0.99994,0.00003,0.00001,0.00000,0.00001
71.01000,1.98000,0.99993,0.00003,0.00000,0.00000,0.00003
71.21000,1.98000,0.99999,0.00000,0.00000,0.00000,0.00001
71.41000,1.98000,0.99997,0.00001,0.00000,0.00000,0.00002
71.61000,1.98000,0.99998,0.00000,0.00000,0.00001,0.00001
71.81000,1.98000,0.99998,0.00000,0.00000,0.00001,0.00001
72.01000,1.98000,0.99998,0.00000,0.00000,0.00000,0.00001
72.21000,1.98000,0.99995,0.00001,0.00001,0.00002,0.00001
72.41000,1.98000,0.99998,0.00000,0.00001,0.00000,0.00000
72.61000,1.98000,0.99993,0.00004,0.00004,0.00000,0.00000
72.81000,1.98000,0.99475,0.00011,0.00514,0.00000,0.00000
73.01000,1.98000,0.65298,0.00232,0.34465,0.00004,0.00002
73.21000,1.98000,0.75813,0.00250,0.23926,0.00007,0.00005
73.41000,1.98000,0.98865,0.00009,0.01121,0.00001,0.00004
73.61000,1.98000,0.99923,0.00003,0.00072,0.00000,0.00002
73.81000,1.98000,0.99996,0.00001,0.00002,0.00000,0.00001
74.01000,1.98000,0.99997,0.00001,0.00001,0.00000,0.00001
74.21000,1.98000,0.99996,0.00002,0.00000,0.00000,0.00001
74.41000,1.98000,0.99984,0.00005,0.00000,0.00003,0.00008
74.61000,1.98000,0.99978,0.00014,0.00000,0.00003,0.00005
74.81000,1.98000,0.99969,0.00015,0.00000,0.00003,0.00014
75.01000,1.98000,0.99973,0.00016,0.00000,0.00001,0.00009
75.21000,1.98000,0.99979,0.00016,0.00000,0.00000,0.00005
75.41000,1.98000,0.99995,0.00004,0.00000,0.00000,0.00000
75.61000,1.98000,0.99995,0.00005,0.00000,0.00000,0.00001
75.81000,1.98000,0.99993,0.00002,0.00000,0.00002,0.00002
76.01000,1.98000,0.99998,0.00001,0.00000,0.00000,0.00000
76.21000,1.98000,0.99995,0.00001,0.00004,0.00000,0.00000
76.41000,1.98000,0.99237,0.00002,0.00760,0.00001,0.00000
76.61000,1.98000,0.23024,0.00006,0.76957,0.00006,0.00007
76.81000,1.98000,0.03358,0.00001,0.96627,0.00004,0.00010
77.01000,1.98000,0.98041,0.00002,0.01951,0.00001,0.00006
77.21000,1.98000,0.99940,0.00003,0.00052,0.00001,0.00003
77.41000,1.98000,0.99988,0.00002,0.00007,0.00001,0.00003
77.61000,1.98000,0.99993,0.00001,0.00005,0.00000,0.00002
77.81000,1.98000,0.99994,0.00001,0.00000,0.00001,0.00003
78.01000,1.98000,0.99984,0.00002,0.00000,0.00001,0.00013
78.21000,1.98000,0.99973,0.00005,0.00000,0.00002,0.00019
78.41000,1.98000,0.99970,0.00008,0.00000,0.00002,0.00020
78.61000,1.98000,0.99878,0.00039,0.00000,0.00004,0.00078
78.81000,1.98000,0.99942,0.00040,0.00000,0.00000,0.00018
79.01000,1.98000,0.99970,0.00019,0.00000,0.00000,0.00012
79.21000,1.98000,0.99998,0.00000,0.00000,0.00000,0.00001
79.41000,1.98000,0.99997,0.00000,0.00002,0.00001,0.00001
79.61000,1.98000,0.99999,0.00000,0.00000,0.00000,0.00000
79.81000,1.98000,0.99999,0.00000,0.00001,0.00000,0.00000
80.01000,1.98000,0.99995,0.00000,0.00005,0.00000,0.00000
80.21000,1.98000,0.99920,0.00005,0.00074,0.00001,0.00000
80.41000,1.98000,0.64657,0.00071,0.35234,0.00030,0.00008
80.61000,1.98000,0.05009,0.00007,0.94965,0.00008,0.00010
80.81000,1.98000,0.99667,0.00003,0.00325,0.00000,0.00005
81.01000,1.98000,0.99994,0.00002,0.00002,0.00000,0.00001
81.21000,1.98000,0.99996,0.00000,0.00001,0.00000,0.00002
81.41000,1.98000,0.99998,0.00000,0.00001,0.00000,0.00001
81.61000,1.98000,0.99994,0.00001,0.00000,0.00000,0.00005
81.81000,1.98000,0.99999,0.00000,0.00000,0.00000,0.00000
82.01000,1.98000,0.99997,0.00000,0.00000,0.00001,0.00002
82.21000,1.98000,0.99968,0.00001,0.00000,0.00020,0.00011
82.41000,1.98000,0.99967,0.00000,0.00000,0.00024,0.00008
82.61000,1.98000,0.99998,0.00000,0.00000,0.00001,0.00000
82.81000,1.98000,0.99998,0.00000,0.00001,0.00000,0.00000
83.01000,1.98000,0.99989,0.00001,0.00010,0.00000,0.00000
83.21000,1.98000,0.98687,0.00005,0.01308,0.00001,0.00000
83.41000,1.98000,0.01354,0.00005,0.98636,0.00003,0.00002
83.61000,1.98000,0.96605,0.00013,0.03378,0.00001,0.00004
83.81000,1.98000,0.99890,0.00028,0.00079,0.00001,0.00002
84.01000,1.98000,0.99937,0.00046,0.00014,0.00001,0.00002
84.21000,1.98000,0.99938,0.00056,0.00005,0.00001,0.00001
84.41000,1.98000,0.99536,0.00456,0.00001,0.00002,0.00006
84.61000,1.98000,0.99985,0.00013,0.00000,0.00000,0.00002
84.81000,1.98000,0.99993,0.00004,0.00000,0.00000,0.00003
85.01000,1.98000,0.99982,0.00008,0.00000,0.00005,0.00006
85.21000,1.98000,0.99972,0.00006,0.00000,0.00010,0.00012
85.41000,1.98000,0.99998,0.00001,0.00000,0.00001,0.00000
85.61000,1.98000,0.99999,0.00000,0.00000,0.00000,0.00000
85.81000,1.98000,0.99999,0.00000,0.00001,0.00000,0.00000
86.01000,1.98000,0.99996,0.00000,0.00004,0.00000,0.00000
86.21000,1.98000,0.99649,0.00008,0.00339,0.00002,0.00001
86.41000,1.98000,0.01750,0.00008,0.98235,0.00004,0.00003
86.61000,1.98000,0.84659,0.00122,0.15202,0.00003,0.00014
86.81000,1.98000,0.99752,0.00161,0.00081,0.00001,0.00005
87.01000,1.98000,0.99923,0.00069,0.00006,0.00000,0.00002
87.21000,1.98000,0.99984,0.00014,0.00001,0.00000,0.00001
87.41000,1.98000,0.99922,0.00064,0.00011,0.00000,0.00002
87.61000,1.98000,0.99988,0.00011,0.00000,0.00000,0.00001
87.81000,1.98000,0.99987,0.00001,0.00000,0.00002,0.00010
88.01000,1.98000,0.99997,0.00000,0.00000,0.00000,0.00002
88.21000,1.98000,0.99998,0.00001,0.00000,0.00000,0.00000
88.41000,1.98000,0.99995,0.00001,0.00003,0.00000,0.00000
88.61000,1.98000,0.99485,0.00009,0.00503,0.00002,0.00001
88.81000,1.98000,0.07556,0.00011,0.92399,0.00026,0.00008
89.01000,1.98000,0.09673,0.00005,0.90299,0.00013,0.00011
89.21000,1.98000,0.99306,0.00009,0.00681,0.00002,0.00003
89.41000,1.98000,0.99990,0.00008,0.00001,0.00000,0.00002
89.61000,1.98000,0.99994,0.00005,0.00000,0.00000,0.00001
89.81000,1.98000,0.99994,0.00006,0.00000,0.00000,0.00001
90.01000,1.98000,0.99987,0.00001,0.00000,0.00007,0.00004
90.21000,1.98000,0.99985,0.00001,0.00000,0.00010,0.00005
90.41000,1.98000,0.99994,0.00001,0.00000,0.00003,0.00002
90.61000,1.98000,0.99995,0.00003,0.00002,0.00000,0.00000
90.81000,1.98000,0.99951,0.00006,0.00042,0.00001,0.00000
91.01000,1.98000,0.21680,0.00038,0.78247,0.00023,0.00013
91.21000,1.98000,0.02302,0.00001,0.97683,0.00005,0.00008
91.41000,1.98000,0.99122,0.00001,0.00870,0.00001,0.00006
91.61000,1.98000,0.99993,0.00002,0.00003,0.00000,0.00002
91.81000,1.98000,0.99992,0.00003,0.00001,0.00000,0.00003
92.01000,1.98000,0.99999,0.00000,0.00000,0.00000,0.00000
92.21000,1.98000,0.99996,0.00002,0.00000,0.00000,0.00002
92.41000,1.98000,0.99993,0.00004,0.00000,0.00002,0.00001
92.61000,1.98000,0.99963,0.00008,0.00000,0.00026,0.00003
92.81000,1.98000,0.99818,0.00003,0.00000,0.00057,0.00123
93.01000,1.98000,0.99891,0.00012,0.00001,0.00059,0.00038
93.21000,1.98000,0.99963,0.00034,0.00001,0.00001,0.00001
93.41000,1.98000,0.99875,0.00090,0.00032,0.00001,0.00001
93.61000,1.98000,0.67146,0.00139,0.32624,0.00036,0.00056
93.81000,1.98000,0.05839,0.00002,0.94069,0.00005,0.00086
94.01000,1.98000,0.99652,0.00001,0.00320,0.00000,0.00027
94.21000,1.98000,0.99985,0.00000,0.00003,0.00000,0.00012
94.41000,1.98000,0.99974,0.00000,0.00002,0.00000,0.00024
94.61000,1.98000,0.99991,0.00000,0.00000,0.00000,0.00009
94.81000,1.98000,0.99999,0.00000,0.00000,0.00000,0.00000
95.01000,1.98000,0.99999,0.00000,0.00000,0.00000,0.00000
95.21000,1.98000,0.99998,0.00000,0.00000,0.00001,0.00001
95.41000,1.98000,0.99999,0.00000,0.00000,0.00001,0.00000
95.61000,1.98000,0.99987,0.00000,0.00000,0.00008,0.00005
95.81000,1.98000,0.99984,0.00001,0.00000,0.00011,0.00004
96.01000,1.98000,0.99972,0.00012,0.00008,0.00007,0.00001
96.21000,1.98000,0.91604,0.00073,0.08270,0.00043,0.00011
96.41000,1.98000,0.00809,0.00006,0.99171,0.00009,0.00006
96.61000,1.98000,0.98050,0.00006,0.01932,0.00002,0.00010
96.81000,1.98000,0.99985,0.00003,0.00006,0.00000,0.00005
97.01000,1.98000,0.99990,0.00002,0.00002,0.00001,0.00005
97.21000,1.98000,0.99997,0.00000,0.00001,0.00000,0.00002
97.41000,1.98000,0.99997,0.00001,0.00000,0.00000,0.00002
97.61000,1.98000,0.99994,0.00000,0.00000,0.00001,0.00004
97.81000,1.98000,0.99996,0.00001,0.00000,0.00002,0.00002
98.01000,1.98000,0.99983,0.00004,0.00000,0.00008,0.00005
98.21000,1.98000,0.99729,0.00007,0.00000,0.00051,0.00213
98.41000,1.98000,0.99728,0.00004,0.00000,0.00027,0.00242
98.61000,1.98000,0.99973,0.00014,0.00000,0.00005,0.00008
98.81000,1.98000,0.99978,0.00020,0.00001,0.00000,0.00002
99.01000,1.98000,0.99957,0.00022,0.00019,0.00001,0.00001
99.21000,1.98000,0.89885,0.00198,0.09848,0.00048,0.00021
99.41000,1.98000,0.02148,0.00030,0.97773,0.00019,0.00031
99.61000,1.98000,0.99929,0.00038,0.00020,0.00001,0.00012
99.81000,1.98000,0.99990,0.00004,0.00002,0.00000,0.00004
100.01000,1.98000,0.99996,0.00001,0.00001,0.00000,0.00002
100.21000,1.98000,0.99996,0.00000,0.00001,0.00000,0.00003
100.41000,1.98000,0.99998,0.00000,0.00000,0.00000,0.00002
100.61000,1.98000,0.99999,0.00000,0.00000,0.00000,0.00001
100.81000,1.98000,0.99997,0.00000,0.00000,0.00001,0.00002
101.01000,1.98000,0.99990,0.00000,0.00000,0.00004,0.00005
101.21000,1.98000,0.99844,0.00000,0.00000,0.00132,0.00024
101.41000,1.98000,0.98458,0.00001,0.00022,0.01396,0.00123
101.61000,1.98000,0.99998,0.00000,0.00001,0.00001,0.00000
101.81000,1.98000,0.99999,0.00000,0.00001,0.00000,0.00000
102.01000,1.98000,0.99996,0.00001,0.00003,0.00000,0.00000
102.21000,1.98000,0.99991,0.00001,0.00008,0.00000,0.00000
102.41000,1.98000,0.98611,0.00022,0.01346,0.00016,0.00005
102.61000,1.98000,0.01339,0.00013,0.98475,0.00149,0.00024
102.81000,1.98000,0.99780,0.00007,0.00191,0.00007,0.00016
103.01000,1.98000,0.99991,0.00002,0.00004,0.00001,0.00003
103.21000,1.98000,0.99996,0.00000,0.00001,0.00000,0.00002
103.41000,1.98000,0.99993,0.00000,0.00004,0.00000,0.00002
103.61000,1.98000,0.99998,0.00000,0.00000,0.00000,0.00002
103.81000,1.98000,0.99996,0.00000,0.00000,0.00000,0.00004
104.01000,1.98000,0.99996,0.00001,0.00000,0.00001,0.00002
104.21000,1.98000,0.99989,0.00003,0.00000,0.00005,0.00003
104.41000,1.98000,0.99978,0.00004,0.00000,0.00008,0.00010
104.61000,1.98000,0.99771,0.00008,0.00000,0.00093,0.00128
104.81000,1.98000,0.99912,0.00039,0.00000,0.00015,0.00034
105.01000,1.98000,0.99298,0.00654,0.00002,0.00027,0.00020
105.21000,1.98000,0.98218,0.00259,0.01448,0.00037,0.00039
105.41000,1.98000,0.08684,0.00031,0.91199,0.00046,0.00040
105.61000,1.98000,0.99702,0.00191,0.00068,0.00009,0.00029
105.81000,1.98000,0.99916,0.00072,0.00002,0.00001,0.00010
106.01000,1.98000,0.99849,0.00116,0.00004,0.00003,0.00028
106.21000,1.98000,0.99997,0.00003,0.00000,0.00000,0.00000
106.41000,1.98000,0.99995,0.00003,0.00000,0.00001,0.00001
106.61000,1.98000,0.99956,0.00000,0.00000,0.00022,0.00021
106.81000,1.98000,0.99989,0.00001,0.00000,0.00009,0.00001
107.01000,1.98000,0.99999,0.00001,0.00000,0.00000,0.00000
107.21000,1.98000,0.99995,0.00001,0.00003,0.00000,0.00000
107.41000,1.98000,0.98973,0.00014,0.01006,0.00004,0.00003
107.61000,1.98000,0.04766,0.00002,0.95203,0.00007,0.00022
107.81000,1.98000,0.95030,0.00002,0.04946,0.00000,0.00021
108.01000,1.98000,0.99958,0.00005,0.00021,0.00000,0.00016
108.21000,1.98000,0.99995,0.00001,0.00000,0.00000,0.00004
108.41000,1.98000,0.99999,0.00000,0.00000,0.00000,0.00001
108.61000,1.98000,0.99999,0.00000,0.00000,0.00000,0.00001
108.81000,1.98000,0.99999,0.00000,0.00001,0.00000,0.00000
109.01000,1.98000,0.99977,0.00000,0.00021,0.00001,0.00001
109.21000,1.98000,0.99991,0.00000,0.00009,0.00000,0.00000
109.41000,1.98000,0.99999,0.00000,0.00001,0.00000,0.00000
109.61000,1.98000,0.99996,0.00000,0.00003,0.00000,0.00000
109.81000,1.98000,0.99959,0.00001,0.00040,0.00000,0.00000
110.01000,1.98000,0.99829,0.00006,0.00164,0.00001,0.00000
110.21000,1.98000,0.15637,0.00009,0.84339,0.00008,0.00007
110.41000,1.98000,0.62150,0.00004,0.37820,0.00003,0.00023
110.61000,1.98000,0.99729,0.00015,0.00251,0.00001,0.00005
110.81000,1.98000,0.99935,0.00030,0.00028,0.00001,0.00006
111.01000,1.98000,0.99980,0.00014,0.00004,0.00000,0.00001
111.21000,1.98000,0.99984,0.00011,0.00001,0.00000,0.00003
111.41000,1.98000,0.99999,0.00000,0.00000,0.00000,0.00000
111.61000,1.98000,0.99999,0.00000,0.00000,0.00000,0.00000
111.81000,1.98000,0.99998,0.00000,0.00000,0.00000,0.00001
112.01000,1.98000,0.99989,0.00000,0.00000,0.00001,0.00009
112.21000,1.98000,0.99994,0.00001,0.00000,0.00001,0.00004
112.41000,1.98000,0.99998,0.00001,0.00000,0.00000,0.00000
112.61000,1.98000,0.99991,0.00003,0.00006,0.00000,0.00000
112.81000,1.98000,0.99216,0.00042,0.00729,0.00011,0.00001
113.01000,1.98000,0.23092,0.00119,0.76590,0.00179,0.00020
113.21000,1.98000,0.95694,0.00003,0.04293,0.00003,0.00007
113.41000,1.98000,0.99976,0.00005,0.00013,0.00001,0.00004
113.61000,1.98000,0.99993,0.00002,0.00001,0.00001,0.00004
113.81000,1.98000,0.99989,0.00000,0.00006,0.00001,0.00004
114.01000,1.98000,0.99995,0.00001,0.00000,0.00001,0.00003
114.21000,1.98000,0.99980,0.00002,0.00000,0.00004,0.00013
114.41000,1.98000,0.99986,0.00002,0.00000,0.00001,0.00011
114.61000,1.98000,0.99989,0.00003,0.00000,0.00001,0.00007
114.81000,1.98000,0.99976,0.00005,0.00000,0.00001,0.00017
115.01000,1.98000,0.99380,0.00033,0.00000,0.00033,0.00554
115.21000,1.98000,0.99700,0.00007,0.00000,0.00004,0.00290
115.41000,1.98000,0.99835,0.00022,0.00000,0.00001,0.00142
115.61000,1.98000,0.99988,0.00008,0.00000,0.00000,0.00004
115.81000,1.98000,0.99995,0.00002,0.00002,0.00000,0.00001
116.01000,1.98000,0.99898,0.00013,0.00080,0.00004,0.00006
116.21000,1.98000,0.00907,0.00011,0.98927,0.00084,0.00072
116.41000,1.98000,0.99666,0.00020,0.00233,0.00001,0.00080
116.61000,1.98000,0.99977,0.00012,0.00004,0.00000,0.00007
116.81000,1.98000,0.99983,0.00013,0.00001,0.00000,0.00003
117.01000,1.98000,0.99969,0.00024,0.00002,0.00000,0.00005
117.21000,1.98000,0.99992,0.00005,0.00000,0.00000,0.00002
117.41000,1.98000,0.99695,0.00037,0.00003,0.00208,0.00057
117.61000,1.98000,0.97484,0.00176,0.00048,0.01203,0.01089
117.81000,1.98000,0.99018,0.00421,0.00003,0.00180,0.00377
118.01000,1.98000,0.98983,0.00795,0.00004,0.00009,0.00209
118.21000,1.98000,0.99649,0.00301,0.00002,0.00001,0.00047
118.41000,1.98000,0.99823,0.00109,0.00004,0.00001,0.00064
118.61000,1.98000,0.99459,0.00321,0.00005,0.00003,0.00212
118.81000,1.98000,0.99496,0.00133,0.00002,0.00061,0.00308
119.01000,1.98000,0.99970,0.00029,0.00001,0.00000,0.00000
119.21000,1.98000,0.99981,0.00018,0.00001,0.00000,0.00000
119.41000,1.98000,0.99903,0.00035,0.00061,0.00001,0.00000
119.61000,1.98000,0.99828,0.00106,0.00064,0.00001,0.00002
119.81000,1.98000,0.99781,0.00048,0.00169,0.00001,0.00001
120.01000,1.98000,0.99265,0.00254,0.00474,0.00001,0.00005
120.21000,1.98000,0.98719,0.01242,0.00029,0.00003,0.00006
120.41000,1.98000,0.97639,0.02351,0.00004,0.00002,0.00004
120.61000,1.98000,0.98531,0.01456,0.00001,0.00002,0.00010
120.81000,1.98000,0.99756,0.00199,0.00000,0.00006,0.00038
121.01000,1.98000,0.99737,0.00147,0.00000,0.00036,0.00080
121.21000,1.98000,0.99342,0.00605,0.00001,0.00020,0.00033
121.41000,1.98000,0.94819,0.04230,0.00888,0.00002,0.00060
121.61000,1.98000,0.85706,0.06413,0.07647,0.00015,0.00219
121.81000,1.98000,0.23744,0.02034,0.72611,0.00080,0.01530
