Time (seconds), Duration (seconds),pred_(unlabeled),pred_On,pred_Off,pred_Dimmer,pred_Lighter
0.01000,1.98000,0.99995,0.00000,0.00005,0.00000,0.00000
0.21000,1.98000,0.99981,0.00000,0.00018,0.00000,0.00000
0.41000,1.98000,0.99996,0.00000,0.00003,0.00000,0.00000
0.61000,1.98000,1.00000,0.00000,0.00000,0.00000,0.00000
0.81000,1.98000,1.00000,0.00000,0.00000,0.00000,0.00000
1.01000,1.98000,1.00000,0.00000,0.00000,0.00000,0.00000
1.21000,1.98000,0.99995,0.00004,0.00000,0.00000,0.00000
1.41000,1.98000,0.99999,0.00001,0.00000,0.00000,0.00000
1.61000,1.98000,0.99999,0.00001,0.00000,0.00000,0.00000
1.81000,1.98000,0.99998,0.00002,0.00000,0.00000,0.00000
2.01000,1.98000,0.99999,0.00001,0.00000,0.00000,0.00000
2.21000,1.98000,0.99999,0.00000,0.00000,0.00000,0.00000
2.41000,1.98000,0.99998,0.00001,0.00000,0.00000,0.00001
2.61000,1.98000,0.99996,0.00000,0.00000,0.00000,0.00004
2.81000,1.98000,0.99949,0.00000,0.00000,0.00023,0.00028
3.01000,1.98000,0.99939,0.00000,0.00000,0.00029,0.00032
3.21000,1.98000,0.99987,0.00000,0.00000,0.00002,0.00011
3.41000,1.98000,0.99937,0.00000,0.00000,0.00015,0.00048
3.61000,1.98000,0.99923,0.00000,0.00000,0.00026,0.00051
3.81000,1.98000,0.99872,0.00000,0.00000,0.00070,0.00057
4.01000,1.98000,0.99960,0.00000,0.00000,0.00022,0.00018
4.21000,1.98000,0.99979,0.00000,0.00000,0.00012,0.00009
4.41000,1.98000,0.99985,0.00000,0.00000,0.00010,0.00005
4.61000,1.98000,0.99990,0.00000,0.00000,0.00005,0.00005
4.81000,1.98000,0.99992,0.00000,0.00000,0.00004,0.00004
5.01000,1.98000,0.99997,0.00000,0.00000,0.00002,0.00002
5.21000,1.98000,0.99996,0.00000,0.00000,0.00003,0.00002
5.41000,1.98000,0.99983,0.00000,0.00000,0.00013,0.00004
5.61000,1.98000,0.99968,0.00000,0.00000,0.00028,0.00005
5.81000,1.98000,0.99985,0.00000,0.00000,0.00014,0.00001
6.01000,1.98000,0.99938,0.00000,0.00000,0.00061,0.00001
6.21000,1.98000,0.99975,0.00000,0.00000,0.00025,0.00000
6.41000,1.98000,0.99979,0.00000,0.00000,0.00021,0.00000
6.61000,1.98000,0.99988,0.00000,0.00000,0.00012,0.00000
6.81000,1.98000,0.99990,0.00000,0.00000,0.00010,0.00000
7.01000,1.98000,0.99996,0.00000,0.00000,0.00004,0.00000
7.21000,1.98000,0.99996,0.00000,0.00000,0.00004,0.00000
7.41000,1.98000,0.99996,0.00000,0.00000,0.00004,0.00000
7.61000,1.98000,0.99997,0.00000,0.00000,0.00003,0.00000
7.81000,1.98000,0.99997,0.00000,0.00000,0.00003,0.00000
8.01000,1.98000,0.99996,0.00000,0.00000,0.00004,0.00000
8.21000,1.98000,0.99995,0.00000,0.00000,0.00005,0.00000
8.41000,1.98000,0.99995,0.00000,0.00000,0.00005,0.00000
8.61000,1.98000,0.99995,0.00000,0.00000,0.00005,0.00000
8.81000,1.98000,0.99995,0.00000,0.00000,0.00005,0.00000
9.01000,1.98000,0.99996,0.00000,0.00000,0.00004,0.00000
9.21000,1.98000,0.99996,0.00000,0.00000,0.00004,0.00000
9.41000,1.98000,0.99994,0.00000,0.00000,0.00006,0.00000
9.61000,1.98000,0.99966,0.00000,0.00000,0.00034,0.00000
9.81000,1.98000,0.99171,0.00000,0.00000,0.00776,0.00053
10.01000,1.98000,0.94507,0.00000,0.00000,0.04355,0.01139
10.21000,1.98000,0.85724,0.00001,0.00000,0.03050,0.11225
10.41000,1.98000,0.73923,0.00002,0.00000,0.01692,0.24382
10.61000,1.98000,0.54640,0.00001,0.00002,0.00284,0.45074
10.81000,1.98000,0.63337,0.00000,0.00003,0.00025,0.36634
11.01000,1.98000,0.87650,0.00002,0.00017,0.00005,0.12327
11.21000,1.98000,0.94571,0.00015,0.00021,0.00004,0.05388
11.41000,1.98000,0.99821,0.00010,0.00004,0.00001,0.00163
11.61000,1.98000,0.99570,0.00334,0.00001,0.00000,0.00095
11.81000,1.98000,0.99724,0.00088,0.00000,0.00001,0.00187
12.01000,1.98000,0.99570,0.00050,0.00000,0.00003,0.00376
12.21000,1.98000,0.98434,0.00072,0.00000,0.00057,0.01437
12.41000,1.98000,0.99293,0.00022,0.00000,0.00094,0.00590
12.61000,1.98000,0.99746,0.00004,0.00000,0.00099,0.00151
12.81000,1.98000,0.99797,0.00000,0.00000,0.00137,0.00066
13.01000,1.98000,0.99984,0.00000,0.00000,0.00003,0.00012
13.21000,1.98000,0.99328,0.00000,0.00000,0.00012,0.00661
13.41000,1.98000,0.97260,0.00000,0.00000,0.00015,0.02725
13.61000,1.98000,0.88563,0.00000,0.00000,0.00071,0.11367
13.81000,1.98000,0.72589,0.00000,0.00000,0.00170,0.27240
14.01000,1.98000,0.65155,0.00000,0.00000,0.00182,0.34662
14.21000,1.98000,0.59441,0.00000,0.00000,0.00053,0.40506
14.41000,1.98000,0.81835,0.00000,0.00001,0.00004,0.18160
14.61000,1.98000,0.92942,0.00000,0.00003,0.00000,0.07055
14.81000,1.98000,0.99378,0.00000,0.00005,0.00000,0.00617
15.01000,1.98000,0.99864,0.00000,0.00018,0.00000,0.00118
15.21000,1.98000,0.99850,0.00000,0.00144,0.00000,0.00005
15.41000,1.98000,0.99916,0.00000,0.00076,0.00000,0.00008
15.61000,1.98000,0.99930,0.00000,0.00063,0.00000,0.00007
15.81000,1.98000,0.99962,0.00000,0.00035,0.00000,0.00003
16.01000,1.98000,0.99993,0.00000,0.00005,0.00000,0.00002
16.21000,1.98000,1.00000,0.00000,0.00000,0.00000,0.00000
16.41000,1.98000,0.99999,0.00000,0.00000,0.00000,0.00001
16.61000,1.98000,0.99573,0.00000,0.00001,0.00002,0.00423
16.81000,1.98000,0.95798,0.00000,0.00001,0.00071,0.04130
17.01000,1.98000,0.85665,0.00003,0.00004,0.00217,0.14110
17.21000,1.98000,0.65216,0.00004,0.00007,0.00158,0.34615
17.41000,1.98000,0.56402,0.00001,0.00004,0.00045,0.43547
17.61000,1.98000,0.69946,0.00000,0.00002,0.00005,0.30047
17.81000,1.98000,0.83542,0.00012,0.00005,0.00009,0.16433
18.01000,1.98000,0.91440,0.00024,0.00004,0.00003,0.08529
18.21000,1.98000,0.97942,0.00023,0.00003,0.00002,0.02029
18.41000,1.98000,0.96594,0.00868,0.00001,0.00004,0.02533
18.61000,1.98000,0.98301,0.00312,0.00000,0.00004,0.01384
18.81000,1.98000,0.96834,0.00227,0.00000,0.00041,0.02898
19.01000,1.98000,0.96300,0.00851,0.00000,0.00443,0.02406
19.21000,1.98000,0.99192,0.00125,0.00000,0.00203,0.00480
19.41000,1.98000,0.99087,0.00017,0.00000,0.00021,0.00874
19.61000,1.98000,0.97160,0.00001,0.00000,0.00007,0.02832
19.81000,1.98000,0.93774,0.00007,0.00000,0.00047,0.06171
20.01000,1.98000,0.75492,0.00003,0.00001,0.00066,0.24438
20.21000,1.98000,0.67689,0.00001,0.00003,0.00044,0.32265
20.41000,1.98000,0.68207,0.00000,0.00005,0.00045,0.31742
20.61000,1.98000,0.81121,0.00000,0.00011,0.00010,0.18859
20.81000,1.98000,0.83807,0.00000,0.00023,0.00005,0.16165
21.01000,1.98000,0.97702,0.00000,0.00017,0.00000,0.02281
21.21000,1.98000,0.99870,0.00000,0.00019,0.00000,0.00111
21.41000,1.98000,0.99995,0.00000,0.00004,0.00000,0.00001
21.61000,1.98000,0.99998,0.00000,0.00002,0.00000,0.00000
21.81000,1.98000,0.99996,0.00000,0.00003,0.00000,0.00001
22.01000,1.98000,0.99997,0.00000,0.00002,0.00000,0.00001
22.21000,1.98000,0.99913,0.00000,0.00078,0.00000,0.00008
22.41000,1.98000,0.99992,0.00000,0.00005,0.00000,0.00002
22.61000,1.98000,0.99996,0.00000,0.00001,0.00000,0.00004
22.81000,1.98000,0.99998,0.00000,0.00000,0.00000,0.00002
23.01000,1.98000,0.99993,0.00000,0.00000,0.00000,0.00007
23.21000,1.98000,0.99998,0.00000,0.00000,0.00000,0.00002
23.41000,1.98000,0.99986,0.00000,0.00000,0.00000,0.00014
23.61000,1.98000,0.98023,0.00000,0.00000,0.00093,0.01884
23.81000,1.98000,0.93874,0.00000,0.00000,0.00328,0.05797
24.01000,1.98000,0.86800,0.00000,0.00000,0.00147,0.13053
24.21000,1.98000,0.74372,0.00000,0.00000,0.00222,0.25406
24.41000,1.98000,0.65672,0.00000,0.00001,0.00270,0.34056
24.61000,1.98000,0.73030,0.00000,0.00002,0.00177,0.26790
24.81000,1.98000,0.86046,0.00000,0.00002,0.00024,0.13928
25.01000,1.98000,0.98418,0.00000,0.00001,0.00001,0.01580
25.21000,1.98000,0.99803,0.00000,0.00000,0.00001,0.00196
25.41000,1.98000,0.99935,0.00000,0.00001,0.00000,0.00064
25.61000,1.98000,0.99970,0.00000,0.00000,0.00000,0.00030
25.81000,1.98000,0.99810,0.00000,0.00000,0.00000,0.00190
26.01000,1.98000,0.99809,0.00000,0.00000,0.00001,0.00189
26.21000,1.98000,0.99910,0.00000,0.00000,0.00002,0.00088
26.41000,1.98000,0.99962,0.00000,0.00000,0.00001,0.00037
26.61000,1.98000,0.99968,0.00000,0.00000,0.00002,0.00030
26.81000,1.98000,0.99993,0.00000,0.00000,0.00000,0.00007
27.01000,1.98000,0.99996,0.00000,0.00000,0.00000,0.00004
27.21000,1.98000,0.99998,0.00000,0.00000,0.00000,0.00002
27.41000,1.98000,0.99763,0.00000,0.00000,0.00001,0.00236
27.61000,1.98000,0.96490,0.00000,0.00000,0.00022,0.03487
27.81000,1.98000,0.91922,0.00000,0.00000,0.00132,0.07946
28.01000,1.98000,0.78586,0.00001,0.00001,0.00400,0.21012
28.21000,1.98000,0.65407,0.00000,0.00005,0.00399,0.34189
28.41000,1.98000,0.62055,0.00000,0.00017,0.00379,0.37549
28.61000,1.98000,0.74205,0.00000,0.00054,0.00114,0.25626
28.81000,1.98000,0.86162,0.00000,0.00015,0.00019,0.13804
29.01000,1.98000,0.99076,0.00000,0.00009,0.00001,0.00913
29.21000,1.98000,0.99832,0.00000,0.00007,0.00002,0.00159
29.41000,1.98000,0.99992,0.00000,0.00001,0.00000,0.00007
29.61000,1.98000,0.99989,0.00000,0.00000,0.00000,0.00011
29.81000,1.98000,0.99866,0.00000,0.00000,0.00001,0.00133
30.01000,1.98000,0.99904,0.00000,0.00000,0.00001,0.00096
30.21000,1.98000,0.99924,0.00000,0.00000,0.00001,0.00075
30.41000,1.98000,0.99940,0.00000,0.00000,0.00004,0.00056
30.61000,1.98000,0.99988,0.00000,0.00000,0.00000,0.00012
30.81000,1.98000,0.99578,0.00000,0.00000,0.00004,0.00418
31.01000,1.98000,0.98101,0.00000,0.00000,0.00007,0.01892
31.21000,1.98000,0.92705,0.00000,0.00000,0.00022,0.07274
31.41000,1.98000,0.81537,0.00000,0.00000,0.00042,0.18422
31.61000,1.98000,0.63299,0.00000,0.00000,0.00051,0.36649
31.81000,1.98000,0.64317,0.00000,0.00000,0.00042,0.35641
32.01000,1.98000,0.92240,0.00000,0.00000,0.00009,0.07751
32.21000,1.98000,0.96012,0.00000,0.00002,0.00010,0.03976
32.41000,1.98000,0.99780,0.00000,0.00000,0.00004,0.00216
32.61000,1.98000,0.99511,0.00000,0.00001,0.00014,0.00474
32.81000,1.98000,0.99916,0.00000,0.00002,0.00001,0.00081
33.01000,1.98000,0.99951,0.00000,0.00000,0.00004,0.00045
33.21000,1.98000,0.99916,0.00000,0.00000,0.00027,0.00057
33.41000,1.98000,0.99978,0.00000,0.00000,0.00008,0.00015
33.61000,1.98000,0.99991,0.00000,0.00000,0.00003,0.00006
33.81000,1.98000,0.99990,0.00000,0.00000,0.00005,0.00005
34.01000,1.98000,0.99999,0.00000,0.00000,0.00000,0.00001
34.21000,1.98000,0.99954,0.00000,0.00000,0.00001,0.00045
34.41000,1.98000,0.97020,0.00000,0.00000,0.00119,0.02861
34.61000,1.98000,0.82224,0.00000,0.00000,0.00430,0.17346
34.81000,1.98000,0.65485,0.00000,0.00001,0.00430,0.34084
35.01000,1.98000,0.53605,0.00000,0.00001,0.00174,0.46221
35.21000,1.98000,0.54044,0.00000,0.00002,0.00091,0.45863
35.41000,1.98000,0.70705,0.00000,0.00005,0.00029,0.29261
35.61000,1.98000,0.88038,0.00000,0.00003,0.00002,0.11957
35.81000,1.98000,0.99835,0.00000,0.00001,0.00000,0.00164
36.01000,1.98000,0.99953,0.00000,0.00001,0.00000,0.00046
36.21000,1.98000,0.99968,0.00000,0.00000,0.00000,0.00032
36.41000,1.98000,0.99820,0.00000,0.00000,0.00001,0.00178
36.61000,1.98000,0.97885,0.00003,0.00001,0.00207,0.01904
36.81000,1.98000,0.98128,0.00001,0.00000,0.00787,0.01083
37.01000,1.98000,0.98356,0.00000,0.00000,0.01347,0.00296
37.21000,1.98000,0.97950,0.00000,0.00000,0.01980,0.00070
37.41000,1.98000,0.99596,0.00000,0.00000,0.00399,0.00005
37.61000,1.98000,0.99996,0.00000,0.00000,0.00003,0.00001
37.81000,1.98000,0.99807,0.00000,0.00000,0.00108,0.00085
38.01000,1.98000,0.99310,0.00000,0.00000,0.00348,0.00342
38.21000,1.98000,0.93137,0.00000,0.00000,0.04818,0.02045
38.41000,1.98000,0.86082,0.00000,0.00000,0.07417,0.06501
38.61000,1.98000,0.80111,0.00000,0.00000,0.05854,0.14035
38.81000,1.98000,0.74966,0.00000,0.00001,0.05111,0.19922
39.01000,1.98000,0.70946,0.00000,0.00005,0.02327,0.26722
39.21000,1.98000,0.82267,0.00000,0.00004,0.00250,0.17479
39.41000,1.98000,0.99910,0.00000,0.00000,0.00000,0.00090
39.61000,1.98000,0.99991,0.00000,0.00000,0.00000,0.00008
39.81000,1.98000,0.99998,0.00000,0.00000,0.00000,0.00001
40.01000,1.98000,0.99985,0.00000,0.00000,0.00000,0.00015
40.21000,1.98000,0.99953,0.00000,0.00000,0.00002,0.00044
40.41000,1.98000,0.99970,0.00000,0.00000,0.00001,0.00030
40.61000,1.98000,0.99956,0.00000,0.00000,0.00002,0.00042
40.81000,1.98000,0.99974,0.00000,0.00000,0.00000,0.00025
41.01000,1.98000,0.99120,0.00000,0.00000,0.00002,0.00878
41.21000,1.98000,0.96875,0.00000,0.00000,0.00005,0.03120
41.41000,1.98000,0.93377,0.00000,0.00000,0.00018,0.06605
41.61000,1.98000,0.76671,0.00000,0.00001,0.00042,0.23286
41.81000,1.98000,0.64403,0.00001,0.00003,0.00074,0.35519
42.01000,1.98000,0.64954,0.00000,0.00004,0.00065,0.34976
42.21000,1.98000,0.88416,0.00000,0.00005,0.00008,0.11571
42.41000,1.98000,0.95935,0.00000,0.00007,0.00001,0.04058
42.61000,1.98000,0.99515,0.00000,0.00010,0.00000,0.00475
42.81000,1.98000,0.99785,0.00000,0.00008,0.00000,0.00208
43.01000,1.98000,0.99938,0.00000,0.00012,0.00000,0.00050
43.21000,1.98000,0.99861,0.00000,0.00002,0.00000,0.00137
43.41000,1.98000,0.99322,0.00000,0.00001,0.00001,0.00676
43.61000,1.98000,0.99654,0.00000,0.00000,0.00001,0.00345
43.81000,1.98000,0.95752,0.00000,0.00000,0.00005,0.04243
44.01000,1.98000,0.93982,0.00000,0.00000,0.00009,0.06009
44.21000,1.98000,0.88359,0.00001,0.00002,0.00047,0.11591
44.41000,1.98000,0.71992,0.00001,0.00004,0.00050,0.27953
44.61000,1.98000,0.71524,0.00000,0.00003,0.00019,0.28454
44.81000,1.98000,0.70830,0.00000,0.00003,0.00008,0.29159
45.01000,1.98000,0.77416,0.00000,0.00005,0.00004,0.22574
45.21000,1.98000,0.91148,0.00000,0.00006,0.00000,0.08845
45.41000,1.98000,0.98553,0.00000,0.00005,0.00000,0.01442
45.61000,1.98000,0.99828,0.00000,0.00006,0.00000,0.00166
45.81000,1.98000,0.99989,0.00000,0.00007,0.00000,0.00003
46.01000,1.98000,0.99993,0.00000,0.00004,0.00000,0.00003
46.21000,1.98000,0.99993,0.00000,0.00004,0.00000,0.00003
46.41000,1.98000,0.99985,0.00000,0.00007,0.00000,0.00008
46.61000,1.98000,0.99995,0.00000,0.00000,0.00000,0.00005
46.81000,1.98000,0.99999,0.00000,0.00000,0.00000,0.00000
47.01000,1.98000,0.99785,0.00000,0.00000,0.00000,0.00215
47.21000,1.98000,0.97970,0.00000,0.00001,0.00018,0.02012
47.41000,1.98000,0.89213,0.00001,0.00006,0.00169,0.10612
47.61000,1.98000,0.76100,0.00000,0.00015,0.00094,0.23791
47.81000,1.98000,0.77744,0.00000,0.00011,0.00014,0.22231
48.01000,1.98000,0.89224,0.00000,0.00005,0.00002,0.10769
48.21000,1.98000,0.89089,0.00000,0.00002,0.00001,0.10907
48.41000,1.98000,0.92639,0.00000,0.00008,0.00001,0.07351
48.61000,1.98000,0.96976,0.00000,0.00037,0.00001,0.02986
48.81000,1.98000,0.98903,0.00001,0.00034,0.00001,0.01061
49.01000,1.98000,0.99979,0.00001,0.00008,0.00000,0.00013
49.21000,1.98000,0.99995,0.00000,0.00000,0.00000,0.00005
49.41000,1.98000,0.99995,0.00000,0.00000,0.00000,0.00005
49.61000,1.98000,0.99997,0.00000,0.00000,0.00001,0.00002
49.81000,1.98000,1.00000,0.00000,0.00000,0.00000,0.00000
50.01000,1.98000,0.99994,0.00000,0.00000,0.00001,0.00005
50.21000,1.98000,0.99974,0.00000,0.00000,0.00012,0.00013
50.41000,1.98000,0.99916,0.00000,0.00000,0.00069,0.00015
50.61000,1.98000,0.99976,0.00000,0.00000,0.00015,0.00009
50.81000,1.98000,0.98989,0.00000,0.00000,0.00337,0.00674
51.01000,1.98000,0.94730,0.00000,0.00000,0.00915,0.04355
51.21000,1.98000,0.89208,0.00001,0.00000,0.01332,0.09459
51.41000,1.98000,0.80654,0.00000,0.00000,0.00448,0.18898
51.61000,1.98000,0.68631,0.00000,0.00000,0.00132,0.31237
51.81000,1.98000,0.72259,0.00000,0.00001,0.00188,0.27552
52.01000,1.98000,0.80279,0.00000,0.00002,0.00121,0.19598
52.21000,1.98000,0.77570,0.00002,0.00016,0.00236,0.22176
52.41000,1.98000,0.91046,0.00000,0.00007,0.00009,0.08938
52.61000,1.98000,0.97851,0.00000,0.00001,0.00001,0.02147
52.81000,1.98000,0.99959,0.00000,0.00000,0.00000,0.00041
53.01000,1.98000,0.99913,0.00000,0.00000,0.00001,0.00087
53.21000,1.98000,0.99961,0.00000,0.00000,0.00000,0.00039
53.41000,1.98000,0.99977,0.00000,0.00000,0.00000,0.00023
53.61000,1.98000,0.99989,0.00000,0.00000,0.00000,0.00010
53.81000,1.98000,0.99836,0.00000,0.00000,0.00001,0.00163
54.01000,1.98000,0.98042,0.00000,0.00000,0.00018,0.01941
54.21000,1.98000,0.96806,0.00000,0.00000,0.00034,0.03160
54.41000,1.98000,0.92884,0.00000,0.00000,0.00192,0.06924
54.61000,1.98000,0.84497,0.00000,0.00000,0.00814,0.14689
54.81000,1.98000,0.76040,0.00000,0.00001,0.01286,0.22673
55.01000,1.98000,0.78993,0.00000,0.00002,0.00166,0.20840
55.21000,1.98000,0.87735,0.00000,0.00005,0.00098,0.12162
55.41000,1.98000,0.93214,0.00000,0.00020,0.00023,0.06744
55.61000,1.98000,0.99935,0.00000,0.00004,0.00000,0.00061
55.81000,1.98000,0.99999,0.00000,0.00001,0.00000,0.00000
56.01000,1.98000,0.99998,0.00000,0.00000,0.00000,0.00002
56.21000,1.98000,0.99986,0.00000,0.00000,0.00000,0.00014
56.41000,1.98000,0.99969,0.00000,0.00000,0.00000,0.00030
56.61000,1.98000,0.99995,0.00000,0.00000,0.00000,0.00005
56.81000,1.98000,0.99937,0.00000,0.00000,0.00000,0.00062
57.01000,1.98000,0.98232,0.00000,0.00000,0.00004,0.01764
57.21000,1.98000,0.91167,0.00000,0.00000,0.00197,0.08636
57.41000,1.98000,0.83162,0.00000,0.00000,0.00386,0.16452
57.61000,1.98000,0.77307,0.00000,0.00000,0.00778,0.21914
57.81000,1.98000,0.75284,0.00000,0.00000,0.00999,0.23717
58.01000,1.98000,0.76600,0.00000,0.00000,0.03558,0.19841
58.21000,1.98000,0.85475,0.00000,0.00001,0.00231,0.14293
58.41000,1.98000,0.98777,0.00000,0.00000,0.00013,0.01210
58.61000,1.98000,0.99802,0.00000,0.00000,0.00008,0.00189
58.81000,1.98000,0.99922,0.00004,0.00000,0.00010,0.00064
59.01000,1.98000,0.99941,0.00001,0.00000,0.00013,0.00045
59.21000,1.98000,0.99340,0.00002,0.00000,0.00466,0.00192
59.41000,1.98000,0.98753,0.00003,0.00000,0.01103,0.00141
59.61000,1.98000,0.98907,0.00001,0.00000,0.01019,0.00073
59.81000,1.98000,0.99341,0.00000,0.00000,0.00624,0.00035
60.01000,1.98000,0.99977,0.00000,0.00000,0.00019,0.00004
60.21000,1.98000,0.99805,0.00000,0.00000,0.00185,0.00010
60.41000,1.98000,0.99997,0.00000,0.00000,0.00002,0.00001
60.61000,1.98000,0.99941,0.00000,0.00000,0.00020,0.00039
60.81000,1.98000,0.99020,0.00000,0.00000,0.00351,0.00629
61.01000,1.98000,0.95792,0.00000,0.00000,0.01613,0.02594
61.21000,1.98000,0.91300,0.00000,0.00000,0.01281,0.07419
61.41000,1.98000,0.84672,0.00002,0.00001,0.01786,0.13540
61.61000,1.98000,0.80599,0.00002,0.00001,0.01358,0.18040
61.81000,1.98000,0.79637,0.00000,0.00007,0.00210,0.20147
62.01000,1.98000,0.86784,0.00000,0.00002,0.00057,0.13156
62.21000,1.98000,0.97901,0.00000,0.00003,0.00001,0.02095
62.41000,1.98000,0.99956,0.00000,0.00001,0.00000,0.00043
62.61000,1.98000,0.99999,0.00000,0.00000,0.00000,0.00001
62.81000,1.98000,0.99999,0.00000,0.00000,0.00000,0.00001
63.01000,1.98000,0.99988,0.00000,0.00000,0.00000,0.00011
63.21000,1.98000,0.99959,0.00000,0.00000,0.00001,0.00040
63.41000,1.98000,0.99963,0.00000,0.00000,0.00001,0.00037
63.61000,1.98000,0.99991,0.00000,0.00000,0.00000,0.00009
63.81000,1.98000,0.99990,0.00000,0.00000,0.00001,0.00008
64.01000,1.98000,0.99982,0.00000,0.00000,0.00009,0.00009
64.21000,1.98000,0.99995,0.00000,0.00000,0.00004,0.00001
64.41000,1.98000,0.99999,0.00000,0.00000,0.00001,0.00000
64.61000,1.98000,0.99983,0.00000,0.00000,0.00009,0.00009
64.81000,1.98000,0.99344,0.00000,0.00000,0.00335,0.00321
65.01000,1.98000,0.95581,0.00000,0.00000,0.01374,0.03045
65.21000,1.98000,0.86601,0.00000,0.00000,0.01074,0.12324
65.41000,1.98000,0.74126,0.00000,0.00000,0.01774,0.24100
65.61000,1.98000,0.65885,0.00000,0.00001,0.01188,0.32926
65.81000,1.98000,0.66109,0.00000,0.00005,0.00600,0.33286
66.01000,1.98000,0.85097,0.00000,0.00013,0.00181,0.14709
66.21000,1.98000,0.99601,0.00000,0.00003,0.00004,0.00391
66.41000,1.98000,0.99995,0.00000,0.00000,0.00000,0.00005
66.61000,1.98000,1.00000,0.00000,0.00000,0.00000,0.00000
66.81000,1.98000,1.00000,0.00000,0.00000,0.00000,0.00000
67.01000,1.98000,1.00000,0.00000,0.00000,0.00000,0.00000
67.21000,1.98000,1.00000,0.00000,0.00000,0.00000,0.00000
67.41000,1.98000,0.99999,0.00000,0.00000,0.00000,0.00001
67.61000,1.98000,0.99986,0.00000,0.00000,0.00000,0.00013
67.81000,1.98000,0.99984,0.00000,0.00000,0.00000,0.00016
68.01000,1.98000,0.99979,0.00000,0.00000,0.00000,0.00021
68.21000,1.98000,0.99985,0.00000,0.00000,0.00000,0.00015
68.41000,1.98000,0.99987,0.00000,0.00000,0.00000,0.00012
68.61000,1.98000,0.99995,0.00000,0.00000,0.00000,0.00005
68.81000,1.98000,0.99653,0.00000,0.00000,0.00002,0.00345
69.01000,1.98000,0.96304,0.00000,0.00000,0.00016,0.03680
69.21000,1.98000,0.89570,0.00000,0.00000,0.00070,0.10359
69.41000,1.98000,0.73940,0.00000,0.00000,0.00065,0.25995
69.61000,1.98000,0.63328,0.00000,0.00000,0.00061,0.36611
69.81000,1.98000,0.68196,0.00000,0.00000,0.00019,0.31785
70.01000,1.98000,0.83009,0.00000,0.00001,0.00005,0.16986
70.21000,1.98000,0.82562,0.00000,0.00005,0.00017,0.17416
70.41000,1.98000,0.97792,0.00000,0.00005,0.00004,0.02199
70.61000,1.98000,0.98382,0.00000,0.00007,0.00042,0.01569
70.81000,1.98000,0.99921,0.00006,0.00002,0.00001,0.00070
71.01000,1.98000,0.99856,0.00001,0.00000,0.00002,0.00141
71.21000,1.98000,0.99778,0.00001,0.00000,0.00006,0.00215
71.41000,1.98000,0.97743,0.00020,0.00000,0.01323,0.00914
71.61000,1.98000,0.99803,0.00001,0.00000,0.00029,0.00167
71.81000,1.98000,0.99274,0.00001,0.00000,0.00062,0.00663
72.01000,1.98000,0.98759,0.00000,0.00000,0.00051,0.01190
72.21000,1.98000,0.88350,0.00000,0.00000,0.00111,0.11538
72.41000,1.98000,0.72694,0.00000,0.00000,0.00034,0.27271
72.61000,1.98000,0.70273,0.00000,0.00001,0.00016,0.29710
72.81000,1.98000,0.78166,0.00000,0.00002,0.00014,0.21818
73.01000,1.98000,0.87985,0.00000,0.00007,0.00010,0.11998
73.21000,1.98000,0.89058,0.00000,0.00021,0.00006,0.10915
73.41000,1.98000,0.99873,0.00000,0.00003,0.00000,0.00124
73.61000,1.98000,0.99983,0.00000,0.00002,0.00000,0.00015
73.81000,1.98000,0.99998,0.00000,0.00001,0.00000,0.00000
74.01000,1.98000,0.99999,0.00000,0.00000,0.00000,0.00001
74.21000,1.98000,0.99996,0.00000,0.00001,0.00000,0.00004
74.41000,1.98000,0.99950,0.00000,0.00002,0.00000,0.00048
74.61000,1.98000,0.99867,0.00000,0.00001,0.00000,0.00132
74.81000,1.98000,0.99862,0.00000,0.00000,0.00004,0.00133
75.01000,1.98000,0.99926,0.00000,0.00000,0.00021,0.00052
75.21000,1.98000,0.99953,0.00000,0.00000,0.00037,0.00009
75.41000,1.98000,0.99992,0.00000,0.00000,0.00007,0.00001
75.61000,1.98000,0.99988,0.00000,0.00000,0.00011,0.00000
75.81000,1.98000,0.99995,0.00000,0.00000,0.00005,0.00000
76.01000,1.98000,0.99999,0.00000,0.00000,0.00001,0.00000
76.21000,1.98000,0.99996,0.00000,0.00000,0.00004,0.00000
76.41000,1.98000,0.99996,0.00000,0.00000,0.00004,0.00000
76.61000,1.98000,0.99724,0.00000,0.00000,0.00240,0.00036
76.81000,1.98000,0.97746,0.00000,0.00000,0.01404,0.00850
77.01000,1.98000,0.95898,0.00000,0.00000,0.00975,0.03126
77.21000,1.98000,0.86468,0.00000,0.00000,0.00888,0.12644
77.41000,1.98000,0.74136,0.00000,0.00000,0.00507,0.25357
77.61000,1.98000,0.62162,0.00000,0.00000,0.00075,0.37763
77.81000,1.98000,0.87529,0.00000,0.00001,0.00005,0.12465
78.01000,1.98000,0.96073,0.00000,0.00002,0.00004,0.03921
78.21000,1.98000,0.99769,0.00000,0.00001,0.00002,0.00227
78.41000,1.98000,0.99937,0.00000,0.00000,0.00001,0.00062
78.61000,1.98000,0.99757,0.00000,0.00000,0.00010,0.00232
78.81000,1.98000,0.94797,0.00006,0.00002,0.02881,0.02315
79.01000,1.98000,0.87677,0.00002,0.00000,0.10770,0.01551
79.21000,1.98000,0.92520,0.00001,0.00000,0.07212,0.00267
79.41000,1.98000,0.97525,0.00000,0.00000,0.02450,0.00025
79.61000,1.98000,0.99667,0.00000,0.00000,0.00332,0.00001
79.81000,1.98000,0.99883,0.00000,0.00000,0.00117,0.00000
80.01000,1.98000,0.99974,0.00000,0.00000,0.00026,0.00000
80.21000,1.98000,0.99992,0.00000,0.00000,0.00008,0.00000
80.41000,1.98000,0.99999,0.00000,0.00000,0.00001,0.00000
80.61000,1.98000,0.99933,0.00000,0.00000,0.00067,0.00000
80.81000,1.98000,0.98380,0.00000,0.00000,0.01541,0.00079
81.01000,1.98000,0.93161,0.00000,0.00000,0.05383,0.01455
81.21000,1.98000,0.88742,0.00000,0.00000,0.04263,0.06995
81.41000,1.98000,0.77269,0.00000,0.00000,0.02688,0.20043
81.61000,1.98000,0.66559,0.00000,0.00001,0.00942,0.32498
81.81000,1.98000,0.74377,0.00000,0.00003,0.00136,0.25484
82.01000,1.98000,0.87107,0.00002,0.00007,0.00085,0.12799
82.21000,1.98000,0.97347,0.00000,0.00003,0.00006,0.02644
82.41000,1.98000,0.98419,0.00000,0.00001,0.00007,0.01573
82.61000,1.98000,0.99562,0.00002,0.00000,0.00003,0.00432
82.81000,1.98000,0.99725,0.00000,0.00000,0.00008,0.00266
83.01000,1.98000,0.99924,0.00000,0.00000,0.00008,0.00068
83.21000,1.98000,0.99962,0.00000,0.00000,0.00009,0.00028
83.41000,1.98000,0.99954,0.00000,0.00000,0.00025,0.00021
83.61000,1.98000,0.99996,0.00000,0.00000,0.00002,0.00003
83.81000,1.98000,1.00000,0.00000,0.00000,0.00000,0.00000
84.01000,1.98000,0.99998,0.00000,0.00000,0.00000,0.00002
84.21000,1.98000,0.99987,0.00000,0.00000,0.00008,0.00005
84.41000,1.98000,0.99994,0.00000,0.00000,0.00002,0.00004
84.61000,1.98000,0.97182,0.00000,0.00000,0.01425,0.01392
84.81000,1.98000,0.89966,0.00003,0.00001,0.02345,0.07684
85.01000,1.98000,0.77956,0.00013,0.00007,0.02608,0.19416
85.21000,1.98000,0.63354,0.00014,0.00010,0.00911,0.35710
85.41000,1.98000,0.54304,0.00020,0.00021,0.00625,0.45031
85.61000,1.98000,0.69545,0.00002,0.00020,0.00100,0.30333
85.81000,1.98000,0.76414,0.00000,0.00008,0.00040,0.23537
86.01000,1.98000,0.94413,0.00000,0.00004,0.00001,0.05582
86.21000,1.98000,0.99967,0.00000,0.00001,0.00000,0.00033
86.41000,1.98000,0.99987,0.00000,0.00000,0.00000,0.00013
86.61000,1.98000,0.99997,0.00000,0.00000,0.00000,0.00003
86.81000,1.98000,0.99983,0.00000,0.00000,0.00000,0.00016
87.01000,1.98000,0.99666,0.00000,0.00001,0.00002,0.00332
87.21000,1.98000,0.99346,0.00000,0.00000,0.00005,0.00648
87.41000,1.98000,0.99524,0.00000,0.00000,0.00012,0.00464
87.61000,1.98000,0.99749,0.00000,0.00000,0.00034,0.00217
87.81000,1.98000,0.99949,0.00000,0.00000,0.00011,0.00040
88.01000,1.98000,0.98921,0.00000,0.00000,0.00069,0.01010
88.21000,1.98000,0.97109,0.00001,0.00000,0.00208,0.02683
88.41000,1.98000,0.91788,0.00001,0.00000,0.00298,0.07913
88.61000,1.98000,0.77456,0.00001,0.00000,0.00212,0.22330
88.81000,1.98000,0.62166,0.00001,0.00001,0.00210,0.37623
89.01000,1.98000,0.58378,0.00001,0.00003,0.00127,0.41491
89.21000,1.98000,0.71952,0.00000,0.00007,0.00039,0.28001
89.41000,1.98000,0.94829,0.00000,0.00006,0.00001,0.05164
89.61000,1.98000,0.99398,0.00000,0.00002,0.00000,0.00600
89.81000,1.98000,0.99983,0.00000,0.00000,0.00000,0.00017
90.01000,1.98000,0.99998,0.00000,0.00000,0.00000,0.00002
90.21000,1.98000,0.99998,0.00000,0.00001,0.00000,0.00001
90.41000,1.98000,0.99995,0.00000,0.00001,0.00000,0.00004
90.61000,1.98000,0.99971,0.00000,0.00000,0.00000,0.00029
90.81000,1.98000,0.99951,0.00000,0.00000,0.00000,0.00048
91.01000,1.98000,0.99982,0.00000,0.00000,0.00000,0.00018
91.21000,1.98000,0.99732,0.00000,0.00000,0.00000,0.00267
91.41000,1.98000,0.97849,0.00001,0.00000,0.00003,0.02148
91.61000,1.98000,0.94070,0.00005,0.00000,0.00033,0.05892
91.81000,1.98000,0.84319,0.00005,0.00000,0.00050,0.15625
92.01000,1.98000,0.72928,0.00008,0.00001,0.00051,0.27012
92.21000,1.98000,0.61735,0.00003,0.00001,0.00029,0.38233
92.41000,1.98000,0.82614,0.00000,0.00001,0.00007,0.17377
92.61000,1.98000,0.97300,0.00000,0.00002,0.00001,0.02698
92.81000,1.98000,0.99313,0.00000,0.00001,0.00000,0.00686
93.01000,1.98000,0.99955,0.00000,0.00000,0.00000,0.00045
93.21000,1.98000,0.99996,0.00000,0.00000,0.00000,0.00004
93.41000,1.98000,0.99998,0.00000,0.00000,0.00000,0.00001
93.61000,1.98000,0.99994,0.00000,0.00001,0.00000,0.00006
93.81000,1.98000,0.99981,0.00001,0.00002,0.00000,0.00016
94.01000,1.98000,0.99993,0.00002,0.00000,0.00000,0.00004
94.21000,1.98000,0.99995,0.00002,0.00000,0.00000,0.00002
94.41000,1.98000,0.99118,0.00131,0.00001,0.00011,0.00738
94.61000,1.98000,0.94055,0.01699,0.00004,0.00125,0.04117
94.81000,1.98000,0.86592,0.05782,0.00005,0.01097,0.06524
95.01000,1.98000,0.72416,0.04225,0.00023,0.01014,0.22322
95.21000,1.98000,0.59052,0.00557,0.00042,0.00164,0.40185
95.41000,1.98000,0.58313,0.00127,0.00070,0.00045,0.41445
95.61000,1.98000,0.86793,0.00008,0.00015,0.00007,0.13177
95.81000,1.98000,0.98750,0.00000,0.00002,0.00000,0.01248
96.01000,1.98000,0.99893,0.00000,0.00000,0.00000,0.00107
96.21000,1.98000,0.99977,0.00000,0.00000,0.00000,0.00023
96.41000,1.98000,0.99995,0.00000,0.00001,0.00000,0.00004
96.61000,1.98000,0.99995,0.00000,0.00000,0.00000,0.00005
96.81000,1.98000,0.99979,0.00000,0.00000,0.00000,0.00021
97.01000,1.98000,0.99659,0.00004,0.00000,0.00001,0.00336
97.21000,1.98000,0.99395,0.00020,0.00000,0.00004,0.00581
97.41000,1.98000,0.98691,0.00011,0.00000,0.00007,0.01291
97.61000,1.98000,0.97340,0.00001,0.00000,0.00011,0.02648
97.81000,1.98000,0.96952,0.00007,0.00000,0.00038,0.03004
98.01000,1.98000,0.90202,0.00023,0.00001,0.00117,0.09658
98.21000,1.98000,0.70226,0.00011,0.00005,0.00141,0.29618
98.41000,1.98000,0.65721,0.00003,0.00007,0.00104,0.34165
98.61000,1.98000,0.78159,0.00000,0.00013,0.00032,0.21796
98.81000,1.98000,0.90701,0.00000,0.00008,0.00005,0.09286
99.01000,1.98000,0.97190,0.00000,0.00011,0.00001,0.02799
99.21000,1.98000,0.99893,0.00000,0.00005,0.00000,0.00101
99.41000,1.98000,0.99991,0.00000,0.00002,0.00000,0.00007
99.61000,1.98000,0.99996,0.00000,0.00001,0.00000,0.00003
99.81000,1.98000,0.99988,0.00000,0.00000,0.00000,0.00012
100.01000,1.98000,0.99884,0.00000,0.00001,0.00000,0.00116
100.21000,1.98000,0.99266,0.00000,0.00001,0.00001,0.00731
100.41000,1.98000,0.99211,0.00000,0.00000,0.00001,0.00788
100.61000,1.98000,0.93559,0.00000,0.00001,0.00003,0.06437
100.81000,1.98000,0.82122,0.00000,0.00003,0.00014,0.17861
101.01000,1.98000,0.75744,0.00000,0.00004,0.00017,0.24235
101.21000,1.98000,0.73211,0.00000,0.00002,0.00009,0.26778
101.41000,1.98000,0.74583,0.00000,0.00002,0.00006,0.25408
101.61000,1.98000,0.78217,0.00000,0.00004,0.00003,0.21777
101.81000,1.98000,0.87798,0.00000,0.00003,0.00001,0.12199
102.01000,1.98000,0.96431,0.00000,0.00001,0.00000,0.03568
102.21000,1.98000,0.99764,0.00000,0.00001,0.00000,0.00235
102.41000,1.98000,0.99984,0.00000,0.00001,0.00000,0.00015
102.61000,1.98000,0.99992,0.00000,0.00005,0.00000,0.00003
102.81000,1.98000,0.99985,0.00000,0.00014,0.00000,0.00001
103.01000,1.98000,0.99857,0.00002,0.00126,0.00000,0.00015
103.21000,1.98000,0.99936,0.00004,0.00044,0.00000,0.00016
103.41000,1.98000,0.99958,0.00007,0.00009,0.00005,0.00020
103.61000,1.98000,0.99996,0.00002,0.00000,0.00000,0.00002
103.81000,1.98000,0.99793,0.00013,0.00001,0.00016,0.00177
104.01000,1.98000,0.96636,0.00252,0.00009,0.00615,0.02488
104.21000,1.98000,0.87041,0.01926,0.00040,0.02325,0.08667
104.41000,1.98000,0.69498,0.00320,0.00068,0.00665,0.29448
104.61000,1.98000,0.54016,0.00040,0.00021,0.00148,0.45776
104.81000,1.98000,0.55711,0.00001,0.00002,0.00017,0.44269
105.01000,1.98000,0.79935,0.00001,0.00002,0.00004,0.20058
105.21000,1.98000,0.95645,0.00000,0.00001,0.00001,0.04353
105.41000,1.98000,0.99818,0.00000,0.00001,0.00000,0.00181
105.61000,1.98000,0.99920,0.00000,0.00001,0.00000,0.00079
105.81000,1.98000,0.99952,0.00001,0.00001,0.00000,0.00046
106.01000,1.98000,0.99869,0.00001,0.00000,0.00000,0.00130
106.21000,1.98000,0.99437,0.00007,0.00000,0.00001,0.00555
106.41000,1.98000,0.99165,0.00012,0.00000,0.00010,0.00813
106.61000,1.98000,0.99664,0.00002,0.00000,0.00013,0.00321
106.81000,1.98000,0.99981,0.00000,0.00000,0.00000,0.00019
107.01000,1.98000,0.99218,0.00000,0.00000,0.00004,0.00778
107.21000,1.98000,0.97414,0.00000,0.00000,0.00007,0.02579
107.41000,1.98000,0.90957,0.00000,0.00000,0.00020,0.09022
107.61000,1.98000,0.75099,0.00000,0.00000,0.00038,0.24863
107.81000,1.98000,0.64409,0.00000,0.00000,0.00038,0.35552
108.01000,1.98000,0.67090,0.00000,0.00001,0.00047,0.32862
108.21000,1.98000,0.86634,0.00000,0.00001,0.00012,0.13352
108.41000,1.98000,0.97089,0.00000,0.00002,0.00002,0.02907
108.61000,1.98000,0.99937,0.00000,0.00000,0.00000,0.00063
108.81000,1.98000,0.99997,0.00000,0.00000,0.00000,0.00003
109.01000,1.98000,1.00000,0.00000,0.00000,0.00000,0.00000
109.21000,1.98000,0.99999,0.00000,0.00000,0.00000,0.00001
109.41000,1.98000,0.99994,0.00000,0.00000,0.00000,0.00006
109.61000,1.98000,0.99829,0.00002,0.00000,0.00013,0.00156
109.81000,1.98000,0.98207,0.00004,0.00000,0.00409,0.01380
110.01000,1.98000,0.99901,0.00000,0.00000,0.00006,0.00093
110.21000,1.98000,0.97742,0.00000,0.00000,0.00415,0.01844
110.41000,1.98000,0.95541,0.00002,0.00000,0.00783,0.03675
110.61000,1.98000,0.91062,0.00008,0.00000,0.01853,0.07077
110.81000,1.98000,0.76650,0.00001,0.00000,0.00994,0.22354
111.01000,1.98000,0.61463,0.00000,0.00001,0.00545,0.37991
111.21000,1.98000,0.63321,0.00000,0.00001,0.00423,0.36254
111.41000,1.98000,0.78239,0.00000,0.00003,0.00271,0.21487
111.61000,1.98000,0.93610,0.00000,0.00006,0.00082,0.06302
111.81000,1.98000,0.99942,0.00000,0.00000,0.00000,0.00057
112.01000,1.98000,0.99996,0.00000,0.00000,0.00000,0.00004
112.21000,1.98000,1.00000,0.00000,0.00000,0.00000,0.00000
112.41000,1.98000,0.99999,0.00000,0.00000,0.00000,0.00001
112.61000,1.98000,0.99995,0.00000,0.00000,0.00000,0.00005
112.81000,1.98000,0.99967,0.00000,0.00000,0.00001,0.00032
113.01000,1.98000,0.99575,0.00001,0.00000,0.00024,0.00400
113.21000,1.98000,0.99903,0.00000,0.00000,0.00003,0.00094
113.41000,1.98000,0.99965,0.00000,0.00000,0.00000,0.00035
113.61000,1.98000,0.99435,0.00000,0.00000,0.00001,0.00563
113.81000,1.98000,0.98306,0.00000,0.00000,0.00008,0.01686
114.01000,1.98000,0.92693,0.00001,0.00000,0.00035,0.07270
114.21000,1.98000,0.73089,0.00001,0.00000,0.00051,0.26860
114.41000,1.98000,0.57604,0.00000,0.00001,0.00035,0.42361
114.61000,1.98000,0.65631,0.00000,0.00002,0.00024,0.34343
114.81000,1.98000,0.77876,0.00000,0.00003,0.00006,0.22114
115.01000,1.98000,0.92760,0.00000,0.00007,0.00001,0.07231
115.21000,1.98000,0.99862,0.00000,0.00001,0.00000,0.00136
115.41000,1.98000,0.99990,0.00000,0.00002,0.00000,0.00008
115.61000,1.98000,0.99994,0.00000,0.00002,0.00000,0.00005
115.81000,1.98000,0.99996,0.00000,0.00001,0.00000,0.00002
116.01000,1.98000,0.99984,0.00000,0.00008,0.00000,0.00008
116.21000,1.98000,0.99967,0.00000,0.00014,0.00000,0.00019
116.41000,1.98000,0.99989,0.00000,0.00004,0.00000,0.00006
116.61000,1.98000,0.99977,0.00000,0.00008,0.00000,0.00015
116.81000,1.98000,0.99986,0.00000,0.00000,0.00000,0.00013
117.01000,1.98000,0.99998,0.00000,0.00000,0.00000,0.00002
117.21000,1.98000,0.99855,0.00000,0.00000,0.00002,0.00143
117.41000,1.98000,0.97620,0.00000,0.00001,0.00169,0.02210
117.61000,1.98000,0.90628,0.00005,0.00002,0.00804,0.08561
117.81000,1.98000,0.77313,0.00008,0.00003,0.00682,0.21994
118.01000,1.98000,0.62821,0.00004,0.00003,0.00585,0.36588
118.21000,1.98000,0.61210,0.00002,0.00008,0.00318,0.38461
118.41000,1.98000,0.74794,0.00000,0.00002,0.00088,0.25115
118.61000,1.98000,0.93691,0.00000,0.00005,0.00009,0.06295
118.81000,1.98000,0.99892,0.00000,0.00000,0.00000,0.00107
119.01000,1.98000,0.99964,0.00000,0.00001,0.00000,0.00035
119.21000,1.98000,0.99995,0.00000,0.00002,0.00000,0.00003
119.41000,1.98000,0.99979,0.00000,0.00012,0.00000,0.00009
119.61000,1.98000,0.99984,0.00000,0.00005,0.00000,0.00010
119.81000,1.98000,0.99938,0.00001,0.00027,0.00000,0.00034
120.01000,1.98000,0.99948,0.00001,0.00018,0.00000,0.00033
120.21000,1.98000,0.99995,0.00000,0.00002,0.00000,0.00002
120.41000,1.98000,0.99999,0.00001,0.00000,0.00000,0.00000
120.61000,1.98000,1.00000,0.00000,0.00000,0.00000,0.00000
120.81000,1.98000,1.00000,0.00000,0.00000,0.00000,0.00000
121.01000,1.98000,1.00000,0.00000,0.00000,0.00000,0.00000
121.21000,1.98000,1.00000,0.00000,0.00000,0.00000,0.00000
121.41000,1.98000,0.99997,0.00000,0.00001,0.00000,0.00002
121.61000,1.98000,0.99999,0.00000,0.00000,0.00000,0.00001
121.81000,1.98000,1.00000,0.00000,0.00000,0.00000,0.00000
122.01000,1.98000,0.99986,0.00000,0.00011,0.00000,0.00003
122.21000,1.98000,0.99926,0.00000,0.00065,0.00001,0.00007
122.41000,1.98000,0.99848,0.00000,0.00136,0.00002,0.00014
122.61000,1.98000,0.99767,0.00001,0.00169,0.00018,0.00046
122.81000,1.98000,0.99872,0.00002,0.00038,0.00051,0.00038
123.01000,1.98000,0.99951,0.00000,0.00002,0.00039,0.00008
123.21000,1.98000,0.99949,0.00000,0.00000,0.00048,0.00003
123.41000,1.98000,0.99995,0.00000,0.00000,0.00005,0.00000
123.61000,1.98000,1.00000,0.00000,0.00000,0.00000,0.00000
