Time (seconds), Duration (seconds),pred_(unlabeled),pred_On,pred_Off,pred_Dimmer,pred_Lighter
0.01000,1.98000,0.99935,0.00000,0.00065,0.00000,0.00000
0.21000,1.98000,0.99879,0.00000,0.00121,0.00000,0.00000
0.41000,1.98000,0.99717,0.00000,0.00283,0.00000,0.00000
0.61000,1.98000,0.99815,0.00000,0.00185,0.00000,0.00000
0.81000,1.98000,0.99868,0.00000,0.00132,0.00000,0.00000
1.01000,1.98000,0.99936,0.00000,0.00064,0.00000,0.00000
1.21000,1.98000,0.99665,0.00001,0.00335,0.00000,0.00000
1.41000,1.98000,0.99792,0.00001,0.00208,0.00000,0.00000
1.61000,1.98000,0.99843,0.00000,0.00157,0.00000,0.00000
1.81000,1.98000,0.99777,0.00000,0.00222,0.00000,0.00000
2.01000,1.98000,0.99892,0.00000,0.00108,0.00000,0.00000
2.21000,1.98000,0.99752,0.00001,0.00247,0.00000,0.00000
2.41000,1.98000,0.99990,0.00000,0.00009,0.00000,0.00000
2.61000,1.98000,0.99447,0.00000,0.00552,0.00000,0.00000
2.81000,1.98000,0.99969,0.00000,0.00031,0.00000,0.00000
3.01000,1.98000,0.99465,0.00000,0.00535,0.00000,0.00000
3.21000,1.98000,0.99526,0.00000,0.00474,0.00000,0.00000
3.41000,1.98000,0.98616,0.00000,0.01384,0.00000,0.00000
3.61000,1.98000,0.99913,0.00000,0.00086,0.00000,0.00000
3.81000,1.98000,0.99925,0.00000,0.00075,0.00000,0.00000
4.01000,1.98000,0.99999,0.00000,0.00001,0.00000,0.00000
4.21000,1.98000,0.99994,0.00000,0.00006,0.00000,0.00000
4.41000,1.98000,0.99998,0.00000,0.00001,0.00000,0.00000
4.61000,1.98000,0.99984,0.00001,0.00014,0.00000,0.00000
4.81000,1.98000,0.99951,0.00044,0.00004,0.00000,0.00000
5.01000,1.98000,0.99851,0.00145,0.00004,0.00000,0.00000
5.21000,1.98000,0.99940,0.00054,0.00006,0.00000,0.00000
5.41000,1.98000,0.99935,0.00018,0.00047,0.00000,0.00000
5.61000,1.98000,0.99982,0.00011,0.00007,0.00000,0.00000
5.81000,1.98000,0.99615,0.00001,0.00383,0.00000,0.00000
6.01000,1.98000,0.98539,0.00001,0.01460,0.00000,0.00000
6.21000,1.98000,0.95533,0.00001,0.04465,0.00001,0.00001
6.41000,1.98000,0.99939,0.00000,0.00061,0.00000,0.00000
6.61000,1.98000,0.98751,0.00000,0.01249,0.00000,0.00000
6.81000,1.98000,0.99956,0.00006,0.00038,0.00000,0.00000
7.01000,1.98000,0.99688,0.00002,0.00309,0.00000,0.00000
7.21000,1.98000,0.99994,0.00001,0.00006,0.00000,0.00000
7.41000,1.98000,0.99946,0.00002,0.00052,0.00000,0.00000
7.61000,1.98000,0.99930,0.00001,0.00070,0.00000,0.00000
7.81000,1.98000,0.99611,0.00012,0.00377,0.00000,0.00000
8.01000,1.98000,0.99951,0.00011,0.00038,0.00000,0.00000
8.21000,1.98000,0.99941,0.00003,0.00056,0.00000,0.00000
8.41000,1.98000,0.99911,0.00000,0.00088,0.00000,0.00000
8.61000,1.98000,0.99577,0.00002,0.00418,0.00001,0.00002
8.81000,1.98000,0.98860,0.00000,0.01135,0.00003,0.00002
9.01000,1.98000,0.99356,0.00000,0.00635,0.00006,0.00004
9.21000,1.98000,0.99710,0.00000,0.00244,0.00015,0.00031
9.41000,1.98000,0.99658,0.00000,0.00254,0.00029,0.00059
9.61000,1.98000,0.99015,0.00000,0.00215,0.00173,0.00597
9.81000,1.98000,0.98201,0.00000,0.00576,0.00361,0.00863
10.01000,1.98000,0.68407,0.00001,0.05630,0.13230,0.12732
10.21000,1.98000,0.41927,0.00002,0.08362,0.35433,0.14277
10.41000,1.98000,0.89368,0.00001,0.01260,0.08510,0.00861
10.61000,1.98000,0.89821,0.00001,0.00463,0.09392,0.00324
10.81000,1.98000,0.95952,0.00000,0.00030,0.03998,0.00020
11.01000,1.98000,0.99669,0.00000,0.00008,0.00314,0.00008
11.21000,1.98000,0.99893,0.00000,0.00003,0.00104,0.00000
11.41000,1.98000,0.99987,0.00000,0.00000,0.00013,0.00000
11.61000,1.98000,0.99984,0.00000,0.00001,0.00015,0.00000
11.81000,1.98000,1.00000,0.00000,0.00000,0.00000,0.00000
12.01000,1.98000,0.99988,0.00008,0.00001,0.00004,0.00000
12.21000,1.98000,0.99999,0.00000,0.00000,0.00000,0.00000
12.41000,1.98000,1.00000,0.00000,0.00000,0.00000,0.00000
12.61000,1.98000,0.99990,0.00003,0.00005,0.00003,0.00000
12.81000,1.98000,0.99979,0.00009,0.00012,0.00001,0.00000
13.01000,1.98000,0.99998,0.00001,0.00002,0.00000,0.00000
13.21000,1.98000,0.99961,0.00035,0.00004,0.00000,0.00000
13.41000,1.98000,0.99992,0.00007,0.00000,0.00000,0.00000
13.61000,1.98000,0.99715,0.00280,0.00001,0.00002,0.00001
13.81000,1.98000,0.99992,0.00006,0.00000,0.00000,0.00001
14.01000,1.98000,0.99598,0.00273,0.00017,0.00044,0.00068
14.21000,1.98000,0.97206,0.02792,0.00000,0.00001,0.00001
14.41000,1.98000,0.81775,0.18198,0.00001,0.00006,0.00021
14.61000,1.98000,0.99929,0.00063,0.00001,0.00000,0.00006
14.81000,1.98000,0.97472,0.02512,0.00003,0.00002,0.00012
15.01000,1.98000,0.99757,0.00184,0.00008,0.00001,0.00050
15.21000,1.98000,0.99943,0.00037,0.00012,0.00000,0.00008
15.41000,1.98000,0.99841,0.00007,0.00150,0.00000,0.00002
15.61000,1.98000,0.99959,0.00010,0.00031,0.00000,0.00000
15.81000,1.98000,0.99959,0.00003,0.00038,0.00000,0.00000
16.01000,1.98000,0.99978,0.00010,0.00012,0.00000,0.00000
16.21000,1.98000,0.99909,0.00064,0.00027,0.00000,0.00000
16.41000,1.98000,0.99984,0.00012,0.00004,0.00000,0.00000
16.61000,1.98000,0.99964,0.00021,0.00014,0.00000,0.00000
16.81000,1.98000,0.99995,0.00000,0.00005,0.00000,0.00000
17.01000,1.98000,0.99997,0.00000,0.00003,0.00000,0.00000
17.21000,1.98000,0.99999,0.00000,0.00001,0.00000,0.00000
17.41000,1.98000,0.99988,0.00000,0.00012,0.00000,0.00000
17.61000,1.98000,0.99917,0.00000,0.00073,0.00001,0.00009
17.81000,1.98000,0.99991,0.00000,0.00005,0.00000,0.00004
18.01000,1.98000,0.99987,0.00000,0.00010,0.00000,0.00003
18.21000,1.98000,0.99997,0.00000,0.00000,0.00000,0.00003
18.41000,1.98000,0.99989,0.00000,0.00002,0.00000,0.00008
18.61000,1.98000,0.99920,0.00000,0.00001,0.00000,0.00079
18.81000,1.98000,0.99997,0.00000,0.00000,0.00000,0.00002
19.01000,1.98000,0.99978,0.00001,0.00000,0.00000,0.00021
19.21000,1.98000,0.99926,0.00036,0.00000,0.00002,0.00036
19.41000,1.98000,0.97570,0.00855,0.00051,0.00784,0.00740
19.61000,1.98000,0.76821,0.19116,0.00125,0.03269,0.00668
19.81000,1.98000,0.92190,0.04462,0.00371,0.02313,0.00664
20.01000,1.98000,0.73374,0.00447,0.01523,0.24190,0.00466
20.21000,1.98000,0.99604,0.00004,0.00166,0.00188,0.00039
20.41000,1.98000,0.99649,0.00001,0.00209,0.00135,0.00008
20.61000,1.98000,0.98610,0.00000,0.01255,0.00117,0.00017
20.81000,1.98000,0.98644,0.00000,0.01246,0.00108,0.00003
21.01000,1.98000,0.98847,0.00000,0.01024,0.00081,0.00048
21.21000,1.98000,0.99917,0.00000,0.00063,0.00009,0.00011
21.41000,1.98000,0.99853,0.00000,0.00110,0.00002,0.00035
21.61000,1.98000,0.99921,0.00000,0.00051,0.00001,0.00027
21.81000,1.98000,0.99908,0.00000,0.00079,0.00000,0.00013
22.01000,1.98000,0.99365,0.00000,0.00559,0.00001,0.00075
22.21000,1.98000,0.99877,0.00000,0.00115,0.00000,0.00008
22.41000,1.98000,0.99662,0.00000,0.00298,0.00000,0.00039
22.61000,1.98000,0.99894,0.00000,0.00091,0.00000,0.00015
22.81000,1.98000,0.99862,0.00000,0.00113,0.00000,0.00025
23.01000,1.98000,0.99915,0.00000,0.00067,0.00000,0.00017
23.21000,1.98000,0.99645,0.00000,0.00223,0.00001,0.00130
23.41000,1.98000,0.99805,0.00000,0.00106,0.00003,0.00086
23.61000,1.98000,0.98612,0.00000,0.00197,0.00052,0.01139
23.81000,1.98000,0.99866,0.00000,0.00016,0.00011,0.00107
24.01000,1.98000,0.99152,0.00000,0.00008,0.00021,0.00819
24.21000,1.98000,0.99813,0.00000,0.00031,0.00024,0.00132
24.41000,1.98000,0.99860,0.00000,0.00012,0.00017,0.00111
24.61000,1.98000,0.99663,0.00006,0.00042,0.00142,0.00146
24.81000,1.98000,0.99947,0.00003,0.00007,0.00019,0.00024
25.01000,1.98000,0.99944,0.00036,0.00003,0.00010,0.00007
25.21000,1.98000,0.99982,0.00017,0.00001,0.00000,0.00000
25.41000,1.98000,0.99986,0.00012,0.00002,0.00000,0.00000
25.61000,1.98000,0.99995,0.00003,0.00001,0.00000,0.00000
25.81000,1.98000,0.99988,0.00005,0.00008,0.00000,0.00000
26.01000,1.98000,0.99981,0.00016,0.00003,0.00000,0.00000
26.21000,1.98000,0.99988,0.00011,0.00001,0.00000,0.00000
26.41000,1.98000,0.99998,0.00001,0.00001,0.00000,0.00000
26.61000,1.98000,0.99987,0.00001,0.00012,0.00000,0.00000
26.81000,1.98000,0.99585,0.00003,0.00399,0.00001,0.00013
27.01000,1.98000,0.99920,0.00000,0.00080,0.00000,0.00000
27.21000,1.98000,0.99901,0.00000,0.00097,0.00000,0.00001
27.41000,1.98000,0.99957,0.00001,0.00041,0.00000,0.00000
27.61000,1.98000,0.99786,0.00008,0.00196,0.00006,0.00005
27.81000,1.98000,0.99411,0.00008,0.00533,0.00010,0.00037
28.01000,1.98000,0.99548,0.00005,0.00390,0.00026,0.00031
28.21000,1.98000,0.99931,0.00012,0.00022,0.00016,0.00019
28.41000,1.98000,0.99827,0.00134,0.00003,0.00009,0.00026
28.61000,1.98000,0.99372,0.00350,0.00176,0.00056,0.00046
28.81000,1.98000,0.99038,0.00827,0.00036,0.00049,0.00050
29.01000,1.98000,0.94390,0.02844,0.00248,0.00716,0.01801
29.21000,1.98000,0.23950,0.03784,0.00662,0.02920,0.68684
29.41000,1.98000,0.80582,0.00681,0.00681,0.01253,0.16803
29.61000,1.98000,0.95363,0.00101,0.00140,0.00065,0.04331
29.81000,1.98000,0.99179,0.00023,0.00740,0.00014,0.00044
30.01000,1.98000,0.99735,0.00004,0.00208,0.00002,0.00051
30.21000,1.98000,0.97151,0.00005,0.02832,0.00004,0.00007
30.41000,1.98000,0.99566,0.00000,0.00429,0.00001,0.00004
30.61000,1.98000,0.99859,0.00001,0.00136,0.00003,0.00001
30.81000,1.98000,0.99342,0.00015,0.00567,0.00063,0.00013
31.01000,1.98000,0.99930,0.00025,0.00040,0.00004,0.00001
31.21000,1.98000,0.99999,0.00000,0.00001,0.00001,0.00000
31.41000,1.98000,0.99999,0.00000,0.00001,0.00000,0.00000
31.61000,1.98000,0.99992,0.00000,0.00006,0.00002,0.00001
31.81000,1.98000,0.99977,0.00000,0.00011,0.00006,0.00006
32.01000,1.98000,0.99985,0.00000,0.00004,0.00004,0.00007
32.21000,1.98000,0.99961,0.00000,0.00009,0.00006,0.00025
32.41000,1.98000,0.99971,0.00000,0.00006,0.00002,0.00021
32.61000,1.98000,0.99710,0.00000,0.00061,0.00013,0.00216
32.81000,1.98000,0.99848,0.00000,0.00054,0.00005,0.00094
33.01000,1.98000,0.99887,0.00000,0.00052,0.00003,0.00058
33.21000,1.98000,0.99979,0.00000,0.00014,0.00001,0.00006
33.41000,1.98000,0.99994,0.00000,0.00004,0.00001,0.00001
33.61000,1.98000,1.00000,0.00000,0.00000,0.00000,0.00000
33.81000,1.98000,0.99971,0.00000,0.00003,0.00001,0.00025
34.01000,1.98000,0.99528,0.00000,0.00086,0.00285,0.00101
34.21000,1.98000,0.98975,0.00000,0.00103,0.00322,0.00600
34.41000,1.98000,0.97632,0.00000,0.00197,0.00196,0.01975
34.61000,1.98000,0.97857,0.00000,0.00595,0.00226,0.01322
34.81000,1.98000,0.99894,0.00001,0.00061,0.00003,0.00042
35.01000,1.98000,0.99939,0.00000,0.00045,0.00000,0.00016
35.21000,1.98000,0.99890,0.00000,0.00108,0.00000,0.00002
35.41000,1.98000,0.99968,0.00000,0.00032,0.00000,0.00000
35.61000,1.98000,0.99715,0.00000,0.00285,0.00000,0.00000
35.81000,1.98000,0.99870,0.00000,0.00130,0.00000,0.00000
36.01000,1.98000,0.99986,0.00003,0.00011,0.00000,0.00000
36.21000,1.98000,0.99996,0.00002,0.00002,0.00000,0.00000
36.41000,1.98000,0.99925,0.00072,0.00003,0.00000,0.00000
36.61000,1.98000,0.99997,0.00003,0.00001,0.00000,0.00000
36.81000,1.98000,0.99969,0.00022,0.00009,0.00000,0.00000
37.01000,1.98000,0.99994,0.00005,0.00001,0.00000,0.00000
37.21000,1.98000,0.99999,0.00000,0.00001,0.00000,0.00000
37.41000,1.98000,1.00000,0.00000,0.00000,0.00000,0.00000
37.61000,1.98000,0.99999,0.00001,0.00001,0.00000,0.00000
37.81000,1.98000,0.99995,0.00000,0.00005,0.00000,0.00000
38.01000,1.98000,0.99992,0.00000,0.00008,0.00000,0.00000
38.21000,1.98000,0.99999,0.00000,0.00001,0.00000,0.00000
38.41000,1.98000,0.99983,0.00000,0.00011,0.00003,0.00004
38.61000,1.98000,0.99952,0.00000,0.00002,0.00002,0.00044
38.81000,1.98000,0.98372,0.00001,0.00567,0.00265,0.00795
39.01000,1.98000,0.97958,0.00001,0.00091,0.00329,0.01622
39.21000,1.98000,0.98566,0.00002,0.00408,0.00434,0.00590
39.41000,1.98000,0.99857,0.00000,0.00034,0.00033,0.00076
39.61000,1.98000,0.99388,0.00000,0.00340,0.00129,0.00142
39.81000,1.98000,0.99984,0.00000,0.00004,0.00001,0.00011
40.01000,1.98000,0.99818,0.00000,0.00145,0.00004,0.00033
40.21000,1.98000,0.99992,0.00000,0.00007,0.00000,0.00000
40.41000,1.98000,0.99898,0.00000,0.00102,0.00000,0.00000
40.61000,1.98000,0.99983,0.00000,0.00017,0.00000,0.00000
40.81000,1.98000,0.99966,0.00000,0.00034,0.00000,0.00000
41.01000,1.98000,0.99629,0.00000,0.00370,0.00000,0.00001
41.21000,1.98000,0.99890,0.00000,0.00110,0.00000,0.00000
41.41000,1.98000,0.99615,0.00000,0.00382,0.00000,0.00003
41.61000,1.98000,0.99992,0.00000,0.00008,0.00000,0.00000
41.81000,1.98000,0.99865,0.00000,0.00134,0.00000,0.00001
42.01000,1.98000,0.99983,0.00000,0.00017,0.00000,0.00000
42.21000,1.98000,0.99991,0.00000,0.00009,0.00000,0.00000
42.41000,1.98000,0.99886,0.00000,0.00114,0.00000,0.00000
42.61000,1.98000,0.99916,0.00000,0.00084,0.00000,0.00000
42.81000,1.98000,0.99774,0.00000,0.00225,0.00000,0.00000
43.01000,1.98000,0.99979,0.00001,0.00020,0.00000,0.00000
43.21000,1.98000,0.99982,0.00000,0.00018,0.00000,0.00000
43.41000,1.98000,0.99991,0.00000,0.00009,0.00000,0.00000
43.61000,1.98000,0.99369,0.00000,0.00623,0.00002,0.00005
43.81000,1.98000,0.99863,0.00000,0.00112,0.00006,0.00018
44.01000,1.98000,0.92197,0.00000,0.06587,0.00597,0.00619
44.21000,1.98000,0.82436,0.00001,0.08208,0.05020,0.04334
44.41000,1.98000,0.93757,0.00006,0.02200,0.02586,0.01451
44.61000,1.98000,0.93099,0.00001,0.01466,0.01005,0.04429
44.81000,1.98000,0.96936,0.00000,0.02658,0.00144,0.00262
45.01000,1.98000,0.99176,0.00000,0.00534,0.00125,0.00165
45.21000,1.98000,0.96810,0.00000,0.03091,0.00048,0.00051
45.41000,1.98000,0.99177,0.00000,0.00778,0.00012,0.00033
45.61000,1.98000,0.99536,0.00001,0.00427,0.00002,0.00034
45.81000,1.98000,0.99749,0.00000,0.00229,0.00003,0.00019
46.01000,1.98000,0.99927,0.00000,0.00069,0.00000,0.00004
46.21000,1.98000,0.99918,0.00000,0.00079,0.00000,0.00003
46.41000,1.98000,0.99851,0.00000,0.00146,0.00000,0.00003
46.61000,1.98000,0.99962,0.00000,0.00036,0.00000,0.00003
46.81000,1.98000,0.99975,0.00000,0.00019,0.00000,0.00006
47.01000,1.98000,0.99986,0.00000,0.00013,0.00000,0.00001
47.21000,1.98000,0.99029,0.00000,0.00892,0.00001,0.00078
47.41000,1.98000,0.99736,0.00000,0.00182,0.00001,0.00081
47.61000,1.98000,0.99911,0.00000,0.00044,0.00000,0.00045
47.81000,1.98000,0.99890,0.00000,0.00045,0.00004,0.00061
48.01000,1.98000,0.99099,0.00000,0.00324,0.00060,0.00516
48.21000,1.98000,0.96232,0.00000,0.00497,0.00548,0.02723
48.41000,1.98000,0.95360,0.00001,0.00344,0.01651,0.02644
48.61000,1.98000,0.77332,0.00015,0.00480,0.20038,0.02134
48.81000,1.98000,0.54686,0.01482,0.00077,0.42883,0.00872
49.01000,1.98000,0.86861,0.00749,0.00031,0.11943,0.00415
49.21000,1.98000,0.99772,0.00059,0.00001,0.00164,0.00004
49.41000,1.98000,0.99854,0.00044,0.00001,0.00097,0.00004
49.61000,1.98000,0.99912,0.00065,0.00001,0.00022,0.00000
49.81000,1.98000,0.99729,0.00256,0.00000,0.00015,0.00000
50.01000,1.98000,0.99811,0.00186,0.00000,0.00003,0.00000
50.21000,1.98000,0.99712,0.00284,0.00000,0.00005,0.00000
50.41000,1.98000,0.97590,0.02393,0.00000,0.00016,0.00001
50.61000,1.98000,0.99922,0.00078,0.00000,0.00000,0.00000
50.81000,1.98000,0.99988,0.00011,0.00000,0.00000,0.00000
51.01000,1.98000,0.99991,0.00008,0.00000,0.00000,0.00000
51.21000,1.98000,0.99991,0.00007,0.00000,0.00001,0.00000
51.41000,1.98000,0.99998,0.00001,0.00001,0.00000,0.00000
51.61000,1.98000,0.99977,0.00002,0.00007,0.00007,0.00007
51.81000,1.98000,0.99823,0.00002,0.00089,0.00015,0.00071
52.01000,1.98000,0.98585,0.00001,0.00309,0.00069,0.01036
52.21000,1.98000,0.92915,0.00002,0.03508,0.00288,0.03288
52.41000,1.98000,0.99124,0.00001,0.00250,0.00100,0.00525
52.61000,1.98000,0.98687,0.00000,0.00185,0.00106,0.01022
52.81000,1.98000,0.98814,0.00000,0.00058,0.00135,0.00993
53.01000,1.98000,0.99259,0.00000,0.00055,0.00162,0.00524
53.21000,1.98000,0.98251,0.00000,0.00019,0.00255,0.01475
53.41000,1.98000,0.98808,0.00001,0.00004,0.00198,0.00990
53.61000,1.98000,0.81789,0.00047,0.00042,0.15688,0.02434
53.81000,1.98000,0.86306,0.00010,0.00012,0.06040,0.07632
54.01000,1.98000,0.05769,0.00069,0.00098,0.73551,0.20514
54.21000,1.98000,0.19276,0.00024,0.00293,0.64372,0.16034
54.41000,1.98000,0.58685,0.00015,0.00436,0.26075,0.14790
54.61000,1.98000,0.98275,0.00001,0.00020,0.01506,0.00198
54.81000,1.98000,0.99671,0.00000,0.00024,0.00276,0.00029
55.01000,1.98000,0.99889,0.00000,0.00012,0.00094,0.00005
55.21000,1.98000,0.99995,0.00000,0.00003,0.00001,0.00000
55.41000,1.98000,0.99998,0.00000,0.00002,0.00001,0.00000
55.61000,1.98000,0.99999,0.00000,0.00001,0.00000,0.00000
55.81000,1.98000,0.99998,0.00000,0.00001,0.00000,0.00000
56.01000,1.98000,0.99995,0.00000,0.00004,0.00000,0.00001
56.21000,1.98000,0.99914,0.00000,0.00071,0.00011,0.00004
56.41000,1.98000,0.99869,0.00000,0.00084,0.00015,0.00032
56.61000,1.98000,0.99983,0.00000,0.00011,0.00001,0.00004
56.81000,1.98000,0.99995,0.00000,0.00004,0.00000,0.00001
57.01000,1.98000,0.99990,0.00000,0.00009,0.00000,0.00001
57.21000,1.98000,0.99989,0.00000,0.00011,0.00000,0.00000
57.41000,1.98000,0.99983,0.00000,0.00016,0.00000,0.00000
57.61000,1.98000,0.99992,0.00000,0.00007,0.00001,0.00000
57.81000,1.98000,0.99877,0.00000,0.00094,0.00011,0.00019
58.01000,1.98000,0.99941,0.00000,0.00036,0.00005,0.00019
58.21000,1.98000,0.99593,0.00000,0.00146,0.00025,0.00236
58.41000,1.98000,0.99887,0.00000,0.00011,0.00004,0.00098
58.61000,1.98000,0.99962,0.00000,0.00004,0.00005,0.00030
58.81000,1.98000,0.99007,0.00000,0.00063,0.00297,0.00634
59.01000,1.98000,0.91326,0.00002,0.00289,0.05875,0.02508
59.21000,1.98000,0.71990,0.00013,0.00162,0.26863,0.00972
59.41000,1.98000,0.94833,0.00020,0.00011,0.05061,0.00075
59.61000,1.98000,0.99373,0.00068,0.00000,0.00539,0.00019
59.81000,1.98000,0.99618,0.00051,0.00001,0.00320,0.00009
60.01000,1.98000,0.99977,0.00002,0.00000,0.00021,0.00000
60.21000,1.98000,0.99974,0.00003,0.00000,0.00022,0.00000
60.41000,1.98000,0.99765,0.00011,0.00001,0.00223,0.00000
60.61000,1.98000,0.99900,0.00015,0.00001,0.00084,0.00001
60.81000,1.98000,0.99938,0.00009,0.00000,0.00053,0.00000
61.01000,1.98000,0.99938,0.00032,0.00000,0.00029,0.00000
61.21000,1.98000,0.99972,0.00026,0.00000,0.00001,0.00000
61.41000,1.98000,0.99998,0.00001,0.00000,0.00001,0.00000
61.61000,1.98000,0.99988,0.00011,0.00000,0.00001,0.00000
61.81000,1.98000,0.99997,0.00002,0.00001,0.00000,0.00000
62.01000,1.98000,0.99990,0.00010,0.00000,0.00000,0.00000
62.21000,1.98000,0.99993,0.00002,0.00003,0.00001,0.00001
62.41000,1.98000,0.99996,0.00002,0.00002,0.00000,0.00000
62.61000,1.98000,0.99994,0.00000,0.00004,0.00000,0.00001
62.81000,1.98000,0.99994,0.00000,0.00005,0.00000,0.00001
63.01000,1.98000,0.99977,0.00000,0.00019,0.00000,0.00004
63.21000,1.98000,0.99996,0.00000,0.00002,0.00000,0.00002
63.41000,1.98000,0.99997,0.00000,0.00001,0.00000,0.00002
63.61000,1.98000,0.99972,0.00000,0.00009,0.00001,0.00019
63.81000,1.98000,0.99674,0.00001,0.00037,0.00014,0.00274
64.01000,1.98000,0.72243,0.00010,0.08159,0.12545,0.07043
64.21000,1.98000,0.66879,0.00079,0.03539,0.21255,0.08247
64.41000,1.98000,0.79286,0.00052,0.02010,0.15370,0.03283
64.61000,1.98000,0.92008,0.00052,0.00616,0.04832,0.02492
64.81000,1.98000,0.99771,0.00000,0.00051,0.00041,0.00136
65.01000,1.98000,0.99837,0.00000,0.00075,0.00009,0.00080
65.21000,1.98000,0.99827,0.00000,0.00168,0.00000,0.00005
65.41000,1.98000,0.99713,0.00000,0.00284,0.00000,0.00003
65.61000,1.98000,0.99967,0.00000,0.00030,0.00000,0.00003
65.81000,1.98000,0.99984,0.00000,0.00012,0.00000,0.00004
66.01000,1.98000,0.99999,0.00000,0.00001,0.00000,0.00000
66.21000,1.98000,0.99990,0.00000,0.00010,0.00000,0.00000
66.41000,1.98000,0.99986,0.00000,0.00014,0.00000,0.00000
66.61000,1.98000,0.99975,0.00000,0.00025,0.00000,0.00000
66.81000,1.98000,0.99903,0.00000,0.00097,0.00000,0.00000
67.01000,1.98000,0.99839,0.00000,0.00161,0.00000,0.00000
67.21000,1.98000,0.99890,0.00000,0.00110,0.00000,0.00000
67.41000,1.98000,0.99859,0.00000,0.00140,0.00000,0.00000
67.61000,1.98000,0.99972,0.00000,0.00027,0.00000,0.00000
67.81000,1.98000,0.99961,0.00000,0.00039,0.00000,0.00000
68.01000,1.98000,0.99938,0.00000,0.00062,0.00000,0.00000
68.21000,1.98000,0.99322,0.00000,0.00678,0.00000,0.00000
68.41000,1.98000,0.99703,0.00000,0.00297,0.00000,0.00000
68.61000,1.98000,0.98594,0.00000,0.01406,0.00000,0.00000
68.81000,1.98000,0.99849,0.00000,0.00151,0.00000,0.00000
69.01000,1.98000,0.99832,0.00000,0.00167,0.00000,0.00001
69.21000,1.98000,0.99918,0.00000,0.00057,0.00001,0.00024
69.41000,1.98000,0.98247,0.00000,0.00220,0.00099,0.01434
69.61000,1.98000,0.29209,0.00002,0.04870,0.03559,0.62360
69.81000,1.98000,0.87351,0.00014,0.00993,0.02032,0.09610
70.01000,1.98000,0.97069,0.00011,0.00066,0.00153,0.02701
70.21000,1.98000,0.97305,0.00290,0.00050,0.00383,0.01971
70.41000,1.98000,0.98646,0.00038,0.00066,0.00089,0.01161
70.61000,1.98000,0.99769,0.00000,0.00017,0.00020,0.00193
70.81000,1.98000,0.99919,0.00000,0.00008,0.00001,0.00072
71.01000,1.98000,0.99997,0.00000,0.00001,0.00000,0.00001
71.21000,1.98000,0.99860,0.00000,0.00071,0.00039,0.00030
71.41000,1.98000,0.99896,0.00000,0.00065,0.00003,0.00036
71.61000,1.98000,0.99931,0.00000,0.00057,0.00005,0.00007
71.81000,1.98000,0.98659,0.00000,0.00454,0.00047,0.00840
72.01000,1.98000,0.99668,0.00000,0.00281,0.00012,0.00040
72.21000,1.98000,0.99911,0.00000,0.00081,0.00000,0.00008
72.41000,1.98000,0.99957,0.00000,0.00039,0.00000,0.00004
72.61000,1.98000,0.98427,0.00000,0.01447,0.00002,0.00125
72.81000,1.98000,0.99835,0.00000,0.00090,0.00001,0.00074
73.01000,1.98000,0.99886,0.00000,0.00081,0.00000,0.00033
73.21000,1.98000,0.99226,0.00000,0.00547,0.00001,0.00226
73.41000,1.98000,0.99794,0.00000,0.00127,0.00001,0.00078
73.61000,1.98000,0.99778,0.00000,0.00159,0.00003,0.00060
73.81000,1.98000,0.99990,0.00000,0.00002,0.00000,0.00008
74.01000,1.98000,0.99911,0.00000,0.00021,0.00003,0.00065
74.21000,1.98000,0.98538,0.00000,0.00198,0.00100,0.01163
74.41000,1.98000,0.96309,0.00008,0.00324,0.00834,0.02526
74.61000,1.98000,0.91327,0.00006,0.00163,0.01495,0.07009
74.81000,1.98000,0.88840,0.00004,0.00756,0.05311,0.05090
75.01000,1.98000,0.77977,0.00009,0.00823,0.19291,0.01899
75.21000,1.98000,0.96390,0.00007,0.00226,0.02922,0.00455
75.41000,1.98000,0.99598,0.00001,0.00010,0.00342,0.00049
75.61000,1.98000,0.99929,0.00000,0.00012,0.00054,0.00005
75.81000,1.98000,0.99992,0.00000,0.00001,0.00006,0.00000
76.01000,1.98000,0.98857,0.00020,0.00012,0.01109,0.00002
76.21000,1.98000,0.99758,0.00020,0.00002,0.00221,0.00000
76.41000,1.98000,0.99641,0.00035,0.00004,0.00319,0.00001
76.61000,1.98000,0.99400,0.00112,0.00002,0.00485,0.00001
76.81000,1.98000,0.99937,0.00019,0.00000,0.00044,0.00000
77.01000,1.98000,0.99996,0.00001,0.00000,0.00003,0.00000
77.21000,1.98000,0.99987,0.00011,0.00000,0.00002,0.00000
77.41000,1.98000,0.99958,0.00009,0.00000,0.00033,0.00000
77.61000,1.98000,0.99988,0.00009,0.00000,0.00003,0.00000
77.81000,1.98000,1.00000,0.00000,0.00000,0.00000,0.00000
78.01000,1.98000,0.99989,0.00008,0.00000,0.00001,0.00001
78.21000,1.98000,0.99924,0.00030,0.00001,0.00027,0.00018
78.41000,1.98000,0.99885,0.00019,0.00004,0.00013,0.00080
78.61000,1.98000,0.99795,0.00005,0.00004,0.00028,0.00168
78.81000,1.98000,0.96119,0.00006,0.00200,0.00240,0.03434
79.01000,1.98000,0.99394,0.00005,0.00008,0.00048,0.00545
79.21000,1.98000,0.99464,0.00000,0.00103,0.00006,0.00427
79.41000,1.98000,0.98679,0.00000,0.00134,0.00039,0.01149
79.61000,1.98000,0.99920,0.00000,0.00013,0.00000,0.00066
79.81000,1.98000,0.99971,0.00000,0.00016,0.00000,0.00012
80.01000,1.98000,0.99746,0.00000,0.00224,0.00001,0.00029
80.21000,1.98000,0.99971,0.00000,0.00020,0.00000,0.00008
80.41000,1.98000,0.99850,0.00000,0.00135,0.00000,0.00015
80.61000,1.98000,0.99983,0.00000,0.00016,0.00000,0.00001
80.81000,1.98000,0.99927,0.00000,0.00070,0.00000,0.00002
81.01000,1.98000,0.99634,0.00000,0.00344,0.00000,0.00021
81.21000,1.98000,0.99560,0.00000,0.00394,0.00000,0.00045
81.41000,1.98000,0.99823,0.00000,0.00159,0.00000,0.00017
81.61000,1.98000,0.99954,0.00000,0.00037,0.00000,0.00009
81.81000,1.98000,0.99975,0.00000,0.00019,0.00000,0.00005
82.01000,1.98000,0.99989,0.00000,0.00008,0.00001,0.00002
82.21000,1.98000,0.99988,0.00000,0.00008,0.00001,0.00003
82.41000,1.98000,0.99992,0.00000,0.00003,0.00004,0.00002
82.61000,1.98000,0.99986,0.00000,0.00002,0.00006,0.00006
82.81000,1.98000,0.99984,0.00000,0.00002,0.00013,0.00001
83.01000,1.98000,0.99995,0.00000,0.00000,0.00003,0.00002
83.21000,1.98000,0.99999,0.00000,0.00000,0.00001,0.00001
83.41000,1.98000,0.99781,0.00000,0.00001,0.00088,0.00131
83.61000,1.98000,0.99293,0.00008,0.00003,0.00556,0.00140
83.81000,1.98000,0.96535,0.00093,0.00004,0.02066,0.01303
84.01000,1.98000,0.81086,0.00501,0.00018,0.11810,0.06586
84.21000,1.98000,0.97239,0.00649,0.00002,0.01511,0.00598
84.41000,1.98000,0.99634,0.00175,0.00001,0.00101,0.00090
84.61000,1.98000,0.99872,0.00112,0.00000,0.00014,0.00001
84.81000,1.98000,0.99996,0.00004,0.00000,0.00000,0.00000
85.01000,1.98000,0.99997,0.00003,0.00000,0.00000,0.00000
85.21000,1.98000,0.99995,0.00004,0.00000,0.00000,0.00000
85.41000,1.98000,0.99971,0.00028,0.00001,0.00000,0.00000
85.61000,1.98000,0.99965,0.00034,0.00001,0.00000,0.00000
85.81000,1.98000,0.99989,0.00010,0.00001,0.00000,0.00000
86.01000,1.98000,0.99996,0.00003,0.00001,0.00000,0.00000
86.21000,1.98000,0.99989,0.00005,0.00006,0.00000,0.00000
86.41000,1.98000,0.99998,0.00001,0.00001,0.00000,0.00000
86.61000,1.98000,0.99983,0.00004,0.00012,0.00000,0.00000
86.81000,1.98000,0.99991,0.00006,0.00003,0.00000,0.00000
87.01000,1.98000,0.99991,0.00005,0.00001,0.00000,0.00003
87.21000,1.98000,0.99991,0.00006,0.00002,0.00000,0.00001
87.41000,1.98000,0.99924,0.00018,0.00038,0.00013,0.00007
87.61000,1.98000,0.99062,0.00515,0.00073,0.00248,0.00101
87.81000,1.98000,0.99735,0.00109,0.00007,0.00048,0.00101
88.01000,1.98000,0.99865,0.00045,0.00001,0.00014,0.00075
88.21000,1.98000,0.99769,0.00002,0.00043,0.00102,0.00084
88.41000,1.98000,0.88429,0.00221,0.00760,0.08446,0.02143
88.61000,1.98000,0.06710,0.00027,0.02341,0.68187,0.22736
88.81000,1.98000,0.42128,0.00006,0.09858,0.43670,0.04338
89.01000,1.98000,0.40080,0.00002,0.03686,0.51938,0.04294
89.21000,1.98000,0.84063,0.00015,0.00650,0.14756,0.00516
89.41000,1.98000,0.98754,0.00003,0.00034,0.01134,0.00076
89.61000,1.98000,0.99970,0.00000,0.00002,0.00027,0.00001
89.81000,1.98000,0.99999,0.00000,0.00000,0.00001,0.00000
90.01000,1.98000,0.99995,0.00001,0.00000,0.00004,0.00000
90.21000,1.98000,0.99998,0.00000,0.00000,0.00002,0.00000
90.41000,1.98000,0.99989,0.00004,0.00000,0.00005,0.00002
90.61000,1.98000,0.99989,0.00005,0.00000,0.00003,0.00002
90.81000,1.98000,0.99994,0.00003,0.00000,0.00002,0.00001
91.01000,1.98000,0.99994,0.00002,0.00000,0.00003,0.00001
91.21000,1.98000,0.99991,0.00005,0.00000,0.00003,0.00001
91.41000,1.98000,0.99926,0.00024,0.00000,0.00047,0.00003
91.61000,1.98000,0.99923,0.00069,0.00000,0.00006,0.00001
91.81000,1.98000,0.99963,0.00012,0.00004,0.00021,0.00001
92.01000,1.98000,0.99977,0.00013,0.00001,0.00008,0.00001
92.21000,1.98000,0.99894,0.00024,0.00002,0.00077,0.00002
92.41000,1.98000,0.99914,0.00036,0.00002,0.00046,0.00002
92.61000,1.98000,0.99992,0.00003,0.00001,0.00003,0.00001
92.81000,1.98000,0.99994,0.00001,0.00001,0.00001,0.00003
93.01000,1.98000,0.99535,0.00023,0.00059,0.00115,0.00268
93.21000,1.98000,0.99999,0.00000,0.00000,0.00000,0.00000
93.41000,1.98000,0.99979,0.00000,0.00001,0.00007,0.00013
93.61000,1.98000,0.99680,0.00003,0.00013,0.00110,0.00194
93.81000,1.98000,0.94274,0.00006,0.00041,0.01530,0.04149
94.01000,1.98000,0.75971,0.00025,0.00099,0.17616,0.06289
94.21000,1.98000,0.56189,0.00064,0.00168,0.32508,0.11071
94.41000,1.98000,0.82674,0.00011,0.00116,0.16761,0.00438
94.61000,1.98000,0.99444,0.00000,0.00007,0.00349,0.00199
94.81000,1.98000,0.99688,0.00000,0.00007,0.00220,0.00084
95.01000,1.98000,0.99954,0.00000,0.00003,0.00036,0.00007
95.21000,1.98000,0.99997,0.00000,0.00002,0.00001,0.00000
95.41000,1.98000,0.99998,0.00000,0.00002,0.00001,0.00000
95.61000,1.98000,0.99997,0.00000,0.00001,0.00001,0.00000
95.81000,1.98000,0.99965,0.00003,0.00020,0.00007,0.00006
96.01000,1.98000,0.99933,0.00033,0.00008,0.00012,0.00016
96.21000,1.98000,0.99835,0.00021,0.00053,0.00038,0.00053
96.41000,1.98000,0.99978,0.00007,0.00002,0.00005,0.00008
96.61000,1.98000,0.99990,0.00002,0.00002,0.00003,0.00004
96.81000,1.98000,0.99979,0.00002,0.00002,0.00009,0.00008
97.01000,1.98000,0.99982,0.00001,0.00003,0.00012,0.00003
97.21000,1.98000,0.99995,0.00000,0.00001,0.00003,0.00002
97.41000,1.98000,0.99992,0.00000,0.00000,0.00007,0.00000
97.61000,1.98000,0.99999,0.00000,0.00000,0.00001,0.00000
97.81000,1.98000,0.99999,0.00000,0.00000,0.00001,0.00000
98.01000,1.98000,1.00000,0.00000,0.00000,0.00000,0.00000
98.21000,1.98000,0.99996,0.00000,0.00000,0.00003,0.00001
98.41000,1.98000,0.99985,0.00000,0.00000,0.00006,0.00009
98.61000,1.98000,0.98299,0.00071,0.00007,0.01414,0.00209
98.81000,1.98000,0.87691,0.00306,0.00165,0.07294,0.04543
99.01000,1.98000,0.86990,0.00400,0.00170,0.04414,0.08026
99.21000,1.98000,0.86340,0.00013,0.00287,0.00765,0.12594
99.41000,1.98000,0.99472,0.00000,0.00001,0.00001,0.00526
99.61000,1.98000,0.99811,0.00000,0.00004,0.00000,0.00185
99.81000,1.98000,0.99976,0.00000,0.00002,0.00000,0.00022
100.01000,1.98000,0.99985,0.00000,0.00003,0.00000,0.00012
100.21000,1.98000,0.99988,0.00000,0.00004,0.00000,0.00008
100.41000,1.98000,0.99980,0.00000,0.00010,0.00000,0.00011
100.61000,1.98000,0.99977,0.00000,0.00014,0.00000,0.00009
100.81000,1.98000,0.99978,0.00000,0.00016,0.00000,0.00005
101.01000,1.98000,0.99953,0.00000,0.00031,0.00000,0.00015
101.21000,1.98000,0.99964,0.00000,0.00025,0.00000,0.00011
101.41000,1.98000,0.99864,0.00000,0.00087,0.00000,0.00049
101.61000,1.98000,0.99916,0.00000,0.00041,0.00000,0.00043
101.81000,1.98000,0.99962,0.00000,0.00026,0.00000,0.00012
102.01000,1.98000,0.99916,0.00000,0.00061,0.00000,0.00024
102.21000,1.98000,0.99885,0.00000,0.00084,0.00000,0.00031
102.41000,1.98000,0.98683,0.00000,0.00900,0.00002,0.00414
102.61000,1.98000,0.97952,0.00000,0.01159,0.00004,0.00885
102.81000,1.98000,0.95557,0.00000,0.02735,0.00113,0.01596
103.01000,1.98000,0.98216,0.00000,0.00723,0.00302,0.00758
103.21000,1.98000,0.99918,0.00000,0.00013,0.00004,0.00066
103.41000,1.98000,0.99916,0.00000,0.00005,0.00013,0.00067
103.61000,1.98000,0.99614,0.00000,0.00006,0.00114,0.00267
103.81000,1.98000,0.95372,0.00002,0.00024,0.02648,0.01953
104.01000,1.98000,0.82670,0.00048,0.00045,0.15049,0.02188
104.21000,1.98000,0.76742,0.01257,0.00005,0.21417,0.00579
104.41000,1.98000,0.84381,0.00674,0.00003,0.14806,0.00136
104.61000,1.98000,0.98164,0.00681,0.00000,0.01144,0.00011
104.81000,1.98000,0.99892,0.00015,0.00000,0.00093,0.00001
105.01000,1.98000,0.99991,0.00001,0.00000,0.00008,0.00000
105.21000,1.98000,0.99962,0.00009,0.00000,0.00028,0.00000
105.41000,1.98000,0.99756,0.00069,0.00000,0.00175,0.00000
105.61000,1.98000,0.99926,0.00065,0.00000,0.00010,0.00000
105.81000,1.98000,0.99935,0.00061,0.00000,0.00004,0.00000
106.01000,1.98000,0.99978,0.00021,0.00000,0.00001,0.00000
106.21000,1.98000,0.99979,0.00019,0.00000,0.00001,0.00000
106.41000,1.98000,0.99997,0.00002,0.00000,0.00000,0.00000
106.61000,1.98000,0.99991,0.00007,0.00000,0.00002,0.00001
106.81000,1.98000,0.99986,0.00005,0.00002,0.00004,0.00004
107.01000,1.98000,0.99983,0.00003,0.00001,0.00004,0.00009
107.21000,1.98000,0.99630,0.00006,0.00047,0.00072,0.00245
107.41000,1.98000,0.99721,0.00012,0.00009,0.00040,0.00219
107.61000,1.98000,0.99907,0.00000,0.00015,0.00004,0.00074
107.81000,1.98000,0.93736,0.00003,0.00175,0.00145,0.05941
108.01000,1.98000,0.73647,0.00018,0.02087,0.03387,0.20860
108.21000,1.98000,0.10188,0.00054,0.09844,0.15595,0.64319
108.41000,1.98000,0.34092,0.00007,0.24258,0.07118,0.34525
108.61000,1.98000,0.27858,0.00001,0.12868,0.06880,0.52393
108.81000,1.98000,0.93762,0.00002,0.01277,0.00435,0.04524
109.01000,1.98000,0.98973,0.00000,0.00508,0.00021,0.00498
109.21000,1.98000,0.99187,0.00000,0.00655,0.00006,0.00153
109.41000,1.98000,0.99636,0.00000,0.00338,0.00002,0.00024
109.61000,1.98000,0.99966,0.00000,0.00018,0.00001,0.00014
109.81000,1.98000,0.99626,0.00035,0.00218,0.00081,0.00040
110.01000,1.98000,0.99959,0.00003,0.00011,0.00001,0.00026
110.21000,1.98000,0.99902,0.00009,0.00038,0.00035,0.00016
110.41000,1.98000,0.99995,0.00001,0.00001,0.00003,0.00001
110.61000,1.98000,0.99999,0.00000,0.00000,0.00001,0.00000
110.81000,1.98000,0.99999,0.00000,0.00000,0.00001,0.00000
111.01000,1.98000,0.99999,0.00000,0.00000,0.00000,0.00000
111.21000,1.98000,0.99995,0.00000,0.00001,0.00004,0.00000
111.41000,1.98000,0.99997,0.00000,0.00000,0.00002,0.00000
111.61000,1.98000,0.99996,0.00000,0.00000,0.00004,0.00000
111.81000,1.98000,0.99998,0.00000,0.00001,0.00001,0.00000
112.01000,1.98000,0.99992,0.00000,0.00001,0.00005,0.00001
112.21000,1.98000,0.99989,0.00000,0.00004,0.00006,0.00001
112.41000,1.98000,0.99983,0.00000,0.00002,0.00013,0.00002
112.61000,1.98000,0.99983,0.00000,0.00003,0.00011,0.00002
112.81000,1.98000,0.99998,0.00000,0.00000,0.00002,0.00000
113.01000,1.98000,0.99993,0.00000,0.00003,0.00004,0.00000
113.21000,1.98000,0.99980,0.00000,0.00005,0.00012,0.00003
113.41000,1.98000,1.00000,0.00000,0.00000,0.00000,0.00000
113.61000,1.98000,1.00000,0.00000,0.00000,0.00000,0.00000
113.81000,1.98000,0.99947,0.00000,0.00003,0.00035,0.00015
114.01000,1.98000,0.99043,0.00001,0.00025,0.00446,0.00485
114.21000,1.98000,0.52817,0.00013,0.01422,0.28765,0.16983
114.41000,1.98000,0.12666,0.00016,0.02222,0.68257,0.16839
114.61000,1.98000,0.84073,0.00007,0.00241,0.13196,0.02483
114.81000,1.98000,0.99701,0.00000,0.00009,0.00206,0.00083
115.01000,1.98000,0.99819,0.00000,0.00020,0.00054,0.00106
115.21000,1.98000,0.99981,0.00000,0.00008,0.00001,0.00009
115.41000,1.98000,0.99995,0.00000,0.00005,0.00000,0.00000
115.61000,1.98000,0.99990,0.00000,0.00010,0.00000,0.00000
115.81000,1.98000,0.99990,0.00000,0.00010,0.00000,0.00000
116.01000,1.98000,0.99964,0.00000,0.00030,0.00000,0.00006
116.21000,1.98000,0.99781,0.00000,0.00158,0.00001,0.00061
116.41000,1.98000,0.99926,0.00000,0.00042,0.00000,0.00031
116.61000,1.98000,0.99741,0.00000,0.00192,0.00000,0.00067
116.81000,1.98000,0.99914,0.00000,0.00078,0.00000,0.00008
117.01000,1.98000,0.98873,0.00000,0.00878,0.00002,0.00248
117.21000,1.98000,0.99912,0.00000,0.00051,0.00000,0.00038
117.41000,1.98000,0.99889,0.00000,0.00090,0.00000,0.00020
117.61000,1.98000,0.99829,0.00000,0.00140,0.00000,0.00031
117.81000,1.98000,0.96614,0.00000,0.02413,0.00026,0.00946
118.01000,1.98000,0.99812,0.00000,0.00054,0.00001,0.00133
118.21000,1.98000,0.99546,0.00000,0.00041,0.00005,0.00408
118.41000,1.98000,0.99663,0.00000,0.00011,0.00010,0.00316
118.61000,1.98000,0.96648,0.00001,0.00081,0.00360,0.02910
118.81000,1.98000,0.98124,0.00003,0.00198,0.01011,0.00664
119.01000,1.98000,0.95032,0.00004,0.00189,0.04328,0.00447
119.21000,1.98000,0.97705,0.00040,0.00020,0.02177,0.00058
119.41000,1.98000,0.98559,0.00726,0.00001,0.00705,0.00009
119.61000,1.98000,0.98671,0.01306,0.00000,0.00021,0.00001
119.81000,1.98000,0.99546,0.00449,0.00000,0.00004,0.00000
120.01000,1.98000,0.99465,0.00528,0.00000,0.00006,0.00000
120.21000,1.98000,0.99165,0.00831,0.00000,0.00004,0.00000
120.41000,1.98000,0.99041,0.00957,0.00001,0.00001,0.00000
120.61000,1.98000,0.98110,0.01884,0.00002,0.00004,0.00001
120.81000,1.98000,0.99947,0.00050,0.00001,0.00000,0.00001
121.01000,1.98000,0.99989,0.00006,0.00004,0.00000,0.00001
121.21000,1.98000,0.99992,0.00001,0.00007,0.00000,0.00000
121.41000,1.98000,0.99968,0.00003,0.00027,0.00001,0.00000
121.61000,1.98000,0.97202,0.00013,0.02756,0.00015,0.00014
121.81000,1.98000,0.98149,0.00007,0.01656,0.00138,0.00050
