Time (seconds), Duration (seconds),pred_(unlabeled),pred_On,pred_Off,pred_Dimmer,pred_Lighter
0.01000,1.98000,0.99976,0.00000,0.00000,0.00006,0.00018
0.21000,1.98000,0.99976,0.00000,0.00000,0.00007,0.00018
0.41000,1.98000,0.99976,0.00000,0.00000,0.00007,0.00017
0.61000,1.98000,0.99976,0.00000,0.00000,0.00007,0.00017
0.81000,1.98000,0.99977,0.00000,0.00000,0.00006,0.00017
1.01000,1.98000,0.99984,0.00000,0.00000,0.00004,0.00012
1.21000,1.98000,0.99994,0.00000,0.00000,0.00001,0.00005
1.41000,1.98000,0.99995,0.00000,0.00000,0.00002,0.00003
1.61000,1.98000,0.99993,0.00001,0.00000,0.00004,0.00002
1.81000,1.98000,0.99981,0.00006,0.00000,0.00008,0.00005
2.01000,1.98000,0.99686,0.00027,0.00000,0.00144,0.00143
2.21000,1.98000,0.99181,0.00039,0.00000,0.00503,0.00276
2.41000,1.98000,0.99843,0.00046,0.00000,0.00078,0.00032
2.61000,1.98000,0.99689,0.00277,0.00003,0.00002,0.00029
2.81000,1.98000,0.99897,0.00093,0.00003,0.00001,0.00006
3.01000,1.98000,0.99875,0.00102,0.00004,0.00003,0.00016
3.21000,1.98000,0.99922,0.00007,0.00014,0.00010,0.00047
3.41000,1.98000,0.99937,0.00001,0.00038,0.00011,0.00013
3.61000,1.98000,0.99981,0.00000,0.00010,0.00001,0.00007
3.81000,1.98000,0.99995,0.00000,0.00001,0.00000,0.00004
4.01000,1.98000,0.99990,0.00000,0.00000,0.00001,0.00009
4.21000,1.98000,0.99958,0.00001,0.00000,0.00015,0.00026
4.41000,1.98000,0.99935,0.00001,0.00000,0.00032,0.00031
4.61000,1.98000,0.99966,0.00000,0.00000,0.00009,0.00025
4.81000,1.98000,0.99941,0.00000,0.00000,0.00010,0.00048
5.01000,1.98000,0.99964,0.00000,0.00000,0.00008,0.00028
5.21000,1.98000,0.99952,0.00000,0.00001,0.00018,0.00029
5.41000,1.98000,0.99924,0.00001,0.00001,0.00032,0.00042
5.61000,1.98000,0.99903,0.00001,0.00001,0.00050,0.00045
5.81000,1.98000,0.99923,0.00000,0.00001,0.00022,0.00054
6.01000,1.98000,0.99975,0.00000,0.00000,0.00002,0.00023
6.21000,1.98000,0.99980,0.00000,0.00000,0.00001,0.00019
6.41000,1.98000,0.99983,0.00000,0.00000,0.00001,0.00016
6.61000,1.98000,0.99980,0.00000,0.00000,0.00002,0.00018
6.81000,1.98000,0.99984,0.00000,0.00000,0.00002,0.00014
7.01000,1.98000,0.99983,0.00000,0.00000,0.00002,0.00014
7.21000,1.98000,0.99984,0.00000,0.00000,0.00002,0.00014
7.41000,1.98000,0.99983,0.00000,0.00000,0.00002,0.00014
7.61000,1.98000,0.99984,0.00000,0.00000,0.00002,0.00014
7.81000,1.98000,0.99984,0.00000,0.00000,0.00002,0.00014
8.01000,1.98000,0.99984,0.00000,0.00000,0.00002,0.00014
8.21000,1.98000,0.99984,0.00000,0.00000,0.00002,0.00014
8.41000,1.98000,0.99984,0.00000,0.00000,0.00002,0.00014
8.61000,1.98000,0.99984,0.00000,0.00000,0.00002,0.00014
8.81000,1.98000,0.99984,0.00000,0.00000,0.00002,0.00014
9.01000,1.98000,0.99983,0.00000,0.00000,0.00002,0.00014
9.21000,1.98000,0.99986,0.00000,0.00000,0.00002,0.00012
9.41000,1.98000,0.99993,0.00000,0.00000,0.00001,0.00006
9.61000,1.98000,0.99995,0.00000,0.00000,0.00001,0.00004
9.81000,1.98000,0.99998,0.00001,0.00000,0.00001,0.00001
10.01000,1.98000,0.99997,0.00001,0.00000,0.00001,0.00000
10.21000,1.98000,0.99987,0.00009,0.00000,0.00003,0.00001
10.41000,1.98000,0.99856,0.00114,0.00000,0.00029,0.00001
10.61000,1.98000,0.99697,0.00231,0.00000,0.00066,0.00006
10.81000,1.98000,0.94803,0.05092,0.00006,0.00060,0.00038
11.01000,1.98000,0.99777,0.00200,0.00022,0.00000,0.00001
11.21000,1.98000,0.99980,0.00009,0.00011,0.00000,0.00000
11.41000,1.98000,0.99961,0.00001,0.00034,0.00002,0.00002
11.61000,1.98000,0.99808,0.00000,0.00177,0.00002,0.00012
11.81000,1.98000,0.99979,0.00000,0.00013,0.00001,0.00007
12.01000,1.98000,0.99989,0.00000,0.00001,0.00001,0.00010
12.21000,1.98000,0.99987,0.00000,0.00000,0.00001,0.00012
12.41000,1.98000,0.99978,0.00000,0.00000,0.00004,0.00018
12.61000,1.98000,0.99981,0.00000,0.00000,0.00005,0.00014
12.81000,1.98000,0.99983,0.00000,0.00000,0.00005,0.00012
13.01000,1.98000,0.99988,0.00000,0.00000,0.00005,0.00007
13.21000,1.98000,0.99991,0.00000,0.00000,0.00002,0.00007
13.41000,1.98000,0.99994,0.00000,0.00000,0.00001,0.00005
13.61000,1.98000,0.99995,0.00000,0.00000,0.00001,0.00004
13.81000,1.98000,0.99990,0.00005,0.00000,0.00001,0.00004
14.01000,1.98000,0.99958,0.00023,0.00000,0.00006,0.00013
14.21000,1.98000,0.99298,0.00119,0.00000,0.00371,0.00211
14.41000,1.98000,0.96754,0.00500,0.00005,0.01826,0.00915
14.61000,1.98000,0.98509,0.00059,0.00051,0.01008,0.00372
14.81000,1.98000,0.99954,0.00006,0.00009,0.00019,0.00013
15.01000,1.98000,0.99964,0.00002,0.00012,0.00005,0.00017
15.21000,1.98000,0.99948,0.00001,0.00012,0.00010,0.00029
15.41000,1.98000,0.99944,0.00000,0.00002,0.00010,0.00044
15.61000,1.98000,0.99926,0.00001,0.00001,0.00046,0.00026
15.81000,1.98000,0.99752,0.00003,0.00001,0.00182,0.00063
16.01000,1.98000,0.99940,0.00000,0.00000,0.00024,0.00036
16.21000,1.98000,0.99966,0.00000,0.00000,0.00006,0.00028
16.41000,1.98000,0.99972,0.00000,0.00000,0.00003,0.00024
16.61000,1.98000,0.99980,0.00000,0.00000,0.00002,0.00017
16.81000,1.98000,0.99974,0.00000,0.00000,0.00006,0.00020
17.01000,1.98000,0.99978,0.00000,0.00000,0.00005,0.00016
17.21000,1.98000,0.99991,0.00000,0.00000,0.00002,0.00007
17.41000,1.98000,0.99997,0.00000,0.00000,0.00001,0.00002
17.61000,1.98000,0.99997,0.00000,0.00000,0.00002,0.00001
17.81000,1.98000,0.99998,0.00000,0.00000,0.00001,0.00000
18.01000,1.98000,0.99994,0.00003,0.00000,0.00003,0.00001
18.21000,1.98000,0.99929,0.00009,0.00000,0.00057,0.00005
18.41000,1.98000,0.99000,0.00047,0.00000,0.00857,0.00095
18.61000,1.98000,0.98150,0.00797,0.00003,0.00912,0.00137
18.81000,1.98000,0.99825,0.00082,0.00052,0.00008,0.00032
19.01000,1.98000,0.99944,0.00001,0.00052,0.00000,0.00003
19.21000,1.98000,0.99968,0.00000,0.00025,0.00001,0.00005
19.41000,1.98000,0.99979,0.00000,0.00018,0.00000,0.00003
19.61000,1.98000,0.99996,0.00000,0.00001,0.00000,0.00002
19.81000,1.98000,0.99988,0.00000,0.00001,0.00001,0.00010
20.01000,1.98000,0.99973,0.00000,0.00000,0.00005,0.00021
20.21000,1.98000,0.99976,0.00000,0.00000,0.00007,0.00018
20.41000,1.98000,0.99977,0.00000,0.00000,0.00006,0.00017
20.61000,1.98000,0.99977,0.00000,0.00000,0.00006,0.00017
20.81000,1.98000,0.99977,0.00000,0.00000,0.00006,0.00017
21.01000,1.98000,0.99976,0.00000,0.00000,0.00006,0.00017
21.21000,1.98000,0.99976,0.00000,0.00000,0.00007,0.00017
21.41000,1.98000,0.99976,0.00000,0.00000,0.00007,0.00017
21.61000,1.98000,0.99975,0.00000,0.00000,0.00007,0.00018
21.81000,1.98000,0.99974,0.00000,0.00000,0.00008,0.00018
22.01000,1.98000,0.99974,0.00000,0.00000,0.00008,0.00018
22.21000,1.98000,0.99976,0.00000,0.00000,0.00007,0.00017
22.41000,1.98000,0.99976,0.00000,0.00000,0.00007,0.00017
22.61000,1.98000,0.99976,0.00000,0.00000,0.00007,0.00017
22.81000,1.98000,0.99976,0.00000,0.00000,0.00007,0.00017
23.01000,1.98000,0.99978,0.00000,0.00000,0.00006,0.00017
23.21000,1.98000,0.99985,0.00000,0.00000,0.00003,0.00012
23.41000,1.98000,0.99988,0.00000,0.00000,0.00004,0.00008
23.61000,1.98000,0.99958,0.00000,0.00000,0.00028,0.00013
23.81000,1.98000,0.99936,0.00000,0.00000,0.00045,0.00018
24.01000,1.98000,0.99823,0.00001,0.00000,0.00150,0.00026
24.21000,1.98000,0.99942,0.00000,0.00000,0.00023,0.00035
24.41000,1.98000,0.99957,0.00000,0.00000,0.00013,0.00029
24.61000,1.98000,0.99975,0.00000,0.00000,0.00005,0.00020
24.81000,1.98000,0.99978,0.00000,0.00000,0.00004,0.00018
25.01000,1.98000,0.99975,0.00000,0.00000,0.00006,0.00019
25.21000,1.98000,0.99976,0.00000,0.00000,0.00006,0.00017
25.41000,1.98000,0.99976,0.00000,0.00000,0.00007,0.00017
25.61000,1.98000,0.99976,0.00000,0.00000,0.00007,0.00017
25.81000,1.98000,0.99977,0.00000,0.00000,0.00006,0.00017
26.01000,1.98000,0.99986,0.00000,0.00000,0.00003,0.00011
26.21000,1.98000,0.99996,0.00000,0.00000,0.00001,0.00003
26.41000,1.98000,0.99996,0.00000,0.00000,0.00002,0.00002
26.61000,1.98000,0.99995,0.00001,0.00000,0.00003,0.00001
26.81000,1.98000,0.99995,0.00002,0.00000,0.00003,0.00001
27.01000,1.98000,0.99945,0.00005,0.00000,0.00044,0.00005
27.21000,1.98000,0.99672,0.00021,0.00000,0.00294,0.00014
27.41000,1.98000,0.99077,0.00294,0.00001,0.00613,0.00014
27.61000,1.98000,0.91445,0.06794,0.01242,0.00204,0.00316
27.81000,1.98000,0.99885,0.00006,0.00103,0.00000,0.00006
28.01000,1.98000,0.99963,0.00001,0.00032,0.00000,0.00004
28.21000,1.98000,0.99957,0.00000,0.00032,0.00001,0.00009
28.41000,1.98000,0.99976,0.00000,0.00017,0.00000,0.00006
28.61000,1.98000,0.99993,0.00000,0.00001,0.00000,0.00005
28.81000,1.98000,0.99985,0.00000,0.00000,0.00001,0.00013
29.01000,1.98000,0.99979,0.00000,0.00000,0.00004,0.00016
29.21000,1.98000,0.99974,0.00000,0.00000,0.00008,0.00018
29.41000,1.98000,0.99974,0.00000,0.00000,0.00009,0.00017
29.61000,1.98000,0.99975,0.00000,0.00000,0.00007,0.00018
29.81000,1.98000,0.99976,0.00000,0.00000,0.00006,0.00018
30.01000,1.98000,0.99977,0.00000,0.00000,0.00006,0.00017
30.21000,1.98000,0.99977,0.00000,0.00000,0.00006,0.00017
30.41000,1.98000,0.99979,0.00000,0.00000,0.00005,0.00016
30.61000,1.98000,0.99977,0.00000,0.00000,0.00006,0.00017
30.81000,1.98000,0.99978,0.00000,0.00000,0.00006,0.00016
31.01000,1.98000,0.99980,0.00000,0.00000,0.00005,0.00015
31.21000,1.98000,0.99985,0.00000,0.00000,0.00002,0.00012
31.41000,1.98000,0.99986,0.00000,0.00000,0.00002,0.00013
31.61000,1.98000,0.99986,0.00000,0.00000,0.00001,0.00012
31.81000,1.98000,0.99989,0.00000,0.00000,0.00001,0.00010
32.01000,1.98000,0.99993,0.00000,0.00000,0.00001,0.00007
32.21000,1.98000,0.99984,0.00000,0.00000,0.00003,0.00013
32.41000,1.98000,0.99997,0.00000,0.00000,0.00001,0.00002
32.61000,1.98000,0.99999,0.00000,0.00000,0.00001,0.00000
32.81000,1.98000,0.99994,0.00000,0.00000,0.00005,0.00001
33.01000,1.98000,0.95367,0.00012,0.00164,0.04125,0.00332
33.21000,1.98000,0.58436,0.00120,0.01005,0.38566,0.01873
33.41000,1.98000,0.97790,0.00010,0.01112,0.00607,0.00481
33.61000,1.98000,0.99933,0.00001,0.00046,0.00006,0.00013
33.81000,1.98000,0.99987,0.00000,0.00009,0.00000,0.00003
34.01000,1.98000,0.99996,0.00000,0.00002,0.00000,0.00002
34.21000,1.98000,0.99951,0.00001,0.00003,0.00024,0.00021
34.41000,1.98000,0.99902,0.00001,0.00000,0.00055,0.00041
34.61000,1.98000,0.99893,0.00001,0.00000,0.00064,0.00042
34.81000,1.98000,0.99905,0.00001,0.00001,0.00028,0.00066
35.01000,1.98000,0.99949,0.00000,0.00000,0.00006,0.00045
35.21000,1.98000,0.99981,0.00000,0.00000,0.00002,0.00016
35.41000,1.98000,0.99973,0.00000,0.00000,0.00004,0.00023
35.61000,1.98000,0.99974,0.00000,0.00000,0.00006,0.00020
35.81000,1.98000,0.99977,0.00000,0.00000,0.00006,0.00017
36.01000,1.98000,0.99977,0.00000,0.00000,0.00006,0.00017
36.21000,1.98000,0.99977,0.00000,0.00000,0.00006,0.00017
36.41000,1.98000,0.99978,0.00000,0.00000,0.00006,0.00017
36.61000,1.98000,0.99978,0.00000,0.00000,0.00006,0.00017
36.81000,1.98000,0.99977,0.00000,0.00000,0.00006,0.00017
37.01000,1.98000,0.99977,0.00000,0.00000,0.00006,0.00017
37.21000,1.98000,0.99977,0.00000,0.00000,0.00006,0.00017
37.41000,1.98000,0.99977,0.00000,0.00000,0.00006,0.00017
37.61000,1.98000,0.99977,0.00000,0.00000,0.00006,0.00017
37.81000,1.98000,0.99977,0.00000,0.00000,0.00006,0.00017
38.01000,1.98000,0.99977,0.00000,0.00000,0.00006,0.00017
38.21000,1.98000,0.99979,0.00000,0.00000,0.00005,0.00016
38.41000,1.98000,0.99987,0.00000,0.00000,0.00002,0.00011
38.61000,1.98000,0.99989,0.00000,0.00000,0.00001,0.00009
38.81000,1.98000,0.99993,0.00000,0.00000,0.00001,0.00006
39.01000,1.98000,0.99995,0.00000,0.00000,0.00001,0.00004
39.21000,1.98000,0.99985,0.00002,0.00000,0.00004,0.00009
39.41000,1.98000,0.99913,0.00007,0.00000,0.00028,0.00053
39.61000,1.98000,0.99949,0.00003,0.00000,0.00035,0.00013
39.81000,1.98000,0.99946,0.00001,0.00001,0.00045,0.00007
40.01000,1.98000,0.99988,0.00003,0.00005,0.00001,0.00004
40.21000,1.98000,0.99973,0.00015,0.00000,0.00001,0.00010
40.41000,1.98000,0.99925,0.00061,0.00006,0.00000,0.00007
40.61000,1.98000,0.99932,0.00055,0.00010,0.00001,0.00002
40.81000,1.98000,0.99959,0.00015,0.00022,0.00002,0.00003
41.01000,1.98000,0.99944,0.00002,0.00044,0.00005,0.00005
41.21000,1.98000,0.99961,0.00000,0.00026,0.00005,0.00008
41.41000,1.98000,0.99842,0.00001,0.00072,0.00018,0.00068
41.61000,1.98000,0.99935,0.00001,0.00011,0.00012,0.00042
41.81000,1.98000,0.99940,0.00000,0.00000,0.00002,0.00057
42.01000,1.98000,0.99973,0.00000,0.00000,0.00002,0.00025
42.21000,1.98000,0.99973,0.00000,0.00000,0.00006,0.00021
42.41000,1.98000,0.99972,0.00000,0.00000,0.00007,0.00021
42.61000,1.98000,0.99972,0.00000,0.00000,0.00007,0.00021
42.81000,1.98000,0.99981,0.00000,0.00000,0.00003,0.00016
43.01000,1.98000,0.99978,0.00000,0.00000,0.00005,0.00017
43.21000,1.98000,0.99977,0.00000,0.00000,0.00005,0.00018
43.41000,1.98000,0.99977,0.00000,0.00000,0.00006,0.00017
43.61000,1.98000,0.99977,0.00000,0.00000,0.00006,0.00017
43.81000,1.98000,0.99977,0.00000,0.00000,0.00006,0.00017
44.01000,1.98000,0.99975,0.00000,0.00000,0.00007,0.00018
44.21000,1.98000,0.99974,0.00000,0.00000,0.00008,0.00018
44.41000,1.98000,0.99974,0.00000,0.00000,0.00008,0.00018
44.61000,1.98000,0.99972,0.00000,0.00000,0.00009,0.00018
44.81000,1.98000,0.99972,0.00000,0.00000,0.00009,0.00019
45.01000,1.98000,0.99981,0.00000,0.00000,0.00005,0.00014
45.21000,1.98000,0.99986,0.00000,0.00000,0.00004,0.00009
45.41000,1.98000,0.99952,0.00001,0.00000,0.00033,0.00014
45.61000,1.98000,0.99847,0.00002,0.00000,0.00110,0.00041
45.81000,1.98000,0.99760,0.00003,0.00001,0.00145,0.00092
46.01000,1.98000,0.99735,0.00002,0.00001,0.00084,0.00179
46.21000,1.98000,0.99926,0.00000,0.00000,0.00006,0.00067
46.41000,1.98000,0.99970,0.00000,0.00000,0.00001,0.00029
46.61000,1.98000,0.99973,0.00000,0.00000,0.00001,0.00026
46.81000,1.98000,0.99962,0.00000,0.00000,0.00001,0.00037
47.01000,1.98000,0.99984,0.00000,0.00000,0.00001,0.00014
47.21000,1.98000,0.99997,0.00000,0.00000,0.00000,0.00003
47.41000,1.98000,0.99995,0.00000,0.00000,0.00000,0.00004
47.61000,1.98000,0.99984,0.00000,0.00000,0.00002,0.00013
47.81000,1.98000,0.99938,0.00001,0.00000,0.00033,0.00028
48.01000,1.98000,0.99584,0.00011,0.00001,0.00331,0.00073
48.21000,1.98000,0.98888,0.00015,0.00002,0.00973,0.00122
48.41000,1.98000,0.97676,0.00007,0.00010,0.01909,0.00398
48.61000,1.98000,0.99433,0.00002,0.00010,0.00385,0.00171
48.81000,1.98000,0.99776,0.00001,0.00018,0.00035,0.00171
49.01000,1.98000,0.99950,0.00000,0.00001,0.00002,0.00047
49.21000,1.98000,0.99974,0.00000,0.00000,0.00004,0.00022
49.41000,1.98000,0.99971,0.00000,0.00000,0.00007,0.00022
49.61000,1.98000,0.99975,0.00000,0.00000,0.00008,0.00018
49.81000,1.98000,0.99974,0.00000,0.00000,0.00008,0.00017
50.01000,1.98000,0.99974,0.00000,0.00000,0.00008,0.00017
50.21000,1.98000,0.99974,0.00000,0.00000,0.00008,0.00018
50.41000,1.98000,0.99974,0.00000,0.00000,0.00009,0.00018
50.61000,1.98000,0.99974,0.00000,0.00000,0.00009,0.00018
50.81000,1.98000,0.99973,0.00000,0.00000,0.00009,0.00018
51.01000,1.98000,0.99973,0.00000,0.00000,0.00009,0.00018
51.21000,1.98000,0.99973,0.00000,0.00000,0.00009,0.00018
51.41000,1.98000,0.99974,0.00000,0.00000,0.00009,0.00017
51.61000,1.98000,0.99975,0.00000,0.00000,0.00008,0.00017
51.81000,1.98000,0.99983,0.00000,0.00000,0.00004,0.00013
52.01000,1.98000,0.99991,0.00000,0.00000,0.00002,0.00007
52.21000,1.98000,0.99984,0.00000,0.00000,0.00007,0.00009
52.41000,1.98000,0.99942,0.00001,0.00000,0.00047,0.00010
52.61000,1.98000,0.99617,0.00006,0.00000,0.00341,0.00035
52.81000,1.98000,0.96989,0.00028,0.00007,0.02776,0.00201
53.01000,1.98000,0.99573,0.00014,0.00002,0.00352,0.00059
53.21000,1.98000,0.99947,0.00007,0.00000,0.00023,0.00022
53.41000,1.98000,0.99995,0.00002,0.00000,0.00000,0.00003
53.61000,1.98000,0.99984,0.00012,0.00000,0.00000,0.00004
53.81000,1.98000,0.99988,0.00007,0.00000,0.00000,0.00005
54.01000,1.98000,0.99961,0.00002,0.00000,0.00006,0.00032
54.21000,1.98000,0.99989,0.00001,0.00000,0.00005,0.00005
54.41000,1.98000,0.99996,0.00002,0.00000,0.00001,0.00001
54.61000,1.98000,0.99998,0.00001,0.00001,0.00000,0.00000
54.81000,1.98000,0.99969,0.00005,0.00022,0.00003,0.00001
55.01000,1.98000,0.99946,0.00001,0.00049,0.00003,0.00001
55.21000,1.98000,0.99883,0.00001,0.00109,0.00004,0.00004
55.41000,1.98000,0.99838,0.00000,0.00150,0.00004,0.00008
55.61000,1.98000,0.99948,0.00000,0.00043,0.00001,0.00008
55.81000,1.98000,0.99990,0.00000,0.00002,0.00000,0.00008
56.01000,1.98000,0.99980,0.00000,0.00000,0.00002,0.00018
56.21000,1.98000,0.99974,0.00000,0.00000,0.00004,0.00022
56.41000,1.98000,0.99976,0.00000,0.00000,0.00005,0.00019
56.61000,1.98000,0.99974,0.00000,0.00000,0.00006,0.00020
56.81000,1.98000,0.99975,0.00000,0.00000,0.00007,0.00019
57.01000,1.98000,0.99975,0.00000,0.00000,0.00007,0.00018
57.21000,1.98000,0.99976,0.00000,0.00000,0.00006,0.00018
57.41000,1.98000,0.99976,0.00000,0.00000,0.00006,0.00018
57.61000,1.98000,0.99978,0.00000,0.00000,0.00005,0.00017
57.81000,1.98000,0.99980,0.00000,0.00000,0.00004,0.00016
58.01000,1.98000,0.99983,0.00000,0.00000,0.00003,0.00015
58.21000,1.98000,0.99983,0.00000,0.00000,0.00002,0.00014
58.41000,1.98000,0.99984,0.00000,0.00000,0.00002,0.00014
58.61000,1.98000,0.99985,0.00000,0.00000,0.00002,0.00013
58.81000,1.98000,0.99982,0.00000,0.00000,0.00002,0.00015
59.01000,1.98000,0.99980,0.00000,0.00000,0.00003,0.00017
59.21000,1.98000,0.99978,0.00000,0.00000,0.00004,0.00018
59.41000,1.98000,0.99979,0.00000,0.00000,0.00004,0.00017
59.61000,1.98000,0.99981,0.00000,0.00000,0.00004,0.00015
59.81000,1.98000,0.99965,0.00000,0.00000,0.00015,0.00020
60.01000,1.98000,0.99880,0.00002,0.00000,0.00085,0.00032
60.21000,1.98000,0.99638,0.00009,0.00001,0.00302,0.00050
60.41000,1.98000,0.99655,0.00014,0.00001,0.00271,0.00059
60.61000,1.98000,0.99735,0.00012,0.00001,0.00164,0.00088
60.81000,1.98000,0.99719,0.00008,0.00002,0.00127,0.00144
61.01000,1.98000,0.99856,0.00002,0.00002,0.00034,0.00106
61.21000,1.98000,0.99933,0.00001,0.00001,0.00011,0.00055
61.41000,1.98000,0.99962,0.00000,0.00000,0.00006,0.00031
61.61000,1.98000,0.99973,0.00000,0.00000,0.00002,0.00025
61.81000,1.98000,0.99975,0.00000,0.00000,0.00002,0.00023
62.01000,1.98000,0.99978,0.00000,0.00000,0.00002,0.00020
62.21000,1.98000,0.99975,0.00000,0.00000,0.00004,0.00021
62.41000,1.98000,0.99975,0.00000,0.00000,0.00005,0.00020
62.61000,1.98000,0.99975,0.00000,0.00000,0.00006,0.00019
62.81000,1.98000,0.99975,0.00000,0.00000,0.00006,0.00018
63.01000,1.98000,0.99975,0.00000,0.00000,0.00007,0.00018
63.21000,1.98000,0.99976,0.00000,0.00000,0.00007,0.00018
63.41000,1.98000,0.99976,0.00000,0.00000,0.00006,0.00017
63.61000,1.98000,0.99976,0.00000,0.00000,0.00006,0.00018
63.81000,1.98000,0.99976,0.00000,0.00000,0.00006,0.00018
64.01000,1.98000,0.99977,0.00000,0.00000,0.00006,0.00017
64.21000,1.98000,0.99979,0.00000,0.00000,0.00005,0.00016
64.41000,1.98000,0.99980,0.00000,0.00000,0.00004,0.00015
64.61000,1.98000,0.99983,0.00000,0.00000,0.00003,0.00014
64.81000,1.98000,0.99985,0.00000,0.00000,0.00002,0.00013
65.01000,1.98000,0.99986,0.00000,0.00000,0.00002,0.00013
65.21000,1.98000,0.99986,0.00000,0.00000,0.00002,0.00013
65.41000,1.98000,0.99984,0.00000,0.00000,0.00002,0.00014
65.61000,1.98000,0.99981,0.00000,0.00000,0.00003,0.00016
65.81000,1.98000,0.99977,0.00000,0.00000,0.00004,0.00019
66.01000,1.98000,0.99975,0.00000,0.00000,0.00005,0.00020
66.21000,1.98000,0.99975,0.00000,0.00000,0.00005,0.00020
66.41000,1.98000,0.99974,0.00000,0.00000,0.00005,0.00021
66.61000,1.98000,0.99973,0.00000,0.00000,0.00006,0.00022
66.81000,1.98000,0.99964,0.00000,0.00000,0.00010,0.00025
67.01000,1.98000,0.99935,0.00001,0.00000,0.00030,0.00034
67.21000,1.98000,0.99892,0.00002,0.00000,0.00065,0.00041
67.41000,1.98000,0.99912,0.00001,0.00000,0.00042,0.00045
67.61000,1.98000,0.99928,0.00001,0.00000,0.00024,0.00047
67.81000,1.98000,0.99932,0.00001,0.00000,0.00018,0.00049
68.01000,1.98000,0.99935,0.00001,0.00000,0.00016,0.00049
68.21000,1.98000,0.99942,0.00000,0.00000,0.00013,0.00044
68.41000,1.98000,0.99957,0.00000,0.00000,0.00008,0.00035
68.61000,1.98000,0.99970,0.00000,0.00000,0.00003,0.00027
68.81000,1.98000,0.99975,0.00000,0.00000,0.00003,0.00023
69.01000,1.98000,0.99977,0.00000,0.00000,0.00004,0.00020
69.21000,1.98000,0.99972,0.00000,0.00000,0.00006,0.00022
69.41000,1.98000,0.99975,0.00000,0.00000,0.00006,0.00019
69.61000,1.98000,0.99976,0.00000,0.00000,0.00007,0.00017
69.81000,1.98000,0.99975,0.00000,0.00000,0.00007,0.00018
70.01000,1.98000,0.99975,0.00000,0.00000,0.00007,0.00018
70.21000,1.98000,0.99976,0.00000,0.00000,0.00007,0.00017
70.41000,1.98000,0.99976,0.00000,0.00000,0.00006,0.00017
70.61000,1.98000,0.99981,0.00000,0.00000,0.00005,0.00014
70.81000,1.98000,0.99987,0.00000,0.00000,0.00003,0.00010
71.01000,1.98000,0.99986,0.00000,0.00000,0.00004,0.00010
71.21000,1.98000,0.99982,0.00001,0.00000,0.00006,0.00011
71.41000,1.98000,0.99930,0.00007,0.00000,0.00040,0.00024
71.61000,1.98000,0.99113,0.00054,0.00000,0.00679,0.00154
71.81000,1.98000,0.78315,0.00581,0.00011,0.19654,0.01438
72.01000,1.98000,0.81232,0.00175,0.00027,0.17176,0.01390
72.21000,1.98000,0.98395,0.00080,0.00012,0.01127,0.00386
72.41000,1.98000,0.99793,0.00015,0.00059,0.00040,0.00092
72.61000,1.98000,0.99659,0.00010,0.00092,0.00040,0.00199
72.81000,1.98000,0.99814,0.00003,0.00018,0.00016,0.00150
73.01000,1.98000,0.99965,0.00000,0.00000,0.00003,0.00031
73.21000,1.98000,0.99975,0.00000,0.00000,0.00003,0.00022
73.41000,1.98000,0.99978,0.00000,0.00000,0.00003,0.00019
73.61000,1.98000,0.99976,0.00000,0.00000,0.00004,0.00020
73.81000,1.98000,0.99977,0.00000,0.00000,0.00004,0.00019
74.01000,1.98000,0.99975,0.00000,0.00000,0.00005,0.00019
74.21000,1.98000,0.99973,0.00000,0.00000,0.00006,0.00021
74.41000,1.98000,0.99976,0.00000,0.00000,0.00005,0.00019
74.61000,1.98000,0.99976,0.00000,0.00000,0.00005,0.00018
74.81000,1.98000,0.99976,0.00000,0.00000,0.00006,0.00018
75.01000,1.98000,0.99975,0.00000,0.00000,0.00006,0.00018
75.21000,1.98000,0.99977,0.00000,0.00000,0.00006,0.00017
75.41000,1.98000,0.99976,0.00000,0.00000,0.00006,0.00018
75.61000,1.98000,0.99976,0.00000,0.00000,0.00006,0.00018
75.81000,1.98000,0.99976,0.00000,0.00000,0.00006,0.00018
76.01000,1.98000,0.99976,0.00000,0.00000,0.00006,0.00017
76.21000,1.98000,0.99977,0.00000,0.00000,0.00006,0.00017
76.41000,1.98000,0.99976,0.00000,0.00000,0.00006,0.00018
76.61000,1.98000,0.99977,0.00000,0.00000,0.00006,0.00017
76.81000,1.98000,0.99977,0.00000,0.00000,0.00006,0.00017
77.01000,1.98000,0.99979,0.00000,0.00000,0.00005,0.00016
77.21000,1.98000,0.99986,0.00000,0.00000,0.00003,0.00011
77.41000,1.98000,0.99969,0.00000,0.00000,0.00007,0.00024
77.61000,1.98000,0.99915,0.00001,0.00000,0.00021,0.00063
77.81000,1.98000,0.99816,0.00005,0.00000,0.00044,0.00135
78.01000,1.98000,0.99248,0.00013,0.00000,0.00096,0.00644
78.21000,1.98000,0.94104,0.00040,0.00001,0.00759,0.05095
78.41000,1.98000,0.91700,0.00097,0.00007,0.02798,0.05399
78.61000,1.98000,0.87656,0.00233,0.00063,0.05533,0.06516
78.81000,1.98000,0.97972,0.00082,0.00081,0.00359,0.01507
79.01000,1.98000,0.99495,0.00008,0.00059,0.00121,0.00318
79.21000,1.98000,0.99817,0.00001,0.00063,0.00031,0.00088
79.41000,1.98000,0.99853,0.00000,0.00053,0.00008,0.00086
79.61000,1.98000,0.99940,0.00000,0.00002,0.00003,0.00055
79.81000,1.98000,0.99975,0.00000,0.00000,0.00003,0.00022
80.01000,1.98000,0.99977,0.00000,0.00000,0.00003,0.00019
80.21000,1.98000,0.99978,0.00000,0.00000,0.00004,0.00018
80.41000,1.98000,0.99975,0.00000,0.00000,0.00005,0.00019
80.61000,1.98000,0.99978,0.00000,0.00000,0.00005,0.00018
80.81000,1.98000,0.99979,0.00000,0.00000,0.00004,0.00017
81.01000,1.98000,0.99989,0.00000,0.00000,0.00002,0.00010
81.21000,1.98000,0.99992,0.00000,0.00000,0.00001,0.00007
81.41000,1.98000,0.99990,0.00000,0.00000,0.00001,0.00009
81.61000,1.98000,0.99980,0.00000,0.00000,0.00005,0.00015
81.81000,1.98000,0.99972,0.00000,0.00000,0.00006,0.00021
82.01000,1.98000,0.99978,0.00000,0.00000,0.00003,0.00019
82.21000,1.98000,0.99994,0.00000,0.00000,0.00002,0.00004
82.41000,1.98000,0.99998,0.00000,0.00000,0.00001,0.00001
82.61000,1.98000,1.00000,0.00000,0.00000,0.00000,0.00000
82.81000,1.98000,0.99998,0.00000,0.00000,0.00000,0.00001
83.01000,1.98000,0.99715,0.00000,0.00005,0.00151,0.00129
83.21000,1.98000,0.99162,0.00001,0.00020,0.00469,0.00348
83.41000,1.98000,0.99923,0.00001,0.00052,0.00008,0.00017
83.61000,1.98000,0.99945,0.00000,0.00052,0.00000,0.00003
83.81000,1.98000,0.99983,0.00000,0.00016,0.00000,0.00001
84.01000,1.98000,0.99997,0.00000,0.00002,0.00000,0.00001
84.21000,1.98000,0.99999,0.00000,0.00001,0.00000,0.00001
84.41000,1.98000,0.99999,0.00000,0.00000,0.00000,0.00000
84.61000,1.98000,0.99999,0.00000,0.00000,0.00000,0.00001
84.81000,1.98000,0.99999,0.00000,0.00000,0.00000,0.00001
85.01000,1.98000,0.99993,0.00000,0.00000,0.00002,0.00005
85.21000,1.98000,0.99898,0.00000,0.00001,0.00065,0.00037
85.41000,1.98000,0.99982,0.00000,0.00002,0.00010,0.00006
85.61000,1.98000,0.99999,0.00000,0.00001,0.00000,0.00000
85.81000,1.98000,0.99998,0.00000,0.00001,0.00000,0.00000
86.01000,1.98000,0.99951,0.00001,0.00042,0.00004,0.00003
86.21000,1.98000,0.99680,0.00006,0.00265,0.00041,0.00008
86.41000,1.98000,0.99884,0.00004,0.00099,0.00011,0.00003
86.61000,1.98000,0.99897,0.00003,0.00088,0.00007,0.00004
86.81000,1.98000,0.99927,0.00002,0.00061,0.00004,0.00006
87.01000,1.98000,0.99991,0.00000,0.00006,0.00000,0.00002
87.21000,1.98000,0.99996,0.00001,0.00000,0.00000,0.00002
87.41000,1.98000,0.99993,0.00004,0.00000,0.00000,0.00003
87.61000,1.98000,0.99989,0.00006,0.00000,0.00000,0.00005
87.81000,1.98000,0.99983,0.00003,0.00000,0.00000,0.00013
88.01000,1.98000,0.99860,0.00004,0.00000,0.00004,0.00132
88.21000,1.98000,0.99957,0.00001,0.00000,0.00001,0.00041
88.41000,1.98000,0.99989,0.00002,0.00000,0.00000,0.00009
88.61000,1.98000,0.99998,0.00001,0.00001,0.00000,0.00000
88.81000,1.98000,0.99971,0.00003,0.00022,0.00002,0.00001
89.01000,1.98000,0.99861,0.00004,0.00124,0.00008,0.00004
89.21000,1.98000,0.99688,0.00001,0.00297,0.00006,0.00009
89.41000,1.98000,0.99759,0.00000,0.00229,0.00002,0.00010
89.61000,1.98000,0.99924,0.00000,0.00069,0.00001,0.00006
89.81000,1.98000,0.99990,0.00000,0.00005,0.00000,0.00005
90.01000,1.98000,0.99987,0.00000,0.00000,0.00001,0.00012
90.21000,1.98000,0.99974,0.00000,0.00000,0.00006,0.00020
90.41000,1.98000,0.99963,0.00000,0.00000,0.00009,0.00029
90.61000,1.98000,0.99978,0.00000,0.00000,0.00007,0.00015
90.81000,1.98000,0.99977,0.00000,0.00000,0.00009,0.00013
91.01000,1.98000,0.99962,0.00000,0.00000,0.00019,0.00019
91.21000,1.98000,0.99946,0.00000,0.00000,0.00028,0.00025
91.41000,1.98000,0.99958,0.00000,0.00000,0.00017,0.00025
91.61000,1.98000,0.99955,0.00000,0.00000,0.00016,0.00028
91.81000,1.98000,0.99967,0.00000,0.00000,0.00007,0.00026
92.01000,1.98000,0.99968,0.00000,0.00000,0.00007,0.00025
92.21000,1.98000,0.99968,0.00000,0.00000,0.00009,0.00023
92.41000,1.98000,0.99971,0.00000,0.00000,0.00009,0.00020
92.61000,1.98000,0.99971,0.00000,0.00000,0.00010,0.00019
92.81000,1.98000,0.99970,0.00000,0.00000,0.00011,0.00019
93.01000,1.98000,0.99970,0.00000,0.00000,0.00011,0.00019
93.21000,1.98000,0.99970,0.00000,0.00000,0.00011,0.00019
93.41000,1.98000,0.99971,0.00000,0.00000,0.00010,0.00019
93.61000,1.98000,0.99970,0.00000,0.00000,0.00011,0.00019
93.81000,1.98000,0.99970,0.00000,0.00000,0.00011,0.00019
94.01000,1.98000,0.99971,0.00000,0.00000,0.00011,0.00018
94.21000,1.98000,0.99975,0.00000,0.00000,0.00008,0.00017
94.41000,1.98000,0.99980,0.00000,0.00000,0.00004,0.00016
94.61000,1.98000,0.99982,0.00000,0.00000,0.00002,0.00015
94.81000,1.98000,0.99977,0.00000,0.00000,0.00004,0.00018
95.01000,1.98000,0.99973,0.00000,0.00000,0.00008,0.00019
95.21000,1.98000,0.99962,0.00000,0.00000,0.00016,0.00021
95.41000,1.98000,0.99954,0.00000,0.00000,0.00020,0.00026
95.61000,1.98000,0.99962,0.00000,0.00000,0.00014,0.00023
95.81000,1.98000,0.99973,0.00000,0.00000,0.00007,0.00020
96.01000,1.98000,0.99972,0.00000,0.00000,0.00006,0.00022
96.21000,1.98000,0.99972,0.00000,0.00000,0.00006,0.00022
96.41000,1.98000,0.99975,0.00000,0.00000,0.00005,0.00020
96.61000,1.98000,0.99981,0.00000,0.00000,0.00004,0.00015
96.81000,1.98000,0.99985,0.00000,0.00000,0.00002,0.00012
97.01000,1.98000,0.99982,0.00000,0.00000,0.00002,0.00016
97.21000,1.98000,0.99957,0.00001,0.00000,0.00009,0.00033
97.41000,1.98000,0.99884,0.00005,0.00000,0.00060,0.00051
97.61000,1.98000,0.99591,0.00015,0.00001,0.00293,0.00100
97.81000,1.98000,0.99536,0.00006,0.00001,0.00285,0.00172
98.01000,1.98000,0.99764,0.00002,0.00001,0.00087,0.00146
98.21000,1.98000,0.99942,0.00000,0.00002,0.00009,0.00046
98.41000,1.98000,0.99986,0.00000,0.00001,0.00000,0.00013
98.61000,1.98000,0.99991,0.00000,0.00000,0.00000,0.00009
98.81000,1.98000,0.99968,0.00000,0.00000,0.00003,0.00029
99.01000,1.98000,0.99783,0.00001,0.00000,0.00082,0.00135
99.21000,1.98000,0.99614,0.00001,0.00001,0.00318,0.00067
99.41000,1.98000,0.99782,0.00000,0.00013,0.00144,0.00061
99.61000,1.98000,0.99922,0.00000,0.00004,0.00035,0.00039
99.81000,1.98000,0.99987,0.00000,0.00005,0.00001,0.00007
100.01000,1.98000,0.99992,0.00000,0.00001,0.00000,0.00007
100.21000,1.98000,0.99969,0.00000,0.00001,0.00004,0.00027
100.41000,1.98000,0.99974,0.00000,0.00000,0.00007,0.00019
100.61000,1.98000,0.99974,0.00000,0.00000,0.00007,0.00018
100.81000,1.98000,0.99974,0.00000,0.00000,0.00008,0.00018
101.01000,1.98000,0.99974,0.00000,0.00000,0.00008,0.00018
101.21000,1.98000,0.99974,0.00000,0.00000,0.00008,0.00018
101.41000,1.98000,0.99974,0.00000,0.00000,0.00008,0.00018
101.61000,1.98000,0.99974,0.00000,0.00000,0.00008,0.00018
101.81000,1.98000,0.99974,0.00000,0.00000,0.00008,0.00018
102.01000,1.98000,0.99975,0.00000,0.00000,0.00007,0.00018
102.21000,1.98000,0.99976,0.00000,0.00000,0.00006,0.00017
102.41000,1.98000,0.99977,0.00000,0.00000,0.00006,0.00017
102.61000,1.98000,0.99977,0.00000,0.00000,0.00006,0.00017
102.81000,1.98000,0.99977,0.00000,0.00000,0.00006,0.00017
103.01000,1.98000,0.99974,0.00000,0.00000,0.00007,0.00019
103.21000,1.98000,0.99980,0.00000,0.00000,0.00005,0.00014
103.41000,1.98000,0.99982,0.00000,0.00000,0.00006,0.00012
103.61000,1.98000,0.99955,0.00000,0.00000,0.00027,0.00017
103.81000,1.98000,0.99886,0.00001,0.00000,0.00082,0.00031
104.01000,1.98000,0.99862,0.00001,0.00000,0.00104,0.00032
104.21000,1.98000,0.99847,0.00002,0.00001,0.00104,0.00046
104.41000,1.98000,0.99941,0.00000,0.00000,0.00015,0.00043
104.61000,1.98000,0.99964,0.00000,0.00000,0.00005,0.00031
104.81000,1.98000,0.99968,0.00000,0.00000,0.00008,0.00023
105.01000,1.98000,0.99917,0.00003,0.00000,0.00041,0.00039
105.21000,1.98000,0.99826,0.00005,0.00000,0.00125,0.00043
105.41000,1.98000,0.99845,0.00004,0.00000,0.00105,0.00045
105.61000,1.98000,0.99917,0.00003,0.00000,0.00034,0.00046
105.81000,1.98000,0.99949,0.00002,0.00000,0.00015,0.00034
106.01000,1.98000,0.99993,0.00000,0.00000,0.00000,0.00006
106.21000,1.98000,0.99997,0.00000,0.00000,0.00000,0.00003
106.41000,1.98000,0.99996,0.00002,0.00000,0.00000,0.00002
106.61000,1.98000,0.99998,0.00001,0.00000,0.00000,0.00001
106.81000,1.98000,0.99996,0.00001,0.00000,0.00001,0.00002
107.01000,1.98000,0.99984,0.00002,0.00000,0.00003,0.00010
107.21000,1.98000,0.99984,0.00002,0.00000,0.00010,0.00004
107.41000,1.98000,0.99932,0.00009,0.00003,0.00048,0.00008
107.61000,1.98000,0.99961,0.00009,0.00024,0.00005,0.00001
107.81000,1.98000,0.99908,0.00005,0.00074,0.00009,0.00003
108.01000,1.98000,0.99794,0.00002,0.00188,0.00010,0.00007
108.21000,1.98000,0.99854,0.00000,0.00132,0.00004,0.00009
108.41000,1.98000,0.99984,0.00000,0.00011,0.00001,0.00004
108.61000,1.98000,0.99978,0.00000,0.00002,0.00003,0.00016
108.81000,1.98000,0.99967,0.00000,0.00000,0.00006,0.00026
109.01000,1.98000,0.99959,0.00001,0.00000,0.00011,0.00029
109.21000,1.98000,0.99959,0.00001,0.00000,0.00011,0.00028
109.41000,1.98000,0.99900,0.00004,0.00000,0.00041,0.00055
109.61000,1.98000,0.99911,0.00005,0.00000,0.00036,0.00047
109.81000,1.98000,0.99959,0.00005,0.00000,0.00015,0.00020
110.01000,1.98000,0.99950,0.00015,0.00000,0.00015,0.00020
110.21000,1.98000,0.99892,0.00023,0.00000,0.00044,0.00042
110.41000,1.98000,0.99861,0.00023,0.00000,0.00059,0.00057
110.61000,1.98000,0.99843,0.00030,0.00001,0.00088,0.00037
110.81000,1.98000,0.99345,0.00142,0.00002,0.00418,0.00094
111.01000,1.98000,0.92749,0.01588,0.00014,0.05115,0.00534
111.21000,1.98000,0.96372,0.01295,0.00013,0.01991,0.00328
111.41000,1.98000,0.99371,0.00327,0.00012,0.00151,0.00139
111.61000,1.98000,0.99363,0.00264,0.00006,0.00271,0.00096
111.81000,1.98000,0.99238,0.00092,0.00005,0.00480,0.00186
112.01000,1.98000,0.99709,0.00022,0.00004,0.00126,0.00140
112.21000,1.98000,0.99906,0.00004,0.00002,0.00033,0.00055
112.41000,1.98000,0.99942,0.00002,0.00001,0.00015,0.00040
112.61000,1.98000,0.99953,0.00001,0.00000,0.00013,0.00033
112.81000,1.98000,0.99935,0.00002,0.00000,0.00027,0.00036
113.01000,1.98000,0.99923,0.00002,0.00000,0.00033,0.00042
113.21000,1.98000,0.99907,0.00002,0.00000,0.00044,0.00046
113.41000,1.98000,0.99940,0.00001,0.00000,0.00016,0.00043
113.61000,1.98000,0.99949,0.00000,0.00000,0.00010,0.00040
113.81000,1.98000,0.99969,0.00000,0.00000,0.00005,0.00026
114.01000,1.98000,0.99976,0.00000,0.00000,0.00003,0.00021
114.21000,1.98000,0.99981,0.00000,0.00000,0.00001,0.00018
114.41000,1.98000,0.99976,0.00000,0.00000,0.00001,0.00023
114.61000,1.98000,0.99925,0.00000,0.00000,0.00001,0.00074
114.81000,1.98000,0.99832,0.00001,0.00000,0.00003,0.00164
115.01000,1.98000,0.99338,0.00002,0.00000,0.00018,0.00643
115.21000,1.98000,0.99802,0.00001,0.00000,0.00007,0.00190
115.41000,1.98000,0.99957,0.00001,0.00000,0.00001,0.00040
115.61000,1.98000,0.99996,0.00001,0.00000,0.00000,0.00002
115.81000,1.98000,0.99990,0.00003,0.00002,0.00001,0.00004
116.01000,1.98000,0.99949,0.00017,0.00009,0.00009,0.00015
116.21000,1.98000,0.99756,0.00069,0.00063,0.00062,0.00049
116.41000,1.98000,0.98854,0.00721,0.00087,0.00213,0.00126
116.61000,1.98000,0.94115,0.03580,0.00261,0.01313,0.00732
116.81000,1.98000,0.94032,0.04470,0.00539,0.00310,0.00649
117.01000,1.98000,0.93670,0.04998,0.00286,0.00414,0.00632
117.21000,1.98000,0.94157,0.03085,0.00140,0.01344,0.01275
117.41000,1.98000,0.98335,0.00742,0.00033,0.00488,0.00401
117.61000,1.98000,0.99326,0.00101,0.00022,0.00185,0.00368
117.81000,1.98000,0.99720,0.00029,0.00010,0.00094,0.00148
118.01000,1.98000,0.99933,0.00005,0.00001,0.00014,0.00047
118.21000,1.98000,0.99941,0.00001,0.00001,0.00016,0.00042
118.41000,1.98000,0.99935,0.00001,0.00000,0.00020,0.00043
118.61000,1.98000,0.99944,0.00001,0.00000,0.00016,0.00039
118.81000,1.98000,0.99927,0.00001,0.00000,0.00025,0.00048
119.01000,1.98000,0.99954,0.00000,0.00000,0.00011,0.00035
119.21000,1.98000,0.99967,0.00000,0.00000,0.00005,0.00028
119.41000,1.98000,0.99972,0.00000,0.00000,0.00004,0.00024
119.61000,1.98000,0.99973,0.00000,0.00000,0.00004,0.00024
119.81000,1.98000,0.99975,0.00000,0.00000,0.00005,0.00020
120.01000,1.98000,0.99973,0.00000,0.00000,0.00006,0.00020
120.21000,1.98000,0.99975,0.00000,0.00000,0.00007,0.00018
120.41000,1.98000,0.99974,0.00000,0.00000,0.00007,0.00019
