Time (seconds), Duration (seconds),pred_(unlabeled),pred_On,pred_Off,pred_Dimmer,pred_Lighter
0.01000,1.98000,0.91766,0.05575,0.00003,0.02476,0.00180
0.21000,1.98000,0.86866,0.11241,0.00005,0.01731,0.00158
0.41000,1.98000,0.98461,0.01497,0.00012,0.00006,0.00024
0.61000,1.98000,0.99152,0.00836,0.00002,0.00003,0.00007
0.81000,1.98000,0.98977,0.01003,0.00001,0.00014,0.00006
1.01000,1.98000,0.99196,0.00627,0.00000,0.00157,0.00020
1.21000,1.98000,0.82459,0.01158,0.00036,0.14370,0.01977
1.41000,1.98000,0.95717,0.00160,0.00020,0.02652,0.01452
1.61000,1.98000,0.99850,0.00012,0.00007,0.00078,0.00054
1.81000,1.98000,0.99884,0.00017,0.00010,0.00025,0.00064
2.01000,1.98000,0.99948,0.00001,0.00003,0.00011,0.00037
2.21000,1.98000,0.99950,0.00001,0.00001,0.00012,0.00036
2.41000,1.98000,0.99964,0.00000,0.00000,0.00006,0.00029
2.61000,1.98000,0.99967,0.00000,0.00000,0.00006,0.00026
2.81000,1.98000,0.99956,0.00000,0.00000,0.00010,0.00034
3.01000,1.98000,0.99961,0.00000,0.00000,0.00013,0.00026
3.21000,1.98000,0.99959,0.00000,0.00000,0.00015,0.00025
3.41000,1.98000,0.99938,0.00000,0.00000,0.00026,0.00036
3.61000,1.98000,0.99931,0.00001,0.00000,0.00028,0.00040
3.81000,1.98000,0.99946,0.00001,0.00000,0.00018,0.00035
4.01000,1.98000,0.99960,0.00000,0.00000,0.00007,0.00033
4.21000,1.98000,0.99959,0.00000,0.00000,0.00006,0.00034
4.41000,1.98000,0.99970,0.00000,0.00000,0.00006,0.00023
4.61000,1.98000,0.99957,0.00001,0.00000,0.00014,0.00029
4.81000,1.98000,0.99961,0.00000,0.00000,0.00013,0.00026
5.01000,1.98000,0.99944,0.00000,0.00000,0.00020,0.00035
5.21000,1.98000,0.99942,0.00000,0.00000,0.00021,0.00036
5.41000,1.98000,0.99941,0.00001,0.00000,0.00019,0.00040
5.61000,1.98000,0.99967,0.00000,0.00000,0.00007,0.00026
5.81000,1.98000,0.99977,0.00000,0.00000,0.00003,0.00020
6.01000,1.98000,0.99986,0.00000,0.00000,0.00001,0.00012
6.21000,1.98000,0.99982,0.00001,0.00000,0.00002,0.00015
6.41000,1.98000,0.99949,0.00004,0.00000,0.00020,0.00027
6.61000,1.98000,0.99071,0.00033,0.00001,0.00646,0.00249
6.81000,1.98000,0.96758,0.00024,0.00006,0.02231,0.00981
7.01000,1.98000,0.99505,0.00002,0.00003,0.00226,0.00265
7.21000,1.98000,0.99875,0.00000,0.00003,0.00029,0.00093
7.41000,1.98000,0.99979,0.00000,0.00006,0.00000,0.00015
7.61000,1.98000,0.99978,0.00000,0.00001,0.00001,0.00020
7.81000,1.98000,0.99966,0.00000,0.00000,0.00006,0.00027
8.01000,1.98000,0.99968,0.00000,0.00000,0.00009,0.00023
8.21000,1.98000,0.99972,0.00000,0.00000,0.00006,0.00021
8.41000,1.98000,0.99970,0.00000,0.00000,0.00006,0.00024
8.61000,1.98000,0.99966,0.00000,0.00000,0.00008,0.00026
8.81000,1.98000,0.99946,0.00000,0.00000,0.00019,0.00034
9.01000,1.98000,0.99946,0.00000,0.00000,0.00023,0.00030
9.21000,1.98000,0.99962,0.00000,0.00000,0.00011,0.00026
9.41000,1.98000,0.99968,0.00000,0.00000,0.00006,0.00026
9.61000,1.98000,0.99971,0.00000,0.00000,0.00004,0.00025
9.81000,1.98000,0.99981,0.00000,0.00000,0.00002,0.00017
10.01000,1.98000,0.99993,0.00000,0.00000,0.00001,0.00007
10.21000,1.98000,0.99993,0.00000,0.00000,0.00000,0.00006
10.41000,1.98000,0.99994,0.00000,0.00000,0.00001,0.00005
10.61000,1.98000,0.99995,0.00000,0.00000,0.00001,0.00004
10.81000,1.98000,0.99978,0.00000,0.00000,0.00001,0.00020
11.01000,1.98000,0.99848,0.00003,0.00001,0.00025,0.00124
11.21000,1.98000,0.99862,0.00018,0.00004,0.00087,0.00029
11.41000,1.98000,0.98744,0.00112,0.00940,0.00165,0.00038
11.61000,1.98000,0.01155,0.00019,0.98782,0.00025,0.00019
11.81000,1.98000,0.99837,0.00058,0.00082,0.00002,0.00020
12.01000,1.98000,0.99962,0.00030,0.00002,0.00001,0.00005
12.21000,1.98000,0.99984,0.00013,0.00001,0.00000,0.00002
12.41000,1.98000,0.99987,0.00011,0.00000,0.00000,0.00001
12.61000,1.98000,0.99920,0.00065,0.00000,0.00007,0.00009
12.81000,1.98000,0.99256,0.00119,0.00000,0.00203,0.00422
13.01000,1.98000,0.98739,0.00519,0.00000,0.00406,0.00336
13.21000,1.98000,0.98900,0.00716,0.00003,0.00139,0.00242
13.41000,1.98000,0.99542,0.00366,0.00003,0.00011,0.00077
13.61000,1.98000,0.99937,0.00037,0.00000,0.00000,0.00026
13.81000,1.98000,0.99959,0.00013,0.00000,0.00000,0.00027
14.01000,1.98000,0.99973,0.00008,0.00000,0.00000,0.00019
14.21000,1.98000,0.99959,0.00020,0.00000,0.00001,0.00020
14.41000,1.98000,0.99990,0.00001,0.00000,0.00000,0.00009
14.61000,1.98000,0.99996,0.00002,0.00002,0.00000,0.00000
14.81000,1.98000,0.99989,0.00003,0.00008,0.00000,0.00000
15.01000,1.98000,0.99983,0.00009,0.00009,0.00000,0.00000
15.21000,1.98000,0.56932,0.00071,0.42947,0.00034,0.00016
15.41000,1.98000,0.00783,0.00003,0.99198,0.00010,0.00006
15.61000,1.98000,0.99885,0.00021,0.00080,0.00002,0.00013
15.81000,1.98000,0.99993,0.00004,0.00001,0.00000,0.00002
16.01000,1.98000,0.99994,0.00003,0.00000,0.00000,0.00002
16.21000,1.98000,0.99999,0.00000,0.00000,0.00000,0.00000
16.41000,1.98000,0.99994,0.00003,0.00000,0.00000,0.00002
16.61000,1.98000,0.99998,0.00000,0.00000,0.00000,0.00001
16.81000,1.98000,0.99992,0.00001,0.00000,0.00001,0.00005
17.01000,1.98000,0.99945,0.00002,0.00000,0.00008,0.00046
17.21000,1.98000,0.99918,0.00004,0.00000,0.00013,0.00065
17.41000,1.98000,0.99997,0.00001,0.00000,0.00001,0.00002
17.61000,1.98000,0.99999,0.00001,0.00000,0.00000,0.00000
17.81000,1.98000,0.99996,0.00002,0.00002,0.00000,0.00000
18.01000,1.98000,0.99929,0.00013,0.00057,0.00001,0.00001
18.21000,1.98000,0.99142,0.00282,0.00558,0.00011,0.00007
18.41000,1.98000,0.01062,0.00107,0.98783,0.00021,0.00026
18.61000,1.98000,0.98003,0.00472,0.01353,0.00009,0.00164
18.81000,1.98000,0.99792,0.00142,0.00032,0.00003,0.00031
19.01000,1.98000,0.99931,0.00047,0.00006,0.00001,0.00015
19.21000,1.98000,0.99947,0.00050,0.00001,0.00000,0.00002
19.41000,1.98000,0.99997,0.00000,0.00000,0.00000,0.00002
19.61000,1.98000,0.99998,0.00001,0.00000,0.00000,0.00001
19.81000,1.98000,0.99998,0.00000,0.00000,0.00000,0.00001
20.01000,1.98000,0.99947,0.00001,0.00000,0.00031,0.00021
20.21000,1.98000,0.99994,0.00000,0.00000,0.00003,0.00003
20.41000,1.98000,0.99998,0.00001,0.00000,0.00001,0.00000
20.61000,1.98000,0.99998,0.00001,0.00001,0.00000,0.00000
20.81000,1.98000,0.99991,0.00002,0.00006,0.00000,0.00000
21.01000,1.98000,0.98759,0.00018,0.01206,0.00004,0.00013
21.21000,1.98000,0.11152,0.00007,0.88611,0.00010,0.00221
21.41000,1.98000,0.76488,0.00019,0.23276,0.00002,0.00214
21.61000,1.98000,0.99961,0.00030,0.00001,0.00000,0.00008
21.81000,1.98000,0.99975,0.00017,0.00000,0.00000,0.00008
22.01000,1.98000,0.99994,0.00002,0.00000,0.00000,0.00004
22.21000,1.98000,0.99997,0.00001,0.00000,0.00000,0.00001
22.41000,1.98000,0.99998,0.00000,0.00000,0.00000,0.00001
22.61000,1.98000,0.99998,0.00000,0.00002,0.00000,0.00000
22.81000,1.98000,0.99997,0.00001,0.00002,0.00000,0.00000
23.01000,1.98000,0.99998,0.00000,0.00001,0.00000,0.00000
23.21000,1.98000,0.99999,0.00000,0.00001,0.00000,0.00000
23.41000,1.98000,0.99997,0.00001,0.00001,0.00000,0.00000
23.61000,1.98000,0.99992,0.00005,0.00003,0.00000,0.00000
23.81000,1.98000,0.99968,0.00024,0.00008,0.00000,0.00000
24.01000,1.98000,0.98729,0.00007,0.01264,0.00000,0.00001
24.21000,1.98000,0.98994,0.00032,0.00973,0.00000,0.00001
24.41000,1.98000,0.99780,0.00209,0.00010,0.00000,0.00001
24.61000,1.98000,0.99898,0.00101,0.00001,0.00000,0.00000
24.81000,1.98000,0.99976,0.00022,0.00002,0.00000,0.00000
25.01000,1.98000,0.99999,0.00001,0.00000,0.00000,0.00000
25.21000,1.98000,0.99999,0.00000,0.00000,0.00000,0.00000
25.41000,1.98000,0.99998,0.00000,0.00001,0.00000,0.00000
25.61000,1.98000,0.99999,0.00000,0.00000,0.00000,0.00000
25.81000,1.98000,1.00000,0.00000,0.00000,0.00000,0.00000
26.01000,1.98000,0.99999,0.00000,0.00001,0.00000,0.00000
26.21000,1.98000,0.99998,0.00001,0.00002,0.00000,0.00000
26.41000,1.98000,0.99995,0.00003,0.00003,0.00000,0.00000
26.61000,1.98000,0.99391,0.00009,0.00595,0.00003,0.00002
26.81000,1.98000,0.05243,0.00005,0.94679,0.00014,0.00059
27.01000,1.98000,0.98033,0.00004,0.01897,0.00000,0.00066
27.21000,1.98000,0.99971,0.00001,0.00004,0.00000,0.00024
27.41000,1.98000,0.99983,0.00000,0.00000,0.00000,0.00017
27.61000,1.98000,0.99994,0.00000,0.00000,0.00000,0.00006
27.81000,1.98000,0.99993,0.00000,0.00000,0.00000,0.00007
28.01000,1.98000,1.00000,0.00000,0.00000,0.00000,0.00000
28.21000,1.98000,1.00000,0.00000,0.00000,0.00000,0.00000
28.41000,1.98000,0.99977,0.00000,0.00001,0.00017,0.00005
28.61000,1.98000,0.99552,0.00001,0.00007,0.00353,0.00087
28.81000,1.98000,0.99999,0.00000,0.00001,0.00000,0.00000
29.01000,1.98000,0.99999,0.00000,0.00001,0.00000,0.00000
29.21000,1.98000,0.99998,0.00002,0.00001,0.00000,0.00000
29.41000,1.98000,0.99986,0.00007,0.00006,0.00000,0.00000
29.61000,1.98000,0.99303,0.00227,0.00454,0.00012,0.00005
29.81000,1.98000,0.01111,0.00162,0.98674,0.00029,0.00023
30.01000,1.98000,0.99491,0.00163,0.00313,0.00003,0.00030
30.21000,1.98000,0.99914,0.00073,0.00005,0.00001,0.00006
30.41000,1.98000,0.99970,0.00017,0.00004,0.00001,0.00007
30.61000,1.98000,0.99990,0.00005,0.00002,0.00000,0.00002
30.81000,1.98000,0.99989,0.00006,0.00000,0.00001,0.00004
31.01000,1.98000,0.99996,0.00000,0.00000,0.00000,0.00003
31.21000,1.98000,0.99998,0.00000,0.00000,0.00000,0.00002
31.41000,1.98000,0.99997,0.00001,0.00000,0.00000,0.00002
31.61000,1.98000,0.99921,0.00013,0.00000,0.00051,0.00015
31.81000,1.98000,0.99842,0.00023,0.00000,0.00076,0.00059
32.01000,1.98000,0.99894,0.00028,0.00005,0.00065,0.00007
32.21000,1.98000,0.99961,0.00020,0.00017,0.00001,0.00001
32.41000,1.98000,0.99249,0.00207,0.00527,0.00014,0.00003
32.61000,1.98000,0.98510,0.00034,0.01435,0.00015,0.00007
32.81000,1.98000,0.67216,0.00093,0.30514,0.00620,0.01558
33.01000,1.98000,0.99777,0.00012,0.00005,0.00040,0.00167
33.21000,1.98000,0.99982,0.00003,0.00000,0.00004,0.00011
33.41000,1.98000,0.99979,0.00001,0.00001,0.00002,0.00016
33.61000,1.98000,0.99982,0.00001,0.00003,0.00003,0.00011
33.81000,1.98000,0.99979,0.00000,0.00000,0.00003,0.00017
34.01000,1.98000,0.99993,0.00000,0.00000,0.00001,0.00006
34.21000,1.98000,0.99996,0.00000,0.00000,0.00000,0.00003
34.41000,1.98000,0.99998,0.00000,0.00000,0.00000,0.00001
34.61000,1.98000,0.99998,0.00000,0.00000,0.00001,0.00001
34.81000,1.98000,0.99966,0.00002,0.00000,0.00016,0.00017
35.01000,1.98000,0.99869,0.00002,0.00000,0.00037,0.00092
35.21000,1.98000,0.99982,0.00009,0.00000,0.00005,0.00004
35.41000,1.98000,0.99998,0.00001,0.00000,0.00000,0.00000
35.61000,1.98000,0.99984,0.00001,0.00014,0.00000,0.00000
35.81000,1.98000,0.99044,0.00025,0.00919,0.00009,0.00003
36.01000,1.98000,0.59559,0.00181,0.40021,0.00210,0.00030
36.21000,1.98000,0.91078,0.00171,0.08561,0.00040,0.00150
36.41000,1.98000,0.99956,0.00033,0.00004,0.00001,0.00006
36.61000,1.98000,0.99952,0.00046,0.00000,0.00000,0.00002
36.81000,1.98000,0.99997,0.00003,0.00000,0.00000,0.00001
37.01000,1.98000,0.99976,0.00024,0.00000,0.00000,0.00001
37.21000,1.98000,0.99994,0.00003,0.00000,0.00001,0.00003
37.41000,1.98000,0.99370,0.00108,0.00001,0.00328,0.00193
37.61000,1.98000,0.99954,0.00014,0.00000,0.00017,0.00014
37.81000,1.98000,0.99948,0.00047,0.00001,0.00002,0.00002
38.01000,1.98000,0.99970,0.00025,0.00005,0.00000,0.00000
38.21000,1.98000,0.99963,0.00020,0.00016,0.00001,0.00001
38.41000,1.98000,0.95157,0.00216,0.04578,0.00029,0.00020
38.61000,1.98000,0.05962,0.00263,0.93303,0.00354,0.00118
38.81000,1.98000,0.99759,0.00183,0.00011,0.00025,0.00022
39.01000,1.98000,0.99956,0.00039,0.00000,0.00001,0.00004
39.21000,1.98000,0.99923,0.00072,0.00001,0.00001,0.00002
39.41000,1.98000,0.99982,0.00017,0.00000,0.00000,0.00001
39.61000,1.98000,0.99955,0.00037,0.00000,0.00002,0.00007
39.81000,1.98000,0.99976,0.00009,0.00000,0.00004,0.00011
40.01000,1.98000,0.99977,0.00008,0.00000,0.00007,0.00008
40.21000,1.98000,0.99987,0.00012,0.00000,0.00000,0.00001
40.41000,1.98000,0.99952,0.00015,0.00001,0.00002,0.00030
40.61000,1.98000,0.99983,0.00014,0.00002,0.00001,0.00000
40.81000,1.98000,0.99983,0.00015,0.00002,0.00000,0.00000
41.01000,1.98000,0.99901,0.00018,0.00079,0.00001,0.00001
41.21000,1.98000,0.01634,0.00003,0.98311,0.00002,0.00050
41.41000,1.98000,0.98200,0.00021,0.01592,0.00001,0.00186
41.61000,1.98000,0.99927,0.00008,0.00006,0.00000,0.00059
41.81000,1.98000,0.99976,0.00001,0.00000,0.00000,0.00023
42.01000,1.98000,0.99993,0.00000,0.00000,0.00000,0.00007
42.21000,1.98000,0.99994,0.00000,0.00000,0.00000,0.00005
42.41000,1.98000,1.00000,0.00000,0.00000,0.00000,0.00000
42.61000,1.98000,1.00000,0.00000,0.00000,0.00000,0.00000
42.81000,1.98000,1.00000,0.00000,0.00000,0.00000,0.00000
43.01000,1.98000,1.00000,0.00000,0.00000,0.00000,0.00000
43.21000,1.98000,0.99974,0.00000,0.00015,0.00006,0.00004
43.41000,1.98000,0.99991,0.00005,0.00000,0.00003,0.00001
43.61000,1.98000,0.99957,0.00039,0.00001,0.00002,0.00001
43.81000,1.98000,0.99505,0.00321,0.00163,0.00009,0.00002
44.01000,1.98000,0.58678,0.00579,0.40567,0.00126,0.00051
44.21000,1.98000,0.21644,0.00018,0.78216,0.00015,0.00108
44.41000,1.98000,0.99986,0.00004,0.00006,0.00000,0.00003
44.61000,1.98000,0.99994,0.00001,0.00000,0.00000,0.00005
44.81000,1.98000,0.99998,0.00000,0.00000,0.00000,0.00002
45.01000,1.98000,0.99998,0.00000,0.00000,0.00000,0.00002
45.21000,1.98000,0.99996,0.00000,0.00000,0.00000,0.00003
45.41000,1.98000,0.99999,0.00000,0.00000,0.00000,0.00001
45.61000,1.98000,0.99999,0.00000,0.00000,0.00000,0.00000
45.81000,1.98000,0.99991,0.00001,0.00000,0.00006,0.00002
46.01000,1.98000,0.99981,0.00001,0.00000,0.00013,0.00005
46.21000,1.98000,0.99992,0.00004,0.00000,0.00001,0.00004
46.41000,1.98000,0.99957,0.00040,0.00000,0.00001,0.00002
46.61000,1.98000,0.99926,0.00059,0.00014,0.00001,0.00001
46.81000,1.98000,0.98391,0.00356,0.01232,0.00014,0.00006
47.01000,1.98000,0.00550,0.00008,0.99428,0.00006,0.00008
47.21000,1.98000,0.91704,0.00086,0.08152,0.00015,0.00044
47.41000,1.98000,0.99985,0.00010,0.00001,0.00000,0.00003
47.61000,1.98000,0.99994,0.00002,0.00001,0.00000,0.00003
47.81000,1.98000,0.99997,0.00000,0.00001,0.00000,0.00002
48.01000,1.98000,0.99993,0.00001,0.00000,0.00001,0.00005
48.21000,1.98000,0.99988,0.00000,0.00000,0.00002,0.00010
48.41000,1.98000,0.99988,0.00001,0.00000,0.00003,0.00009
48.61000,1.98000,0.99997,0.00000,0.00000,0.00000,0.00002
48.81000,1.98000,0.99998,0.00000,0.00000,0.00000,0.00001
49.01000,1.98000,0.99997,0.00002,0.00000,0.00000,0.00001
49.21000,1.98000,0.99930,0.00027,0.00000,0.00015,0.00028
49.41000,1.98000,0.99980,0.00012,0.00000,0.00003,0.00004
49.61000,1.98000,0.99961,0.00023,0.00000,0.00001,0.00016
49.81000,1.98000,0.99945,0.00055,0.00000,0.00000,0.00000
50.01000,1.98000,0.99861,0.00132,0.00005,0.00001,0.00001
50.21000,1.98000,0.99050,0.00628,0.00303,0.00013,0.00006
50.41000,1.98000,0.00623,0.00007,0.99358,0.00008,0.00003
50.61000,1.98000,0.98773,0.00005,0.01210,0.00002,0.00011
50.81000,1.98000,0.99995,0.00001,0.00002,0.00000,0.00002
51.01000,1.98000,0.99999,0.00000,0.00000,0.00000,0.00001
51.21000,1.98000,0.99999,0.00000,0.00000,0.00000,0.00000
51.41000,1.98000,0.99999,0.00000,0.00000,0.00000,0.00001
51.61000,1.98000,0.99999,0.00000,0.00000,0.00000,0.00001
51.81000,1.98000,0.99999,0.00000,0.00000,0.00000,0.00000
52.01000,1.98000,0.99967,0.00000,0.00000,0.00021,0.00011
52.21000,1.98000,0.99950,0.00001,0.00000,0.00040,0.00008
52.41000,1.98000,0.99998,0.00001,0.00000,0.00001,0.00001
52.61000,1.98000,0.99999,0.00001,0.00001,0.00000,0.00000
52.81000,1.98000,0.99996,0.00002,0.00002,0.00000,0.00000
53.01000,1.98000,0.99979,0.00012,0.00008,0.00000,0.00000
53.21000,1.98000,0.99706,0.00059,0.00228,0.00006,0.00001
53.41000,1.98000,0.00552,0.00012,0.99417,0.00013,0.00006
53.61000,1.98000,0.99352,0.00048,0.00552,0.00006,0.00043
53.81000,1.98000,0.99963,0.00033,0.00001,0.00000,0.00003
54.01000,1.98000,0.99979,0.00019,0.00000,0.00000,0.00002
54.21000,1.98000,0.99980,0.00018,0.00000,0.00000,0.00001
54.41000,1.98000,0.99997,0.00002,0.00000,0.00000,0.00001
54.61000,1.98000,0.99997,0.00001,0.00000,0.00000,0.00001
54.81000,1.98000,0.99983,0.00001,0.00000,0.00005,0.00011
55.01000,1.98000,0.99967,0.00000,0.00000,0.00016,0.00016
55.21000,1.98000,0.99994,0.00001,0.00000,0.00002,0.00003
55.41000,1.98000,0.99999,0.00000,0.00000,0.00000,0.00000
55.61000,1.98000,0.99999,0.00000,0.00000,0.00000,0.00000
55.81000,1.98000,0.99999,0.00000,0.00001,0.00000,0.00000
56.01000,1.98000,0.99998,0.00000,0.00002,0.00000,0.00000
56.21000,1.98000,0.99986,0.00001,0.00013,0.00000,0.00000
56.41000,1.98000,0.96587,0.00056,0.03346,0.00008,0.00003
56.61000,1.98000,0.00623,0.00011,0.99344,0.00015,0.00007
56.81000,1.98000,0.72737,0.00052,0.27131,0.00013,0.00066
57.01000,1.98000,0.99985,0.00009,0.00002,0.00000,0.00003
57.21000,1.98000,0.99986,0.00011,0.00001,0.00000,0.00002
57.41000,1.98000,0.99999,0.00000,0.00000,0.00000,0.00001
57.61000,1.98000,0.99998,0.00001,0.00000,0.00000,0.00000
57.81000,1.98000,0.99998,0.00000,0.00000,0.00001,0.00001
58.01000,1.98000,0.99905,0.00001,0.00000,0.00056,0.00038
58.21000,1.98000,0.99048,0.00004,0.00004,0.00858,0.00087
58.41000,1.98000,0.99985,0.00003,0.00002,0.00008,0.00002
58.61000,1.98000,0.99993,0.00001,0.00005,0.00000,0.00000
58.81000,1.98000,0.99986,0.00004,0.00010,0.00000,0.00000
59.01000,1.98000,0.99990,0.00007,0.00003,0.00000,0.00000
59.21000,1.98000,0.99928,0.00018,0.00052,0.00001,0.00000
59.41000,1.98000,0.54219,0.00509,0.44884,0.00218,0.00170
59.61000,1.98000,0.03402,0.00137,0.95932,0.00261,0.00269
59.81000,1.98000,0.99956,0.00027,0.00006,0.00001,0.00009
60.01000,1.98000,0.99987,0.00006,0.00001,0.00000,0.00005
60.21000,1.98000,0.99995,0.00001,0.00001,0.00000,0.00003
60.41000,1.98000,0.99996,0.00001,0.00001,0.00000,0.00002
60.61000,1.98000,0.99994,0.00000,0.00000,0.00000,0.00005
60.81000,1.98000,0.99998,0.00000,0.00000,0.00000,0.00002
61.01000,1.98000,0.99998,0.00000,0.00000,0.00000,0.00001
61.21000,1.98000,0.99991,0.00000,0.00000,0.00002,0.00007
61.41000,1.98000,0.99922,0.00000,0.00000,0.00052,0.00026
61.61000,1.98000,0.99984,0.00000,0.00000,0.00012,0.00004
61.81000,1.98000,0.99999,0.00000,0.00000,0.00000,0.00000
62.01000,1.98000,0.99999,0.00001,0.00001,0.00000,0.00000
62.21000,1.98000,0.99988,0.00005,0.00007,0.00000,0.00000
62.41000,1.98000,0.57617,0.00141,0.42175,0.00016,0.00051
62.61000,1.98000,0.01956,0.00007,0.97949,0.00002,0.00085
62.81000,1.98000,0.99726,0.00022,0.00227,0.00000,0.00025
63.01000,1.98000,0.99970,0.00023,0.00002,0.00000,0.00005
63.21000,1.98000,0.99968,0.00023,0.00000,0.00000,0.00009
63.41000,1.98000,0.99997,0.00002,0.00000,0.00000,0.00001
63.61000,1.98000,0.99998,0.00001,0.00000,0.00000,0.00001
63.81000,1.98000,1.00000,0.00000,0.00000,0.00000,0.00000
64.01000,1.98000,0.99974,0.00002,0.00000,0.00017,0.00007
64.21000,1.98000,0.99976,0.00001,0.00000,0.00002,0.00022
64.41000,1.98000,0.99993,0.00004,0.00000,0.00000,0.00003
64.61000,1.98000,0.99998,0.00001,0.00000,0.00000,0.00000
64.81000,1.98000,0.99996,0.00003,0.00001,0.00000,0.00000
65.01000,1.98000,0.99958,0.00008,0.00033,0.00000,0.00000
65.21000,1.98000,0.12704,0.00034,0.87192,0.00008,0.00062
65.41000,1.98000,0.88196,0.00284,0.10554,0.00006,0.00961
65.61000,1.98000,0.99420,0.00167,0.00104,0.00001,0.00309
65.81000,1.98000,0.99906,0.00029,0.00005,0.00000,0.00059
66.01000,1.98000,0.99970,0.00008,0.00001,0.00000,0.00021
66.21000,1.98000,0.99917,0.00014,0.00001,0.00000,0.00068
66.41000,1.98000,0.99969,0.00003,0.00000,0.00000,0.00028
66.61000,1.98000,0.99999,0.00000,0.00000,0.00000,0.00001
66.81000,1.98000,1.00000,0.00000,0.00000,0.00000,0.00000
67.01000,1.98000,1.00000,0.00000,0.00000,0.00000,0.00000
67.21000,1.98000,1.00000,0.00000,0.00000,0.00000,0.00000
67.41000,1.98000,0.99999,0.00000,0.00000,0.00000,0.00000
67.61000,1.98000,0.99999,0.00000,0.00000,0.00000,0.00000
67.81000,1.98000,0.99998,0.00001,0.00001,0.00000,0.00000
68.01000,1.98000,0.99994,0.00002,0.00004,0.00000,0.00000
68.21000,1.98000,0.99810,0.00026,0.00162,0.00002,0.00001
68.41000,1.98000,0.06964,0.00041,0.92901,0.00070,0.00024
68.61000,1.98000,0.27189,0.00061,0.72483,0.00095,0.00172
68.81000,1.98000,0.99984,0.00006,0.00003,0.00000,0.00006
69.01000,1.98000,0.99993,0.00005,0.00000,0.00000,0.00002
69.21000,1.98000,0.99999,0.00001,0.00000,0.00000,0.00000
69.41000,1.98000,0.99999,0.00001,0.00000,0.00000,0.00000
69.61000,1.98000,0.99992,0.00000,0.00000,0.00001,0.00007
69.81000,1.98000,0.99863,0.00001,0.00000,0.00095,0.00041
70.01000,1.98000,0.99966,0.00000,0.00000,0.00024,0.00010
70.21000,1.98000,0.99998,0.00000,0.00000,0.00001,0.00001
70.41000,1.98000,0.99997,0.00002,0.00001,0.00000,0.00000
70.61000,1.98000,0.99987,0.00009,0.00004,0.00000,0.00000
70.81000,1.98000,0.99594,0.00129,0.00270,0.00005,0.00002
71.01000,1.98000,0.01279,0.00050,0.98640,0.00020,0.00012
71.21000,1.98000,0.99503,0.00078,0.00405,0.00003,0.00010
71.41000,1.98000,0.99932,0.00065,0.00001,0.00000,0.00002
71.61000,1.98000,0.99967,0.00032,0.00000,0.00000,0.00001
71.81000,1.98000,0.99994,0.00005,0.00000,0.00000,0.00000
72.01000,1.98000,0.99997,0.00002,0.00000,0.00000,0.00001
72.21000,1.98000,0.99995,0.00001,0.00000,0.00000,0.00003
72.41000,1.98000,0.99992,0.00002,0.00000,0.00002,0.00005
72.61000,1.98000,0.99945,0.00003,0.00000,0.00003,0.00050
72.81000,1.98000,0.99966,0.00001,0.00000,0.00001,0.00033
73.01000,1.98000,0.99998,0.00001,0.00000,0.00000,0.00000
73.21000,1.98000,0.99995,0.00002,0.00003,0.00000,0.00000
73.41000,1.98000,0.99870,0.00017,0.00110,0.00002,0.00000
73.61000,1.98000,0.23885,0.00175,0.75844,0.00080,0.00016
73.81000,1.98000,0.31232,0.00033,0.68636,0.00050,0.00049
74.01000,1.98000,0.99963,0.00012,0.00015,0.00001,0.00009
74.21000,1.98000,0.99993,0.00004,0.00000,0.00000,0.00002
74.41000,1.98000,0.99998,0.00001,0.00000,0.00000,0.00001
74.61000,1.98000,0.99985,0.00014,0.00000,0.00000,0.00001
74.81000,1.98000,0.99999,0.00000,0.00000,0.00000,0.00000
75.01000,1.98000,0.99950,0.00002,0.00000,0.00019,0.00029
75.21000,1.98000,0.99832,0.00001,0.00001,0.00131,0.00035
75.41000,1.98000,0.99992,0.00001,0.00000,0.00006,0.00000
75.61000,1.98000,0.99998,0.00001,0.00001,0.00000,0.00000
75.81000,1.98000,0.99987,0.00004,0.00009,0.00000,0.00000
76.01000,1.98000,0.98622,0.00035,0.01330,0.00012,0.00002
76.21000,1.98000,0.00615,0.00002,0.99373,0.00005,0.00005
76.41000,1.98000,0.96359,0.00003,0.03629,0.00002,0.00007
76.61000,1.98000,0.99990,0.00001,0.00005,0.00000,0.00002
76.81000,1.98000,0.99997,0.00002,0.00000,0.00000,0.00001
77.01000,1.98000,0.99999,0.00000,0.00000,0.00000,0.00001
77.21000,1.98000,0.99999,0.00001,0.00000,0.00000,0.00000
77.41000,1.98000,0.99999,0.00000,0.00000,0.00000,0.00001
77.61000,1.98000,0.99977,0.00001,0.00000,0.00014,0.00008
77.81000,1.98000,0.99987,0.00001,0.00000,0.00003,0.00010
78.01000,1.98000,0.99997,0.00001,0.00000,0.00001,0.00001
78.21000,1.98000,0.99991,0.00006,0.00001,0.00001,0.00001
78.41000,1.98000,0.99965,0.00010,0.00024,0.00001,0.00000
78.61000,1.98000,0.97368,0.00199,0.02409,0.00018,0.00005
78.81000,1.98000,0.01823,0.00004,0.98158,0.00007,0.00008
79.01000,1.98000,0.99931,0.00005,0.00058,0.00001,0.00006
79.21000,1.98000,0.99994,0.00002,0.00001,0.00000,0.00004
79.41000,1.98000,0.99999,0.00000,0.00000,0.00000,0.00001
79.61000,1.98000,1.00000,0.00000,0.00000,0.00000,0.00000
79.81000,1.98000,1.00000,0.00000,0.00000,0.00000,0.00000
80.01000,1.98000,0.99990,0.00000,0.00000,0.00004,0.00006
80.21000,1.98000,0.99970,0.00000,0.00000,0.00024,0.00006
80.41000,1.98000,0.99398,0.00001,0.00005,0.00492,0.00105
80.61000,1.98000,0.99997,0.00000,0.00002,0.00000,0.00000
80.81000,1.98000,0.99999,0.00000,0.00001,0.00000,0.00000
81.01000,1.98000,0.99997,0.00001,0.00002,0.00000,0.00000
81.21000,1.98000,0.99983,0.00003,0.00014,0.00000,0.00000
81.41000,1.98000,0.99445,0.00035,0.00512,0.00004,0.00004
81.61000,1.98000,0.04070,0.00210,0.95654,0.00031,0.00036
81.81000,1.98000,0.97331,0.00280,0.02366,0.00006,0.00017
82.01000,1.98000,0.99712,0.00279,0.00006,0.00001,0.00003
82.21000,1.98000,0.99703,0.00290,0.00004,0.00001,0.00003
82.41000,1.98000,0.99885,0.00114,0.00000,0.00000,0.00000
82.61000,1.98000,0.99954,0.00045,0.00000,0.00000,0.00001
82.81000,1.98000,0.99986,0.00006,0.00000,0.00000,0.00007
83.01000,1.98000,0.99985,0.00003,0.00000,0.00001,0.00010
83.21000,1.98000,0.99986,0.00005,0.00000,0.00000,0.00008
83.41000,1.98000,0.99978,0.00001,0.00000,0.00000,0.00020
83.61000,1.98000,0.99999,0.00000,0.00000,0.00000,0.00000
83.81000,1.98000,0.99998,0.00001,0.00001,0.00000,0.00000
84.01000,1.98000,0.99990,0.00003,0.00007,0.00000,0.00000
84.21000,1.98000,0.99797,0.00025,0.00172,0.00002,0.00003
84.41000,1.98000,0.04870,0.00017,0.95055,0.00043,0.00015
84.61000,1.98000,0.98627,0.00008,0.01303,0.00001,0.00061
84.81000,1.98000,0.99974,0.00003,0.00004,0.00000,0.00019
85.01000,1.98000,0.99983,0.00001,0.00000,0.00000,0.00016
85.21000,1.98000,0.99998,0.00000,0.00000,0.00000,0.00001
85.41000,1.98000,0.99997,0.00000,0.00000,0.00000,0.00003
85.61000,1.98000,0.99999,0.00000,0.00000,0.00000,0.00001
85.81000,1.98000,0.99982,0.00000,0.00000,0.00012,0.00005
86.01000,1.98000,0.99968,0.00000,0.00000,0.00022,0.00009
86.21000,1.98000,0.99998,0.00000,0.00002,0.00000,0.00000
86.41000,1.98000,0.99998,0.00000,0.00001,0.00000,0.00000
86.61000,1.98000,0.99996,0.00002,0.00002,0.00000,0.00000
86.81000,1.98000,0.99831,0.00030,0.00136,0.00002,0.00001
87.01000,1.98000,0.61299,0.00768,0.37765,0.00128,0.00040
87.21000,1.98000,0.16023,0.00121,0.83796,0.00023,0.00037
87.41000,1.98000,0.99904,0.00089,0.00004,0.00000,0.00003
87.61000,1.98000,0.99943,0.00054,0.00000,0.00000,0.00002
87.81000,1.98000,0.99988,0.00011,0.00000,0.00000,0.00001
88.01000,1.98000,0.99980,0.00019,0.00000,0.00000,0.00001
88.21000,1.98000,0.99996,0.00001,0.00000,0.00000,0.00003
88.41000,1.98000,0.99996,0.00001,0.00000,0.00001,0.00003
88.61000,1.98000,0.99779,0.00003,0.00000,0.00007,0.00210
88.81000,1.98000,0.99873,0.00002,0.00000,0.00003,0.00121
89.01000,1.98000,0.99991,0.00000,0.00000,0.00000,0.00009
89.21000,1.98000,0.99999,0.00000,0.00001,0.00000,0.00000
89.41000,1.98000,0.99991,0.00001,0.00008,0.00000,0.00000
89.61000,1.98000,0.99966,0.00009,0.00024,0.00001,0.00001
89.81000,1.98000,0.30524,0.00407,0.68751,0.00147,0.00170
90.01000,1.98000,0.03193,0.00078,0.96680,0.00026,0.00023
90.21000,1.98000,0.99876,0.00087,0.00027,0.00001,0.00008
90.41000,1.98000,0.99957,0.00040,0.00000,0.00000,0.00002
90.61000,1.98000,0.99916,0.00081,0.00000,0.00000,0.00002
90.81000,1.98000,0.99938,0.00061,0.00000,0.00000,0.00001
91.01000,1.98000,0.99842,0.00141,0.00000,0.00004,0.00014
91.21000,1.98000,0.99895,0.00054,0.00000,0.00005,0.00046
91.41000,1.98000,0.99885,0.00021,0.00000,0.00020,0.00074
91.61000,1.98000,0.99980,0.00018,0.00000,0.00001,0.00001
91.81000,1.98000,0.99815,0.00175,0.00001,0.00000,0.00009
92.01000,1.98000,0.99900,0.00086,0.00003,0.00000,0.00012
92.21000,1.98000,0.99980,0.00015,0.00001,0.00000,0.00004
92.41000,1.98000,0.99995,0.00004,0.00001,0.00000,0.00000
92.61000,1.98000,0.99990,0.00007,0.00002,0.00000,0.00000
92.81000,1.98000,0.99948,0.00018,0.00033,0.00001,0.00001
93.01000,1.98000,0.11834,0.00129,0.87821,0.00135,0.00081
93.21000,1.98000,0.87472,0.00728,0.11623,0.00057,0.00121
93.41000,1.98000,0.98270,0.01691,0.00020,0.00002,0.00017
93.61000,1.98000,0.99689,0.00301,0.00003,0.00000,0.00006
93.81000,1.98000,0.99898,0.00100,0.00001,0.00000,0.00001
94.01000,1.98000,0.99863,0.00135,0.00001,0.00000,0.00001
94.21000,1.98000,0.99997,0.00001,0.00000,0.00000,0.00002
94.41000,1.98000,0.99961,0.00003,0.00000,0.00011,0.00025
94.61000,1.98000,0.99962,0.00012,0.00000,0.00007,0.00019
94.81000,1.98000,0.99999,0.00000,0.00001,0.00000,0.00000
95.01000,1.98000,0.99996,0.00000,0.00003,0.00000,0.00000
95.21000,1.98000,0.99978,0.00001,0.00020,0.00000,0.00000
95.41000,1.98000,0.99972,0.00002,0.00026,0.00000,0.00000
95.61000,1.98000,0.97232,0.00038,0.02689,0.00029,0.00012
95.81000,1.98000,0.03498,0.00055,0.96110,0.00260,0.00077
96.01000,1.98000,0.99907,0.00015,0.00042,0.00007,0.00029
96.21000,1.98000,0.99988,0.00005,0.00002,0.00001,0.00004
96.41000,1.98000,0.99993,0.00005,0.00000,0.00000,0.00002
96.61000,1.98000,0.99965,0.00032,0.00000,0.00001,0.00002
96.81000,1.98000,0.99968,0.00029,0.00000,0.00001,0.00002
97.01000,1.98000,0.99989,0.00008,0.00000,0.00001,0.00002
97.21000,1.98000,0.99371,0.00084,0.00000,0.00302,0.00243
97.41000,1.98000,0.99262,0.00060,0.00000,0.00154,0.00524
97.61000,1.98000,0.99961,0.00033,0.00000,0.00003,0.00003
97.81000,1.98000,0.99957,0.00041,0.00001,0.00000,0.00001
98.01000,1.98000,0.99915,0.00063,0.00020,0.00000,0.00003
98.21000,1.98000,0.99508,0.00068,0.00402,0.00002,0.00020
98.41000,1.98000,0.01794,0.00016,0.97070,0.00010,0.01110
98.61000,1.98000,0.84403,0.00138,0.13054,0.00028,0.02377
98.81000,1.98000,0.99979,0.00006,0.00002,0.00000,0.00012
99.01000,1.98000,0.99993,0.00002,0.00000,0.00000,0.00005
99.21000,1.98000,0.99997,0.00000,0.00000,0.00000,0.00003
99.41000,1.98000,1.00000,0.00000,0.00000,0.00000,0.00000
99.61000,1.98000,0.99998,0.00000,0.00001,0.00001,0.00001
99.81000,1.98000,0.99776,0.00001,0.00024,0.00177,0.00022
100.01000,1.98000,0.99976,0.00001,0.00000,0.00020,0.00002
100.21000,1.98000,0.99998,0.00002,0.00000,0.00000,0.00000
100.41000,1.98000,0.99996,0.00003,0.00001,0.00000,0.00000
100.61000,1.98000,0.99980,0.00011,0.00009,0.00000,0.00000
100.81000,1.98000,0.99508,0.00219,0.00268,0.00003,0.00002
101.01000,1.98000,0.03627,0.00190,0.96084,0.00016,0.00083
101.21000,1.98000,0.65283,0.01387,0.32689,0.00030,0.00611
101.41000,1.98000,0.99725,0.00211,0.00056,0.00001,0.00007
101.61000,1.98000,0.99856,0.00129,0.00014,0.00000,0.00001
101.81000,1.98000,0.99970,0.00029,0.00001,0.00000,0.00000
102.01000,1.98000,0.99941,0.00054,0.00002,0.00002,0.00002
102.21000,1.98000,0.99923,0.00009,0.00001,0.00062,0.00005
102.41000,1.98000,0.99982,0.00009,0.00001,0.00008,0.00000
102.61000,1.98000,0.99950,0.00021,0.00029,0.00000,0.00001
102.81000,1.98000,0.99391,0.00046,0.00560,0.00001,0.00002
103.01000,1.98000,0.85030,0.00410,0.14510,0.00021,0.00029
103.21000,1.98000,0.20609,0.00626,0.78527,0.00114,0.00124
103.41000,1.98000,0.90856,0.00283,0.07891,0.00237,0.00733
103.61000,1.98000,0.99991,0.00004,0.00003,0.00000,0.00002
103.81000,1.98000,0.99999,0.00001,0.00000,0.00000,0.00000
104.01000,1.98000,0.99999,0.00001,0.00000,0.00000,0.00000
104.21000,1.98000,0.99997,0.00002,0.00000,0.00000,0.00000
104.41000,1.98000,0.99974,0.00003,0.00000,0.00007,0.00015
104.61000,1.98000,0.95928,0.00048,0.00003,0.03365,0.00657
104.81000,1.98000,0.78033,0.00193,0.00016,0.21475,0.00283
105.01000,1.98000,0.99816,0.00055,0.00006,0.00108,0.00014
105.21000,1.98000,0.99978,0.00004,0.00016,0.00002,0.00001
105.41000,1.98000,0.99980,0.00002,0.00016,0.00001,0.00000
105.61000,1.98000,0.99993,0.00001,0.00006,0.00000,0.00000
105.81000,1.98000,0.99876,0.00041,0.00025,0.00025,0.00033
106.01000,1.98000,0.18914,0.01760,0.12462,0.61254,0.05611
106.21000,1.98000,0.99133,0.00199,0.00004,0.00520,0.00144
106.41000,1.98000,0.99949,0.00045,0.00001,0.00001,0.00003
106.61000,1.98000,0.99990,0.00009,0.00000,0.00000,0.00001
106.81000,1.98000,0.99994,0.00005,0.00000,0.00000,0.00001
107.01000,1.98000,0.99997,0.00003,0.00000,0.00000,0.00001
107.21000,1.98000,0.99963,0.00003,0.00000,0.00004,0.00030
107.41000,1.98000,0.99983,0.00005,0.00000,0.00001,0.00010
107.61000,1.98000,0.99985,0.00004,0.00000,0.00000,0.00011
107.81000,1.98000,0.99999,0.00000,0.00001,0.00000,0.00000
108.01000,1.98000,0.99997,0.00002,0.00001,0.00000,0.00000
108.21000,1.98000,0.99992,0.00005,0.00003,0.00000,0.00000
108.41000,1.98000,0.99952,0.00006,0.00040,0.00001,0.00001
108.61000,1.98000,0.05121,0.00004,0.94847,0.00006,0.00022
108.81000,1.98000,0.99571,0.00119,0.00242,0.00001,0.00067
109.01000,1.98000,0.99919,0.00049,0.00004,0.00000,0.00028
109.21000,1.98000,0.99969,0.00018,0.00001,0.00000,0.00012
109.41000,1.98000,0.99993,0.00002,0.00003,0.00000,0.00001
109.61000,1.98000,0.99998,0.00000,0.00001,0.00000,0.00000
109.81000,1.98000,0.99824,0.00001,0.00165,0.00005,0.00005
110.01000,1.98000,0.99994,0.00000,0.00006,0.00000,0.00000
110.21000,1.98000,0.99997,0.00000,0.00002,0.00000,0.00000
110.41000,1.98000,0.99989,0.00001,0.00009,0.00000,0.00000
110.61000,1.98000,0.99970,0.00002,0.00028,0.00001,0.00000
110.81000,1.98000,0.97531,0.00014,0.02426,0.00019,0.00010
111.01000,1.98000,0.02775,0.00040,0.96967,0.00175,0.00043
111.21000,1.98000,0.99090,0.00029,0.00837,0.00025,0.00018
111.41000,1.98000,0.99961,0.00031,0.00005,0.00001,0.00003
111.61000,1.98000,0.99985,0.00014,0.00001,0.00000,0.00001
111.81000,1.98000,0.99996,0.00004,0.00000,0.00000,0.00000
112.01000,1.98000,0.99964,0.00035,0.00000,0.00000,0.00001
112.21000,1.98000,0.99997,0.00001,0.00000,0.00000,0.00002
112.41000,1.98000,0.99966,0.00005,0.00000,0.00014,0.00015
112.61000,1.98000,0.99991,0.00001,0.00000,0.00001,0.00007
112.81000,1.98000,0.99994,0.00002,0.00000,0.00001,0.00003
113.01000,1.98000,0.99997,0.00001,0.00001,0.00000,0.00000
113.21000,1.98000,0.99980,0.00005,0.00015,0.00000,0.00000
113.41000,1.98000,0.99722,0.00012,0.00263,0.00002,0.00001
113.61000,1.98000,0.00390,0.00005,0.99587,0.00011,0.00006
113.81000,1.98000,0.96293,0.00047,0.03583,0.00018,0.00060
114.01000,1.98000,0.99933,0.00023,0.00027,0.00001,0.00016
114.21000,1.98000,0.99993,0.00004,0.00001,0.00000,0.00002
114.41000,1.98000,0.99996,0.00002,0.00001,0.00000,0.00002
114.61000,1.98000,0.99976,0.00019,0.00000,0.00000,0.00003
114.81000,1.98000,0.99999,0.00000,0.00000,0.00000,0.00001
115.01000,1.98000,0.99997,0.00000,0.00000,0.00001,0.00002
115.21000,1.98000,0.99980,0.00001,0.00000,0.00008,0.00011
115.41000,1.98000,0.99986,0.00002,0.00000,0.00010,0.00002
115.61000,1.98000,0.99983,0.00007,0.00004,0.00005,0.00001
115.81000,1.98000,0.98379,0.00050,0.01552,0.00017,0.00002
116.01000,1.98000,0.27142,0.00140,0.72520,0.00179,0.00018
116.21000,1.98000,0.94361,0.00003,0.05623,0.00004,0.00009
116.41000,1.98000,0.99990,0.00001,0.00005,0.00000,0.00003
116.61000,1.98000,0.99994,0.00001,0.00001,0.00000,0.00004
116.81000,1.98000,0.99997,0.00001,0.00001,0.00000,0.00001
117.01000,1.98000,0.99996,0.00002,0.00000,0.00000,0.00002
117.21000,1.98000,0.99991,0.00002,0.00000,0.00001,0.00005
117.41000,1.98000,0.99995,0.00002,0.00000,0.00000,0.00003
117.61000,1.98000,0.99983,0.00002,0.00000,0.00002,0.00014
117.81000,1.98000,0.99979,0.00001,0.00000,0.00003,0.00017
118.01000,1.98000,0.99996,0.00001,0.00000,0.00001,0.00003
118.21000,1.98000,0.99999,0.00000,0.00000,0.00000,0.00000
118.41000,1.98000,0.99999,0.00000,0.00000,0.00000,0.00000
118.61000,1.98000,0.99999,0.00000,0.00000,0.00000,0.00000
118.81000,1.98000,0.99999,0.00001,0.00000,0.00000,0.00000
119.01000,1.98000,0.99999,0.00000,0.00001,0.00000,0.00000
119.21000,1.98000,0.99994,0.00001,0.00005,0.00000,0.00000
119.41000,1.98000,0.99988,0.00001,0.00011,0.00000,0.00000
119.61000,1.98000,0.99980,0.00009,0.00010,0.00000,0.00001
119.81000,1.98000,0.99989,0.00004,0.00006,0.00000,0.00001
120.01000,1.98000,0.99982,0.00009,0.00007,0.00000,0.00001
120.21000,1.98000,0.99995,0.00002,0.00002,0.00000,0.00001
120.41000,1.98000,0.99990,0.00004,0.00002,0.00002,0.00002
120.61000,1.98000,0.99803,0.00006,0.00033,0.00108,0.00050
120.81000,1.98000,0.99412,0.00008,0.00035,0.00273,0.00272
121.01000,1.98000,0.99963,0.00000,0.00003,0.00013,0.00021
121.21000,1.98000,0.99989,0.00000,0.00005,0.00001,0.00006
121.41000,1.98000,0.99988,0.00000,0.00000,0.00001,0.00010
121.61000,1.98000,0.99967,0.00000,0.00001,0.00012,0.00020
121.81000,1.98000,0.99970,0.00000,0.00000,0.00011,0.00018
