Time (seconds), Duration (seconds),pred_(unlabeled),pred_On,pred_Off,pred_Dimmer,pred_Lighter
0.01000,1.98000,0.99971,0.00000,0.00000,0.00011,0.00018
0.21000,1.98000,0.99980,0.00000,0.00000,0.00006,0.00014
0.41000,1.98000,0.99988,0.00000,0.00000,0.00004,0.00008
0.61000,1.98000,0.99983,0.00001,0.00000,0.00008,0.00008
0.81000,1.98000,0.99972,0.00003,0.00000,0.00014,0.00011
1.01000,1.98000,0.99524,0.00020,0.00001,0.00178,0.00277
1.21000,1.98000,0.69205,0.00053,0.00032,0.02895,0.27815
1.41000,1.98000,0.74871,0.00011,0.00007,0.00628,0.24483
1.61000,1.98000,0.95632,0.00002,0.00002,0.00015,0.04350
1.81000,1.98000,0.99471,0.00000,0.00000,0.00000,0.00529
2.01000,1.98000,0.99841,0.00000,0.00000,0.00000,0.00158
2.21000,1.98000,0.99873,0.00000,0.00000,0.00000,0.00127
2.41000,1.98000,0.99999,0.00000,0.00000,0.00000,0.00001
2.61000,1.98000,1.00000,0.00000,0.00000,0.00000,0.00000
2.81000,1.98000,1.00000,0.00000,0.00000,0.00000,0.00000
3.01000,1.98000,1.00000,0.00000,0.00000,0.00000,0.00000
3.21000,1.98000,1.00000,0.00000,0.00000,0.00000,0.00000
3.41000,1.98000,1.00000,0.00000,0.00000,0.00000,0.00000
3.61000,1.98000,1.00000,0.00000,0.00000,0.00000,0.00000
3.81000,1.98000,0.99999,0.00000,0.00000,0.00000,0.00000
4.01000,1.98000,0.99999,0.00000,0.00000,0.00000,0.00001
4.21000,1.98000,0.99998,0.00000,0.00001,0.00000,0.00001
4.41000,1.98000,0.99998,0.00000,0.00000,0.00000,0.00001
4.61000,1.98000,0.99996,0.00000,0.00000,0.00000,0.00003
4.81000,1.98000,0.99997,0.00000,0.00000,0.00000,0.00003
5.01000,1.98000,0.99997,0.00000,0.00000,0.00000,0.00003
5.21000,1.98000,0.99998,0.00000,0.00000,0.00000,0.00002
5.41000,1.98000,0.99996,0.00000,0.00000,0.00000,0.00003
5.61000,1.98000,0.99992,0.00000,0.00000,0.00001,0.00006
5.81000,1.98000,0.99989,0.00000,0.00000,0.00002,0.00009
6.01000,1.98000,0.99981,0.00000,0.00000,0.00004,0.00015
6.21000,1.98000,0.99980,0.00000,0.00000,0.00004,0.00016
6.41000,1.98000,0.99978,0.00000,0.00000,0.00004,0.00018
6.61000,1.98000,0.99981,0.00000,0.00000,0.00003,0.00016
6.81000,1.98000,0.99978,0.00000,0.00000,0.00005,0.00017
7.01000,1.98000,0.99976,0.00000,0.00000,0.00006,0.00019
7.21000,1.98000,0.99975,0.00000,0.00000,0.00006,0.00018
7.41000,1.98000,0.99975,0.00000,0.00000,0.00007,0.00018
7.61000,1.98000,0.99975,0.00000,0.00000,0.00007,0.00018
7.81000,1.98000,0.99974,0.00000,0.00000,0.00008,0.00018
8.01000,1.98000,0.99974,0.00000,0.00000,0.00008,0.00018
8.21000,1.98000,0.99973,0.00000,0.00000,0.00008,0.00018
8.41000,1.98000,0.99972,0.00000,0.00000,0.00009,0.00019
8.61000,1.98000,0.99973,0.00000,0.00000,0.00009,0.00018
8.81000,1.98000,0.99983,0.00000,0.00000,0.00006,0.00012
9.01000,1.98000,0.99987,0.00000,0.00000,0.00005,0.00007
9.21000,1.98000,0.99985,0.00001,0.00000,0.00007,0.00007
9.41000,1.98000,0.99977,0.00003,0.00000,0.00012,0.00008
9.61000,1.98000,0.99468,0.00043,0.00001,0.00254,0.00233
9.81000,1.98000,0.77285,0.00100,0.00065,0.03968,0.18581
10.01000,1.98000,0.82517,0.00017,0.00008,0.00758,0.16700
10.21000,1.98000,0.98130,0.00003,0.00001,0.00013,0.01853
10.41000,1.98000,0.99914,0.00000,0.00000,0.00000,0.00085
10.61000,1.98000,0.99907,0.00000,0.00000,0.00000,0.00093
10.81000,1.98000,0.99896,0.00000,0.00000,0.00000,0.00104
11.01000,1.98000,0.99998,0.00000,0.00000,0.00000,0.00002
11.21000,1.98000,1.00000,0.00000,0.00000,0.00000,0.00000
11.41000,1.98000,1.00000,0.00000,0.00000,0.00000,0.00000
11.61000,1.98000,1.00000,0.00000,0.00000,0.00000,0.00000
11.81000,1.98000,1.00000,0.00000,0.00000,0.00000,0.00000
12.01000,1.98000,1.00000,0.00000,0.00000,0.00000,0.00000
12.21000,1.98000,1.00000,0.00000,0.00000,0.00000,0.00000
12.41000,1.98000,1.00000,0.00000,0.00000,0.00000,0.00000
12.61000,1.98000,1.00000,0.00000,0.00000,0.00000,0.00000
12.81000,1.98000,1.00000,0.00000,0.00000,0.00000,0.00000
13.01000,1.98000,1.00000,0.00000,0.00000,0.00000,0.00000
13.21000,1.98000,1.00000,0.00000,0.00000,0.00000,0.00000
13.41000,1.98000,1.00000,0.00000,0.00000,0.00000,0.00000
13.61000,1.98000,0.99999,0.00000,0.00000,0.00000,0.00000
13.81000,1.98000,0.99998,0.00000,0.00001,0.00000,0.00001
14.01000,1.98000,0.99994,0.00000,0.00003,0.00001,0.00002
14.21000,1.98000,0.99965,0.00000,0.00018,0.00010,0.00007
14.41000,1.98000,0.99894,0.00000,0.00060,0.00018,0.00027
14.61000,1.98000,0.99602,0.00000,0.00232,0.00049,0.00117
14.81000,1.98000,0.99746,0.00000,0.00114,0.00028,0.00111
15.01000,1.98000,0.99566,0.00000,0.00103,0.00026,0.00306
15.21000,1.98000,0.99859,0.00000,0.00005,0.00003,0.00133
15.41000,1.98000,0.99958,0.00000,0.00001,0.00003,0.00039
15.61000,1.98000,0.99964,0.00000,0.00000,0.00004,0.00031
15.81000,1.98000,0.99976,0.00000,0.00000,0.00005,0.00020
16.01000,1.98000,0.99970,0.00000,0.00000,0.00008,0.00022
16.21000,1.98000,0.99972,0.00000,0.00000,0.00008,0.00020
16.41000,1.98000,0.99973,0.00000,0.00000,0.00008,0.00019
16.61000,1.98000,0.99973,0.00000,0.00000,0.00008,0.00019
16.81000,1.98000,0.99972,0.00000,0.00000,0.00009,0.00019
17.01000,1.98000,0.99973,0.00000,0.00000,0.00009,0.00019
17.21000,1.98000,0.99972,0.00000,0.00000,0.00009,0.00018
17.41000,1.98000,0.99972,0.00000,0.00000,0.00009,0.00018
17.61000,1.98000,0.99973,0.00000,0.00000,0.00009,0.00018
17.81000,1.98000,0.99973,0.00000,0.00000,0.00010,0.00018
18.01000,1.98000,0.99973,0.00000,0.00000,0.00010,0.00018
18.21000,1.98000,0.99972,0.00000,0.00000,0.00010,0.00018
18.41000,1.98000,0.99972,0.00000,0.00000,0.00010,0.00018
18.61000,1.98000,0.99979,0.00000,0.00000,0.00007,0.00014
18.81000,1.98000,0.99991,0.00000,0.00000,0.00003,0.00006
19.01000,1.98000,0.99992,0.00001,0.00000,0.00003,0.00004
19.21000,1.98000,0.99990,0.00002,0.00000,0.00004,0.00003
19.41000,1.98000,0.99973,0.00010,0.00000,0.00008,0.00009
19.61000,1.98000,0.98819,0.00101,0.00002,0.00319,0.00759
19.81000,1.98000,0.66104,0.00160,0.00020,0.02099,0.31617
20.01000,1.98000,0.97298,0.00011,0.00001,0.00024,0.02666
20.21000,1.98000,0.99156,0.00007,0.00001,0.00000,0.00836
20.41000,1.98000,0.99953,0.00000,0.00000,0.00000,0.00046
20.61000,1.98000,0.99941,0.00000,0.00000,0.00000,0.00059
20.81000,1.98000,0.99998,0.00000,0.00000,0.00000,0.00002
21.01000,1.98000,0.99999,0.00000,0.00000,0.00000,0.00000
21.21000,1.98000,0.99999,0.00000,0.00000,0.00000,0.00000
21.41000,1.98000,0.99999,0.00000,0.00000,0.00000,0.00000
21.61000,1.98000,0.99999,0.00000,0.00000,0.00000,0.00000
21.81000,1.98000,0.99999,0.00000,0.00000,0.00000,0.00000
22.01000,1.98000,1.00000,0.00000,0.00000,0.00000,0.00000
22.21000,1.98000,0.99999,0.00000,0.00000,0.00000,0.00000
22.41000,1.98000,0.99999,0.00000,0.00000,0.00000,0.00000
22.61000,1.98000,0.99999,0.00000,0.00000,0.00000,0.00000
22.81000,1.98000,0.99999,0.00000,0.00000,0.00000,0.00000
23.01000,1.98000,0.99999,0.00000,0.00001,0.00000,0.00000
23.21000,1.98000,0.99995,0.00000,0.00003,0.00000,0.00001
23.41000,1.98000,0.99966,0.00000,0.00022,0.00003,0.00009
23.61000,1.98000,0.99662,0.00000,0.00275,0.00020,0.00041
23.81000,1.98000,0.99343,0.00000,0.00533,0.00029,0.00095
24.01000,1.98000,0.99919,0.00000,0.00048,0.00006,0.00027
24.21000,1.98000,0.99983,0.00000,0.00003,0.00001,0.00013
24.41000,1.98000,0.99974,0.00000,0.00000,0.00003,0.00023
24.61000,1.98000,0.99969,0.00000,0.00000,0.00006,0.00025
24.81000,1.98000,0.99973,0.00000,0.00000,0.00006,0.00021
25.01000,1.98000,0.99971,0.00000,0.00000,0.00007,0.00022
25.21000,1.98000,0.99971,0.00000,0.00000,0.00007,0.00021
25.41000,1.98000,0.99972,0.00000,0.00000,0.00008,0.00020
25.61000,1.98000,0.99972,0.00000,0.00000,0.00008,0.00020
25.81000,1.98000,0.99971,0.00000,0.00000,0.00008,0.00020
26.01000,1.98000,0.99971,0.00000,0.00000,0.00009,0.00020
26.21000,1.98000,0.99971,0.00000,0.00000,0.00009,0.00020
26.41000,1.98000,0.99971,0.00000,0.00000,0.00010,0.00019
26.61000,1.98000,0.99971,0.00000,0.00000,0.00010,0.00019
26.81000,1.98000,0.99971,0.00000,0.00000,0.00011,0.00019
27.01000,1.98000,0.99971,0.00000,0.00000,0.00011,0.00018
27.21000,1.98000,0.99971,0.00000,0.00000,0.00011,0.00018
27.41000,1.98000,0.99971,0.00000,0.00000,0.00011,0.00018
27.61000,1.98000,0.99971,0.00000,0.00000,0.00011,0.00019
27.81000,1.98000,0.99972,0.00000,0.00000,0.00010,0.00018
28.01000,1.98000,0.99979,0.00000,0.00000,0.00007,0.00014
28.21000,1.98000,0.99991,0.00000,0.00000,0.00003,0.00007
28.41000,1.98000,0.99991,0.00001,0.00000,0.00003,0.00005
28.61000,1.98000,0.99987,0.00004,0.00000,0.00004,0.00005
28.81000,1.98000,0.99921,0.00021,0.00000,0.00024,0.00034
29.01000,1.98000,0.91585,0.00146,0.00023,0.02158,0.06088
29.21000,1.98000,0.83049,0.00051,0.00010,0.00796,0.16094
29.41000,1.98000,0.98602,0.00005,0.00000,0.00010,0.01382
29.61000,1.98000,0.99435,0.00004,0.00000,0.00000,0.00560
29.81000,1.98000,0.99850,0.00000,0.00000,0.00000,0.00149
30.01000,1.98000,0.99882,0.00000,0.00000,0.00000,0.00118
30.21000,1.98000,0.99954,0.00000,0.00000,0.00000,0.00046
30.41000,1.98000,1.00000,0.00000,0.00000,0.00000,0.00000
30.61000,1.98000,1.00000,0.00000,0.00000,0.00000,0.00000
30.81000,1.98000,1.00000,0.00000,0.00000,0.00000,0.00000
31.01000,1.98000,1.00000,0.00000,0.00000,0.00000,0.00000
31.21000,1.98000,1.00000,0.00000,0.00000,0.00000,0.00000
31.41000,1.98000,0.99999,0.00000,0.00000,0.00000,0.00000
31.61000,1.98000,0.99999,0.00000,0.00000,0.00000,0.00000
31.81000,1.98000,0.99999,0.00000,0.00000,0.00000,0.00000
32.01000,1.98000,0.99999,0.00000,0.00000,0.00000,0.00000
32.21000,1.98000,0.99999,0.00000,0.00000,0.00000,0.00001
32.41000,1.98000,0.99999,0.00000,0.00000,0.00000,0.00001
32.61000,1.98000,0.99999,0.00000,0.00000,0.00000,0.00001
32.81000,1.98000,0.99998,0.00000,0.00000,0.00000,0.00001
33.01000,1.98000,0.99998,0.00000,0.00001,0.00000,0.00002
33.21000,1.98000,0.99997,0.00000,0.00001,0.00000,0.00002
33.41000,1.98000,0.99996,0.00000,0.00001,0.00000,0.00003
33.61000,1.98000,0.99994,0.00000,0.00001,0.00000,0.00005
33.81000,1.98000,0.99994,0.00000,0.00001,0.00000,0.00005
34.01000,1.98000,0.99995,0.00000,0.00000,0.00000,0.00005
34.21000,1.98000,0.99989,0.00000,0.00001,0.00002,0.00009
34.41000,1.98000,0.99948,0.00000,0.00000,0.00024,0.00027
34.61000,1.98000,0.99942,0.00000,0.00000,0.00031,0.00027
34.81000,1.98000,0.99929,0.00000,0.00001,0.00036,0.00034
35.01000,1.98000,0.99946,0.00000,0.00000,0.00013,0.00041
35.21000,1.98000,0.99961,0.00000,0.00000,0.00006,0.00033
35.41000,1.98000,0.99969,0.00000,0.00000,0.00005,0.00026
35.61000,1.98000,0.99965,0.00000,0.00000,0.00007,0.00027
35.81000,1.98000,0.99969,0.00000,0.00000,0.00009,0.00022
36.01000,1.98000,0.99972,0.00000,0.00000,0.00009,0.00019
36.21000,1.98000,0.99972,0.00000,0.00000,0.00010,0.00018
36.41000,1.98000,0.99971,0.00000,0.00000,0.00010,0.00019
36.61000,1.98000,0.99971,0.00000,0.00000,0.00011,0.00019
36.81000,1.98000,0.99971,0.00000,0.00000,0.00011,0.00018
37.01000,1.98000,0.99971,0.00000,0.00000,0.00011,0.00018
37.21000,1.98000,0.99971,0.00000,0.00000,0.00011,0.00018
37.41000,1.98000,0.99971,0.00000,0.00000,0.00011,0.00018
37.61000,1.98000,0.99971,0.00000,0.00000,0.00010,0.00018
37.81000,1.98000,0.99971,0.00000,0.00000,0.00010,0.00018
38.01000,1.98000,0.99971,0.00000,0.00000,0.00011,0.00018
38.21000,1.98000,0.99978,0.00000,0.00000,0.00008,0.00014
38.41000,1.98000,0.99989,0.00000,0.00000,0.00003,0.00007
38.61000,1.98000,0.99993,0.00001,0.00000,0.00002,0.00004
38.81000,1.98000,0.99990,0.00002,0.00000,0.00003,0.00004
39.01000,1.98000,0.99935,0.00016,0.00000,0.00020,0.00029
39.21000,1.98000,0.94697,0.00180,0.00020,0.01579,0.03523
39.41000,1.98000,0.35245,0.00114,0.00070,0.02182,0.62388
39.61000,1.98000,0.96494,0.00004,0.00001,0.00034,0.03467
39.81000,1.98000,0.99712,0.00003,0.00000,0.00000,0.00285
40.01000,1.98000,0.99909,0.00000,0.00000,0.00000,0.00091
40.21000,1.98000,0.99902,0.00000,0.00000,0.00000,0.00098
40.41000,1.98000,0.99968,0.00000,0.00000,0.00000,0.00032
40.61000,1.98000,1.00000,0.00000,0.00000,0.00000,0.00000
40.81000,1.98000,1.00000,0.00000,0.00000,0.00000,0.00000
41.01000,1.98000,1.00000,0.00000,0.00000,0.00000,0.00000
41.21000,1.98000,1.00000,0.00000,0.00000,0.00000,0.00000
41.41000,1.98000,1.00000,0.00000,0.00000,0.00000,0.00000
41.61000,1.98000,1.00000,0.00000,0.00000,0.00000,0.00000
41.81000,1.98000,0.99999,0.00000,0.00000,0.00000,0.00000
42.01000,1.98000,0.99999,0.00000,0.00000,0.00000,0.00000
42.21000,1.98000,0.99999,0.00000,0.00000,0.00000,0.00000
42.41000,1.98000,0.99999,0.00000,0.00001,0.00000,0.00001
42.61000,1.98000,0.99996,0.00000,0.00003,0.00000,0.00002
42.81000,1.98000,0.99979,0.00000,0.00011,0.00001,0.00008
43.01000,1.98000,0.99513,0.00003,0.00311,0.00088,0.00085
43.21000,1.98000,0.98071,0.00011,0.01199,0.00538,0.00180
43.41000,1.98000,0.98939,0.00007,0.00573,0.00321,0.00160
43.61000,1.98000,0.99231,0.00006,0.00201,0.00183,0.00379
43.81000,1.98000,0.99152,0.00005,0.00113,0.00172,0.00557
44.01000,1.98000,0.99218,0.00003,0.00096,0.00110,0.00574
44.21000,1.98000,0.99869,0.00000,0.00004,0.00006,0.00121
44.41000,1.98000,0.99964,0.00000,0.00001,0.00004,0.00032
44.61000,1.98000,0.99962,0.00000,0.00000,0.00009,0.00029
44.81000,1.98000,0.99971,0.00000,0.00000,0.00009,0.00021
45.01000,1.98000,0.99972,0.00000,0.00000,0.00008,0.00020
45.21000,1.98000,0.99972,0.00000,0.00000,0.00008,0.00020
45.41000,1.98000,0.99972,0.00000,0.00000,0.00008,0.00020
45.61000,1.98000,0.99971,0.00000,0.00000,0.00009,0.00020
45.81000,1.98000,0.99971,0.00000,0.00000,0.00009,0.00020
46.01000,1.98000,0.99971,0.00000,0.00000,0.00009,0.00020
46.21000,1.98000,0.99971,0.00000,0.00000,0.00009,0.00019
46.41000,1.98000,0.99971,0.00000,0.00000,0.00009,0.00019
46.61000,1.98000,0.99971,0.00000,0.00000,0.00009,0.00019
46.81000,1.98000,0.99971,0.00000,0.00000,0.00009,0.00019
47.01000,1.98000,0.99971,0.00000,0.00000,0.00009,0.00019
47.21000,1.98000,0.99972,0.00000,0.00000,0.00009,0.00019
47.41000,1.98000,0.99974,0.00000,0.00000,0.00008,0.00018
47.61000,1.98000,0.99983,0.00000,0.00000,0.00005,0.00012
47.81000,1.98000,0.99973,0.00000,0.00000,0.00009,0.00017
48.01000,1.98000,0.99922,0.00001,0.00000,0.00027,0.00050
48.21000,1.98000,0.99979,0.00004,0.00000,0.00009,0.00009
48.41000,1.98000,0.99877,0.00030,0.00000,0.00063,0.00029
48.61000,1.98000,0.97965,0.00052,0.00002,0.00501,0.01480
48.81000,1.98000,0.67802,0.00033,0.00039,0.01436,0.30690
49.01000,1.98000,0.92842,0.00012,0.00008,0.00059,0.07079
49.21000,1.98000,0.94830,0.00001,0.00012,0.00002,0.05154
49.41000,1.98000,0.99631,0.00000,0.00001,0.00000,0.00368
49.61000,1.98000,0.99852,0.00000,0.00000,0.00000,0.00148
49.81000,1.98000,0.99976,0.00000,0.00000,0.00000,0.00024
50.01000,1.98000,1.00000,0.00000,0.00000,0.00000,0.00000
50.21000,1.98000,1.00000,0.00000,0.00000,0.00000,0.00000
50.41000,1.98000,1.00000,0.00000,0.00000,0.00000,0.00000
50.61000,1.98000,1.00000,0.00000,0.00000,0.00000,0.00000
50.81000,1.98000,1.00000,0.00000,0.00000,0.00000,0.00000
51.01000,1.98000,1.00000,0.00000,0.00000,0.00000,0.00000
51.21000,1.98000,1.00000,0.00000,0.00000,0.00000,0.00000
51.41000,1.98000,1.00000,0.00000,0.00000,0.00000,0.00000
51.61000,1.98000,1.00000,0.00000,0.00000,0.00000,0.00000
51.81000,1.98000,0.99999,0.00000,0.00000,0.00000,0.00000
52.01000,1.98000,0.99999,0.00000,0.00000,0.00000,0.00000
52.21000,1.98000,0.99999,0.00000,0.00000,0.00000,0.00000
52.41000,1.98000,0.99998,0.00000,0.00001,0.00000,0.00001
52.61000,1.98000,0.99993,0.00000,0.00004,0.00000,0.00003
52.81000,1.98000,0.99988,0.00000,0.00007,0.00000,0.00005
53.01000,1.98000,0.99972,0.00000,0.00015,0.00001,0.00011
53.21000,1.98000,0.99956,0.00000,0.00025,0.00001,0.00018
53.41000,1.98000,0.99983,0.00000,0.00004,0.00000,0.00012
53.61000,1.98000,0.99972,0.00000,0.00001,0.00002,0.00026
53.81000,1.98000,0.99961,0.00000,0.00000,0.00007,0.00032
54.01000,1.98000,0.99966,0.00000,0.00000,0.00010,0.00023
54.21000,1.98000,0.99972,0.00000,0.00000,0.00007,0.00021
54.41000,1.98000,0.99972,0.00000,0.00000,0.00006,0.00023
54.61000,1.98000,0.99972,0.00000,0.00000,0.00005,0.00023
54.81000,1.98000,0.99969,0.00000,0.00000,0.00006,0.00024
55.01000,1.98000,0.99970,0.00000,0.00000,0.00007,0.00023
55.21000,1.98000,0.99970,0.00000,0.00000,0.00008,0.00022
55.41000,1.98000,0.99972,0.00000,0.00000,0.00009,0.00019
55.61000,1.98000,0.99977,0.00000,0.00000,0.00007,0.00015
55.81000,1.98000,0.99976,0.00000,0.00000,0.00009,0.00016
56.01000,1.98000,0.99970,0.00000,0.00000,0.00011,0.00018
56.21000,1.98000,0.99962,0.00000,0.00000,0.00017,0.00020
56.41000,1.98000,0.99931,0.00001,0.00000,0.00039,0.00029
56.61000,1.98000,0.99949,0.00000,0.00000,0.00021,0.00030
56.81000,1.98000,0.99953,0.00000,0.00000,0.00016,0.00030
57.01000,1.98000,0.99976,0.00000,0.00000,0.00004,0.00020
57.21000,1.98000,0.99987,0.00000,0.00000,0.00001,0.00012
57.41000,1.98000,0.99980,0.00001,0.00000,0.00005,0.00015
57.61000,1.98000,0.99971,0.00006,0.00000,0.00010,0.00012
57.81000,1.98000,0.99938,0.00017,0.00000,0.00034,0.00011
58.01000,1.98000,0.98000,0.00086,0.00003,0.01087,0.00825
58.21000,1.98000,0.84255,0.00070,0.00027,0.03549,0.12099
58.41000,1.98000,0.94324,0.00014,0.00010,0.00250,0.05402
58.61000,1.98000,0.96444,0.00002,0.00003,0.00003,0.03549
58.81000,1.98000,0.99847,0.00000,0.00000,0.00000,0.00152
59.01000,1.98000,0.99883,0.00000,0.00000,0.00000,0.00117
59.21000,1.98000,0.99946,0.00000,0.00000,0.00000,0.00054
59.41000,1.98000,0.99999,0.00000,0.00000,0.00000,0.00001
59.61000,1.98000,1.00000,0.00000,0.00000,0.00000,0.00000
59.81000,1.98000,1.00000,0.00000,0.00000,0.00000,0.00000
60.01000,1.98000,1.00000,0.00000,0.00000,0.00000,0.00000
60.21000,1.98000,1.00000,0.00000,0.00000,0.00000,0.00000
60.41000,1.98000,1.00000,0.00000,0.00000,0.00000,0.00000
60.61000,1.98000,0.99999,0.00000,0.00000,0.00000,0.00000
60.81000,1.98000,0.99999,0.00000,0.00000,0.00000,0.00000
61.01000,1.98000,0.99999,0.00000,0.00001,0.00000,0.00001
61.21000,1.98000,0.99997,0.00000,0.00001,0.00000,0.00002
61.41000,1.98000,0.99985,0.00000,0.00006,0.00001,0.00009
61.61000,1.98000,0.99768,0.00000,0.00064,0.00004,0.00164
61.81000,1.98000,0.98919,0.00001,0.00192,0.00008,0.00880
62.01000,1.98000,0.98600,0.00001,0.00179,0.00009,0.01211
62.21000,1.98000,0.98507,0.00001,0.00117,0.00013,0.01363
62.41000,1.98000,0.99285,0.00001,0.00043,0.00014,0.00656
62.61000,1.98000,0.99723,0.00000,0.00011,0.00008,0.00259
62.81000,1.98000,0.99910,0.00000,0.00005,0.00008,0.00077
63.01000,1.98000,0.99985,0.00000,0.00003,0.00001,0.00010
63.21000,1.98000,0.99984,0.00000,0.00002,0.00001,0.00013
63.41000,1.98000,0.99966,0.00000,0.00001,0.00005,0.00027
63.61000,1.98000,0.99969,0.00000,0.00000,0.00009,0.00022
63.81000,1.98000,0.99971,0.00000,0.00000,0.00010,0.00019
64.01000,1.98000,0.99970,0.00000,0.00000,0.00010,0.00019
64.21000,1.98000,0.99971,0.00000,0.00000,0.00010,0.00019
64.41000,1.98000,0.99972,0.00000,0.00000,0.00010,0.00019
64.61000,1.98000,0.99972,0.00000,0.00000,0.00010,0.00019
64.81000,1.98000,0.99971,0.00000,0.00000,0.00010,0.00019
65.01000,1.98000,0.99971,0.00000,0.00000,0.00010,0.00019
65.21000,1.98000,0.99971,0.00000,0.00000,0.00010,0.00019
65.41000,1.98000,0.99971,0.00000,0.00000,0.00011,0.00019
65.61000,1.98000,0.99971,0.00000,0.00000,0.00011,0.00019
65.81000,1.98000,0.99970,0.00000,0.00000,0.00011,0.00019
66.01000,1.98000,0.99971,0.00000,0.00000,0.00011,0.00018
66.21000,1.98000,0.99970,0.00000,0.00000,0.00011,0.00018
66.41000,1.98000,0.99970,0.00000,0.00000,0.00011,0.00019
66.61000,1.98000,0.99971,0.00000,0.00000,0.00011,0.00018
66.81000,1.98000,0.99971,0.00000,0.00000,0.00011,0.00018
67.01000,1.98000,0.99971,0.00000,0.00000,0.00011,0.00018
67.21000,1.98000,0.99971,0.00000,0.00000,0.00011,0.00018
67.41000,1.98000,0.99971,0.00000,0.00000,0.00010,0.00018
67.61000,1.98000,0.99971,0.00000,0.00000,0.00010,0.00019
67.81000,1.98000,0.99977,0.00000,0.00000,0.00008,0.00015
68.01000,1.98000,0.99986,0.00000,0.00000,0.00004,0.00010
68.21000,1.98000,0.99986,0.00000,0.00000,0.00005,0.00008
68.41000,1.98000,0.99982,0.00001,0.00000,0.00006,0.00011
68.61000,1.98000,0.99976,0.00006,0.00000,0.00009,0.00009
68.81000,1.98000,0.99939,0.00013,0.00000,0.00021,0.00026
69.01000,1.98000,0.97755,0.00042,0.00002,0.00409,0.01792
69.21000,1.98000,0.73374,0.00015,0.00027,0.00965,0.25618
69.41000,1.98000,0.97517,0.00002,0.00004,0.00016,0.02462
69.61000,1.98000,0.99069,0.00000,0.00002,0.00000,0.00928
69.81000,1.98000,0.99733,0.00000,0.00001,0.00000,0.00266
70.01000,1.98000,0.99946,0.00000,0.00000,0.00000,0.00054
70.21000,1.98000,0.99998,0.00000,0.00000,0.00000,0.00002
70.41000,1.98000,1.00000,0.00000,0.00000,0.00000,0.00000
70.61000,1.98000,1.00000,0.00000,0.00000,0.00000,0.00000
70.81000,1.98000,1.00000,0.00000,0.00000,0.00000,0.00000
71.01000,1.98000,1.00000,0.00000,0.00000,0.00000,0.00000
71.21000,1.98000,1.00000,0.00000,0.00000,0.00000,0.00000
71.41000,1.98000,1.00000,0.00000,0.00000,0.00000,0.00000
71.61000,1.98000,1.00000,0.00000,0.00000,0.00000,0.00000
71.81000,1.98000,1.00000,0.00000,0.00000,0.00000,0.00000
72.01000,1.98000,1.00000,0.00000,0.00000,0.00000,0.00000
72.21000,1.98000,1.00000,0.00000,0.00000,0.00000,0.00000
72.41000,1.98000,1.00000,0.00000,0.00000,0.00000,0.00000
72.61000,1.98000,1.00000,0.00000,0.00000,0.00000,0.00000
72.81000,1.98000,1.00000,0.00000,0.00000,0.00000,0.00000
73.01000,1.98000,0.99999,0.00000,0.00000,0.00000,0.00000
73.21000,1.98000,0.99996,0.00000,0.00002,0.00000,0.00002
73.41000,1.98000,0.99972,0.00000,0.00015,0.00005,0.00008
73.61000,1.98000,0.99879,0.00000,0.00064,0.00020,0.00037
73.81000,1.98000,0.99822,0.00000,0.00092,0.00021,0.00065
74.01000,1.98000,0.99762,0.00000,0.00131,0.00017,0.00090
74.21000,1.98000,0.99721,0.00000,0.00071,0.00018,0.00190
74.41000,1.98000,0.99898,0.00000,0.00005,0.00004,0.00093
74.61000,1.98000,0.99965,0.00000,0.00000,0.00003,0.00032
74.81000,1.98000,0.99965,0.00000,0.00000,0.00007,0.00028
75.01000,1.98000,0.99967,0.00000,0.00000,0.00008,0.00024
75.21000,1.98000,0.99971,0.00000,0.00000,0.00008,0.00021
75.41000,1.98000,0.99971,0.00000,0.00000,0.00007,0.00021
75.61000,1.98000,0.99972,0.00000,0.00000,0.00007,0.00021
75.81000,1.98000,0.99971,0.00000,0.00000,0.00007,0.00022
76.01000,1.98000,0.99969,0.00000,0.00000,0.00009,0.00022
76.21000,1.98000,0.99968,0.00000,0.00000,0.00011,0.00021
76.41000,1.98000,0.99969,0.00000,0.00000,0.00010,0.00021
76.61000,1.98000,0.99972,0.00000,0.00000,0.00008,0.00020
76.81000,1.98000,0.99985,0.00000,0.00000,0.00003,0.00012
77.01000,1.98000,0.99991,0.00000,0.00000,0.00002,0.00007
77.21000,1.98000,0.99994,0.00001,0.00000,0.00002,0.00004
77.41000,1.98000,0.99990,0.00003,0.00000,0.00002,0.00005
77.61000,1.98000,0.99977,0.00015,0.00000,0.00004,0.00004
77.81000,1.98000,0.99301,0.00115,0.00001,0.00244,0.00339
78.01000,1.98000,0.40881,0.00115,0.00044,0.06570,0.52390
78.21000,1.98000,0.85526,0.00022,0.00006,0.00235,0.14212
78.41000,1.98000,0.99654,0.00003,0.00001,0.00001,0.00341
78.61000,1.98000,0.99934,0.00000,0.00000,0.00000,0.00066
78.81000,1.98000,0.99926,0.00000,0.00000,0.00000,0.00074
79.01000,1.98000,0.99943,0.00000,0.00000,0.00000,0.00057
79.21000,1.98000,1.00000,0.00000,0.00000,0.00000,0.00000
79.41000,1.98000,1.00000,0.00000,0.00000,0.00000,0.00000
79.61000,1.98000,1.00000,0.00000,0.00000,0.00000,0.00000
79.81000,1.98000,1.00000,0.00000,0.00000,0.00000,0.00000
80.01000,1.98000,1.00000,0.00000,0.00000,0.00000,0.00000
80.21000,1.98000,1.00000,0.00000,0.00000,0.00000,0.00000
80.41000,1.98000,1.00000,0.00000,0.00000,0.00000,0.00000
80.61000,1.98000,1.00000,0.00000,0.00000,0.00000,0.00000
80.81000,1.98000,1.00000,0.00000,0.00000,0.00000,0.00000
81.01000,1.98000,0.99999,0.00000,0.00000,0.00000,0.00000
81.21000,1.98000,0.99999,0.00000,0.00000,0.00000,0.00000
81.41000,1.98000,0.99999,0.00000,0.00000,0.00000,0.00001
81.61000,1.98000,0.99998,0.00000,0.00001,0.00000,0.00001
81.81000,1.98000,0.99996,0.00000,0.00001,0.00000,0.00003
82.01000,1.98000,0.99993,0.00000,0.00002,0.00001,0.00005
82.21000,1.98000,0.99985,0.00000,0.00003,0.00002,0.00009
82.41000,1.98000,0.99978,0.00000,0.00001,0.00004,0.00016
82.61000,1.98000,0.99985,0.00000,0.00001,0.00002,0.00012
82.81000,1.98000,0.99980,0.00000,0.00001,0.00002,0.00017
83.01000,1.98000,0.99965,0.00000,0.00000,0.00005,0.00030
83.21000,1.98000,0.99968,0.00000,0.00000,0.00006,0.00026
83.41000,1.98000,0.99966,0.00000,0.00000,0.00008,0.00026
83.61000,1.98000,0.99967,0.00000,0.00000,0.00009,0.00024
83.81000,1.98000,0.99969,0.00000,0.00000,0.00008,0.00023
84.01000,1.98000,0.99971,0.00000,0.00000,0.00007,0.00022
84.21000,1.98000,0.99971,0.00000,0.00000,0.00007,0.00022
84.41000,1.98000,0.99969,0.00000,0.00000,0.00009,0.00022
84.61000,1.98000,0.99968,0.00000,0.00000,0.00010,0.00022
84.81000,1.98000,0.99970,0.00000,0.00000,0.00009,0.00020
85.01000,1.98000,0.99983,0.00000,0.00000,0.00004,0.00013
85.21000,1.98000,0.99992,0.00000,0.00000,0.00002,0.00006
85.41000,1.98000,0.99990,0.00001,0.00000,0.00002,0.00006
85.61000,1.98000,0.99979,0.00007,0.00000,0.00006,0.00008
85.81000,1.98000,0.99786,0.00037,0.00000,0.00060,0.00117
86.01000,1.98000,0.78127,0.00230,0.00032,0.04056,0.17555
86.21000,1.98000,0.89855,0.00035,0.00003,0.00448,0.09659
86.41000,1.98000,0.98009,0.00010,0.00001,0.00010,0.01971
86.61000,1.98000,0.99817,0.00001,0.00000,0.00000,0.00182
86.81000,1.98000,0.99866,0.00000,0.00000,0.00000,0.00133
87.01000,1.98000,0.99914,0.00000,0.00000,0.00000,0.00086
87.21000,1.98000,0.99999,0.00000,0.00000,0.00000,0.00001
87.41000,1.98000,0.99999,0.00000,0.00000,0.00000,0.00000
87.61000,1.98000,0.99999,0.00000,0.00000,0.00000,0.00000
87.81000,1.98000,0.99999,0.00000,0.00000,0.00000,0.00000
88.01000,1.98000,0.99999,0.00000,0.00000,0.00000,0.00000
88.21000,1.98000,0.99999,0.00000,0.00001,0.00000,0.00001
88.41000,1.98000,0.99999,0.00000,0.00000,0.00000,0.00001
88.61000,1.98000,0.99999,0.00000,0.00000,0.00000,0.00001
88.81000,1.98000,0.99999,0.00000,0.00000,0.00000,0.00001
89.01000,1.98000,0.99999,0.00000,0.00000,0.00000,0.00001
89.21000,1.98000,0.99999,0.00000,0.00000,0.00000,0.00001
89.41000,1.98000,0.99998,0.00000,0.00000,0.00000,0.00001
89.61000,1.98000,0.99997,0.00000,0.00000,0.00000,0.00002
89.81000,1.98000,0.99984,0.00000,0.00000,0.00005,0.00011
90.01000,1.98000,0.99910,0.00001,0.00001,0.00064,0.00025
90.21000,1.98000,0.99428,0.00003,0.00005,0.00497,0.00067
90.41000,1.98000,0.99124,0.00002,0.00006,0.00664,0.00203
90.61000,1.98000,0.99263,0.00001,0.00011,0.00398,0.00327
90.81000,1.98000,0.99829,0.00000,0.00034,0.00042,0.00096
91.01000,1.98000,0.99872,0.00000,0.00018,0.00012,0.00097
91.21000,1.98000,0.99953,0.00000,0.00002,0.00003,0.00042
91.41000,1.98000,0.99971,0.00000,0.00000,0.00003,0.00026
91.61000,1.98000,0.99967,0.00000,0.00000,0.00005,0.00027
91.81000,1.98000,0.99962,0.00000,0.00000,0.00010,0.00028
92.01000,1.98000,0.99951,0.00000,0.00000,0.00018,0.00031
92.21000,1.98000,0.99950,0.00000,0.00000,0.00018,0.00032
92.41000,1.98000,0.99963,0.00000,0.00000,0.00009,0.00028
92.61000,1.98000,0.99963,0.00000,0.00000,0.00008,0.00029
92.81000,1.98000,0.99964,0.00000,0.00000,0.00008,0.00028
93.01000,1.98000,0.99965,0.00000,0.00000,0.00007,0.00028
93.21000,1.98000,0.99967,0.00000,0.00000,0.00007,0.00026
93.41000,1.98000,0.99968,0.00000,0.00000,0.00008,0.00023
93.61000,1.98000,0.99968,0.00000,0.00000,0.00009,0.00023
93.81000,1.98000,0.99970,0.00000,0.00000,0.00009,0.00021
94.01000,1.98000,0.99970,0.00000,0.00000,0.00009,0.00021
94.21000,1.98000,0.99970,0.00000,0.00000,0.00009,0.00021
94.41000,1.98000,0.99970,0.00000,0.00000,0.00008,0.00021
94.61000,1.98000,0.99970,0.00000,0.00000,0.00008,0.00021
94.81000,1.98000,0.99970,0.00000,0.00000,0.00008,0.00021
95.01000,1.98000,0.99970,0.00000,0.00000,0.00008,0.00021
95.21000,1.98000,0.99970,0.00000,0.00000,0.00008,0.00021
95.41000,1.98000,0.99970,0.00000,0.00000,0.00008,0.00021
95.61000,1.98000,0.99970,0.00000,0.00000,0.00008,0.00021
95.81000,1.98000,0.99970,0.00000,0.00000,0.00008,0.00021
96.01000,1.98000,0.99970,0.00000,0.00000,0.00008,0.00021
96.21000,1.98000,0.99970,0.00000,0.00000,0.00009,0.00021
96.41000,1.98000,0.99969,0.00000,0.00000,0.00009,0.00021
96.61000,1.98000,0.99969,0.00000,0.00000,0.00010,0.00022
96.81000,1.98000,0.99969,0.00000,0.00000,0.00009,0.00022
97.01000,1.98000,0.99970,0.00000,0.00000,0.00008,0.00022
97.21000,1.98000,0.99970,0.00000,0.00000,0.00008,0.00023
97.41000,1.98000,0.99969,0.00000,0.00000,0.00008,0.00023
97.61000,1.98000,0.99969,0.00000,0.00000,0.00008,0.00023
97.81000,1.98000,0.99970,0.00000,0.00000,0.00008,0.00022
98.01000,1.98000,0.99974,0.00000,0.00000,0.00007,0.00018
98.21000,1.98000,0.99988,0.00000,0.00000,0.00003,0.00009
98.41000,1.98000,0.99994,0.00000,0.00000,0.00001,0.00005
98.61000,1.98000,0.99990,0.00003,0.00000,0.00002,0.00006
98.81000,1.98000,0.99974,0.00014,0.00000,0.00003,0.00009
99.01000,1.98000,0.99313,0.00100,0.00001,0.00074,0.00512
99.21000,1.98000,0.45260,0.00173,0.00026,0.03107,0.51434
99.41000,1.98000,0.97002,0.00017,0.00001,0.00029,0.02952
99.61000,1.98000,0.99534,0.00003,0.00000,0.00001,0.00462
99.81000,1.98000,0.99896,0.00000,0.00000,0.00000,0.00104
100.01000,1.98000,0.99935,0.00000,0.00000,0.00000,0.00065
100.21000,1.98000,0.99916,0.00000,0.00000,0.00000,0.00084
100.41000,1.98000,0.99999,0.00000,0.00000,0.00000,0.00001
100.61000,1.98000,1.00000,0.00000,0.00000,0.00000,0.00000
100.81000,1.98000,0.99999,0.00000,0.00001,0.00000,0.00000
101.01000,1.98000,0.99997,0.00000,0.00002,0.00000,0.00001
101.21000,1.98000,0.99998,0.00000,0.00000,0.00000,0.00001
101.41000,1.98000,0.99999,0.00000,0.00001,0.00000,0.00001
101.61000,1.98000,0.99999,0.00000,0.00000,0.00000,0.00000
101.81000,1.98000,0.99999,0.00000,0.00000,0.00000,0.00000
102.01000,1.98000,0.99999,0.00000,0.00000,0.00000,0.00001
102.21000,1.98000,0.99997,0.00000,0.00001,0.00000,0.00002
102.41000,1.98000,0.99988,0.00000,0.00003,0.00000,0.00008
102.61000,1.98000,0.99893,0.00000,0.00022,0.00004,0.00080
102.81000,1.98000,0.99826,0.00000,0.00031,0.00007,0.00136
103.01000,1.98000,0.99535,0.00000,0.00079,0.00016,0.00370
103.21000,1.98000,0.99268,0.00001,0.00082,0.00049,0.00600
103.41000,1.98000,0.99708,0.00001,0.00036,0.00036,0.00220
103.61000,1.98000,0.99870,0.00000,0.00009,0.00009,0.00111
103.81000,1.98000,0.99954,0.00000,0.00001,0.00002,0.00043
104.01000,1.98000,0.99970,0.00000,0.00001,0.00004,0.00025
104.21000,1.98000,0.99964,0.00000,0.00000,0.00007,0.00028
104.41000,1.98000,0.99973,0.00000,0.00000,0.00007,0.00020
104.61000,1.98000,0.99973,0.00000,0.00000,0.00007,0.00020
104.81000,1.98000,0.99971,0.00000,0.00000,0.00009,0.00020
105.01000,1.98000,0.99970,0.00000,0.00000,0.00010,0.00020
105.21000,1.98000,0.99969,0.00000,0.00000,0.00011,0.00020
105.41000,1.98000,0.99970,0.00000,0.00000,0.00009,0.00021
105.61000,1.98000,0.99972,0.00000,0.00000,0.00006,0.00022
105.81000,1.98000,0.99971,0.00000,0.00000,0.00007,0.00022
106.01000,1.98000,0.99970,0.00000,0.00000,0.00009,0.00022
106.21000,1.98000,0.99968,0.00000,0.00000,0.00010,0.00022
106.41000,1.98000,0.99971,0.00000,0.00000,0.00010,0.00019
106.61000,1.98000,0.99970,0.00000,0.00000,0.00010,0.00019
106.81000,1.98000,0.99971,0.00000,0.00000,0.00010,0.00019
107.01000,1.98000,0.99972,0.00000,0.00000,0.00010,0.00019
107.21000,1.98000,0.99971,0.00000,0.00000,0.00010,0.00019
107.41000,1.98000,0.99971,0.00000,0.00000,0.00010,0.00019
107.61000,1.98000,0.99971,0.00000,0.00000,0.00010,0.00019
107.81000,1.98000,0.99971,0.00000,0.00000,0.00010,0.00019
108.01000,1.98000,0.99971,0.00000,0.00000,0.00010,0.00019
108.21000,1.98000,0.99971,0.00000,0.00000,0.00010,0.00019
108.41000,1.98000,0.99970,0.00000,0.00000,0.00010,0.00019
108.61000,1.98000,0.99971,0.00000,0.00000,0.00011,0.00019
108.81000,1.98000,0.99974,0.00000,0.00000,0.00009,0.00017
109.01000,1.98000,0.99982,0.00000,0.00000,0.00005,0.00013
109.21000,1.98000,0.99991,0.00000,0.00000,0.00002,0.00007
109.41000,1.98000,0.99988,0.00001,0.00000,0.00004,0.00007
109.61000,1.98000,0.99978,0.00004,0.00000,0.00010,0.00008
109.81000,1.98000,0.99803,0.00018,0.00000,0.00081,0.00098
110.01000,1.98000,0.82684,0.00081,0.00032,0.02950,0.14253
110.21000,1.98000,0.82472,0.00015,0.00012,0.00622,0.16878
110.41000,1.98000,0.96188,0.00002,0.00002,0.00022,0.03786
110.61000,1.98000,0.99014,0.00001,0.00001,0.00000,0.00984
110.81000,1.98000,0.99903,0.00000,0.00000,0.00000,0.00097
111.01000,1.98000,0.99924,0.00000,0.00000,0.00000,0.00076
111.21000,1.98000,0.99999,0.00000,0.00000,0.00000,0.00001
111.41000,1.98000,1.00000,0.00000,0.00000,0.00000,0.00000
111.61000,1.98000,1.00000,0.00000,0.00000,0.00000,0.00000
111.81000,1.98000,1.00000,0.00000,0.00000,0.00000,0.00000
112.01000,1.98000,1.00000,0.00000,0.00000,0.00000,0.00000
112.21000,1.98000,1.00000,0.00000,0.00000,0.00000,0.00000
112.41000,1.98000,1.00000,0.00000,0.00000,0.00000,0.00000
112.61000,1.98000,1.00000,0.00000,0.00000,0.00000,0.00000
112.81000,1.98000,0.99999,0.00000,0.00000,0.00000,0.00001
113.01000,1.98000,0.99998,0.00000,0.00001,0.00000,0.00001
113.21000,1.98000,0.99992,0.00000,0.00003,0.00001,0.00004
113.41000,1.98000,0.99959,0.00000,0.00017,0.00004,0.00020
113.61000,1.98000,0.99844,0.00000,0.00034,0.00017,0.00105
113.81000,1.98000,0.99872,0.00000,0.00001,0.00008,0.00119
114.01000,1.98000,0.99960,0.00000,0.00001,0.00001,0.00038
114.21000,1.98000,0.99973,0.00000,0.00000,0.00000,0.00026
114.41000,1.98000,0.99989,0.00000,0.00001,0.00001,0.00010
114.61000,1.98000,0.99988,0.00000,0.00000,0.00002,0.00010
114.81000,1.98000,0.99985,0.00000,0.00000,0.00003,0.00012
115.01000,1.98000,0.99981,0.00000,0.00000,0.00004,0.00014
115.21000,1.98000,0.99975,0.00000,0.00000,0.00006,0.00020
115.41000,1.98000,0.99973,0.00000,0.00000,0.00007,0.00019
115.61000,1.98000,0.99973,0.00000,0.00000,0.00008,0.00019
115.81000,1.98000,0.99973,0.00000,0.00000,0.00007,0.00020
116.01000,1.98000,0.99973,0.00000,0.00000,0.00007,0.00020
116.21000,1.98000,0.99972,0.00000,0.00000,0.00007,0.00021
116.41000,1.98000,0.99972,0.00000,0.00000,0.00007,0.00022
116.61000,1.98000,0.99971,0.00000,0.00000,0.00007,0.00022
116.81000,1.98000,0.99972,0.00000,0.00000,0.00007,0.00021
117.01000,1.98000,0.99973,0.00000,0.00000,0.00007,0.00020
117.21000,1.98000,0.99977,0.00000,0.00000,0.00006,0.00017
117.41000,1.98000,0.99988,0.00000,0.00000,0.00003,0.00009
117.61000,1.98000,0.99993,0.00000,0.00000,0.00001,0.00005
117.81000,1.98000,0.99991,0.00002,0.00000,0.00002,0.00004
118.01000,1.98000,0.99982,0.00007,0.00000,0.00005,0.00006
118.21000,1.98000,0.99498,0.00083,0.00001,0.00105,0.00313
118.41000,1.98000,0.60339,0.00154,0.00035,0.04327,0.35145
118.61000,1.98000,0.97281,0.00017,0.00001,0.00061,0.02640
118.81000,1.98000,0.99724,0.00001,0.00000,0.00000,0.00274
119.01000,1.98000,0.99947,0.00000,0.00000,0.00000,0.00052
119.21000,1.98000,0.99930,0.00000,0.00000,0.00000,0.00070
119.41000,1.98000,0.99958,0.00000,0.00000,0.00000,0.00042
119.61000,1.98000,1.00000,0.00000,0.00000,0.00000,0.00000
119.81000,1.98000,1.00000,0.00000,0.00000,0.00000,0.00000
120.01000,1.98000,1.00000,0.00000,0.00000,0.00000,0.00000
120.21000,1.98000,1.00000,0.00000,0.00000,0.00000,0.00000
120.41000,1.98000,1.00000,0.00000,0.00000,0.00000,0.00000
120.61000,1.98000,1.00000,0.00000,0.00000,0.00000,0.00000
120.81000,1.98000,1.00000,0.00000,0.00000,0.00000,0.00000
121.01000,1.98000,1.00000,0.00000,0.00000,0.00000,0.00000
121.21000,1.98000,0.99999,0.00000,0.00000,0.00000,0.00000
121.41000,1.98000,0.99999,0.00000,0.00000,0.00000,0.00001
121.61000,1.98000,0.99999,0.00000,0.00000,0.00000,0.00001
121.81000,1.98000,0.99998,0.00000,0.00000,0.00000,0.00001
122.01000,1.98000,0.99998,0.00000,0.00000,0.00000,0.00001
122.21000,1.98000,0.99997,0.00000,0.00000,0.00000,0.00003
122.41000,1.98000,0.99993,0.00000,0.00000,0.00001,0.00005
122.61000,1.98000,0.99984,0.00000,0.00000,0.00005,0.00011
122.81000,1.98000,0.99962,0.00000,0.00000,0.00013,0.00025
123.01000,1.98000,0.99964,0.00000,0.00000,0.00010,0.00026
123.21000,1.98000,0.99954,0.00000,0.00000,0.00011,0.00035
123.41000,1.98000,0.99958,0.00000,0.00000,0.00012,0.00030
