Time (seconds), Duration (seconds),pred_(unlabeled),pred_empty_box,pred_table
0.00250,0.49500,0.01957,0.98040,0.00003
0.10250,0.49500,0.02492,0.97501,0.00007
0.20250,0.49500,0.02862,0.97124,0.00014
0.30250,0.49500,0.03086,0.96909,0.00006
0.40250,0.49500,0.02505,0.97493,0.00002
0.50250,0.49500,0.03073,0.96923,0.00004
0.60250,0.49500,0.03850,0.96132,0.00018
0.70250,0.49500,0.02777,0.97221,0.00003
0.80250,0.49500,0.02736,0.97262,0.00002
0.90250,0.49500,0.01771,0.98216,0.00013
1.00250,0.49500,0.05456,0.94514,0.00030
1.10250,0.49500,0.02005,0.97993,0.00003
1.20250,0.49500,0.14164,0.85834,0.00002
1.30250,0.49500,0.09276,0.90724,0.00000
1.40250,0.49500,0.19058,0.80942,0.00000
1.50250,0.49500,0.08032,0.91968,0.00000
1.60250,0.49500,0.11208,0.88792,0.00000
1.70250,0.49500,0.12042,0.87958,0.00000
1.80250,0.49500,0.14507,0.85493,0.00000
1.90250,0.49500,0.11338,0.88662,0.00000
2.00250,0.49500,0.10035,0.89965,0.00000
2.10250,0.49500,0.10292,0.89708,0.00000
2.20250,0.49500,0.07914,0.92086,0.00000
2.30250,0.49500,0.06478,0.93522,0.00000
2.40250,0.49500,0.09488,0.90512,0.00000
2.50250,0.49500,0.09949,0.90051,0.00000
2.60250,0.49500,0.10610,0.89390,0.00000
2.70250,0.49500,0.09872,0.90128,0.00000
2.80250,0.49500,0.09284,0.90716,0.00000
2.90250,0.49500,0.08278,0.91722,0.00000
3.00250,0.49500,0.10744,0.89256,0.00000
3.10250,0.49500,0.11442,0.88558,0.00000
3.20250,0.49500,0.11168,0.88832,0.00000
3.30250,0.49500,0.14540,0.85460,0.00000
3.40250,0.49500,0.09871,0.90129,0.00000
3.50250,0.49500,0.11104,0.88895,0.00000
3.60250,0.49500,0.09698,0.90302,0.00000
3.70250,0.49500,0.20204,0.79796,0.00000
3.80250,0.49500,0.21340,0.78659,0.00001
3.90250,0.49500,0.35273,0.64726,0.00000
4.00250,0.49500,0.36507,0.63493,0.00000
4.10250,0.49500,0.31172,0.68828,0.00000
4.20250,0.49500,0.18034,0.81966,0.00000
4.30250,0.49500,0.23842,0.76158,0.00000
4.40250,0.49500,0.30357,0.69643,0.00000
4.50250,0.49500,0.21287,0.78713,0.00000
4.60250,0.49500,0.25415,0.74585,0.00000
4.70250,0.49500,0.22348,0.77652,0.00000
4.80250,0.49500,0.20655,0.79345,0.00000
4.90250,0.49500,0.16905,0.83095,0.00000
5.00250,0.49500,0.25482,0.74518,0.00000
5.10250,0.49500,0.09342,0.90658,0.00000
5.20250,0.49500,0.14089,0.85911,0.00000
5.30250,0.49500,0.26746,0.73254,0.00000
5.40250,0.49500,0.11445,0.88555,0.00000
5.50250,0.49500,0.27695,0.72305,0.00000
5.60250,0.49500,0.06926,0.93074,0.00000
5.70250,0.49500,0.12416,0.87584,0.00000
5.80250,0.49500,0.23651,0.76349,0.00000
5.90250,0.49500,0.05167,0.94833,0.00000
6.00250,0.49500,0.40265,0.59735,0.00000
6.10250,0.49500,0.17882,0.82118,0.00000
6.20250,0.49500,0.30447,0.69553,0.00000
6.30250,0.49500,0.09776,0.90224,0.00000
6.40250,0.49500,0.09911,0.90089,0.00000
6.50250,0.49500,0.17829,0.82171,0.00000
6.60250,0.49500,0.08313,0.91687,0.00000
6.70250,0.49500,0.11001,0.88998,0.00001
6.80250,0.49500,0.11145,0.88855,0.00000
6.90250,0.49500,0.10134,0.89865,0.00000
7.00250,0.49500,0.17072,0.82928,0.00000
7.10250,0.49500,0.22018,0.77982,0.00000
7.20250,0.49500,0.27990,0.72009,0.00000
7.30250,0.49500,0.29925,0.70075,0.00000
7.40250,0.49500,0.30338,0.69662,0.00000
7.50250,0.49500,0.21130,0.78870,0.00000
7.60250,0.49500,0.17760,0.82240,0.00000
7.70250,0.49500,0.18955,0.81044,0.00002
7.80250,0.49500,0.17363,0.82632,0.00005
7.90250,0.49500,0.52889,0.47111,0.00000
8.00250,0.49500,0.40763,0.59237,0.00000
8.10250,0.49500,0.53037,0.46963,0.00000
8.20250,0.49500,0.25374,0.74625,0.00001
8.30250,0.49500,0.32520,0.67479,0.00001
8.40250,0.49500,0.12763,0.87237,0.00000
8.50250,0.49500,0.28908,0.71092,0.00000
8.60250,0.49500,0.22626,0.77374,0.00000
8.70250,0.49500,0.34670,0.65330,0.00000
8.80250,0.49500,0.43611,0.56389,0.00000
8.90250,0.49500,0.35087,0.64913,0.00000
9.00250,0.49500,0.40089,0.59911,0.00000
9.10250,0.49500,0.33499,0.66501,0.00000
9.20250,0.49500,0.43145,0.56855,0.00000
9.30250,0.49500,0.39811,0.60188,0.00000
9.40250,0.49500,0.39687,0.60313,0.00000
9.50250,0.49500,0.10757,0.89243,0.00000
9.60250,0.49500,0.11684,0.88316,0.00000
9.70250,0.49500,0.28075,0.71925,0.00000
9.80250,0.49500,0.18524,0.81476,0.00000
9.90250,0.49500,0.36827,0.63173,0.00000
10.00250,0.49500,0.37826,0.62174,0.00000
10.10250,0.49500,0.41413,0.58587,0.00000
10.20250,0.49500,0.33525,0.66475,0.00000
10.30250,0.49500,0.28567,0.71433,0.00000
10.40250,0.49500,0.40706,0.59294,0.00000
10.50250,0.49500,0.37000,0.63000,0.00000
10.60250,0.49500,0.39760,0.60240,0.00000
10.70250,0.49500,0.25080,0.74920,0.00000
10.80250,0.49500,0.36133,0.63867,0.00000
10.90250,0.49500,0.24438,0.75562,0.00000
11.00250,0.49500,0.23534,0.76466,0.00000
11.10250,0.49500,0.37306,0.62694,0.00000
11.20250,0.49500,0.43655,0.56345,0.00000
11.30250,0.49500,0.30899,0.69101,0.00000
11.40250,0.49500,0.35305,0.64695,0.00000
11.50250,0.49500,0.33320,0.66680,0.00000
11.60250,0.49500,0.28183,0.71817,0.00000
11.70250,0.49500,0.20310,0.79690,0.00000
11.80250,0.49500,0.30561,0.69439,0.00000
11.90250,0.49500,0.17893,0.82106,0.00000
12.00250,0.49500,0.11160,0.88840,0.00000
12.10250,0.49500,0.06757,0.93242,0.00000
12.20250,0.49500,0.17609,0.82391,0.00000
12.30250,0.49500,0.23407,0.76593,0.00000
12.40250,0.49500,0.29154,0.70846,0.00000
12.50250,0.49500,0.15433,0.84567,0.00000
12.60250,0.49500,0.28726,0.71274,0.00000
12.70250,0.49500,0.49819,0.50181,0.00000
12.80250,0.49500,0.43764,0.56236,0.00000
12.90250,0.49500,0.39409,0.60591,0.00000
13.00250,0.49500,0.35743,0.64257,0.00000
13.10250,0.49500,0.33161,0.66839,0.00000
13.20250,0.49500,0.34935,0.65065,0.00000
13.30250,0.49500,0.56122,0.43878,0.00000
13.40250,0.49500,0.40380,0.59620,0.00000
13.50250,0.49500,0.53155,0.46845,0.00000
13.60250,0.49500,0.31397,0.68603,0.00000
13.70250,0.49500,0.36657,0.63343,0.00000
13.80250,0.49500,0.14850,0.85150,0.00000
13.90250,0.49500,0.41256,0.58744,0.00000
14.00250,0.49500,0.14642,0.85358,0.00000
14.10250,0.49500,0.45383,0.54617,0.00000
14.20250,0.49500,0.08443,0.91557,0.00000
14.30250,0.49500,0.34131,0.65869,0.00000
14.40250,0.49500,0.14354,0.85646,0.00000
14.50250,0.49500,0.20293,0.79707,0.00000
14.60250,0.49500,0.12534,0.87466,0.00000
14.70250,0.49500,0.40668,0.59332,0.00000
14.80250,0.49500,0.15217,0.84783,0.00000
14.90250,0.49500,0.39841,0.60159,0.00000
15.00250,0.49500,0.06729,0.93271,0.00000
15.10250,0.49500,0.28970,0.71030,0.00000
15.20250,0.49500,0.25155,0.74845,0.00000
15.30250,0.49500,0.21924,0.78076,0.00000
15.40250,0.49500,0.16492,0.83508,0.00000
15.50250,0.49500,0.20849,0.79151,0.00000
15.60250,0.49500,0.21576,0.78424,0.00000
15.70250,0.49500,0.24799,0.75201,0.00000
15.80250,0.49500,0.07164,0.92836,0.00000
15.90250,0.49500,0.33074,0.66926,0.00000
16.00250,0.49500,0.32151,0.67849,0.00000
16.10250,0.49500,0.26594,0.73406,0.00000
16.20250,0.49500,0.32589,0.67411,0.00000
16.30250,0.49500,0.22840,0.77160,0.00000
16.40250,0.49500,0.28799,0.71201,0.00000
16.50250,0.49500,0.31054,0.68946,0.00000
16.60250,0.49500,0.31168,0.68832,0.00000
16.70250,0.49500,0.19548,0.80452,0.00000
16.80250,0.49500,0.09441,0.90559,0.00000
16.90250,0.49500,0.04822,0.95177,0.00001
17.00250,0.49500,0.09694,0.90305,0.00001
17.10250,0.49500,0.04640,0.95360,0.00000
17.20250,0.49500,0.06374,0.93624,0.00001
17.30250,0.49500,0.10748,0.89251,0.00000
17.40250,0.49500,0.23029,0.76971,0.00000
17.50250,0.49500,0.18139,0.81861,0.00000
17.60250,0.49500,0.20152,0.79848,0.00000
17.70250,0.49500,0.04168,0.95832,0.00000
17.80250,0.49500,0.07354,0.92646,0.00000
17.90250,0.49500,0.08151,0.91849,0.00000
18.00250,0.49500,0.11415,0.88585,0.00000
18.10250,0.49500,0.07764,0.92236,0.00000
18.20250,0.49500,0.14000,0.86000,0.00000
18.30250,0.49500,0.14068,0.85931,0.00000
18.40250,0.49500,0.10565,0.89435,0.00000
18.50250,0.49500,0.08952,0.91048,0.00000
18.60250,0.49500,0.05137,0.94862,0.00000
18.70250,0.49500,0.29964,0.70036,0.00000
18.80250,0.49500,0.24562,0.75438,0.00000
18.90250,0.49500,0.30295,0.69705,0.00000
19.00250,0.49500,0.25208,0.74792,0.00000
19.10250,0.49500,0.39292,0.60708,0.00000
19.20250,0.49500,0.42205,0.57795,0.00000
19.30250,0.49500,0.40056,0.59944,0.00000
19.40250,0.49500,0.10860,0.89140,0.00000
19.50250,0.49500,0.20246,0.79753,0.00000
19.60250,0.49500,0.04901,0.95099,0.00000
19.70250,0.49500,0.24855,0.75145,0.00000
19.80250,0.49500,0.14968,0.85031,0.00000
19.90250,0.49500,0.31466,0.68534,0.00000
20.00250,0.49500,0.28864,0.71136,0.00000
20.10250,0.49500,0.12410,0.87590,0.00000
20.20250,0.49500,0.16658,0.83342,0.00000
20.30250,0.49500,0.27196,0.72803,0.00000
20.40250,0.49500,0.32045,0.67955,0.00000
20.50250,0.49500,0.25971,0.74029,0.00000
20.60250,0.49500,0.39784,0.60216,0.00000
20.70250,0.49500,0.37673,0.62327,0.00000
20.80250,0.49500,0.32297,0.67703,0.00000
20.90250,0.49500,0.21966,0.78034,0.00000
21.00250,0.49500,0.15127,0.84873,0.00000
21.10250,0.49500,0.14309,0.85691,0.00000
21.20250,0.49500,0.15428,0.84572,0.00000
21.30250,0.49500,0.19288,0.80711,0.00000
21.40250,0.49500,0.32933,0.67067,0.00000
21.50250,0.49500,0.25248,0.74752,0.00000
21.60250,0.49500,0.36043,0.63957,0.00000
21.70250,0.49500,0.13338,0.86661,0.00000
21.80250,0.49500,0.36861,0.63139,0.00000
21.90250,0.49500,0.43942,0.56058,0.00000
22.00250,0.49500,0.29974,0.70026,0.00000
22.10250,0.49500,0.52841,0.47159,0.00000
22.20250,0.49500,0.38175,0.61825,0.00000
22.30250,0.49500,0.20711,0.79288,0.00000
22.40250,0.49500,0.33043,0.66957,0.00000
22.50250,0.49500,0.30781,0.69219,0.00000
22.60250,0.49500,0.40360,0.59640,0.00000
22.70250,0.49500,0.97292,0.02708,0.00000
22.80250,0.49500,0.98897,0.01103,0.00000
22.90250,0.49500,0.99999,0.00001,0.00000
23.00250,0.49500,1.00000,0.00000,0.00000
23.10250,0.49500,1.00000,0.00000,0.00000
23.20250,0.49500,1.00000,0.00000,0.00000
23.30250,0.49500,0.99997,0.00003,0.00000
23.40250,0.49500,1.00000,0.00000,0.00000
23.50250,0.49500,0.98025,0.01975,0.00000
23.60250,0.49500,0.95276,0.04724,0.00000
23.70250,0.49500,0.99793,0.00207,0.00000
23.80250,0.49500,0.98975,0.01025,0.00000
23.90250,0.49500,0.99922,0.00078,0.00000
24.00250,0.49500,0.99986,0.00014,0.00000
24.10250,0.49500,0.98629,0.01371,0.00000
24.20250,0.49500,0.67157,0.32843,0.00000
24.30250,0.49500,0.57853,0.42147,0.00000
24.40250,0.49500,0.12904,0.87096,0.00000
24.50250,0.49500,0.15074,0.84926,0.00000
24.60250,0.49500,0.63645,0.36355,0.00000
24.70250,0.49500,0.72756,0.27244,0.00000
24.80250,0.49500,0.98119,0.01881,0.00000
24.90250,0.49500,0.75436,0.24564,0.00000
25.00250,0.49500,0.93737,0.06263,0.00000
25.10250,0.49500,0.52039,0.47961,0.00000
25.20250,0.49500,0.89197,0.10803,0.00000
25.30250,0.49500,0.90997,0.09003,0.00000
25.40250,0.49500,0.59213,0.40787,0.00000
25.50250,0.49500,0.47980,0.52020,0.00000
25.60250,0.49500,0.08517,0.91482,0.00001
25.70250,0.49500,0.07329,0.92671,0.00000
25.80250,0.49500,0.05300,0.94700,0.00001
25.90250,0.49500,0.05113,0.94885,0.00002
26.00250,0.49500,0.06265,0.93734,0.00001
26.10250,0.49500,0.09189,0.90810,0.00001
26.20250,0.49500,0.09032,0.90967,0.00001
26.30250,0.49500,0.07715,0.92284,0.00001
26.40250,0.49500,0.06726,0.93274,0.00001
26.50250,0.49500,0.06568,0.93431,0.00001
26.60250,0.49500,0.08626,0.91373,0.00001
26.70250,0.49500,0.05935,0.94064,0.00001
26.80250,0.49500,0.09952,0.90048,0.00000
26.90250,0.49500,0.04539,0.95459,0.00001
27.00250,0.49500,0.05245,0.94754,0.00001
27.10250,0.49500,0.04568,0.95432,0.00001
27.20250,0.49500,0.03872,0.96127,0.00001
27.30250,0.49500,0.06099,0.93900,0.00001
27.40250,0.49500,0.05601,0.94398,0.00001
27.50250,0.49500,0.05155,0.94844,0.00001
27.60250,0.49500,0.05510,0.94489,0.00001
27.70250,0.49500,0.05575,0.94424,0.00001
27.80250,0.49500,0.07563,0.92436,0.00001
27.90250,0.49500,0.06613,0.93387,0.00001
28.00250,0.49500,0.05953,0.94046,0.00001
28.10250,0.49500,0.05327,0.94672,0.00001
28.20250,0.49500,0.04500,0.95500,0.00001
28.30250,0.49500,0.05760,0.94240,0.00001
28.40250,0.49500,0.06052,0.93947,0.00001
28.50250,0.49500,0.07642,0.92358,0.00001
28.60250,0.49500,0.05342,0.94657,0.00001
28.70250,0.49500,0.07375,0.92624,0.00001
28.80250,0.49500,0.07418,0.92581,0.00001
28.90250,0.49500,0.12922,0.87077,0.00001
29.00250,0.49500,0.10399,0.89600,0.00001
29.10250,0.49500,0.06686,0.93313,0.00000
29.20250,0.49500,0.06214,0.93786,0.00000
29.30250,0.49500,0.05042,0.94957,0.00001
29.40250,0.49500,0.05602,0.94397,0.00001
29.50250,0.49500,0.04990,0.95009,0.00001
29.60250,0.49500,0.05221,0.94778,0.00001
29.70250,0.49500,0.05774,0.94225,0.00001
29.80250,0.49500,0.05439,0.94560,0.00001
29.90250,0.49500,0.05658,0.94341,0.00001
30.00250,0.49500,0.04914,0.95085,0.00001
30.10250,0.49500,0.07089,0.92910,0.00001
30.20250,0.49500,0.04751,0.95247,0.00001
30.30250,0.49500,0.07617,0.92383,0.00001
30.40250,0.49500,0.05308,0.94691,0.00001
30.50250,0.49500,0.08121,0.91878,0.00001
30.60250,0.49500,0.05178,0.94822,0.00001
30.70250,0.49500,0.05666,0.94333,0.00001
30.80250,0.49500,0.05251,0.94748,0.00001
30.90250,0.49500,0.04463,0.95536,0.00001
31.00250,0.49500,0.06729,0.93271,0.00001
31.10250,0.49500,0.04902,0.95097,0.00001
31.20250,0.49500,0.05864,0.94135,0.00001
31.30250,0.49500,0.04570,0.95429,0.00001
31.40250,0.49500,0.05398,0.94601,0.00001
31.50250,0.49500,0.05853,0.94146,0.00001
31.60250,0.49500,0.05495,0.94504,0.00001
31.70250,0.49500,0.07631,0.92368,0.00001
31.80250,0.49500,0.04894,0.95104,0.00001
31.90250,0.49500,0.04546,0.95452,0.00002
32.00250,0.49500,0.04401,0.95598,0.00001
32.10250,0.49500,0.05412,0.94587,0.00001
32.20250,0.49500,0.05000,0.94999,0.00001
32.30250,0.49500,0.04744,0.95255,0.00001
32.40250,0.49500,0.04768,0.95231,0.00001
32.50250,0.49500,0.04506,0.95493,0.00001
32.60250,0.49500,0.04846,0.95153,0.00001
32.70250,0.49500,0.05125,0.94875,0.00001
32.80250,0.49500,0.04427,0.95572,0.00001
32.90250,0.49500,0.04329,0.95669,0.00001
33.00250,0.49500,0.05121,0.94878,0.00001
33.10250,0.49500,0.05196,0.94803,0.00001
33.20250,0.49500,0.04220,0.95779,0.00001
33.30250,0.49500,0.05923,0.94076,0.00001
33.40250,0.49500,0.04901,0.95098,0.00001
33.50250,0.49500,0.06452,0.93548,0.00001
33.60250,0.49500,0.04742,0.95257,0.00001
33.70250,0.49500,0.04755,0.95244,0.00001
33.80250,0.49500,0.04695,0.95304,0.00001
33.90250,0.49500,0.05260,0.94739,0.00001
34.00250,0.49500,0.05112,0.94887,0.00001
34.10250,0.49500,0.06307,0.93692,0.00001
34.20250,0.49500,0.05000,0.94999,0.00001
34.30250,0.49500,0.04591,0.95409,0.00001
34.40250,0.49500,0.03862,0.96137,0.00001
34.50250,0.49500,0.06018,0.93982,0.00001
34.60250,0.49500,0.05535,0.94464,0.00001
34.70250,0.49500,0.05661,0.94338,0.00001
34.80250,0.49500,0.04512,0.95488,0.00001
34.90250,0.49500,0.04681,0.95318,0.00001
35.00250,0.49500,0.04806,0.95193,0.00001
35.10250,0.49500,0.04245,0.95753,0.00001
35.20250,0.49500,0.05810,0.94190,0.00001
35.30250,0.49500,0.04965,0.95034,0.00001
35.40250,0.49500,0.05664,0.94336,0.00001
35.50250,0.49500,0.04104,0.95895,0.00001
35.60250,0.49500,0.04928,0.95071,0.00001
35.70250,0.49500,0.04604,0.95395,0.00001
35.80250,0.49500,0.04567,0.95432,0.00001
35.90250,0.49500,0.05719,0.94281,0.00001
36.00250,0.49500,0.08292,0.91708,0.00001
36.10250,0.49500,0.09438,0.90562,0.00001
36.20250,0.49500,0.06158,0.93841,0.00001
36.30250,0.49500,0.09822,0.90177,0.00001
36.40250,0.49500,0.04820,0.95178,0.00001
36.50250,0.49500,0.06230,0.93769,0.00001
36.60250,0.49500,0.04919,0.95080,0.00001
36.70250,0.49500,0.05403,0.94597,0.00001
36.80250,0.49500,0.07547,0.92451,0.00002
36.90250,0.49500,0.08535,0.91465,0.00001
37.00250,0.49500,0.04254,0.95745,0.00001
37.10250,0.49500,0.04788,0.95211,0.00001
37.20250,0.49500,0.06353,0.93646,0.00001
37.30250,0.49500,0.04891,0.95108,0.00001
37.40250,0.49500,0.05211,0.94788,0.00001
37.50250,0.49500,0.09510,0.90489,0.00001
37.60250,0.49500,0.05644,0.94355,0.00001
37.70250,0.49500,0.05581,0.94418,0.00001
37.80250,0.49500,0.05779,0.94220,0.00001
37.90250,0.49500,0.05809,0.94190,0.00001
38.00250,0.49500,0.06910,0.93088,0.00002
38.10250,0.49500,0.10063,0.89936,0.00001
38.20250,0.49500,0.09909,0.90089,0.00001
38.30250,0.49500,0.96556,0.03442,0.00002
38.40250,0.49500,0.84245,0.15529,0.00227
38.50250,0.49500,0.99701,0.00296,0.00002
38.60250,0.49500,1.00000,0.00000,0.00000
38.70250,0.49500,0.99997,0.00003,0.00000
38.80250,0.49500,1.00000,0.00000,0.00000
38.90250,0.49500,1.00000,0.00000,0.00000
39.00250,0.49500,1.00000,0.00000,0.00000
39.10250,0.49500,1.00000,0.00000,0.00000
39.20250,0.49500,0.99999,0.00001,0.00000
39.30250,0.49500,0.99998,0.00002,0.00000
39.40250,0.49500,0.99920,0.00080,0.00000
39.50250,0.49500,0.98782,0.01218,0.00000
39.60250,0.49500,0.97373,0.02627,0.00000
39.70250,0.49500,0.99983,0.00017,0.00000
39.80250,0.49500,0.99999,0.00001,0.00000
39.90250,0.49500,1.00000,0.00000,0.00000
40.00250,0.49500,1.00000,0.00000,0.00000
40.10250,0.49500,0.99750,0.00001,0.00249
40.20250,0.49500,0.99983,0.00004,0.00012
40.30250,0.49500,0.99998,0.00002,0.00000
40.40250,0.49500,0.99998,0.00002,0.00000
40.50250,0.49500,0.99956,0.00042,0.00002
40.60250,0.49500,0.99936,0.00002,0.00061
40.70250,0.49500,0.98868,0.00343,0.00789
40.80250,0.49500,0.99237,0.00345,0.00418
40.90250,0.49500,0.92134,0.00157,0.07710
41.00250,0.49500,0.79252,0.00271,0.20477
41.10250,0.49500,0.78483,0.02574,0.18943
41.20250,0.49500,0.61977,0.00001,0.38022
41.30250,0.49500,0.40952,0.00001,0.59048
41.40250,0.49500,0.82050,0.00019,0.17931
41.50250,0.49500,0.91040,0.00012,0.08948
41.60250,0.49500,0.81090,0.00076,0.18834
41.70250,0.49500,0.57031,0.00140,0.42830
41.80250,0.49500,0.81044,0.00053,0.18903
41.90250,0.49500,0.93729,0.00418,0.05853
42.00250,0.49500,0.53077,0.01103,0.45820
42.10250,0.49500,0.76015,0.00958,0.23027
42.20250,0.49500,0.61483,0.09988,0.28528
42.30250,0.49500,0.15302,0.12392,0.72306
42.40250,0.49500,0.48277,0.16088,0.35634
42.50250,0.49500,0.64817,0.06556,0.28627
42.60250,0.49500,0.28707,0.22552,0.48741
42.70250,0.49500,0.62478,0.10397,0.27125
42.80250,0.49500,0.49864,0.21771,0.28364
42.90250,0.49500,0.41704,0.14914,0.43382
43.00250,0.49500,0.41403,0.07499,0.51098
43.10250,0.49500,0.73578,0.12029,0.14393
43.20250,0.49500,0.39933,0.02407,0.57661
43.30250,0.49500,0.64217,0.02854,0.32929
43.40250,0.49500,0.29009,0.04837,0.66154
43.50250,0.49500,0.19276,0.07715,0.73009
43.60250,0.49500,0.66677,0.20773,0.12550
43.70250,0.49500,0.17417,0.10793,0.71790
43.80250,0.49500,0.73959,0.18262,0.07779
43.90250,0.49500,0.44631,0.05229,0.50140
44.00250,0.49500,0.47483,0.06508,0.46010
44.10250,0.49500,0.43021,0.08161,0.48818
44.20250,0.49500,0.49097,0.10960,0.39943
44.30250,0.49500,0.29712,0.13252,0.57036
44.40250,0.49500,0.36208,0.15769,0.48023
44.50250,0.49500,0.43037,0.14350,0.42613
44.60250,0.49500,0.27818,0.22782,0.49400
44.70250,0.49500,0.56030,0.16879,0.27091
44.80250,0.49500,0.32926,0.19420,0.47654
44.90250,0.49500,0.52790,0.08521,0.38689
45.00250,0.49500,0.30347,0.15976,0.53677
45.10250,0.49500,0.20720,0.29992,0.49287
45.20250,0.49500,0.17129,0.26594,0.56277
45.30250,0.49500,0.38993,0.21800,0.39207
45.40250,0.49500,0.14204,0.15076,0.70720
45.50250,0.49500,0.38988,0.09536,0.51477
45.60250,0.49500,0.15124,0.12343,0.72533
45.70250,0.49500,0.19860,0.08209,0.71931
45.80250,0.49500,0.06833,0.08973,0.84194
45.90250,0.49500,0.11601,0.11887,0.76513
46.00250,0.49500,0.23921,0.11419,0.64660
46.10250,0.49500,0.32296,0.08932,0.58772
46.20250,0.49500,0.31032,0.04477,0.64491
46.30250,0.49500,0.29309,0.10226,0.60465
46.40250,0.49500,0.29658,0.12400,0.57943
46.50250,0.49500,0.43175,0.09308,0.47517
46.60250,0.49500,0.39505,0.10019,0.50476
46.70250,0.49500,0.34730,0.10293,0.54977
46.80250,0.49500,0.34008,0.06088,0.59905
46.90250,0.49500,0.60052,0.21205,0.18744
47.00250,0.49500,0.25487,0.08467,0.66046
47.10250,0.49500,0.40386,0.08740,0.50874
47.20250,0.49500,0.21826,0.07216,0.70957
47.30250,0.49500,0.07273,0.06722,0.86005
47.40250,0.49500,0.17252,0.12829,0.69919
47.50250,0.49500,0.10227,0.10050,0.79722
47.60250,0.49500,0.20203,0.14764,0.65033
47.70250,0.49500,0.07545,0.11020,0.81435
47.80250,0.49500,0.27209,0.29671,0.43120
47.90250,0.49500,0.09836,0.13465,0.76699
48.00250,0.49500,0.33070,0.15744,0.51186
48.10250,0.49500,0.42003,0.06278,0.51719
48.20250,0.49500,0.19086,0.05951,0.74963
48.30250,0.49500,0.33116,0.03489,0.63395
48.40250,0.49500,0.20602,0.12088,0.67310
48.50250,0.49500,0.31915,0.15587,0.52498
48.60250,0.49500,0.21373,0.09225,0.69402
48.70250,0.49500,0.35765,0.17468,0.46767
48.80250,0.49500,0.47157,0.09266,0.43577
48.90250,0.49500,0.14562,0.13980,0.71458
49.00250,0.49500,0.53236,0.04944,0.41820
49.10250,0.49500,0.11721,0.08636,0.79643
49.20250,0.49500,0.53157,0.03100,0.43742
49.30250,0.49500,0.10509,0.05241,0.84250
49.40250,0.49500,0.25780,0.08258,0.65961
49.50250,0.49500,0.12129,0.12136,0.75735
49.60250,0.49500,0.17387,0.05319,0.77294
49.70250,0.49500,0.28877,0.06450,0.64673
49.80250,0.49500,0.11359,0.11412,0.77230
49.90250,0.49500,0.17854,0.11567,0.70579
50.00250,0.49500,0.24749,0.17811,0.57440
50.10250,0.49500,0.11982,0.09263,0.78755
50.20250,0.49500,0.23421,0.13636,0.62943
50.30250,0.49500,0.14374,0.09184,0.76442
50.40250,0.49500,0.15868,0.10359,0.73773
50.50250,0.49500,0.24529,0.16208,0.59263
50.60250,0.49500,0.10087,0.16865,0.73048
50.70250,0.49500,0.14663,0.31894,0.53443
50.80250,0.49500,0.47961,0.17911,0.34128
50.90250,0.49500,0.19977,0.27709,0.52314
51.00250,0.49500,0.65522,0.08111,0.26367
51.10250,0.49500,0.33019,0.12430,0.54551
51.20250,0.49500,0.57594,0.05032,0.37373
51.30250,0.49500,0.38410,0.08805,0.52786
51.40250,0.49500,0.21958,0.12609,0.65433
51.50250,0.49500,0.18702,0.14450,0.66848
51.60250,0.49500,0.19239,0.16238,0.64523
51.70250,0.49500,0.17425,0.14919,0.67656
51.80250,0.49500,0.41397,0.13455,0.45148
51.90250,0.49500,0.12037,0.17033,0.70930
52.00250,0.49500,0.26800,0.13143,0.60057
52.10250,0.49500,0.29208,0.07531,0.63261
52.20250,0.49500,0.43012,0.13598,0.43390
52.30250,0.49500,0.44506,0.20924,0.34570
52.40250,0.49500,0.41297,0.30870,0.27833
52.50250,0.49500,0.64862,0.31247,0.03891
52.60250,0.49500,0.64068,0.21880,0.14052
52.70250,0.49500,0.67352,0.19706,0.12942
52.80250,0.49500,0.75940,0.03055,0.21005
52.90250,0.49500,0.58919,0.14384,0.26697
53.00250,0.49500,0.73049,0.17577,0.09374
53.10250,0.49500,0.56337,0.34526,0.09137
53.20250,0.49500,0.58961,0.31086,0.09953
53.30250,0.49500,0.61255,0.12268,0.26477
53.40250,0.49500,0.64687,0.22098,0.13215
53.50250,0.49500,0.31523,0.06956,0.61521
53.60250,0.49500,0.60206,0.13999,0.25794
53.70250,0.49500,0.13408,0.25683,0.60909
53.80250,0.49500,0.41686,0.01417,0.56897
53.90250,0.49500,0.49818,0.01503,0.48679
54.00250,0.49500,0.75915,0.00179,0.23906
54.10250,0.49500,0.85774,0.00562,0.13664
54.20250,0.49500,0.63844,0.04224,0.31932
54.30250,0.49500,0.45211,0.13188,0.41601
54.40250,0.49500,0.32626,0.27529,0.39844
54.50250,0.49500,0.61455,0.27331,0.11213
54.60250,0.49500,0.56552,0.27354,0.16095
54.70250,0.49500,0.87949,0.09789,0.02262
54.80250,0.49500,0.94416,0.02393,0.03191
54.90250,0.49500,0.99983,0.00017,0.00000
55.00250,0.49500,0.99929,0.00070,0.00000
55.10250,0.49500,0.99393,0.00607,0.00000
55.20250,0.49500,0.99948,0.00052,0.00000
55.30250,0.49500,0.99986,0.00014,0.00000
55.40250,0.49500,0.99995,0.00005,0.00000
55.50250,0.49500,0.99995,0.00005,0.00000
55.60250,0.49500,0.99910,0.00090,0.00000
55.70250,0.49500,0.87185,0.12815,0.00000
55.80250,0.49500,0.95977,0.04023,0.00000
55.90250,0.49500,0.18217,0.81783,0.00000
56.00250,0.49500,0.35910,0.64090,0.00000
56.10250,0.49500,0.37685,0.62315,0.00000
56.20250,0.49500,0.28563,0.71437,0.00000
56.30250,0.49500,0.21967,0.78033,0.00000
56.40250,0.49500,0.21297,0.78703,0.00000
56.50250,0.49500,0.13463,0.86537,0.00000
56.60250,0.49500,0.25157,0.74843,0.00000
56.70250,0.49500,0.23378,0.76622,0.00000
56.80250,0.49500,0.56486,0.43514,0.00000
56.90250,0.49500,0.97494,0.02506,0.00000
57.00250,0.49500,0.94010,0.05990,0.00000
57.10250,0.49500,1.00000,0.00000,0.00000
57.20250,0.49500,0.99963,0.00037,0.00000
57.30250,0.49500,0.98423,0.01577,0.00000
57.40250,0.49500,0.89622,0.10378,0.00000
57.50250,0.49500,0.87078,0.12922,0.00000
57.60250,0.49500,0.95383,0.04617,0.00000
57.70250,0.49500,0.99965,0.00035,0.00000
57.80250,0.49500,0.99996,0.00004,0.00000
57.90250,0.49500,1.00000,0.00000,0.00000
58.00250,0.49500,0.99983,0.00001,0.00016
58.10250,0.49500,0.99731,0.00001,0.00268
58.20250,0.49500,0.99984,0.00003,0.00014
58.30250,0.49500,0.99955,0.00004,0.00041
58.40250,0.49500,0.99029,0.00008,0.00963
58.50250,0.49500,0.97473,0.01837,0.00690
58.60250,0.49500,0.99347,0.00645,0.00008
58.70250,0.49500,0.97646,0.02248,0.00106
58.80250,0.49500,0.88424,0.10889,0.00687
58.90250,0.49500,0.74678,0.24317,0.01005
59.00250,0.49500,0.84283,0.08073,0.07644
59.10250,0.49500,0.87125,0.00196,0.12679
59.20250,0.49500,0.99346,0.00108,0.00546
59.30250,0.49500,0.97290,0.00062,0.02648
59.40250,0.49500,0.99861,0.00070,0.00069
59.50250,0.49500,0.99839,0.00057,0.00104
59.60250,0.49500,0.96920,0.03054,0.00027
59.70250,0.49500,0.98772,0.01228,0.00000
59.80250,0.49500,0.99029,0.00971,0.00000
59.90250,0.49500,0.96278,0.03722,0.00000
60.00250,0.49500,0.99032,0.00968,0.00000
60.10250,0.49500,0.99707,0.00293,0.00000
60.20250,0.49500,0.96140,0.03860,0.00000
60.30250,0.49500,0.88380,0.11620,0.00000
60.40250,0.49500,0.98264,0.01736,0.00000
60.50250,0.49500,0.55412,0.44588,0.00000
60.60250,0.49500,0.97918,0.02082,0.00000
60.70250,0.49500,0.15541,0.84459,0.00000
60.80250,0.49500,0.98097,0.01903,0.00000
60.90250,0.49500,0.94240,0.05760,0.00000
61.00250,0.49500,0.90942,0.09058,0.00000
61.10250,0.49500,0.95764,0.04236,0.00000
61.20250,0.49500,0.98153,0.01847,0.00000
61.30250,0.49500,0.63000,0.37000,0.00000
61.40250,0.49500,0.94396,0.05604,0.00000
61.50250,0.49500,0.99996,0.00004,0.00000
61.60250,0.49500,0.99620,0.00380,0.00000
61.70250,0.49500,0.99965,0.00035,0.00000
61.80250,0.49500,0.99998,0.00002,0.00000
61.90250,0.49500,0.78241,0.21424,0.00335
62.00250,0.49500,0.76036,0.23943,0.00021
62.10250,0.49500,0.50088,0.49075,0.00837
62.20250,0.49500,0.97855,0.01071,0.01074
62.30250,0.49500,0.99985,0.00013,0.00002
62.40250,0.49500,0.99727,0.00272,0.00000
62.50250,0.49500,0.99979,0.00021,0.00000
62.60250,0.49500,0.95952,0.04048,0.00000
62.70250,0.49500,0.94770,0.05230,0.00000
62.80250,0.49500,0.41959,0.58041,0.00000
62.90250,0.49500,0.43319,0.56681,0.00000
63.00250,0.49500,0.56749,0.43251,0.00000
63.10250,0.49500,0.34374,0.65626,0.00000
63.20250,0.49500,0.42829,0.57171,0.00000
63.30250,0.49500,0.35291,0.64709,0.00000
63.40250,0.49500,0.35959,0.64041,0.00000
63.50250,0.49500,0.40354,0.59646,0.00000
63.60250,0.49500,0.43744,0.56256,0.00000
63.70250,0.49500,0.34082,0.65918,0.00000
63.80250,0.49500,0.33058,0.66942,0.00000
63.90250,0.49500,0.44631,0.55369,0.00000
64.00250,0.49500,0.28571,0.71429,0.00000
64.10250,0.49500,0.40863,0.59137,0.00000
64.20250,0.49500,0.10973,0.89027,0.00000
64.30250,0.49500,0.32179,0.67821,0.00000
64.40250,0.49500,0.28631,0.71369,0.00000
64.50250,0.49500,0.38227,0.61773,0.00000
64.60250,0.49500,0.35189,0.64811,0.00000
64.70250,0.49500,0.28684,0.71316,0.00000
64.80250,0.49500,0.28747,0.71253,0.00000
64.90250,0.49500,0.19881,0.80119,0.00000
65.00250,0.49500,0.30731,0.69269,0.00000
65.10250,0.49500,0.31155,0.68845,0.00000
65.20250,0.49500,0.23765,0.76235,0.00000
65.30250,0.49500,0.13479,0.86521,0.00000
65.40250,0.49500,0.14255,0.85745,0.00000
65.50250,0.49500,0.17057,0.82943,0.00000
65.60250,0.49500,0.31091,0.68909,0.00000
65.70250,0.49500,0.31990,0.68010,0.00000
65.80250,0.49500,0.12650,0.87350,0.00000
65.90250,0.49500,0.07231,0.92769,0.00000
66.00250,0.49500,0.07875,0.92125,0.00000
66.10250,0.49500,0.03316,0.96684,0.00000
66.20250,0.49500,0.12299,0.87701,0.00000
66.30250,0.49500,0.17760,0.82240,0.00000
66.40250,0.49500,0.13025,0.86975,0.00000
66.50250,0.49500,0.31836,0.68164,0.00000
66.60250,0.49500,0.06660,0.93340,0.00000
66.70250,0.49500,0.18458,0.81542,0.00000
66.80250,0.49500,0.15735,0.84265,0.00000
66.90250,0.49500,0.05013,0.94987,0.00000
67.00250,0.49500,0.23271,0.76729,0.00000
67.10250,0.49500,0.19196,0.80804,0.00000
67.20250,0.49500,0.10214,0.89786,0.00000
67.30250,0.49500,0.20133,0.79867,0.00000
67.40250,0.49500,0.11928,0.88072,0.00000
67.50250,0.49500,0.31863,0.68137,0.00000
67.60250,0.49500,0.15199,0.84801,0.00000
67.70250,0.49500,0.25263,0.74737,0.00000
67.80250,0.49500,0.11593,0.88407,0.00000
67.90250,0.49500,0.08544,0.91456,0.00000
68.00250,0.49500,0.08696,0.91304,0.00000
68.10250,0.49500,0.23249,0.76751,0.00000
68.20250,0.49500,0.11493,0.88507,0.00000
68.30250,0.49500,0.08606,0.91394,0.00000
68.40250,0.49500,0.10933,0.89066,0.00000
68.50250,0.49500,0.04999,0.95001,0.00000
68.60250,0.49500,0.07381,0.92619,0.00000
68.70250,0.49500,0.08366,0.91634,0.00000
68.80250,0.49500,0.11039,0.88961,0.00000
68.90250,0.49500,0.18288,0.81712,0.00000
69.00250,0.49500,0.13614,0.86386,0.00000
69.10250,0.49500,0.21424,0.78576,0.00000
69.20250,0.49500,0.13004,0.86996,0.00000
69.30250,0.49500,0.14921,0.85079,0.00000
69.40250,0.49500,0.08317,0.91683,0.00000
69.50250,0.49500,0.09055,0.90945,0.00000
69.60250,0.49500,0.05592,0.94408,0.00000
69.70250,0.49500,0.16261,0.83739,0.00000
69.80250,0.49500,0.07125,0.92875,0.00000
69.90250,0.49500,0.12073,0.87926,0.00000
70.00250,0.49500,0.05279,0.94721,0.00000
70.10250,0.49500,0.07338,0.92661,0.00000
70.20250,0.49500,0.03318,0.96682,0.00000
70.30250,0.49500,0.04234,0.95766,0.00000
70.40250,0.49500,0.03561,0.96438,0.00001
70.50250,0.49500,0.03905,0.96095,0.00000
70.60250,0.49500,0.05206,0.94794,0.00001
70.70250,0.49500,0.03076,0.96924,0.00000
70.80250,0.49500,0.06920,0.93080,0.00000
70.90250,0.49500,0.02032,0.97967,0.00000
71.00250,0.49500,0.02795,0.97204,0.00000
71.10250,0.49500,0.10253,0.89746,0.00001
71.20250,0.49500,0.19238,0.80761,0.00000
71.30250,0.49500,0.23957,0.76043,0.00000
71.40250,0.49500,0.53965,0.46035,0.00000
71.50250,0.49500,0.36823,0.63177,0.00000
71.60250,0.49500,0.42743,0.57257,0.00000
71.70250,0.49500,0.37424,0.62576,0.00000
71.80250,0.49500,0.28971,0.71029,0.00000
71.90250,0.49500,0.38829,0.61171,0.00000
72.00250,0.49500,0.38535,0.61465,0.00000
72.10250,0.49500,0.44889,0.55111,0.00000
72.20250,0.49500,0.34654,0.65346,0.00000
72.30250,0.49500,0.32724,0.67276,0.00000
72.40250,0.49500,0.22548,0.77452,0.00000
72.50250,0.49500,0.19344,0.80653,0.00003
72.60250,0.49500,0.17619,0.82380,0.00001
72.70250,0.49500,0.11795,0.88204,0.00001
72.80250,0.49500,0.14818,0.85181,0.00001
72.90250,0.49500,0.13300,0.86698,0.00002
73.00250,0.49500,0.14310,0.85690,0.00000
73.10250,0.49500,0.14427,0.85572,0.00001
73.20250,0.49500,0.25487,0.74512,0.00000
73.30250,0.49500,0.13505,0.86495,0.00000
73.40250,0.49500,0.12410,0.87590,0.00000
73.50250,0.49500,0.30663,0.69337,0.00000
73.60250,0.49500,0.17088,0.82912,0.00000
73.70250,0.49500,0.31072,0.68928,0.00000
73.80250,0.49500,0.36803,0.63196,0.00000
73.90250,0.49500,0.22265,0.77735,0.00001
74.00250,0.49500,0.22314,0.77686,0.00000
74.10250,0.49500,0.05079,0.94921,0.00000
74.20250,0.49500,0.21681,0.78319,0.00000
74.30250,0.49500,0.04988,0.95012,0.00000
74.40250,0.49500,0.10475,0.89525,0.00000
74.50250,0.49500,0.05289,0.94711,0.00001
74.60250,0.49500,0.02535,0.97464,0.00001
74.70250,0.49500,0.12127,0.87870,0.00002
74.80250,0.49500,0.06191,0.93808,0.00001
74.90250,0.49500,0.07181,0.92818,0.00001
75.00250,0.49500,0.07792,0.92208,0.00001
75.10250,0.49500,0.03392,0.96607,0.00001
75.20250,0.49500,0.17058,0.82942,0.00000
75.30250,0.49500,0.09269,0.90731,0.00000
75.40250,0.49500,0.15819,0.84181,0.00000
75.50250,0.49500,0.28882,0.71118,0.00000
75.60250,0.49500,0.11884,0.88116,0.00000
75.70250,0.49500,0.19607,0.80393,0.00000
75.80250,0.49500,0.20114,0.79886,0.00000
75.90250,0.49500,0.22786,0.77214,0.00000
76.00250,0.49500,0.39511,0.60489,0.00000
76.10250,0.49500,0.16740,0.83260,0.00000
76.20250,0.49500,0.23923,0.76077,0.00000
76.30250,0.49500,0.07065,0.92935,0.00000
76.40250,0.49500,0.10874,0.89126,0.00000
76.50250,0.49500,0.07474,0.92526,0.00000
76.60250,0.49500,0.18945,0.81055,0.00000
76.70250,0.49500,0.14958,0.85042,0.00000
76.80250,0.49500,0.22878,0.77121,0.00000
76.90250,0.49500,0.33896,0.66104,0.00000
77.00250,0.49500,0.32409,0.67591,0.00000
77.10250,0.49500,0.17015,0.82985,0.00000
77.20250,0.49500,0.24535,0.75465,0.00000
77.30250,0.49500,0.04778,0.95222,0.00000
77.40250,0.49500,0.25042,0.74958,0.00000
77.50250,0.49500,0.07550,0.92450,0.00000
77.60250,0.49500,0.25336,0.74664,0.00000
77.70250,0.49500,0.17323,0.82677,0.00000
77.80250,0.49500,0.22479,0.77521,0.00000
77.90250,0.49500,0.25857,0.74143,0.00000
78.00250,0.49500,0.46163,0.53837,0.00000
78.10250,0.49500,0.30128,0.69872,0.00000
78.20250,0.49500,0.37762,0.62238,0.00000
78.30250,0.49500,0.48814,0.51185,0.00000
78.40250,0.49500,0.38876,0.61124,0.00000
78.50250,0.49500,0.40338,0.59662,0.00000
78.60250,0.49500,0.36124,0.63876,0.00000
78.70250,0.49500,0.67008,0.32992,0.00000
78.80250,0.49500,0.33072,0.66928,0.00000
78.90250,0.49500,0.38446,0.61554,0.00000
79.00250,0.49500,0.52244,0.47756,0.00000
79.10250,0.49500,0.61174,0.38826,0.00000
79.20250,0.49500,0.47664,0.52336,0.00000
79.30250,0.49500,0.48379,0.51621,0.00000
79.40250,0.49500,0.41024,0.58976,0.00000
79.50250,0.49500,0.46633,0.53367,0.00000
79.60250,0.49500,0.41230,0.58770,0.00000
79.70250,0.49500,0.37650,0.62350,0.00000
79.80250,0.49500,0.38622,0.61378,0.00000
79.90250,0.49500,0.46577,0.53423,0.00000
80.00250,0.49500,0.38074,0.61926,0.00000
80.10250,0.49500,0.35360,0.64640,0.00000
80.20250,0.49500,0.34200,0.65800,0.00000
80.30250,0.49500,0.24564,0.75436,0.00000
80.40250,0.49500,0.44144,0.55856,0.00000
80.50250,0.49500,0.34024,0.65976,0.00000
80.60250,0.49500,0.38654,0.61346,0.00000
80.70250,0.49500,0.39304,0.60696,0.00000
80.80250,0.49500,0.34915,0.65085,0.00000
80.90250,0.49500,0.32920,0.67080,0.00000
81.00250,0.49500,0.31667,0.68333,0.00000
81.10250,0.49500,0.32044,0.67956,0.00000
81.20250,0.49500,0.32998,0.67002,0.00000
81.30250,0.49500,0.33126,0.66874,0.00000
81.40250,0.49500,0.29592,0.70408,0.00000
81.50250,0.49500,0.33637,0.66362,0.00000
81.60250,0.49500,0.02731,0.97268,0.00000
81.70250,0.49500,0.09727,0.90273,0.00000
81.80250,0.49500,0.30044,0.69956,0.00000
81.90250,0.49500,0.26750,0.73249,0.00000
82.00250,0.49500,0.32845,0.67155,0.00000
82.10250,0.49500,0.30745,0.69255,0.00000
82.20250,0.49500,0.05130,0.94870,0.00000
82.30250,0.49500,0.07314,0.92686,0.00000
82.40250,0.49500,0.08512,0.91488,0.00000
82.50250,0.49500,0.12917,0.87083,0.00000
82.60250,0.49500,0.27667,0.72333,0.00000
82.70250,0.49500,0.17624,0.82376,0.00000
82.80250,0.49500,0.14163,0.85837,0.00000
82.90250,0.49500,0.10177,0.89823,0.00000
83.00250,0.49500,0.18093,0.81907,0.00000
83.10250,0.49500,0.11202,0.88797,0.00000
83.20250,0.49500,0.06908,0.93091,0.00000
83.30250,0.49500,0.12689,0.87311,0.00000
83.40250,0.49500,0.10128,0.89872,0.00000
83.50250,0.49500,0.12965,0.87035,0.00000
83.60250,0.49500,0.27452,0.72548,0.00000
83.70250,0.49500,0.34363,0.65637,0.00000
83.80250,0.49500,0.31562,0.68438,0.00000
83.90250,0.49500,0.27666,0.72334,0.00000
84.00250,0.49500,0.21858,0.78142,0.00000
84.10250,0.49500,0.30146,0.69854,0.00000
84.20250,0.49500,0.14519,0.85481,0.00000
84.30250,0.49500,0.21827,0.78173,0.00000
84.40250,0.49500,0.15018,0.84982,0.00000
84.50250,0.49500,0.15299,0.84701,0.00000
84.60250,0.49500,0.22757,0.77242,0.00000
84.70250,0.49500,0.16714,0.83286,0.00000
84.80250,0.49500,0.11501,0.88499,0.00000
84.90250,0.49500,0.24533,0.75467,0.00000
85.00250,0.49500,0.25947,0.74053,0.00000
85.10250,0.49500,0.35164,0.64836,0.00000
85.20250,0.49500,0.41927,0.58073,0.00000
85.30250,0.49500,0.41576,0.58424,0.00000
85.40250,0.49500,0.55145,0.44855,0.00000
85.50250,0.49500,0.34581,0.65419,0.00000
85.60250,0.49500,0.42216,0.57784,0.00000
85.70250,0.49500,0.33047,0.66953,0.00000
85.80250,0.49500,0.44134,0.55866,0.00000
85.90250,0.49500,0.34194,0.65806,0.00000
86.00250,0.49500,0.94473,0.05520,0.00007
86.10250,0.49500,0.99115,0.00885,0.00000
86.20250,0.49500,0.99985,0.00012,0.00003
86.30250,0.49500,0.99984,0.00016,0.00000
86.40250,0.49500,0.99996,0.00004,0.00000
86.50250,0.49500,0.99998,0.00002,0.00000
86.60250,0.49500,0.99996,0.00004,0.00000
86.70250,0.49500,1.00000,0.00000,0.00000
86.80250,0.49500,1.00000,0.00000,0.00000
86.90250,0.49500,1.00000,0.00000,0.00000
87.00250,0.49500,0.99870,0.00130,0.00000
87.10250,0.49500,0.99975,0.00025,0.00000
87.20250,0.49500,0.99976,0.00024,0.00000
87.30250,0.49500,0.99975,0.00025,0.00000
87.40250,0.49500,0.99997,0.00003,0.00000
87.50250,0.49500,0.99999,0.00001,0.00000
87.60250,0.49500,1.00000,0.00000,0.00000
87.70250,0.49500,0.99879,0.00121,0.00000
87.80250,0.49500,0.96066,0.03934,0.00000
87.90250,0.49500,0.97111,0.02889,0.00000
88.00250,0.49500,0.45581,0.54419,0.00000
88.10250,0.49500,0.21638,0.78362,0.00000
88.20250,0.49500,0.17597,0.82403,0.00000
88.30250,0.49500,0.28995,0.71005,0.00000
88.40250,0.49500,0.19155,0.80845,0.00000
88.50250,0.49500,0.19253,0.80747,0.00000
88.60250,0.49500,0.21170,0.78830,0.00000
88.70250,0.49500,0.26572,0.73428,0.00000
88.80250,0.49500,0.26278,0.73722,0.00000
88.90250,0.49500,0.16623,0.83377,0.00000
89.00250,0.49500,0.20820,0.79180,0.00000
89.10250,0.49500,0.15001,0.84999,0.00000
89.20250,0.49500,0.21024,0.78976,0.00000
89.30250,0.49500,0.21357,0.78642,0.00000
89.40250,0.49500,0.22957,0.77043,0.00000
89.50250,0.49500,0.18056,0.81944,0.00000
89.60250,0.49500,0.20832,0.79168,0.00000
89.70250,0.49500,0.17283,0.82717,0.00000
89.80250,0.49500,0.16504,0.83496,0.00000
89.90250,0.49500,0.21249,0.78751,0.00000
90.00250,0.49500,0.24097,0.75903,0.00000
90.10250,0.49500,0.14798,0.85202,0.00000
90.20250,0.49500,0.15591,0.84409,0.00000
90.30250,0.49500,0.16534,0.83466,0.00000
90.40250,0.49500,0.15746,0.84254,0.00000
90.50250,0.49500,0.18832,0.81168,0.00000
90.60250,0.49500,0.13073,0.86927,0.00000
90.70250,0.49500,0.08546,0.91454,0.00000
90.80250,0.49500,0.10648,0.89352,0.00000
90.90250,0.49500,0.22552,0.77448,0.00000
91.00250,0.49500,0.24828,0.75172,0.00000
91.10250,0.49500,0.26212,0.73788,0.00000
91.20250,0.49500,0.17825,0.82175,0.00000
91.30250,0.49500,0.16108,0.83892,0.00000
91.40250,0.49500,0.18765,0.81235,0.00000
91.50250,0.49500,0.23303,0.76697,0.00000
91.60250,0.49500,0.22576,0.77424,0.00000
91.70250,0.49500,0.15539,0.84461,0.00000
91.80250,0.49500,0.15466,0.84534,0.00000
91.90250,0.49500,0.12015,0.87985,0.00000
92.00250,0.49500,0.13503,0.86497,0.00000
92.10250,0.49500,0.12252,0.87748,0.00000
92.20250,0.49500,0.14689,0.85311,0.00000
92.30250,0.49500,0.11789,0.88211,0.00000
92.40250,0.49500,0.15090,0.84910,0.00000
92.50250,0.49500,0.10391,0.89609,0.00000
92.60250,0.49500,0.10360,0.89640,0.00000
92.70250,0.49500,0.09215,0.90785,0.00000
92.80250,0.49500,0.05850,0.94150,0.00000
92.90250,0.49500,0.06611,0.93389,0.00000
93.00250,0.49500,0.06565,0.93435,0.00000
93.10250,0.49500,0.06625,0.93375,0.00000
93.20250,0.49500,0.09843,0.90157,0.00000
93.30250,0.49500,0.07762,0.92238,0.00000
93.40250,0.49500,0.07307,0.92693,0.00000
93.50250,0.49500,0.05133,0.94867,0.00000
93.60250,0.49500,0.06327,0.93673,0.00000
93.70250,0.49500,0.06684,0.93316,0.00000
93.80250,0.49500,0.05301,0.94699,0.00000
93.90250,0.49500,0.03825,0.96175,0.00000
94.00250,0.49500,0.03929,0.96071,0.00000
94.10250,0.49500,0.05567,0.94433,0.00000
94.20250,0.49500,0.04353,0.95647,0.00000
94.30250,0.49500,0.05467,0.94533,0.00000
94.40250,0.49500,0.03685,0.96315,0.00000
94.50250,0.49500,0.05439,0.94561,0.00000
94.60250,0.49500,0.04999,0.95001,0.00000
94.70250,0.49500,0.03921,0.96079,0.00000
94.80250,0.49500,0.04185,0.95815,0.00000
94.90250,0.49500,0.03225,0.96775,0.00000
95.00250,0.49500,0.03741,0.96259,0.00000
95.10250,0.49500,0.03551,0.96449,0.00000
95.20250,0.49500,0.04333,0.95667,0.00000
95.30250,0.49500,0.03438,0.96562,0.00000
95.40250,0.49500,0.04340,0.95660,0.00000
95.50250,0.49500,0.06632,0.93368,0.00000
95.60250,0.49500,0.05346,0.94654,0.00000
95.70250,0.49500,0.04214,0.95786,0.00000
95.80250,0.49500,0.05342,0.94658,0.00000
95.90250,0.49500,0.04942,0.95058,0.00000
96.00250,0.49500,0.03174,0.96826,0.00000
96.10250,0.49500,0.04110,0.95890,0.00000
96.20250,0.49500,0.04063,0.95937,0.00000
96.30250,0.49500,0.05297,0.94703,0.00000
96.40250,0.49500,0.03810,0.96190,0.00000
96.50250,0.49500,0.04223,0.95777,0.00000
96.60250,0.49500,0.04453,0.95547,0.00000
96.70250,0.49500,0.04331,0.95669,0.00000
96.80250,0.49500,0.04116,0.95884,0.00000
96.90250,0.49500,0.03842,0.96158,0.00000
97.00250,0.49500,0.03838,0.96162,0.00000
97.10250,0.49500,0.03905,0.96095,0.00000
97.20250,0.49500,0.04995,0.95005,0.00000
97.30250,0.49500,0.07105,0.92895,0.00000
97.40250,0.49500,0.04350,0.95650,0.00000
97.50250,0.49500,0.03680,0.96320,0.00000
97.60250,0.49500,0.04801,0.95199,0.00000
97.70250,0.49500,0.05301,0.94699,0.00000
97.80250,0.49500,0.04494,0.95506,0.00000
97.90250,0.49500,0.05238,0.94762,0.00000
98.00250,0.49500,0.07813,0.92187,0.00000
98.10250,0.49500,0.06853,0.93147,0.00000
98.20250,0.49500,0.06118,0.93882,0.00000
98.30250,0.49500,0.05847,0.94153,0.00000
98.40250,0.49500,0.03942,0.96058,0.00000
98.50250,0.49500,0.02590,0.97410,0.00000
98.60250,0.49500,0.03261,0.96739,0.00000
98.70250,0.49500,0.04120,0.95880,0.00000
98.80250,0.49500,0.03828,0.96172,0.00000
98.90250,0.49500,0.04269,0.95731,0.00000
99.00250,0.49500,0.04151,0.95849,0.00000
99.10250,0.49500,0.03795,0.96205,0.00000
99.20250,0.49500,0.04532,0.95468,0.00000
99.30250,0.49500,0.04035,0.95965,0.00000
99.40250,0.49500,0.04092,0.95908,0.00000
99.50250,0.49500,0.04601,0.95399,0.00000
99.60250,0.49500,0.03948,0.96052,0.00000
99.70250,0.49500,0.03957,0.96043,0.00000
99.80250,0.49500,0.04153,0.95847,0.00000
99.90250,0.49500,0.05115,0.94885,0.00000
100.00250,0.49500,0.04017,0.95983,0.00000
100.10250,0.49500,0.05174,0.94826,0.00000
100.20250,0.49500,0.05941,0.94059,0.00000
100.30250,0.49500,0.04938,0.95062,0.00000
100.40250,0.49500,0.05039,0.94961,0.00000
100.50250,0.49500,0.03696,0.96304,0.00000
100.60250,0.49500,0.04735,0.95265,0.00000
100.70250,0.49500,0.03439,0.96561,0.00000
100.80250,0.49500,0.04901,0.95099,0.00000
100.90250,0.49500,0.03662,0.96338,0.00000
101.00250,0.49500,0.05197,0.94803,0.00000
101.10250,0.49500,0.04843,0.95157,0.00000
101.20250,0.49500,0.04243,0.95757,0.00000
101.30250,0.49500,0.04089,0.95911,0.00000
101.40250,0.49500,0.03680,0.96320,0.00000
101.50250,0.49500,0.03911,0.96089,0.00000
101.60250,0.49500,0.03599,0.96401,0.00000
101.70250,0.49500,0.03973,0.96027,0.00000
101.80250,0.49500,0.05665,0.94335,0.00000
101.90250,0.49500,0.08157,0.91843,0.00000
102.00250,0.49500,0.11023,0.88977,0.00000
102.10250,0.49500,0.25639,0.74361,0.00000
102.20250,0.49500,0.43157,0.56843,0.00000
102.30250,0.49500,0.41027,0.58973,0.00000
102.40250,0.49500,0.36936,0.63064,0.00000
102.50250,0.49500,0.99962,0.00038,0.00000
102.60250,0.49500,0.99906,0.00094,0.00000
102.70250,0.49500,0.99995,0.00005,0.00000
102.80250,0.49500,0.99932,0.00068,0.00000
102.90250,0.49500,0.99997,0.00003,0.00000
103.00250,0.49500,1.00000,0.00000,0.00000
103.10250,0.49500,0.99997,0.00003,0.00000
103.20250,0.49500,0.99999,0.00001,0.00000
103.30250,0.49500,1.00000,0.00000,0.00000
103.40250,0.49500,0.99998,0.00002,0.00000
103.50250,0.49500,1.00000,0.00000,0.00000
103.60250,0.49500,0.99997,0.00003,0.00000
103.70250,0.49500,1.00000,0.00000,0.00000
103.80250,0.49500,0.99350,0.00650,0.00000
103.90250,0.49500,0.99672,0.00328,0.00000
104.00250,0.49500,0.60100,0.39900,0.00000
104.10250,0.49500,0.30652,0.69348,0.00000
104.20250,0.49500,0.23096,0.76904,0.00000
104.30250,0.49500,0.24315,0.75685,0.00000
104.40250,0.49500,0.56233,0.43767,0.00000
104.50250,0.49500,0.50112,0.49888,0.00000
104.60250,0.49500,0.46613,0.53387,0.00000
104.70250,0.49500,0.23972,0.76028,0.00000
104.80250,0.49500,0.49932,0.50068,0.00000
104.90250,0.49500,0.30745,0.69255,0.00000
105.00250,0.49500,0.24386,0.75614,0.00000
105.10250,0.49500,0.24181,0.75819,0.00000
105.20250,0.49500,0.24149,0.75851,0.00000
105.30250,0.49500,0.22208,0.77792,0.00000
105.40250,0.49500,0.22785,0.77215,0.00000
105.50250,0.49500,0.18617,0.81383,0.00000
105.60250,0.49500,0.24301,0.75699,0.00000
105.70250,0.49500,0.12506,0.87494,0.00000
105.80250,0.49500,0.23412,0.76588,0.00000
105.90250,0.49500,0.25440,0.74560,0.00000
106.00250,0.49500,0.11093,0.88907,0.00000
106.10250,0.49500,0.15498,0.84502,0.00000
106.20250,0.49500,0.14589,0.85411,0.00000
106.30250,0.49500,0.23762,0.76238,0.00000
106.40250,0.49500,0.24075,0.75925,0.00000
106.50250,0.49500,0.26025,0.73975,0.00000
106.60250,0.49500,0.27010,0.72990,0.00000
106.70250,0.49500,0.16573,0.83427,0.00000
106.80250,0.49500,0.28668,0.71332,0.00000
106.90250,0.49500,0.28171,0.71829,0.00000
107.00250,0.49500,0.19995,0.80005,0.00000
107.10250,0.49500,0.10525,0.89475,0.00000
107.20250,0.49500,0.15062,0.84938,0.00000
107.30250,0.49500,0.13611,0.86389,0.00000
107.40250,0.49500,0.23488,0.76512,0.00000
107.50250,0.49500,0.17586,0.82414,0.00000
107.60250,0.49500,0.13811,0.86189,0.00000
107.70250,0.49500,0.16543,0.83457,0.00000
107.80250,0.49500,0.16516,0.83484,0.00000
107.90250,0.49500,0.14132,0.85868,0.00000
108.00250,0.49500,0.10727,0.89273,0.00000
108.10250,0.49500,0.12239,0.87761,0.00000
108.20250,0.49500,0.12811,0.87189,0.00000
108.30250,0.49500,0.13665,0.86335,0.00000
108.40250,0.49500,0.16342,0.83658,0.00000
108.50250,0.49500,0.15216,0.84784,0.00000
108.60250,0.49500,0.15098,0.84902,0.00000
108.70250,0.49500,0.10258,0.89742,0.00000
108.80250,0.49500,0.07071,0.92929,0.00000
108.90250,0.49500,0.06167,0.93833,0.00000
109.00250,0.49500,0.09598,0.90402,0.00000
109.10250,0.49500,0.09154,0.90846,0.00000
109.20250,0.49500,0.10540,0.89460,0.00000
109.30250,0.49500,0.06568,0.93432,0.00000
109.40250,0.49500,0.13995,0.86005,0.00000
109.50250,0.49500,0.07320,0.92680,0.00000
109.60250,0.49500,0.10711,0.89289,0.00000
109.70250,0.49500,0.06492,0.93508,0.00000
109.80250,0.49500,0.09164,0.90836,0.00000
109.90250,0.49500,0.06953,0.93047,0.00000
110.00250,0.49500,0.09707,0.90293,0.00000
110.10250,0.49500,0.07939,0.92061,0.00000
110.20250,0.49500,0.06137,0.93863,0.00000
110.30250,0.49500,0.04639,0.95361,0.00000
110.40250,0.49500,0.07046,0.92954,0.00000
110.50250,0.49500,0.08206,0.91794,0.00000
110.60250,0.49500,0.05441,0.94559,0.00000
110.70250,0.49500,0.11986,0.88014,0.00000
110.80250,0.49500,0.06318,0.93682,0.00000
110.90250,0.49500,0.09897,0.90103,0.00000
111.00250,0.49500,0.09967,0.90033,0.00000
111.10250,0.49500,0.07869,0.92131,0.00000
111.20250,0.49500,0.10063,0.89937,0.00000
111.30250,0.49500,0.09532,0.90468,0.00000
111.40250,0.49500,0.11670,0.88330,0.00000
111.50250,0.49500,0.10302,0.89698,0.00000
111.60250,0.49500,0.09382,0.90618,0.00000
111.70250,0.49500,0.06872,0.93128,0.00000
111.80250,0.49500,0.10050,0.89950,0.00000
111.90250,0.49500,0.07975,0.92025,0.00000
112.00250,0.49500,0.06952,0.93048,0.00000
112.10250,0.49500,0.06804,0.93196,0.00000
112.20250,0.49500,0.05664,0.94336,0.00000
112.30250,0.49500,0.06204,0.93796,0.00000
112.40250,0.49500,0.08355,0.91645,0.00000
112.50250,0.49500,0.11399,0.88601,0.00000
112.60250,0.49500,0.13954,0.86046,0.00000
112.70250,0.49500,0.10622,0.89377,0.00000
112.80250,0.49500,0.11284,0.88716,0.00000
112.90250,0.49500,0.17435,0.82565,0.00000
113.00250,0.49500,0.09260,0.90740,0.00000
113.10250,0.49500,0.11168,0.88832,0.00000
113.20250,0.49500,0.07936,0.92064,0.00000
113.30250,0.49500,0.07283,0.92717,0.00000
113.40250,0.49500,0.07532,0.92468,0.00000
113.50250,0.49500,0.11738,0.88262,0.00000
113.60250,0.49500,0.05964,0.94036,0.00000
113.70250,0.49500,0.11785,0.88215,0.00000
113.80250,0.49500,0.13611,0.86389,0.00000
113.90250,0.49500,0.08955,0.91045,0.00000
114.00250,0.49500,0.08412,0.91588,0.00000
114.10250,0.49500,0.05831,0.94169,0.00000
114.20250,0.49500,0.10316,0.89684,0.00000
114.30250,0.49500,0.12012,0.87989,0.00000
114.40250,0.49500,0.06754,0.93246,0.00000
114.50250,0.49500,0.10905,0.89095,0.00000
114.60250,0.49500,0.06505,0.93495,0.00000
114.70250,0.49500,0.08650,0.91350,0.00000
114.80250,0.49500,0.11740,0.88260,0.00000
114.90250,0.49500,0.09129,0.90871,0.00000
115.00250,0.49500,0.12297,0.87703,0.00000
115.10250,0.49500,0.09925,0.90075,0.00000
115.20250,0.49500,0.07655,0.92345,0.00000
115.30250,0.49500,0.07593,0.92407,0.00000
115.40250,0.49500,0.06096,0.93904,0.00000
115.50250,0.49500,0.09106,0.90894,0.00000
115.60250,0.49500,0.13368,0.86632,0.00000
115.70250,0.49500,0.11557,0.88443,0.00000
115.80250,0.49500,0.11244,0.88756,0.00000
115.90250,0.49500,0.14900,0.85100,0.00000
116.00250,0.49500,0.16038,0.83962,0.00000
116.10250,0.49500,0.09762,0.90238,0.00000
116.20250,0.49500,0.14286,0.85714,0.00000
116.30250,0.49500,0.14891,0.85109,0.00000
116.40250,0.49500,0.12714,0.87286,0.00000
116.50250,0.49500,0.10806,0.89194,0.00000
116.60250,0.49500,0.16442,0.83558,0.00000
116.70250,0.49500,0.12245,0.87755,0.00000
116.80250,0.49500,0.15449,0.84551,0.00000
116.90250,0.49500,0.13930,0.86070,0.00000
117.00250,0.49500,0.06504,0.93496,0.00000
117.10250,0.49500,0.12429,0.87571,0.00000
117.20250,0.49500,0.06753,0.93247,0.00000
117.30250,0.49500,0.09366,0.90634,0.00000
117.40250,0.49500,0.11668,0.88332,0.00000
117.50250,0.49500,0.10348,0.89652,0.00000
117.60250,0.49500,0.08942,0.91058,0.00000
117.70250,0.49500,0.14796,0.85204,0.00000
117.80250,0.49500,0.13619,0.86381,0.00000
117.90250,0.49500,0.06902,0.93098,0.00000
118.00250,0.49500,0.15154,0.84846,0.00000
118.10250,0.49500,0.07131,0.92869,0.00000
118.20250,0.49500,0.14812,0.85188,0.00000
118.30250,0.49500,0.09264,0.90736,0.00000
118.40250,0.49500,0.13471,0.86529,0.00000
118.50250,0.49500,0.12408,0.87592,0.00000
