Time (seconds), Duration (seconds),pred_(unlabeled),pred_On,pred_Off,pred_Dimmer,pred_Lighter
0.01000,1.98000,0.99951,0.00035,0.00000,0.00000,0.00014
0.21000,1.98000,0.99584,0.00271,0.00003,0.00003,0.00139
0.41000,1.98000,0.99791,0.00036,0.00009,0.00007,0.00157
0.61000,1.98000,0.99918,0.00009,0.00006,0.00002,0.00066
0.81000,1.98000,0.99889,0.00007,0.00006,0.00004,0.00093
1.01000,1.98000,0.99757,0.00012,0.00008,0.00009,0.00215
1.21000,1.98000,0.99710,0.00002,0.00031,0.00019,0.00238
1.41000,1.98000,0.99729,0.00003,0.00017,0.00043,0.00209
1.61000,1.98000,0.99440,0.00001,0.00102,0.00097,0.00359
1.81000,1.98000,0.99542,0.00005,0.00057,0.00169,0.00227
2.01000,1.98000,0.99128,0.00004,0.00063,0.00554,0.00251
2.21000,1.98000,0.98390,0.00006,0.00183,0.00887,0.00534
2.41000,1.98000,0.99020,0.00017,0.00046,0.00584,0.00334
2.61000,1.98000,0.99985,0.00001,0.00001,0.00006,0.00007
2.81000,1.98000,0.99994,0.00003,0.00000,0.00001,0.00002
3.01000,1.98000,0.99991,0.00006,0.00000,0.00001,0.00002
3.21000,1.98000,0.99990,0.00006,0.00000,0.00001,0.00003
3.41000,1.98000,0.99957,0.00025,0.00001,0.00004,0.00012
3.61000,1.98000,0.99783,0.00122,0.00007,0.00010,0.00078
3.81000,1.98000,0.99805,0.00168,0.00001,0.00002,0.00024
4.01000,1.98000,0.99995,0.00003,0.00000,0.00000,0.00001
4.21000,1.98000,0.99984,0.00011,0.00001,0.00000,0.00004
4.41000,1.98000,0.99982,0.00014,0.00001,0.00000,0.00003
4.61000,1.98000,0.99961,0.00026,0.00002,0.00000,0.00012
4.81000,1.98000,0.99986,0.00003,0.00003,0.00000,0.00008
5.01000,1.98000,0.99845,0.00008,0.00040,0.00020,0.00087
5.21000,1.98000,0.99939,0.00002,0.00018,0.00011,0.00030
5.41000,1.98000,0.99926,0.00001,0.00018,0.00026,0.00029
5.61000,1.98000,0.99914,0.00000,0.00021,0.00029,0.00035
5.81000,1.98000,0.99673,0.00000,0.00157,0.00075,0.00095
6.01000,1.98000,0.99566,0.00001,0.00096,0.00246,0.00091
6.21000,1.98000,0.99861,0.00000,0.00030,0.00091,0.00017
6.41000,1.98000,0.99929,0.00000,0.00017,0.00048,0.00006
6.61000,1.98000,0.99847,0.00000,0.00039,0.00104,0.00010
6.81000,1.98000,0.99937,0.00000,0.00031,0.00029,0.00002
7.01000,1.98000,0.99962,0.00000,0.00017,0.00019,0.00002
7.21000,1.98000,0.99988,0.00000,0.00007,0.00005,0.00000
7.41000,1.98000,0.99991,0.00000,0.00006,0.00003,0.00000
7.61000,1.98000,0.99995,0.00000,0.00003,0.00002,0.00000
7.81000,1.98000,0.99996,0.00000,0.00002,0.00002,0.00000
8.01000,1.98000,0.99996,0.00000,0.00002,0.00002,0.00000
8.21000,1.98000,0.99997,0.00000,0.00002,0.00001,0.00000
8.41000,1.98000,0.99994,0.00000,0.00003,0.00003,0.00000
8.61000,1.98000,0.99993,0.00000,0.00004,0.00003,0.00000
8.81000,1.98000,0.99973,0.00000,0.00012,0.00014,0.00000
9.01000,1.98000,0.99976,0.00000,0.00010,0.00013,0.00000
9.21000,1.98000,0.99987,0.00000,0.00007,0.00007,0.00000
9.41000,1.98000,0.99990,0.00000,0.00005,0.00005,0.00000
9.61000,1.98000,0.99996,0.00000,0.00002,0.00002,0.00000
9.81000,1.98000,0.99997,0.00000,0.00001,0.00002,0.00000
10.01000,1.98000,1.00000,0.00000,0.00000,0.00000,0.00000
10.21000,1.98000,1.00000,0.00000,0.00000,0.00000,0.00000
10.41000,1.98000,0.99999,0.00000,0.00001,0.00000,0.00000
10.61000,1.98000,0.99999,0.00000,0.00001,0.00000,0.00000
10.81000,1.98000,0.99992,0.00000,0.00001,0.00006,0.00001
11.01000,1.98000,0.99977,0.00000,0.00000,0.00019,0.00003
11.21000,1.98000,0.99844,0.00000,0.00001,0.00106,0.00049
11.41000,1.98000,0.98501,0.00008,0.00002,0.00810,0.00678
11.61000,1.98000,0.67011,0.00117,0.00034,0.21027,0.11811
11.81000,1.98000,0.32063,0.00124,0.00092,0.48321,0.19400
12.01000,1.98000,0.74984,0.00022,0.00139,0.18902,0.05954
12.21000,1.98000,0.99564,0.00007,0.00002,0.00284,0.00143
12.41000,1.98000,0.99963,0.00000,0.00000,0.00021,0.00015
12.61000,1.98000,0.99964,0.00000,0.00003,0.00013,0.00020
12.81000,1.98000,0.99973,0.00000,0.00008,0.00005,0.00015
13.01000,1.98000,0.99984,0.00000,0.00007,0.00003,0.00006
13.21000,1.98000,0.99938,0.00000,0.00026,0.00014,0.00023
13.41000,1.98000,0.99903,0.00000,0.00035,0.00008,0.00054
13.61000,1.98000,0.98347,0.00001,0.00342,0.00290,0.01020
13.81000,1.98000,0.98621,0.00000,0.00266,0.00209,0.00904
14.01000,1.98000,0.99074,0.00000,0.00280,0.00149,0.00496
14.21000,1.98000,0.99688,0.00000,0.00181,0.00045,0.00087
14.41000,1.98000,0.99928,0.00000,0.00058,0.00006,0.00008
14.61000,1.98000,0.99977,0.00000,0.00018,0.00003,0.00002
14.81000,1.98000,0.99996,0.00000,0.00003,0.00001,0.00000
15.01000,1.98000,0.99996,0.00000,0.00004,0.00000,0.00000
15.21000,1.98000,0.99999,0.00000,0.00001,0.00000,0.00000
15.41000,1.98000,0.99999,0.00000,0.00000,0.00000,0.00000
15.61000,1.98000,1.00000,0.00000,0.00000,0.00000,0.00000
15.81000,1.98000,1.00000,0.00000,0.00000,0.00000,0.00000
16.01000,1.98000,1.00000,0.00000,0.00000,0.00000,0.00000
16.21000,1.98000,0.99999,0.00000,0.00001,0.00000,0.00000
16.41000,1.98000,0.99999,0.00000,0.00001,0.00000,0.00000
16.61000,1.98000,0.99999,0.00000,0.00001,0.00000,0.00000
16.81000,1.98000,0.99998,0.00000,0.00001,0.00001,0.00000
17.01000,1.98000,0.99998,0.00000,0.00001,0.00000,0.00000
17.21000,1.98000,0.99998,0.00000,0.00001,0.00001,0.00000
17.41000,1.98000,0.99999,0.00000,0.00000,0.00000,0.00000
17.61000,1.98000,0.99999,0.00000,0.00000,0.00000,0.00000
17.81000,1.98000,0.99999,0.00000,0.00001,0.00000,0.00000
18.01000,1.98000,1.00000,0.00000,0.00000,0.00000,0.00000
18.21000,1.98000,1.00000,0.00000,0.00000,0.00000,0.00000
18.41000,1.98000,1.00000,0.00000,0.00000,0.00000,0.00000
18.61000,1.98000,0.99999,0.00000,0.00000,0.00001,0.00000
18.81000,1.98000,0.99994,0.00000,0.00000,0.00006,0.00000
19.01000,1.98000,0.99895,0.00000,0.00001,0.00083,0.00022
19.21000,1.98000,0.83452,0.00022,0.00025,0.13801,0.02700
19.41000,1.98000,0.31399,0.00059,0.00068,0.54903,0.13571
19.61000,1.98000,0.13459,0.00071,0.00054,0.70168,0.16248
19.81000,1.98000,0.96495,0.00010,0.00006,0.02437,0.01052
20.01000,1.98000,0.99484,0.00001,0.00005,0.00386,0.00125
20.21000,1.98000,0.99822,0.00000,0.00002,0.00156,0.00019
20.41000,1.98000,0.99998,0.00000,0.00000,0.00001,0.00001
20.61000,1.98000,1.00000,0.00000,0.00000,0.00000,0.00000
20.81000,1.98000,0.99999,0.00000,0.00000,0.00000,0.00000
21.01000,1.98000,0.99999,0.00000,0.00001,0.00000,0.00000
21.21000,1.98000,0.99999,0.00000,0.00001,0.00000,0.00000
21.41000,1.98000,0.99990,0.00000,0.00003,0.00004,0.00002
21.61000,1.98000,0.99967,0.00000,0.00016,0.00009,0.00009
21.81000,1.98000,0.99860,0.00001,0.00036,0.00022,0.00081
22.01000,1.98000,0.99545,0.00002,0.00081,0.00096,0.00274
22.21000,1.98000,0.99102,0.00001,0.00294,0.00210,0.00393
22.41000,1.98000,0.98820,0.00003,0.00315,0.00465,0.00397
22.61000,1.98000,0.99507,0.00000,0.00234,0.00174,0.00085
22.81000,1.98000,0.99896,0.00001,0.00029,0.00060,0.00014
23.01000,1.98000,0.99930,0.00000,0.00018,0.00046,0.00005
23.21000,1.98000,0.99979,0.00000,0.00008,0.00012,0.00001
23.41000,1.98000,0.99987,0.00000,0.00011,0.00002,0.00000
23.61000,1.98000,0.99998,0.00000,0.00001,0.00001,0.00000
23.81000,1.98000,0.99999,0.00000,0.00001,0.00001,0.00000
24.01000,1.98000,0.99999,0.00000,0.00001,0.00000,0.00000
24.21000,1.98000,0.99999,0.00000,0.00000,0.00000,0.00000
24.41000,1.98000,0.99999,0.00000,0.00000,0.00000,0.00000
24.61000,1.98000,1.00000,0.00000,0.00000,0.00000,0.00000
24.81000,1.98000,1.00000,0.00000,0.00000,0.00000,0.00000
25.01000,1.98000,0.99999,0.00000,0.00001,0.00000,0.00000
25.21000,1.98000,0.99998,0.00000,0.00001,0.00001,0.00000
25.41000,1.98000,0.99999,0.00000,0.00000,0.00000,0.00000
25.61000,1.98000,0.99995,0.00000,0.00000,0.00005,0.00000
25.81000,1.98000,0.99961,0.00000,0.00000,0.00037,0.00002
26.01000,1.98000,0.98107,0.00009,0.00001,0.01688,0.00195
26.21000,1.98000,0.69989,0.00053,0.00007,0.27493,0.02458
26.41000,1.98000,0.19164,0.00081,0.00020,0.74282,0.06453
26.61000,1.98000,0.31135,0.00106,0.00019,0.63459,0.05281
26.81000,1.98000,0.77786,0.00031,0.00014,0.20500,0.01669
27.01000,1.98000,0.95872,0.00003,0.00016,0.03851,0.00258
27.21000,1.98000,0.99494,0.00000,0.00013,0.00464,0.00029
27.41000,1.98000,0.99943,0.00000,0.00011,0.00042,0.00004
27.61000,1.98000,0.99994,0.00000,0.00004,0.00002,0.00000
27.81000,1.98000,1.00000,0.00000,0.00000,0.00000,0.00000
28.01000,1.98000,1.00000,0.00000,0.00000,0.00000,0.00000
28.21000,1.98000,0.99999,0.00000,0.00000,0.00000,0.00000
28.41000,1.98000,0.99997,0.00000,0.00003,0.00000,0.00000
28.61000,1.98000,0.99999,0.00000,0.00001,0.00000,0.00000
28.81000,1.98000,1.00000,0.00000,0.00000,0.00000,0.00000
29.01000,1.98000,0.99997,0.00000,0.00001,0.00000,0.00002
29.21000,1.98000,0.99980,0.00000,0.00006,0.00000,0.00014
29.41000,1.98000,0.99979,0.00000,0.00003,0.00000,0.00018
29.61000,1.98000,0.99599,0.00000,0.00111,0.00001,0.00289
29.81000,1.98000,0.99882,0.00000,0.00030,0.00001,0.00088
30.01000,1.98000,0.99850,0.00001,0.00038,0.00002,0.00108
30.21000,1.98000,0.99500,0.00003,0.00111,0.00014,0.00372
30.41000,1.98000,0.99423,0.00012,0.00092,0.00039,0.00433
30.61000,1.98000,0.98945,0.00002,0.00433,0.00114,0.00507
30.81000,1.98000,0.99763,0.00001,0.00067,0.00038,0.00132
31.01000,1.98000,0.99664,0.00000,0.00153,0.00078,0.00105
31.21000,1.98000,0.99961,0.00000,0.00013,0.00018,0.00009
31.41000,1.98000,0.99961,0.00000,0.00017,0.00018,0.00003
31.61000,1.98000,0.99981,0.00000,0.00009,0.00010,0.00001
31.81000,1.98000,0.99998,0.00000,0.00001,0.00001,0.00000
32.01000,1.98000,0.99998,0.00000,0.00002,0.00001,0.00000
32.21000,1.98000,1.00000,0.00000,0.00000,0.00000,0.00000
32.41000,1.98000,1.00000,0.00000,0.00000,0.00000,0.00000
32.61000,1.98000,0.99999,0.00000,0.00000,0.00001,0.00000
32.81000,1.98000,0.99783,0.00001,0.00001,0.00191,0.00024
33.01000,1.98000,0.92775,0.00011,0.00037,0.06522,0.00655
33.21000,1.98000,0.74994,0.00031,0.00091,0.22517,0.02368
33.41000,1.98000,0.52490,0.00066,0.00123,0.42726,0.04595
33.61000,1.98000,0.58075,0.00062,0.00124,0.37467,0.04272
33.81000,1.98000,0.97860,0.00005,0.00012,0.01827,0.00296
34.01000,1.98000,0.99862,0.00000,0.00006,0.00115,0.00016
34.21000,1.98000,0.99973,0.00000,0.00006,0.00019,0.00002
34.41000,1.98000,0.99999,0.00000,0.00001,0.00000,0.00000
34.61000,1.98000,0.99998,0.00000,0.00001,0.00001,0.00000
34.81000,1.98000,0.99999,0.00000,0.00000,0.00000,0.00000
35.01000,1.98000,1.00000,0.00000,0.00000,0.00000,0.00000
35.21000,1.98000,1.00000,0.00000,0.00000,0.00000,0.00000
35.41000,1.98000,1.00000,0.00000,0.00000,0.00000,0.00000
35.61000,1.98000,1.00000,0.00000,0.00000,0.00000,0.00000
35.81000,1.98000,1.00000,0.00000,0.00000,0.00000,0.00000
36.01000,1.98000,0.99994,0.00000,0.00002,0.00001,0.00003
36.21000,1.98000,0.99943,0.00000,0.00014,0.00007,0.00037
36.41000,1.98000,0.99788,0.00000,0.00028,0.00024,0.00160
36.61000,1.98000,0.99765,0.00000,0.00021,0.00019,0.00195
36.81000,1.98000,0.99685,0.00000,0.00027,0.00026,0.00262
37.01000,1.98000,0.99330,0.00000,0.00167,0.00061,0.00442
37.21000,1.98000,0.99779,0.00000,0.00056,0.00076,0.00088
37.41000,1.98000,0.99954,0.00000,0.00013,0.00021,0.00012
37.61000,1.98000,0.99977,0.00000,0.00013,0.00007,0.00003
37.81000,1.98000,0.99987,0.00000,0.00005,0.00008,0.00001
38.01000,1.98000,0.99979,0.00000,0.00005,0.00014,0.00001
38.21000,1.98000,0.99997,0.00000,0.00001,0.00002,0.00000
38.41000,1.98000,0.99993,0.00000,0.00000,0.00006,0.00001
38.61000,1.98000,0.99976,0.00000,0.00000,0.00021,0.00003
38.81000,1.98000,0.99835,0.00001,0.00000,0.00110,0.00054
39.01000,1.98000,0.69993,0.00066,0.00012,0.22102,0.07827
39.21000,1.98000,0.20889,0.00100,0.00026,0.56311,0.22674
39.41000,1.98000,0.48824,0.00074,0.00036,0.35605,0.15461
39.61000,1.98000,0.36760,0.00082,0.00036,0.55221,0.07900
39.81000,1.98000,0.98473,0.00005,0.00002,0.01224,0.00296
40.01000,1.98000,0.99076,0.00001,0.00007,0.00766,0.00151
40.21000,1.98000,0.99880,0.00000,0.00004,0.00097,0.00019
40.41000,1.98000,0.99964,0.00000,0.00022,0.00012,0.00002
40.61000,1.98000,0.99996,0.00000,0.00003,0.00002,0.00000
40.81000,1.98000,0.99998,0.00000,0.00001,0.00001,0.00000
41.01000,1.98000,0.99998,0.00000,0.00001,0.00001,0.00000
41.21000,1.98000,0.99999,0.00000,0.00001,0.00000,0.00000
41.41000,1.98000,1.00000,0.00000,0.00000,0.00000,0.00000
41.61000,1.98000,1.00000,0.00000,0.00000,0.00000,0.00000
41.81000,1.98000,1.00000,0.00000,0.00000,0.00000,0.00000
42.01000,1.98000,1.00000,0.00000,0.00000,0.00000,0.00000
42.21000,1.98000,1.00000,0.00000,0.00000,0.00000,0.00000
42.41000,1.98000,1.00000,0.00000,0.00000,0.00000,0.00000
42.61000,1.98000,0.99999,0.00000,0.00000,0.00000,0.00000
42.81000,1.98000,0.99999,0.00000,0.00000,0.00000,0.00001
43.01000,1.98000,0.99941,0.00000,0.00005,0.00002,0.00052
43.21000,1.98000,0.99350,0.00000,0.00018,0.00005,0.00627
43.41000,1.98000,0.97844,0.00000,0.00070,0.00013,0.02073
43.61000,1.98000,0.99797,0.00000,0.00011,0.00002,0.00191
43.81000,1.98000,0.99433,0.00001,0.00033,0.00014,0.00519
44.01000,1.98000,0.98878,0.00003,0.00080,0.00069,0.00970
44.21000,1.98000,0.99441,0.00002,0.00067,0.00046,0.00444
44.41000,1.98000,0.99637,0.00001,0.00098,0.00031,0.00234
44.61000,1.98000,0.99895,0.00000,0.00041,0.00015,0.00048
44.81000,1.98000,0.99933,0.00000,0.00035,0.00011,0.00020
45.01000,1.98000,0.99931,0.00000,0.00031,0.00029,0.00008
45.21000,1.98000,0.99981,0.00000,0.00004,0.00012,0.00003
45.41000,1.98000,0.99988,0.00000,0.00001,0.00009,0.00002
45.61000,1.98000,0.99949,0.00001,0.00000,0.00045,0.00006
45.81000,1.98000,0.99741,0.00002,0.00000,0.00197,0.00059
46.01000,1.98000,0.81707,0.00032,0.00006,0.13753,0.04502
46.21000,1.98000,0.54888,0.00084,0.00011,0.33935,0.11083
46.41000,1.98000,0.54698,0.00063,0.00014,0.36437,0.08787
46.61000,1.98000,0.65475,0.00027,0.00019,0.27992,0.06486
46.81000,1.98000,0.98141,0.00003,0.00002,0.01461,0.00393
47.01000,1.98000,0.99815,0.00000,0.00001,0.00151,0.00032
47.21000,1.98000,0.99977,0.00000,0.00001,0.00018,0.00003
47.41000,1.98000,0.99996,0.00000,0.00002,0.00002,0.00000
47.61000,1.98000,0.99998,0.00000,0.00002,0.00001,0.00000
47.81000,1.98000,1.00000,0.00000,0.00000,0.00000,0.00000
48.01000,1.98000,1.00000,0.00000,0.00000,0.00000,0.00000
48.21000,1.98000,1.00000,0.00000,0.00000,0.00000,0.00000
48.41000,1.98000,1.00000,0.00000,0.00000,0.00000,0.00000
48.61000,1.98000,0.99995,0.00000,0.00002,0.00003,0.00001
48.81000,1.98000,0.99868,0.00000,0.00019,0.00085,0.00028
49.01000,1.98000,0.99340,0.00001,0.00062,0.00376,0.00221
49.21000,1.98000,0.98794,0.00001,0.00069,0.00691,0.00444
49.41000,1.98000,0.99450,0.00002,0.00015,0.00277,0.00257
49.61000,1.98000,0.98866,0.00003,0.00037,0.00598,0.00497
49.81000,1.98000,0.99003,0.00000,0.00208,0.00396,0.00393
50.01000,1.98000,0.99580,0.00000,0.00185,0.00109,0.00126
50.21000,1.98000,0.99837,0.00000,0.00093,0.00039,0.00031
50.41000,1.98000,0.99875,0.00000,0.00050,0.00068,0.00008
50.61000,1.98000,0.99995,0.00000,0.00002,0.00003,0.00000
50.81000,1.98000,0.99964,0.00000,0.00009,0.00026,0.00001
51.01000,1.98000,0.99994,0.00000,0.00002,0.00004,0.00000
51.21000,1.98000,0.99961,0.00000,0.00013,0.00025,0.00001
51.41000,1.98000,0.99999,0.00000,0.00000,0.00001,0.00000
51.61000,1.98000,0.99996,0.00000,0.00000,0.00003,0.00000
51.81000,1.98000,0.99917,0.00000,0.00000,0.00078,0.00005
52.01000,1.98000,0.99946,0.00001,0.00000,0.00036,0.00017
52.21000,1.98000,0.78060,0.00056,0.00017,0.15495,0.06373
52.41000,1.98000,0.59395,0.00074,0.00038,0.26994,0.13498
52.61000,1.98000,0.57488,0.00068,0.00043,0.27000,0.15402
52.81000,1.98000,0.86749,0.00026,0.00014,0.07532,0.05679
53.01000,1.98000,0.99517,0.00001,0.00002,0.00229,0.00250
53.21000,1.98000,0.99898,0.00000,0.00003,0.00064,0.00036
53.41000,1.98000,0.99981,0.00000,0.00003,0.00010,0.00006
53.61000,1.98000,0.99993,0.00000,0.00005,0.00001,0.00000
53.81000,1.98000,1.00000,0.00000,0.00000,0.00000,0.00000
54.01000,1.98000,1.00000,0.00000,0.00000,0.00000,0.00000
54.21000,1.98000,1.00000,0.00000,0.00000,0.00000,0.00000
54.41000,1.98000,1.00000,0.00000,0.00000,0.00000,0.00000
54.61000,1.98000,1.00000,0.00000,0.00000,0.00000,0.00000
54.81000,1.98000,0.99999,0.00000,0.00000,0.00000,0.00000
55.01000,1.98000,0.99996,0.00000,0.00001,0.00001,0.00002
55.21000,1.98000,0.99980,0.00000,0.00003,0.00005,0.00012
55.41000,1.98000,0.99927,0.00000,0.00005,0.00018,0.00050
55.61000,1.98000,0.99627,0.00001,0.00016,0.00085,0.00271
55.81000,1.98000,0.99968,0.00000,0.00005,0.00005,0.00022
56.01000,1.98000,0.99260,0.00004,0.00094,0.00164,0.00478
56.21000,1.98000,0.99950,0.00011,0.00002,0.00006,0.00031
56.41000,1.98000,0.99971,0.00005,0.00006,0.00003,0.00015
56.61000,1.98000,0.98517,0.00596,0.00084,0.00469,0.00334
56.81000,1.98000,0.97899,0.01052,0.00091,0.00478,0.00479
57.01000,1.98000,0.99623,0.00232,0.00011,0.00049,0.00085
57.21000,1.98000,0.99850,0.00109,0.00001,0.00019,0.00021
57.41000,1.98000,0.99623,0.00230,0.00001,0.00084,0.00062
57.61000,1.98000,0.99722,0.00197,0.00001,0.00035,0.00045
57.81000,1.98000,0.88803,0.02530,0.00104,0.05808,0.02755
58.01000,1.98000,0.40140,0.07598,0.00175,0.44711,0.07376
58.21000,1.98000,0.15840,0.01312,0.00101,0.78945,0.03802
58.41000,1.98000,0.79723,0.00155,0.00067,0.18941,0.01112
58.61000,1.98000,0.97286,0.00014,0.00034,0.02558,0.00109
58.81000,1.98000,0.99112,0.00001,0.00030,0.00836,0.00022
59.01000,1.98000,0.99647,0.00000,0.00069,0.00275,0.00008
59.21000,1.98000,0.99932,0.00000,0.00055,0.00013,0.00001
59.41000,1.98000,0.99999,0.00000,0.00001,0.00000,0.00000
59.61000,1.98000,0.99999,0.00000,0.00000,0.00001,0.00000
59.81000,1.98000,0.99999,0.00000,0.00000,0.00000,0.00000
60.01000,1.98000,0.99999,0.00000,0.00000,0.00000,0.00000
60.21000,1.98000,0.99998,0.00000,0.00001,0.00001,0.00000
60.41000,1.98000,0.99995,0.00000,0.00001,0.00001,0.00002
60.61000,1.98000,0.99912,0.00001,0.00012,0.00017,0.00058
60.81000,1.98000,0.99090,0.00006,0.00049,0.00067,0.00789
61.01000,1.98000,0.99944,0.00000,0.00003,0.00001,0.00051
61.21000,1.98000,0.99661,0.00001,0.00033,0.00006,0.00299
61.41000,1.98000,0.98475,0.00024,0.00114,0.00058,0.01329
61.61000,1.98000,0.98425,0.00053,0.00130,0.00149,0.01243
61.81000,1.98000,0.98410,0.00055,0.00202,0.00196,0.01137
62.01000,1.98000,0.99415,0.00011,0.00119,0.00113,0.00342
62.21000,1.98000,0.99916,0.00002,0.00009,0.00013,0.00059
62.41000,1.98000,0.99945,0.00001,0.00003,0.00012,0.00041
62.61000,1.98000,0.99878,0.00002,0.00001,0.00069,0.00050
62.81000,1.98000,0.99565,0.00008,0.00001,0.00170,0.00257
63.01000,1.98000,0.93078,0.00177,0.00005,0.05034,0.01705
63.21000,1.98000,0.39899,0.00277,0.00027,0.45557,0.14240
63.41000,1.98000,0.33098,0.00272,0.00050,0.54611,0.11970
63.61000,1.98000,0.50097,0.00147,0.00064,0.39466,0.10226
63.81000,1.98000,0.99656,0.00016,0.00001,0.00188,0.00138
64.01000,1.98000,0.99932,0.00000,0.00001,0.00030,0.00037
64.21000,1.98000,0.99957,0.00000,0.00003,0.00011,0.00029
64.41000,1.98000,0.99961,0.00000,0.00018,0.00005,0.00017
64.61000,1.98000,0.99991,0.00000,0.00005,0.00002,0.00003
64.81000,1.98000,0.99968,0.00000,0.00016,0.00004,0.00012
65.01000,1.98000,0.99854,0.00000,0.00056,0.00030,0.00059
65.21000,1.98000,0.98804,0.00001,0.00388,0.00340,0.00467
65.41000,1.98000,0.99798,0.00000,0.00063,0.00017,0.00122
65.61000,1.98000,0.98998,0.00002,0.00187,0.00156,0.00657
65.81000,1.98000,0.99794,0.00000,0.00072,0.00032,0.00102
66.01000,1.98000,0.99812,0.00000,0.00087,0.00035,0.00065
66.21000,1.98000,0.99708,0.00000,0.00126,0.00068,0.00097
66.41000,1.98000,0.99928,0.00000,0.00035,0.00009,0.00028
66.61000,1.98000,0.99748,0.00001,0.00054,0.00073,0.00124
66.81000,1.98000,0.99285,0.00002,0.00110,0.00399,0.00204
67.01000,1.98000,0.99793,0.00000,0.00069,0.00094,0.00045
67.21000,1.98000,0.99971,0.00000,0.00005,0.00015,0.00008
67.41000,1.98000,0.99944,0.00001,0.00002,0.00040,0.00013
67.61000,1.98000,0.99723,0.00002,0.00004,0.00200,0.00071
67.81000,1.98000,0.98815,0.00018,0.00004,0.00422,0.00741
68.01000,1.98000,0.82242,0.00063,0.00117,0.08522,0.09056
68.21000,1.98000,0.69030,0.00056,0.00190,0.21187,0.09537
68.41000,1.98000,0.37980,0.00200,0.00136,0.46677,0.15007
68.61000,1.98000,0.30299,0.00164,0.00176,0.37846,0.31516
68.81000,1.98000,0.82810,0.00067,0.00038,0.04987,0.12098
69.01000,1.98000,0.98812,0.00007,0.00009,0.00283,0.00888
69.21000,1.98000,0.99932,0.00001,0.00001,0.00011,0.00056
69.41000,1.98000,0.99976,0.00001,0.00002,0.00002,0.00019
69.61000,1.98000,0.99997,0.00001,0.00000,0.00000,0.00001
69.81000,1.98000,0.99995,0.00002,0.00000,0.00000,0.00002
70.01000,1.98000,0.99993,0.00000,0.00001,0.00000,0.00006
70.21000,1.98000,0.99988,0.00000,0.00001,0.00000,0.00010
70.41000,1.98000,0.99983,0.00000,0.00002,0.00000,0.00014
70.61000,1.98000,0.99995,0.00000,0.00001,0.00000,0.00004
70.81000,1.98000,0.99995,0.00000,0.00001,0.00000,0.00004
71.01000,1.98000,1.00000,0.00000,0.00000,0.00000,0.00000
71.21000,1.98000,0.99999,0.00000,0.00000,0.00000,0.00001
71.41000,1.98000,0.99998,0.00000,0.00001,0.00000,0.00001
71.61000,1.98000,0.99988,0.00000,0.00006,0.00000,0.00006
71.81000,1.98000,0.99988,0.00000,0.00009,0.00000,0.00003
72.01000,1.98000,0.99809,0.00002,0.00112,0.00001,0.00077
72.21000,1.98000,0.99850,0.00003,0.00066,0.00002,0.00079
72.41000,1.98000,0.99964,0.00020,0.00002,0.00001,0.00013
72.61000,1.98000,0.99794,0.00114,0.00005,0.00010,0.00077
72.81000,1.98000,0.97614,0.01284,0.00013,0.00248,0.00842
73.01000,1.98000,0.89356,0.01930,0.00054,0.04075,0.04585
73.21000,1.98000,0.59400,0.01403,0.00138,0.27292,0.11767
73.41000,1.98000,0.57557,0.00439,0.00165,0.34705,0.07134
73.61000,1.98000,0.90102,0.00084,0.00089,0.08223,0.01501
73.81000,1.98000,0.96388,0.00016,0.00019,0.03362,0.00215
74.01000,1.98000,0.99689,0.00001,0.00018,0.00270,0.00022
74.21000,1.98000,0.99935,0.00000,0.00015,0.00047,0.00004
74.41000,1.98000,0.99991,0.00000,0.00003,0.00005,0.00000
74.61000,1.98000,0.99996,0.00000,0.00002,0.00002,0.00000
74.81000,1.98000,0.99997,0.00000,0.00001,0.00001,0.00000
75.01000,1.98000,0.99999,0.00000,0.00000,0.00000,0.00000
75.21000,1.98000,1.00000,0.00000,0.00000,0.00000,0.00000
75.41000,1.98000,1.00000,0.00000,0.00000,0.00000,0.00000
75.61000,1.98000,1.00000,0.00000,0.00000,0.00000,0.00000
75.81000,1.98000,1.00000,0.00000,0.00000,0.00000,0.00000
76.01000,1.98000,0.99994,0.00000,0.00001,0.00002,0.00002
76.21000,1.98000,0.99993,0.00000,0.00001,0.00002,0.00004
76.41000,1.98000,0.99993,0.00000,0.00001,0.00001,0.00005
76.61000,1.98000,0.99821,0.00015,0.00002,0.00016,0.00147
76.81000,1.98000,0.99557,0.00029,0.00004,0.00028,0.00383
77.01000,1.98000,0.99794,0.00025,0.00001,0.00016,0.00164
77.21000,1.98000,0.99063,0.00016,0.00002,0.00064,0.00856
77.41000,1.98000,0.78721,0.01084,0.00014,0.04271,0.15911
77.61000,1.98000,0.41518,0.02378,0.00060,0.26938,0.29107
77.81000,1.98000,0.18500,0.05360,0.00034,0.56278,0.19828
78.01000,1.98000,0.95495,0.00248,0.00022,0.02766,0.01468
78.21000,1.98000,0.95297,0.00095,0.00016,0.03932,0.00661
78.41000,1.98000,0.99766,0.00006,0.00001,0.00201,0.00026
78.61000,1.98000,0.99939,0.00000,0.00002,0.00054,0.00005
78.81000,1.98000,0.99987,0.00000,0.00002,0.00010,0.00001
79.01000,1.98000,0.99999,0.00000,0.00001,0.00001,0.00000
79.21000,1.98000,0.99999,0.00000,0.00000,0.00001,0.00000
79.41000,1.98000,0.99999,0.00000,0.00000,0.00000,0.00000
79.61000,1.98000,1.00000,0.00000,0.00000,0.00000,0.00000
79.81000,1.98000,1.00000,0.00000,0.00000,0.00000,0.00000
80.01000,1.98000,1.00000,0.00000,0.00000,0.00000,0.00000
80.21000,1.98000,0.99999,0.00000,0.00000,0.00000,0.00000
80.41000,1.98000,0.99998,0.00000,0.00000,0.00001,0.00000
80.61000,1.98000,0.99987,0.00000,0.00003,0.00006,0.00003
80.81000,1.98000,0.99802,0.00000,0.00025,0.00104,0.00068
81.01000,1.98000,0.99503,0.00001,0.00048,0.00291,0.00157
81.21000,1.98000,0.99246,0.00003,0.00042,0.00406,0.00302
81.41000,1.98000,0.99957,0.00001,0.00001,0.00020,0.00021
81.61000,1.98000,0.99794,0.00002,0.00001,0.00140,0.00064
81.81000,1.98000,0.99220,0.00003,0.00003,0.00413,0.00361
82.01000,1.98000,0.63994,0.00219,0.00025,0.26538,0.09223
82.21000,1.98000,0.35056,0.00283,0.00041,0.51571,0.13049
82.41000,1.98000,0.62223,0.00195,0.00053,0.28582,0.08947
82.61000,1.98000,0.49082,0.00263,0.00056,0.44017,0.06582
82.81000,1.98000,0.70043,0.00116,0.00042,0.25368,0.04431
83.01000,1.98000,0.99847,0.00001,0.00002,0.00114,0.00036
83.21000,1.98000,0.99890,0.00000,0.00010,0.00079,0.00021
83.41000,1.98000,0.99980,0.00000,0.00010,0.00008,0.00003
83.61000,1.98000,0.99995,0.00000,0.00003,0.00002,0.00000
83.81000,1.98000,0.99990,0.00000,0.00007,0.00004,0.00000
84.01000,1.98000,0.99999,0.00000,0.00000,0.00000,0.00000
84.21000,1.98000,1.00000,0.00000,0.00000,0.00000,0.00000
84.41000,1.98000,1.00000,0.00000,0.00000,0.00000,0.00000
84.61000,1.98000,1.00000,0.00000,0.00000,0.00000,0.00000
84.81000,1.98000,0.99999,0.00000,0.00001,0.00000,0.00000
85.01000,1.98000,0.99997,0.00000,0.00002,0.00001,0.00001
85.21000,1.98000,0.99967,0.00000,0.00017,0.00008,0.00007
85.41000,1.98000,0.99895,0.00000,0.00053,0.00033,0.00019
85.61000,1.98000,0.99868,0.00000,0.00059,0.00048,0.00026
85.81000,1.98000,0.99942,0.00000,0.00028,0.00019,0.00011
86.01000,1.98000,0.99929,0.00000,0.00036,0.00023,0.00013
86.21000,1.98000,0.99992,0.00000,0.00006,0.00001,0.00001
86.41000,1.98000,0.99998,0.00000,0.00002,0.00000,0.00000
86.61000,1.98000,0.99997,0.00000,0.00002,0.00000,0.00001
86.81000,1.98000,0.99149,0.00004,0.00145,0.00641,0.00062
87.01000,1.98000,0.97380,0.00011,0.00386,0.02069,0.00154
87.21000,1.98000,0.94933,0.00026,0.00522,0.04155,0.00364
87.41000,1.98000,0.90788,0.00045,0.00901,0.07695,0.00572
87.61000,1.98000,0.92643,0.00035,0.00864,0.05963,0.00495
87.81000,1.98000,0.95688,0.00017,0.00626,0.03391,0.00278
88.01000,1.98000,0.99983,0.00000,0.00009,0.00007,0.00001
88.21000,1.98000,0.99986,0.00000,0.00007,0.00006,0.00001
88.41000,1.98000,1.00000,0.00000,0.00000,0.00000,0.00000
88.61000,1.98000,0.99996,0.00000,0.00001,0.00002,0.00000
88.81000,1.98000,0.99997,0.00000,0.00001,0.00002,0.00000
89.01000,1.98000,0.99982,0.00000,0.00007,0.00009,0.00002
89.21000,1.98000,0.99989,0.00000,0.00003,0.00004,0.00003
89.41000,1.98000,0.99826,0.00000,0.00030,0.00086,0.00057
89.61000,1.98000,0.99338,0.00000,0.00077,0.00314,0.00271
89.81000,1.98000,0.99979,0.00000,0.00001,0.00004,0.00016
90.01000,1.98000,0.99821,0.00000,0.00005,0.00049,0.00125
90.21000,1.98000,0.99310,0.00002,0.00008,0.00105,0.00575
90.41000,1.98000,0.60420,0.00058,0.00379,0.12138,0.27005
90.61000,1.98000,0.72567,0.00074,0.00313,0.12147,0.14898
90.81000,1.98000,0.52394,0.00172,0.00482,0.32566,0.14387
91.01000,1.98000,0.58420,0.00226,0.00461,0.34249,0.06643
91.21000,1.98000,0.95262,0.00260,0.00059,0.02489,0.01931
91.41000,1.98000,0.99425,0.00016,0.00033,0.00148,0.00378
91.61000,1.98000,0.85012,0.00053,0.00687,0.05399,0.08849
91.81000,1.98000,0.81906,0.00127,0.02234,0.04559,0.11174
92.01000,1.98000,0.85945,0.00043,0.02061,0.07602,0.04349
92.21000,1.98000,0.98141,0.00007,0.00318,0.00935,0.00599
92.41000,1.98000,0.96424,0.00028,0.00702,0.01811,0.01035
92.61000,1.98000,0.99767,0.00010,0.00038,0.00068,0.00117
92.81000,1.98000,0.99984,0.00002,0.00003,0.00002,0.00009
93.01000,1.98000,0.99741,0.00001,0.00106,0.00060,0.00093
93.21000,1.98000,0.99476,0.00001,0.00186,0.00128,0.00208
93.41000,1.98000,0.99965,0.00002,0.00005,0.00015,0.00013
93.61000,1.98000,0.99923,0.00004,0.00003,0.00047,0.00022
93.81000,1.98000,0.97844,0.00133,0.00042,0.01205,0.00775
94.01000,1.98000,0.81699,0.00751,0.00236,0.08280,0.09033
94.21000,1.98000,0.95927,0.00100,0.00150,0.01347,0.02476
94.41000,1.98000,0.28501,0.00916,0.00852,0.32261,0.37471
94.61000,1.98000,0.55964,0.00628,0.00540,0.27459,0.15409
94.81000,1.98000,0.79241,0.00120,0.00734,0.12176,0.07728
95.01000,1.98000,0.99578,0.00008,0.00031,0.00234,0.00148
95.21000,1.98000,0.99912,0.00001,0.00019,0.00036,0.00032
95.41000,1.98000,0.99995,0.00000,0.00004,0.00000,0.00001
95.61000,1.98000,0.99995,0.00000,0.00004,0.00000,0.00001
95.81000,1.98000,0.99998,0.00000,0.00001,0.00000,0.00000
96.01000,1.98000,0.99981,0.00000,0.00011,0.00002,0.00005
96.21000,1.98000,0.99906,0.00000,0.00034,0.00026,0.00034
96.41000,1.98000,0.99980,0.00000,0.00003,0.00005,0.00013
96.61000,1.98000,0.99765,0.00001,0.00008,0.00031,0.00195
96.81000,1.98000,0.98354,0.00006,0.00014,0.00148,0.01478
97.01000,1.98000,0.74114,0.00085,0.00158,0.03699,0.21944
97.21000,1.98000,0.87363,0.00024,0.00244,0.03303,0.09065
97.41000,1.98000,0.85017,0.00020,0.00356,0.06829,0.07779
97.61000,1.98000,0.81773,0.00080,0.00108,0.13887,0.04152
97.81000,1.98000,0.96306,0.00010,0.00032,0.03182,0.00470
98.01000,1.98000,0.99870,0.00000,0.00007,0.00104,0.00019
98.21000,1.98000,0.99997,0.00000,0.00000,0.00002,0.00001
98.41000,1.98000,0.99999,0.00000,0.00001,0.00001,0.00000
98.61000,1.98000,1.00000,0.00000,0.00000,0.00000,0.00000
98.81000,1.98000,0.99998,0.00000,0.00001,0.00001,0.00000
99.01000,1.98000,0.99993,0.00000,0.00004,0.00001,0.00002
99.21000,1.98000,0.99966,0.00000,0.00011,0.00005,0.00017
99.41000,1.98000,0.99926,0.00000,0.00015,0.00013,0.00046
99.61000,1.98000,0.99948,0.00000,0.00003,0.00008,0.00040
99.81000,1.98000,0.99966,0.00000,0.00000,0.00008,0.00026
100.01000,1.98000,0.99730,0.00002,0.00000,0.00024,0.00244
100.21000,1.98000,0.78259,0.00008,0.00039,0.03735,0.17960
100.41000,1.98000,0.51501,0.00040,0.00066,0.16289,0.32104
100.61000,1.98000,0.54188,0.00048,0.00059,0.23949,0.21756
100.81000,1.98000,0.55103,0.00073,0.00033,0.38963,0.05828
101.01000,1.98000,0.98481,0.00009,0.00001,0.01375,0.00135
101.21000,1.98000,0.99981,0.00000,0.00000,0.00016,0.00003
101.41000,1.98000,0.99997,0.00000,0.00000,0.00002,0.00001
101.61000,1.98000,0.99999,0.00000,0.00000,0.00000,0.00000
101.81000,1.98000,0.99998,0.00000,0.00001,0.00001,0.00000
102.01000,1.98000,0.99999,0.00000,0.00000,0.00000,0.00000
102.21000,1.98000,0.99969,0.00000,0.00011,0.00010,0.00010
102.41000,1.98000,0.99773,0.00000,0.00061,0.00086,0.00081
102.61000,1.98000,0.99342,0.00000,0.00110,0.00262,0.00286
102.81000,1.98000,0.99815,0.00001,0.00007,0.00043,0.00135
103.01000,1.98000,0.99543,0.00001,0.00005,0.00097,0.00354
103.21000,1.98000,0.98400,0.00001,0.00018,0.00134,0.01446
103.41000,1.98000,0.43512,0.00109,0.00148,0.18118,0.38112
103.61000,1.98000,0.63432,0.00206,0.00067,0.15481,0.20814
103.81000,1.98000,0.33104,0.00100,0.00318,0.46526,0.19951
104.01000,1.98000,0.56689,0.00075,0.00223,0.38568,0.04445
104.21000,1.98000,0.86841,0.00026,0.00091,0.11493,0.01548
104.41000,1.98000,0.99943,0.00000,0.00003,0.00045,0.00010
104.61000,1.98000,0.99965,0.00000,0.00006,0.00026,0.00003
104.81000,1.98000,0.99995,0.00000,0.00003,0.00002,0.00000
105.01000,1.98000,1.00000,0.00000,0.00000,0.00000,0.00000
105.21000,1.98000,1.00000,0.00000,0.00000,0.00000,0.00000
105.41000,1.98000,1.00000,0.00000,0.00000,0.00000,0.00000
105.61000,1.98000,1.00000,0.00000,0.00000,0.00000,0.00000
105.81000,1.98000,0.99999,0.00000,0.00000,0.00000,0.00000
106.01000,1.98000,0.99991,0.00000,0.00004,0.00002,0.00004
106.21000,1.98000,0.99755,0.00000,0.00050,0.00034,0.00161
106.41000,1.98000,0.98149,0.00000,0.00213,0.00224,0.01414
106.61000,1.98000,0.99032,0.00000,0.00080,0.00096,0.00793
106.81000,1.98000,0.99831,0.00000,0.00012,0.00008,0.00149
107.01000,1.98000,0.99642,0.00000,0.00009,0.00035,0.00314
107.21000,1.98000,0.98126,0.00008,0.00018,0.00235,0.01613
107.41000,1.98000,0.83413,0.00256,0.00054,0.04742,0.11535
107.61000,1.98000,0.79856,0.00344,0.00111,0.08844,0.10845
107.81000,1.98000,0.10033,0.00453,0.00531,0.64352,0.24631
108.01000,1.98000,0.35563,0.00419,0.00461,0.54549,0.09008
108.21000,1.98000,0.62314,0.00357,0.00218,0.32852,0.04260
108.41000,1.98000,0.97827,0.00052,0.00051,0.01566,0.00505
108.61000,1.98000,0.95582,0.00021,0.00307,0.03202,0.00888
108.81000,1.98000,0.99508,0.00012,0.00103,0.00281,0.00096
109.01000,1.98000,0.99895,0.00003,0.00012,0.00077,0.00013
109.21000,1.98000,0.99942,0.00000,0.00011,0.00035,0.00011
109.41000,1.98000,0.99962,0.00000,0.00009,0.00014,0.00014
109.61000,1.98000,0.99864,0.00000,0.00040,0.00027,0.00070
109.81000,1.98000,0.98991,0.00000,0.00102,0.00132,0.00774
110.01000,1.98000,0.98882,0.00000,0.00180,0.00158,0.00780
110.21000,1.98000,0.97377,0.00000,0.00450,0.00480,0.01693
110.41000,1.98000,0.99672,0.00000,0.00074,0.00052,0.00202
110.61000,1.98000,0.99869,0.00000,0.00039,0.00024,0.00069
110.81000,1.98000,0.99889,0.00000,0.00063,0.00010,0.00037
111.01000,1.98000,0.99955,0.00000,0.00015,0.00010,0.00020
111.21000,1.98000,0.99982,0.00000,0.00002,0.00009,0.00007
111.41000,1.98000,0.99945,0.00000,0.00001,0.00038,0.00015
111.61000,1.98000,0.99600,0.00007,0.00002,0.00327,0.00065
111.81000,1.98000,0.72179,0.00100,0.00065,0.24284,0.03372
112.01000,1.98000,0.78120,0.00090,0.00058,0.16905,0.04828
112.21000,1.98000,0.32534,0.00255,0.00128,0.55817,0.11266
112.41000,1.98000,0.64329,0.00106,0.00128,0.29927,0.05510
112.61000,1.98000,0.98273,0.00008,0.00014,0.01408,0.00298
112.81000,1.98000,0.99824,0.00000,0.00011,0.00137,0.00027
113.01000,1.98000,0.99951,0.00000,0.00012,0.00031,0.00006
113.21000,1.98000,0.99997,0.00000,0.00002,0.00001,0.00000
113.41000,1.98000,0.99999,0.00000,0.00000,0.00000,0.00000
113.61000,1.98000,0.99999,0.00000,0.00000,0.00000,0.00000
113.81000,1.98000,0.99998,0.00000,0.00001,0.00000,0.00000
114.01000,1.98000,0.99998,0.00000,0.00001,0.00000,0.00000
114.21000,1.98000,0.99973,0.00000,0.00013,0.00002,0.00012
114.41000,1.98000,0.99816,0.00000,0.00040,0.00005,0.00139
114.61000,1.98000,0.98705,0.00000,0.00183,0.00028,0.01084
114.81000,1.98000,0.98941,0.00000,0.00094,0.00024,0.00941
115.01000,1.98000,0.99589,0.00000,0.00087,0.00008,0.00316
115.21000,1.98000,0.99770,0.00000,0.00081,0.00008,0.00141
115.41000,1.98000,0.99946,0.00000,0.00024,0.00004,0.00026
115.61000,1.98000,0.99963,0.00000,0.00028,0.00002,0.00007
115.81000,1.98000,0.99985,0.00000,0.00012,0.00002,0.00001
116.01000,1.98000,0.99993,0.00000,0.00006,0.00001,0.00000
116.21000,1.98000,0.99998,0.00000,0.00001,0.00001,0.00000
116.41000,1.98000,1.00000,0.00000,0.00000,0.00000,0.00000
116.61000,1.98000,0.99998,0.00000,0.00000,0.00002,0.00000
116.81000,1.98000,0.99992,0.00000,0.00000,0.00007,0.00000
117.01000,1.98000,0.99800,0.00002,0.00001,0.00178,0.00019
117.21000,1.98000,0.94302,0.00025,0.00011,0.05041,0.00621
117.41000,1.98000,0.61378,0.00106,0.00048,0.34525,0.03943
117.61000,1.98000,0.73577,0.00157,0.00021,0.22724,0.03520
117.81000,1.98000,0.88259,0.00098,0.00007,0.09852,0.01784
118.01000,1.98000,0.99446,0.00002,0.00002,0.00420,0.00130
118.21000,1.98000,0.99780,0.00000,0.00004,0.00151,0.00065
118.41000,1.98000,0.99933,0.00000,0.00007,0.00027,0.00033
118.61000,1.98000,0.99996,0.00000,0.00001,0.00001,0.00002
118.81000,1.98000,0.99867,0.00000,0.00030,0.00079,0.00023
119.01000,1.98000,0.99722,0.00000,0.00065,0.00170,0.00043
119.21000,1.98000,0.99359,0.00000,0.00099,0.00451,0.00092
119.41000,1.98000,0.99243,0.00000,0.00086,0.00533,0.00137
119.61000,1.98000,0.99614,0.00000,0.00055,0.00230,0.00101
119.81000,1.98000,0.99279,0.00000,0.00130,0.00362,0.00228
120.01000,1.98000,0.99146,0.00001,0.00160,0.00461,0.00233
120.21000,1.98000,0.99700,0.00000,0.00088,0.00161,0.00051
120.41000,1.98000,0.99815,0.00000,0.00059,0.00104,0.00021
120.61000,1.98000,0.99964,0.00000,0.00010,0.00023,0.00003
120.81000,1.98000,0.99984,0.00000,0.00006,0.00009,0.00001
121.01000,1.98000,0.99996,0.00000,0.00002,0.00002,0.00000
121.21000,1.98000,0.99998,0.00000,0.00001,0.00001,0.00000
