Time (seconds), Duration (seconds),pred_(unlabeled),pred_On,pred_Off,pred_Dimmer,pred_Lighter
0.01000,1.98000,0.94571,0.04168,0.00014,0.00615,0.00632
0.21000,1.98000,0.96617,0.03122,0.00002,0.00075,0.00184
0.41000,1.98000,0.98217,0.00563,0.00062,0.00235,0.00923
0.61000,1.98000,0.98516,0.00711,0.00035,0.00257,0.00481
0.81000,1.98000,0.96340,0.00266,0.00291,0.01427,0.01676
1.01000,1.98000,0.94618,0.00394,0.00234,0.02180,0.02574
1.21000,1.98000,0.95210,0.00500,0.00126,0.02212,0.01953
1.41000,1.98000,0.95897,0.00581,0.00040,0.02362,0.01120
1.61000,1.98000,0.97744,0.00204,0.00036,0.01270,0.00745
1.81000,1.98000,0.96854,0.00143,0.00076,0.01953,0.00974
2.01000,1.98000,0.97172,0.00109,0.00063,0.01863,0.00793
2.21000,1.98000,0.91364,0.00349,0.00063,0.06686,0.01538
2.41000,1.98000,0.75138,0.02478,0.00038,0.18935,0.03411
2.61000,1.98000,0.93018,0.01141,0.00013,0.04821,0.01007
2.81000,1.98000,0.94748,0.01094,0.00011,0.03485,0.00661
3.01000,1.98000,0.97716,0.00693,0.00004,0.01344,0.00243
3.21000,1.98000,0.98604,0.00216,0.00013,0.00961,0.00206
3.41000,1.98000,0.98739,0.00191,0.00013,0.00893,0.00164
3.61000,1.98000,0.99320,0.00141,0.00017,0.00409,0.00113
3.81000,1.98000,0.99197,0.00342,0.00016,0.00344,0.00101
4.01000,1.98000,0.99945,0.00031,0.00002,0.00016,0.00006
4.21000,1.98000,0.99610,0.00234,0.00005,0.00114,0.00037
4.41000,1.98000,0.99618,0.00110,0.00008,0.00204,0.00060
4.61000,1.98000,0.97313,0.00301,0.00069,0.01920,0.00396
4.81000,1.98000,0.99060,0.00092,0.00031,0.00657,0.00160
5.01000,1.98000,0.96251,0.00460,0.00077,0.02603,0.00608
5.21000,1.98000,0.98936,0.00214,0.00027,0.00622,0.00200
5.41000,1.98000,0.98944,0.00140,0.00022,0.00716,0.00177
5.61000,1.98000,0.98188,0.00250,0.00012,0.01240,0.00310
5.81000,1.98000,0.99577,0.00030,0.00006,0.00296,0.00092
6.01000,1.98000,0.99696,0.00021,0.00004,0.00161,0.00118
6.21000,1.98000,0.97733,0.00120,0.00022,0.01373,0.00752
6.41000,1.98000,0.85969,0.00340,0.00120,0.08813,0.04758
6.61000,1.98000,0.96413,0.00100,0.00060,0.01644,0.01783
6.81000,1.98000,0.89003,0.00089,0.00356,0.06584,0.03968
7.01000,1.98000,0.93583,0.00041,0.00154,0.04221,0.02001
7.21000,1.98000,0.99227,0.00002,0.00109,0.00439,0.00223
7.41000,1.98000,0.99762,0.00001,0.00095,0.00080,0.00062
7.61000,1.98000,0.99843,0.00000,0.00114,0.00026,0.00017
7.81000,1.98000,0.99782,0.00001,0.00133,0.00056,0.00028
8.01000,1.98000,0.99942,0.00001,0.00018,0.00033,0.00006
8.21000,1.98000,0.99893,0.00001,0.00033,0.00068,0.00005
8.41000,1.98000,0.99970,0.00000,0.00010,0.00018,0.00001
8.61000,1.98000,0.99984,0.00000,0.00006,0.00010,0.00001
8.81000,1.98000,0.99962,0.00001,0.00012,0.00025,0.00001
9.01000,1.98000,0.99990,0.00000,0.00004,0.00006,0.00000
9.21000,1.98000,0.99981,0.00000,0.00005,0.00013,0.00001
9.41000,1.98000,0.99957,0.00001,0.00011,0.00030,0.00002
9.61000,1.98000,0.99968,0.00000,0.00009,0.00020,0.00002
9.81000,1.98000,0.99988,0.00001,0.00001,0.00008,0.00001
10.01000,1.98000,0.99991,0.00000,0.00002,0.00004,0.00002
10.21000,1.98000,0.99986,0.00000,0.00005,0.00005,0.00004
10.41000,1.98000,0.99976,0.00001,0.00009,0.00004,0.00011
10.61000,1.98000,0.99959,0.00001,0.00023,0.00001,0.00016
10.81000,1.98000,0.99319,0.00018,0.00547,0.00012,0.00104
11.01000,1.98000,0.96097,0.00024,0.03457,0.00031,0.00390
11.21000,1.98000,0.72538,0.00160,0.23711,0.00416,0.03176
11.41000,1.98000,0.96490,0.00016,0.03211,0.00017,0.00266
11.61000,1.98000,0.60577,0.00028,0.38296,0.00062,0.01036
11.81000,1.98000,0.91417,0.00005,0.08330,0.00004,0.00244
12.01000,1.98000,0.97164,0.00010,0.02700,0.00005,0.00120
12.21000,1.98000,0.99429,0.00022,0.00504,0.00001,0.00045
12.41000,1.98000,0.99309,0.00067,0.00557,0.00007,0.00060
12.61000,1.98000,0.99905,0.00075,0.00010,0.00001,0.00009
12.81000,1.98000,0.99785,0.00144,0.00012,0.00007,0.00052
13.01000,1.98000,0.98805,0.01111,0.00007,0.00012,0.00065
13.21000,1.98000,0.99857,0.00110,0.00009,0.00003,0.00021
13.41000,1.98000,0.99975,0.00020,0.00001,0.00000,0.00004
13.61000,1.98000,0.99894,0.00048,0.00025,0.00003,0.00029
13.81000,1.98000,0.99964,0.00010,0.00013,0.00001,0.00012
14.01000,1.98000,0.99975,0.00012,0.00003,0.00000,0.00010
14.21000,1.98000,0.99992,0.00001,0.00003,0.00000,0.00004
14.41000,1.98000,0.99966,0.00001,0.00027,0.00000,0.00006
14.61000,1.98000,0.99032,0.00002,0.00943,0.00000,0.00023
14.81000,1.98000,0.98549,0.00004,0.01416,0.00000,0.00030
15.01000,1.98000,0.81752,0.00003,0.17964,0.00002,0.00279
15.21000,1.98000,0.29000,0.00004,0.70226,0.00014,0.00757
15.41000,1.98000,0.81403,0.00006,0.18123,0.00005,0.00462
15.61000,1.98000,0.82223,0.00028,0.16860,0.00017,0.00872
15.81000,1.98000,0.99410,0.00033,0.00480,0.00002,0.00075
16.01000,1.98000,0.99621,0.00018,0.00306,0.00005,0.00050
16.21000,1.98000,0.99727,0.00002,0.00243,0.00005,0.00023
16.41000,1.98000,0.99986,0.00000,0.00007,0.00001,0.00006
16.61000,1.98000,0.99918,0.00000,0.00037,0.00003,0.00042
16.81000,1.98000,0.99875,0.00000,0.00082,0.00004,0.00039
17.01000,1.98000,0.99968,0.00000,0.00025,0.00000,0.00007
17.21000,1.98000,0.99981,0.00000,0.00012,0.00000,0.00007
17.41000,1.98000,0.99959,0.00000,0.00034,0.00000,0.00006
17.61000,1.98000,0.99175,0.00000,0.00806,0.00000,0.00019
17.81000,1.98000,0.99409,0.00002,0.00556,0.00000,0.00033
18.01000,1.98000,0.89160,0.00002,0.10600,0.00002,0.00235
18.21000,1.98000,0.83461,0.00016,0.15718,0.00017,0.00788
18.41000,1.98000,0.68786,0.00039,0.29476,0.00111,0.01588
18.61000,1.98000,0.91636,0.00069,0.07540,0.00075,0.00679
18.81000,1.98000,0.82807,0.00534,0.13268,0.00539,0.02852
19.01000,1.98000,0.97837,0.00069,0.01698,0.00088,0.00308
19.21000,1.98000,0.99193,0.00011,0.00694,0.00043,0.00060
19.41000,1.98000,0.99872,0.00002,0.00083,0.00014,0.00029
19.61000,1.98000,0.99884,0.00001,0.00037,0.00035,0.00043
19.81000,1.98000,0.99886,0.00001,0.00052,0.00030,0.00030
20.01000,1.98000,0.99942,0.00001,0.00027,0.00008,0.00022
20.21000,1.98000,0.99946,0.00000,0.00038,0.00001,0.00014
20.41000,1.98000,0.99920,0.00000,0.00073,0.00000,0.00006
20.61000,1.98000,0.98989,0.00002,0.00978,0.00002,0.00028
20.81000,1.98000,0.83047,0.00009,0.16590,0.00035,0.00320
21.01000,1.98000,0.90969,0.00012,0.08673,0.00019,0.00327
21.21000,1.98000,0.46077,0.00025,0.52136,0.00148,0.01614
21.41000,1.98000,0.76697,0.00004,0.22805,0.00016,0.00478
21.61000,1.98000,0.91038,0.00000,0.08848,0.00001,0.00112
21.81000,1.98000,0.98010,0.00000,0.01938,0.00001,0.00051
22.01000,1.98000,0.98574,0.00000,0.01370,0.00003,0.00052
22.21000,1.98000,0.99897,0.00000,0.00093,0.00000,0.00009
22.41000,1.98000,0.99888,0.00000,0.00058,0.00001,0.00053
22.61000,1.98000,0.99871,0.00000,0.00103,0.00001,0.00025
22.81000,1.98000,0.99987,0.00000,0.00009,0.00000,0.00004
23.01000,1.98000,0.99940,0.00000,0.00050,0.00000,0.00011
23.21000,1.98000,0.99738,0.00000,0.00172,0.00001,0.00089
23.41000,1.98000,0.98608,0.00000,0.01115,0.00015,0.00261
23.61000,1.98000,0.97687,0.00000,0.02044,0.00011,0.00257
23.81000,1.98000,0.88809,0.00000,0.10622,0.00011,0.00557
24.01000,1.98000,0.94724,0.00001,0.04874,0.00005,0.00396
24.21000,1.98000,0.95985,0.00003,0.03386,0.00013,0.00612
24.41000,1.98000,0.97154,0.00006,0.02070,0.00016,0.00754
24.61000,1.98000,0.99765,0.00019,0.00135,0.00002,0.00079
24.81000,1.98000,0.99765,0.00012,0.00153,0.00003,0.00067
25.01000,1.98000,0.99857,0.00004,0.00109,0.00005,0.00024
25.21000,1.98000,0.99959,0.00001,0.00031,0.00001,0.00009
25.41000,1.98000,0.99907,0.00001,0.00066,0.00002,0.00024
25.61000,1.98000,0.99919,0.00000,0.00064,0.00001,0.00015
25.81000,1.98000,0.99991,0.00001,0.00004,0.00000,0.00004
26.01000,1.98000,0.99985,0.00001,0.00013,0.00000,0.00001
26.21000,1.98000,0.99957,0.00002,0.00040,0.00000,0.00000
26.41000,1.98000,0.99351,0.00004,0.00637,0.00000,0.00008
26.61000,1.98000,0.89744,0.00001,0.10203,0.00001,0.00050
26.81000,1.98000,0.68881,0.00002,0.30975,0.00002,0.00139
27.01000,1.98000,0.63091,0.00005,0.36588,0.00005,0.00311
27.21000,1.98000,0.92674,0.00044,0.06882,0.00009,0.00390
27.41000,1.98000,0.98076,0.00105,0.01578,0.00003,0.00237
27.61000,1.98000,0.98892,0.00016,0.00989,0.00002,0.00101
27.81000,1.98000,0.99762,0.00001,0.00218,0.00001,0.00018
28.01000,1.98000,0.99917,0.00000,0.00027,0.00001,0.00056
28.21000,1.98000,0.99840,0.00000,0.00082,0.00001,0.00077
28.41000,1.98000,0.99952,0.00000,0.00028,0.00000,0.00020
28.61000,1.98000,0.99968,0.00000,0.00013,0.00000,0.00019
28.81000,1.98000,0.99985,0.00000,0.00012,0.00000,0.00003
29.01000,1.98000,0.99707,0.00000,0.00292,0.00000,0.00001
29.21000,1.98000,0.99961,0.00000,0.00039,0.00000,0.00000
29.41000,1.98000,0.95012,0.00001,0.04980,0.00000,0.00008
29.61000,1.98000,0.76972,0.00001,0.22996,0.00001,0.00030
29.81000,1.98000,0.77545,0.00010,0.22390,0.00003,0.00052
30.01000,1.98000,0.86700,0.00017,0.13244,0.00005,0.00034
30.21000,1.98000,0.97353,0.00054,0.02578,0.00006,0.00009
30.41000,1.98000,0.99779,0.00060,0.00160,0.00001,0.00001
30.61000,1.98000,0.99926,0.00018,0.00055,0.00000,0.00000
30.81000,1.98000,0.99995,0.00005,0.00001,0.00000,0.00000
31.01000,1.98000,0.99994,0.00002,0.00001,0.00001,0.00001
31.21000,1.98000,0.99996,0.00001,0.00002,0.00001,0.00001
31.41000,1.98000,0.99990,0.00002,0.00002,0.00001,0.00004
31.61000,1.98000,0.99837,0.00046,0.00013,0.00013,0.00092
31.81000,1.98000,0.99633,0.00058,0.00039,0.00011,0.00259
32.01000,1.98000,0.99476,0.00098,0.00063,0.00008,0.00355
32.21000,1.98000,0.91371,0.01103,0.01200,0.00197,0.06129
32.41000,1.98000,0.84431,0.02815,0.01407,0.00322,0.11025
32.61000,1.98000,0.83850,0.00076,0.08231,0.00453,0.07390
32.81000,1.98000,0.75824,0.00054,0.14279,0.00941,0.08901
33.01000,1.98000,0.84295,0.00097,0.07634,0.00906,0.07068
33.21000,1.98000,0.82348,0.00394,0.10173,0.03857,0.03227
33.41000,1.98000,0.98979,0.00015,0.00751,0.00161,0.00094
33.61000,1.98000,0.99525,0.00004,0.00346,0.00099,0.00026
33.81000,1.98000,0.99987,0.00002,0.00003,0.00005,0.00003
34.01000,1.98000,0.99994,0.00000,0.00001,0.00004,0.00001
34.21000,1.98000,0.99982,0.00000,0.00004,0.00009,0.00004
34.41000,1.98000,0.99959,0.00000,0.00020,0.00011,0.00009
34.61000,1.98000,0.99979,0.00000,0.00014,0.00002,0.00005
34.81000,1.98000,0.99872,0.00000,0.00072,0.00005,0.00051
35.01000,1.98000,0.99897,0.00000,0.00050,0.00001,0.00052
35.21000,1.98000,0.99917,0.00000,0.00052,0.00000,0.00030
35.41000,1.98000,0.99905,0.00000,0.00087,0.00000,0.00008
35.61000,1.98000,0.92277,0.00001,0.07570,0.00003,0.00149
35.81000,1.98000,0.88642,0.00001,0.11156,0.00007,0.00195
36.01000,1.98000,0.89997,0.00001,0.09728,0.00008,0.00266
36.21000,1.98000,0.99677,0.00001,0.00304,0.00001,0.00017
36.41000,1.98000,0.99764,0.00005,0.00209,0.00002,0.00020
36.61000,1.98000,0.99945,0.00047,0.00007,0.00000,0.00001
36.81000,1.98000,0.99980,0.00005,0.00013,0.00001,0.00001
37.01000,1.98000,0.99994,0.00001,0.00004,0.00000,0.00000
37.21000,1.98000,0.99990,0.00004,0.00001,0.00001,0.00004
37.41000,1.98000,0.99985,0.00009,0.00000,0.00001,0.00005
37.61000,1.98000,0.99943,0.00029,0.00005,0.00001,0.00022
37.81000,1.98000,0.99894,0.00076,0.00023,0.00000,0.00007
38.01000,1.98000,0.97591,0.01491,0.00706,0.00015,0.00197
38.21000,1.98000,0.96236,0.03023,0.00524,0.00017,0.00200
38.41000,1.98000,0.49310,0.00457,0.47034,0.00813,0.02386
38.61000,1.98000,0.59389,0.00405,0.38252,0.00439,0.01514
38.81000,1.98000,0.57450,0.03066,0.35380,0.00457,0.03646
39.01000,1.98000,0.97414,0.01960,0.00556,0.00015,0.00054
39.21000,1.98000,0.99200,0.00534,0.00246,0.00007,0.00013
39.41000,1.98000,0.99815,0.00094,0.00083,0.00003,0.00005
39.61000,1.98000,0.99949,0.00032,0.00006,0.00004,0.00008
39.81000,1.98000,0.99845,0.00055,0.00012,0.00031,0.00057
40.01000,1.98000,0.99797,0.00086,0.00008,0.00012,0.00096
40.21000,1.98000,0.99958,0.00012,0.00006,0.00001,0.00024
40.41000,1.98000,0.99950,0.00007,0.00034,0.00000,0.00008
40.61000,1.98000,0.99568,0.00043,0.00342,0.00001,0.00047
40.81000,1.98000,0.98713,0.00108,0.00731,0.00003,0.00445
41.01000,1.98000,0.76121,0.00113,0.14126,0.00024,0.09616
41.21000,1.98000,0.28762,0.00006,0.65764,0.00033,0.05436
41.41000,1.98000,0.53490,0.00005,0.44364,0.00016,0.02125
41.61000,1.98000,0.76947,0.00003,0.22192,0.00008,0.00851
41.81000,1.98000,0.99058,0.00006,0.00892,0.00002,0.00041
42.01000,1.98000,0.99924,0.00000,0.00074,0.00000,0.00002
42.21000,1.98000,0.99998,0.00000,0.00001,0.00000,0.00000
42.41000,1.98000,0.99994,0.00000,0.00004,0.00000,0.00002
42.61000,1.98000,0.99985,0.00000,0.00013,0.00001,0.00001
42.81000,1.98000,0.99981,0.00001,0.00015,0.00001,0.00002
43.01000,1.98000,0.99961,0.00004,0.00022,0.00001,0.00012
43.21000,1.98000,0.99911,0.00023,0.00052,0.00001,0.00012
43.41000,1.98000,0.99621,0.00106,0.00258,0.00001,0.00014
43.61000,1.98000,0.85112,0.05935,0.08016,0.00161,0.00776
43.81000,1.98000,0.65836,0.03654,0.29322,0.00245,0.00941
44.01000,1.98000,0.93215,0.00141,0.06542,0.00023,0.00079
44.21000,1.98000,0.56325,0.00052,0.43159,0.00232,0.00231
44.41000,1.98000,0.82047,0.00034,0.17728,0.00120,0.00071
44.61000,1.98000,0.97915,0.00206,0.01771,0.00072,0.00035
44.81000,1.98000,0.99632,0.00049,0.00303,0.00012,0.00004
45.01000,1.98000,0.99986,0.00011,0.00003,0.00001,0.00000
45.21000,1.98000,0.99993,0.00007,0.00000,0.00000,0.00000
45.41000,1.98000,0.99997,0.00002,0.00000,0.00000,0.00000
45.61000,1.98000,0.99982,0.00007,0.00005,0.00003,0.00004
45.81000,1.98000,0.99963,0.00027,0.00001,0.00001,0.00008
46.01000,1.98000,0.99701,0.00124,0.00052,0.00003,0.00120
46.21000,1.98000,0.99938,0.00053,0.00008,0.00000,0.00001
46.41000,1.98000,0.99794,0.00195,0.00011,0.00000,0.00001
46.61000,1.98000,0.97787,0.01910,0.00286,0.00001,0.00016
46.81000,1.98000,0.96141,0.02459,0.01349,0.00003,0.00049
47.01000,1.98000,0.77872,0.00506,0.21264,0.00042,0.00316
47.21000,1.98000,0.92129,0.00471,0.07235,0.00013,0.00153
47.41000,1.98000,0.80051,0.01594,0.17651,0.00060,0.00646
47.61000,1.98000,0.82398,0.03184,0.13914,0.00187,0.00318
47.81000,1.98000,0.97434,0.00779,0.01717,0.00034,0.00036
48.01000,1.98000,0.99790,0.00197,0.00005,0.00001,0.00006
48.21000,1.98000,0.99870,0.00117,0.00000,0.00003,0.00009
48.41000,1.98000,0.99754,0.00201,0.00002,0.00016,0.00028
48.61000,1.98000,0.99874,0.00091,0.00001,0.00011,0.00022
48.81000,1.98000,0.99918,0.00032,0.00003,0.00021,0.00025
49.01000,1.98000,0.99967,0.00010,0.00003,0.00007,0.00014
49.21000,1.98000,0.99959,0.00028,0.00002,0.00004,0.00008
49.41000,1.98000,0.99936,0.00021,0.00019,0.00003,0.00021
49.61000,1.98000,0.99890,0.00062,0.00034,0.00003,0.00011
49.81000,1.98000,0.98995,0.00198,0.00729,0.00018,0.00060
50.01000,1.98000,0.97372,0.00874,0.01546,0.00051,0.00157
50.21000,1.98000,0.92062,0.00162,0.07434,0.00122,0.00220
50.41000,1.98000,0.59596,0.00068,0.39400,0.00407,0.00528
50.61000,1.98000,0.69546,0.00111,0.29602,0.00270,0.00471
50.81000,1.98000,0.89060,0.00248,0.10068,0.00160,0.00464
51.01000,1.98000,0.97176,0.01473,0.01000,0.00126,0.00225
51.21000,1.98000,0.96083,0.01903,0.01350,0.00376,0.00288
51.41000,1.98000,0.99232,0.00520,0.00059,0.00049,0.00141
51.61000,1.98000,0.99639,0.00161,0.00007,0.00089,0.00104
51.81000,1.98000,0.99152,0.00163,0.00026,0.00372,0.00287
52.01000,1.98000,0.99104,0.00087,0.00057,0.00252,0.00500
52.21000,1.98000,0.99781,0.00046,0.00008,0.00015,0.00150
52.41000,1.98000,0.99734,0.00018,0.00044,0.00005,0.00199
52.61000,1.98000,0.99931,0.00010,0.00052,0.00000,0.00007
52.81000,1.98000,0.99817,0.00037,0.00136,0.00000,0.00008
53.01000,1.98000,0.98592,0.00246,0.01059,0.00008,0.00095
53.21000,1.98000,0.72277,0.00057,0.27205,0.00073,0.00388
53.41000,1.98000,0.60697,0.00099,0.38841,0.00059,0.00304
53.61000,1.98000,0.98384,0.00141,0.01421,0.00006,0.00048
53.81000,1.98000,0.99251,0.00639,0.00095,0.00001,0.00014
54.01000,1.98000,0.99331,0.00654,0.00013,0.00000,0.00001
54.21000,1.98000,0.99819,0.00150,0.00030,0.00001,0.00001
54.41000,1.98000,0.99950,0.00047,0.00002,0.00000,0.00001
54.61000,1.98000,0.99979,0.00018,0.00001,0.00000,0.00002
54.81000,1.98000,0.99980,0.00003,0.00010,0.00001,0.00007
55.01000,1.98000,0.99959,0.00000,0.00028,0.00001,0.00011
55.21000,1.98000,0.99995,0.00000,0.00004,0.00000,0.00001
55.41000,1.98000,0.99997,0.00000,0.00003,0.00000,0.00000
55.61000,1.98000,0.99998,0.00000,0.00002,0.00000,0.00000
55.81000,1.98000,0.98538,0.00000,0.01462,0.00000,0.00000
56.01000,1.98000,0.95965,0.00000,0.04035,0.00000,0.00000
56.21000,1.98000,0.85152,0.00000,0.14846,0.00000,0.00002
56.41000,1.98000,0.73525,0.00000,0.26466,0.00000,0.00008
56.61000,1.98000,0.54611,0.00002,0.45346,0.00002,0.00039
56.81000,1.98000,0.93115,0.00008,0.06859,0.00001,0.00018
57.01000,1.98000,0.98942,0.00066,0.00983,0.00001,0.00008
57.21000,1.98000,0.98808,0.00079,0.01101,0.00002,0.00010
57.41000,1.98000,0.99571,0.00025,0.00402,0.00000,0.00001
57.61000,1.98000,0.99983,0.00009,0.00008,0.00000,0.00001
57.81000,1.98000,0.99966,0.00003,0.00009,0.00003,0.00019
58.01000,1.98000,0.99971,0.00007,0.00003,0.00002,0.00017
58.21000,1.98000,0.99969,0.00009,0.00001,0.00001,0.00020
58.41000,1.98000,0.99942,0.00007,0.00003,0.00001,0.00046
58.61000,1.98000,0.99923,0.00004,0.00039,0.00000,0.00034
58.81000,1.98000,0.99950,0.00004,0.00044,0.00000,0.00002
59.01000,1.98000,0.97696,0.00062,0.02128,0.00004,0.00110
59.21000,1.98000,0.46935,0.00065,0.52043,0.00077,0.00880
59.41000,1.98000,0.38922,0.00051,0.60468,0.00044,0.00515
59.61000,1.98000,0.56809,0.00113,0.42490,0.00055,0.00532
59.81000,1.98000,0.88542,0.01399,0.09591,0.00104,0.00364
60.01000,1.98000,0.88561,0.03579,0.07211,0.00272,0.00377
60.21000,1.98000,0.93834,0.00606,0.05129,0.00288,0.00143
60.41000,1.98000,0.99006,0.00258,0.00498,0.00186,0.00052
60.61000,1.98000,0.99913,0.00020,0.00004,0.00027,0.00035
60.81000,1.98000,0.99920,0.00006,0.00006,0.00039,0.00029
61.01000,1.98000,0.99778,0.00003,0.00032,0.00114,0.00073
61.21000,1.98000,0.99892,0.00001,0.00032,0.00028,0.00047
61.41000,1.98000,0.99968,0.00001,0.00011,0.00006,0.00014
61.61000,1.98000,0.99957,0.00000,0.00037,0.00001,0.00005
61.81000,1.98000,0.99894,0.00000,0.00105,0.00000,0.00001
62.01000,1.98000,0.98782,0.00001,0.01216,0.00000,0.00001
62.21000,1.98000,0.92294,0.00003,0.07697,0.00001,0.00006
62.41000,1.98000,0.81833,0.00008,0.18146,0.00002,0.00012
62.61000,1.98000,0.64708,0.00015,0.35242,0.00004,0.00031
62.81000,1.98000,0.62559,0.00069,0.37299,0.00010,0.00063
63.01000,1.98000,0.96590,0.00212,0.03173,0.00003,0.00022
63.21000,1.98000,0.99016,0.00220,0.00755,0.00001,0.00007
63.41000,1.98000,0.99545,0.00070,0.00375,0.00003,0.00007
63.61000,1.98000,0.99902,0.00014,0.00058,0.00004,0.00023
63.81000,1.98000,0.99961,0.00009,0.00006,0.00002,0.00022
64.01000,1.98000,0.99979,0.00005,0.00003,0.00001,0.00012
64.21000,1.98000,0.99948,0.00004,0.00019,0.00001,0.00028
64.41000,1.98000,0.99838,0.00008,0.00141,0.00001,0.00012
64.61000,1.98000,0.99714,0.00012,0.00259,0.00001,0.00014
64.81000,1.98000,0.99862,0.00004,0.00126,0.00000,0.00008
65.01000,1.98000,0.92418,0.00001,0.07359,0.00001,0.00221
65.21000,1.98000,0.76799,0.00001,0.22074,0.00001,0.01126
65.41000,1.98000,0.89862,0.00001,0.08728,0.00000,0.01409
65.61000,1.98000,0.85773,0.00001,0.08841,0.00000,0.05385
65.81000,1.98000,0.94613,0.00002,0.03184,0.00000,0.02200
66.01000,1.98000,0.99129,0.00001,0.00483,0.00000,0.00387
66.21000,1.98000,0.99969,0.00000,0.00004,0.00000,0.00027
66.41000,1.98000,0.99291,0.00000,0.00007,0.00000,0.00702
66.61000,1.98000,0.99487,0.00000,0.00010,0.00001,0.00502
66.81000,1.98000,0.99875,0.00000,0.00015,0.00001,0.00109
67.01000,1.98000,0.99896,0.00000,0.00034,0.00002,0.00068
67.21000,1.98000,0.99952,0.00000,0.00015,0.00001,0.00032
67.41000,1.98000,0.99967,0.00000,0.00012,0.00001,0.00021
67.61000,1.98000,0.99978,0.00001,0.00016,0.00000,0.00005
67.81000,1.98000,0.99973,0.00000,0.00026,0.00000,0.00001
68.01000,1.98000,0.95259,0.00001,0.04708,0.00004,0.00028
68.21000,1.98000,0.65758,0.00002,0.34137,0.00009,0.00093
68.41000,1.98000,0.61273,0.00002,0.38608,0.00008,0.00108
68.61000,1.98000,0.87616,0.00040,0.12106,0.00018,0.00221
68.81000,1.98000,0.88767,0.00212,0.10510,0.00028,0.00484
69.01000,1.98000,0.85978,0.00506,0.12736,0.00132,0.00648
69.21000,1.98000,0.98099,0.00063,0.01725,0.00037,0.00076
69.41000,1.98000,0.99493,0.00017,0.00434,0.00030,0.00026
69.61000,1.98000,0.99465,0.00009,0.00138,0.00122,0.00266
69.81000,1.98000,0.99911,0.00006,0.00008,0.00008,0.00068
70.01000,1.98000,0.99905,0.00003,0.00021,0.00003,0.00068
70.21000,1.98000,0.99960,0.00003,0.00023,0.00000,0.00013
70.41000,1.98000,0.99936,0.00007,0.00047,0.00000,0.00010
70.61000,1.98000,0.97320,0.00037,0.02329,0.00026,0.00288
70.81000,1.98000,0.79129,0.00095,0.18909,0.00244,0.01625
71.01000,1.98000,0.63499,0.00061,0.35381,0.00129,0.00929
71.21000,1.98000,0.97858,0.00050,0.01949,0.00014,0.00129
71.41000,1.98000,0.99537,0.00186,0.00201,0.00004,0.00072
71.61000,1.98000,0.99755,0.00107,0.00116,0.00004,0.00018
71.81000,1.98000,0.99929,0.00016,0.00050,0.00002,0.00004
72.01000,1.98000,0.99990,0.00004,0.00005,0.00000,0.00001
72.21000,1.98000,0.99990,0.00001,0.00004,0.00001,0.00004
72.41000,1.98000,0.99998,0.00000,0.00001,0.00000,0.00001
72.61000,1.98000,0.99993,0.00001,0.00003,0.00000,0.00003
72.81000,1.98000,0.99973,0.00001,0.00023,0.00000,0.00003
73.01000,1.98000,0.99859,0.00003,0.00133,0.00000,0.00004
73.21000,1.98000,0.98564,0.00038,0.01331,0.00001,0.00066
73.41000,1.98000,0.82294,0.00018,0.17520,0.00006,0.00162
73.61000,1.98000,0.75720,0.00008,0.24121,0.00007,0.00144
73.81000,1.98000,0.93192,0.00014,0.06680,0.00004,0.00110
74.01000,1.98000,0.94746,0.00041,0.05009,0.00009,0.00196
74.21000,1.98000,0.99872,0.00062,0.00059,0.00000,0.00007
74.41000,1.98000,0.99595,0.00010,0.00385,0.00002,0.00009
74.61000,1.98000,0.99830,0.00004,0.00155,0.00005,0.00006
74.81000,1.98000,0.99949,0.00001,0.00025,0.00007,0.00017
75.01000,1.98000,0.99941,0.00000,0.00031,0.00003,0.00024
75.21000,1.98000,0.99911,0.00002,0.00028,0.00006,0.00054
75.41000,1.98000,0.99640,0.00006,0.00217,0.00016,0.00121
75.61000,1.98000,0.98015,0.00016,0.01531,0.00065,0.00372
75.81000,1.98000,0.87509,0.00022,0.10970,0.00248,0.01251
76.01000,1.98000,0.75999,0.00022,0.22070,0.00304,0.01605
76.21000,1.98000,0.68586,0.00030,0.27805,0.00831,0.02749
76.41000,1.98000,0.83950,0.00042,0.13913,0.00495,0.01600
76.61000,1.98000,0.97489,0.00076,0.01302,0.00179,0.00954
76.81000,1.98000,0.98500,0.00049,0.00700,0.00158,0.00593
77.01000,1.98000,0.99812,0.00008,0.00132,0.00008,0.00040
77.21000,1.98000,0.99917,0.00000,0.00066,0.00003,0.00014
77.41000,1.98000,0.99955,0.00000,0.00020,0.00004,0.00020
77.61000,1.98000,0.99968,0.00000,0.00014,0.00001,0.00016
77.81000,1.98000,0.99949,0.00000,0.00036,0.00000,0.00015
78.01000,1.98000,0.98791,0.00001,0.01196,0.00001,0.00010
78.21000,1.98000,0.97292,0.00003,0.02676,0.00002,0.00027
78.41000,1.98000,0.51242,0.00002,0.48666,0.00005,0.00085
78.61000,1.98000,0.43947,0.00006,0.55857,0.00007,0.00183
78.81000,1.98000,0.53689,0.00023,0.46045,0.00031,0.00211
79.01000,1.98000,0.66733,0.00142,0.32287,0.00181,0.00658
79.21000,1.98000,0.80281,0.00471,0.18131,0.00207,0.00910
79.41000,1.98000,0.98848,0.00106,0.00946,0.00020,0.00080
79.61000,1.98000,0.98708,0.00008,0.01224,0.00024,0.00037
79.81000,1.98000,0.99909,0.00002,0.00053,0.00012,0.00024
80.01000,1.98000,0.99889,0.00001,0.00024,0.00026,0.00061
80.21000,1.98000,0.99956,0.00000,0.00020,0.00002,0.00022
80.41000,1.98000,0.99780,0.00000,0.00083,0.00004,0.00133
80.61000,1.98000,0.99981,0.00000,0.00011,0.00000,0.00008
80.81000,1.98000,0.99865,0.00000,0.00133,0.00000,0.00003
81.01000,1.98000,0.99767,0.00000,0.00233,0.00000,0.00001
81.21000,1.98000,0.45925,0.00000,0.53996,0.00002,0.00077
81.41000,1.98000,0.71050,0.00001,0.28870,0.00002,0.00077
81.61000,1.98000,0.88753,0.00005,0.11164,0.00003,0.00076
81.81000,1.98000,0.94773,0.00014,0.05118,0.00003,0.00092
82.01000,1.98000,0.93849,0.00353,0.05467,0.00027,0.00304
82.21000,1.98000,0.99186,0.00786,0.00024,0.00001,0.00004
82.41000,1.98000,0.99910,0.00036,0.00052,0.00000,0.00001
82.61000,1.98000,0.99987,0.00006,0.00005,0.00000,0.00001
82.81000,1.98000,0.99990,0.00002,0.00003,0.00001,0.00004
83.01000,1.98000,0.99994,0.00000,0.00003,0.00000,0.00002
83.21000,1.98000,0.99989,0.00001,0.00004,0.00000,0.00006
83.41000,1.98000,0.99990,0.00000,0.00007,0.00000,0.00003
83.61000,1.98000,0.99992,0.00000,0.00007,0.00000,0.00000
83.81000,1.98000,0.99963,0.00001,0.00035,0.00000,0.00001
84.01000,1.98000,0.99680,0.00000,0.00318,0.00000,0.00002
84.21000,1.98000,0.81945,0.00001,0.17994,0.00001,0.00061
84.41000,1.98000,0.64164,0.00002,0.35589,0.00003,0.00242
84.61000,1.98000,0.88178,0.00014,0.11493,0.00011,0.00304
84.81000,1.98000,0.96139,0.00055,0.03480,0.00009,0.00317
85.01000,1.98000,0.99678,0.00081,0.00188,0.00001,0.00052
85.21000,1.98000,0.98981,0.00010,0.00900,0.00013,0.00097
85.41000,1.98000,0.99796,0.00002,0.00167,0.00007,0.00028
85.61000,1.98000,0.99871,0.00001,0.00019,0.00011,0.00098
85.81000,1.98000,0.99830,0.00000,0.00035,0.00013,0.00122
86.01000,1.98000,0.99929,0.00001,0.00010,0.00005,0.00056
86.21000,1.98000,0.99950,0.00001,0.00031,0.00000,0.00018
86.41000,1.98000,0.99548,0.00000,0.00450,0.00000,0.00002
86.61000,1.98000,0.89737,0.00009,0.10192,0.00005,0.00057
86.81000,1.98000,0.80340,0.00014,0.19566,0.00014,0.00066
87.01000,1.98000,0.74177,0.00007,0.25771,0.00006,0.00038
87.21000,1.98000,0.89047,0.00008,0.10917,0.00004,0.00024
87.41000,1.98000,0.98439,0.00033,0.01512,0.00002,0.00015
87.61000,1.98000,0.99706,0.00011,0.00280,0.00000,0.00003
87.81000,1.98000,0.99415,0.00002,0.00580,0.00000,0.00002
88.01000,1.98000,0.99946,0.00000,0.00053,0.00000,0.00000
88.21000,1.98000,0.99990,0.00000,0.00006,0.00000,0.00003
88.41000,1.98000,0.99994,0.00000,0.00005,0.00000,0.00002
88.61000,1.98000,0.99974,0.00000,0.00010,0.00000,0.00016
88.81000,1.98000,0.99991,0.00000,0.00003,0.00000,0.00006
89.01000,1.98000,0.99977,0.00000,0.00016,0.00000,0.00007
89.21000,1.98000,0.99757,0.00000,0.00241,0.00000,0.00002
89.41000,1.98000,0.89633,0.00000,0.10291,0.00000,0.00076
89.61000,1.98000,0.74605,0.00000,0.25189,0.00000,0.00206
89.81000,1.98000,0.42770,0.00002,0.56487,0.00003,0.00738
90.01000,1.98000,0.63159,0.00024,0.34992,0.00011,0.01814
90.21000,1.98000,0.88135,0.00149,0.10333,0.00011,0.01371
90.41000,1.98000,0.93877,0.03901,0.02000,0.00007,0.00215
90.61000,1.98000,0.96974,0.03005,0.00019,0.00000,0.00002
90.81000,1.98000,0.98228,0.01761,0.00010,0.00000,0.00001
91.01000,1.98000,0.99131,0.00865,0.00001,0.00000,0.00002
91.21000,1.98000,0.99691,0.00305,0.00001,0.00000,0.00003
91.41000,1.98000,0.99963,0.00032,0.00002,0.00000,0.00002
91.61000,1.98000,0.99987,0.00007,0.00003,0.00000,0.00002
91.81000,1.98000,0.99987,0.00009,0.00002,0.00000,0.00002
92.01000,1.98000,0.99999,0.00001,0.00000,0.00000,0.00000
92.21000,1.98000,0.99990,0.00001,0.00008,0.00000,0.00001
92.41000,1.98000,0.99710,0.00001,0.00287,0.00000,0.00002
92.61000,1.98000,0.97169,0.00001,0.02820,0.00000,0.00011
92.81000,1.98000,0.76818,0.00007,0.23038,0.00001,0.00136
93.01000,1.98000,0.86591,0.00018,0.13242,0.00002,0.00146
93.21000,1.98000,0.98781,0.00037,0.01144,0.00000,0.00038
93.41000,1.98000,0.99415,0.00256,0.00318,0.00000,0.00011
93.61000,1.98000,0.99804,0.00117,0.00078,0.00000,0.00002
93.81000,1.98000,0.99118,0.00006,0.00873,0.00000,0.00002
94.01000,1.98000,0.99814,0.00001,0.00185,0.00000,0.00001
94.21000,1.98000,0.99977,0.00000,0.00020,0.00000,0.00003
94.41000,1.98000,0.99810,0.00000,0.00092,0.00001,0.00097
94.61000,1.98000,0.99940,0.00001,0.00024,0.00000,0.00036
94.81000,1.98000,0.99799,0.00000,0.00126,0.00000,0.00075
95.01000,1.98000,0.99698,0.00000,0.00161,0.00000,0.00142
95.21000,1.98000,0.98938,0.00000,0.00743,0.00000,0.00319
95.41000,1.98000,0.63639,0.00001,0.25094,0.00024,0.11241
95.61000,1.98000,0.47641,0.00007,0.22480,0.00074,0.29798
95.81000,1.98000,0.46806,0.00039,0.11527,0.00148,0.41480
96.01000,1.98000,0.77849,0.00259,0.01391,0.00050,0.20450
96.21000,1.98000,0.93469,0.02033,0.00176,0.00160,0.04162
96.41000,1.98000,0.97138,0.01205,0.00157,0.00159,0.01341
96.61000,1.98000,0.98293,0.00247,0.00278,0.00260,0.00921
96.81000,1.98000,0.99322,0.00178,0.00155,0.00134,0.00211
97.01000,1.98000,0.99565,0.00085,0.00051,0.00069,0.00229
97.21000,1.98000,0.99751,0.00045,0.00016,0.00009,0.00179
97.41000,1.98000,0.99504,0.00100,0.00034,0.00025,0.00337
97.61000,1.98000,0.99678,0.00149,0.00049,0.00004,0.00120
97.81000,1.98000,0.99235,0.00127,0.00589,0.00003,0.00046
98.01000,1.98000,0.97809,0.00284,0.01814,0.00005,0.00088
98.21000,1.98000,0.74456,0.00109,0.24916,0.00031,0.00489
98.41000,1.98000,0.79029,0.00066,0.20466,0.00027,0.00412
98.61000,1.98000,0.93161,0.00140,0.06278,0.00022,0.00400
98.81000,1.98000,0.98079,0.00244,0.01526,0.00006,0.00143
99.01000,1.98000,0.99585,0.00238,0.00164,0.00002,0.00012
99.21000,1.98000,0.98904,0.00056,0.01000,0.00010,0.00030
99.41000,1.98000,0.99725,0.00013,0.00247,0.00005,0.00010
99.61000,1.98000,0.99966,0.00010,0.00007,0.00002,0.00015
99.81000,1.98000,0.99967,0.00010,0.00005,0.00002,0.00016
100.01000,1.98000,0.99876,0.00014,0.00050,0.00005,0.00055
100.21000,1.98000,0.99794,0.00038,0.00160,0.00001,0.00007
100.41000,1.98000,0.99824,0.00054,0.00120,0.00000,0.00001
100.61000,1.98000,0.99768,0.00077,0.00152,0.00000,0.00002
100.81000,1.98000,0.95366,0.00025,0.04595,0.00002,0.00012
101.01000,1.98000,0.92859,0.00037,0.07081,0.00004,0.00019
101.21000,1.98000,0.98395,0.00029,0.01571,0.00001,0.00004
101.41000,1.98000,0.99169,0.00024,0.00803,0.00000,0.00004
101.61000,1.98000,0.99233,0.00017,0.00743,0.00001,0.00007
101.81000,1.98000,0.98876,0.00006,0.01101,0.00001,0.00016
102.01000,1.98000,0.99919,0.00004,0.00049,0.00000,0.00027
102.21000,1.98000,0.99732,0.00003,0.00019,0.00001,0.00245
102.41000,1.98000,0.99803,0.00005,0.00056,0.00001,0.00136
102.61000,1.98000,0.98996,0.00045,0.00346,0.00009,0.00604
102.81000,1.98000,0.83863,0.00126,0.09214,0.00176,0.06620
103.01000,1.98000,0.57800,0.00185,0.28641,0.00364,0.13009
103.21000,1.98000,0.70412,0.00164,0.17951,0.00538,0.10934
103.41000,1.98000,0.92621,0.00109,0.03511,0.00094,0.03665
103.61000,1.98000,0.97975,0.00235,0.00710,0.00132,0.00949
103.81000,1.98000,0.99089,0.00104,0.00339,0.00304,0.00165
104.01000,1.98000,0.99226,0.00031,0.00388,0.00275,0.00080
104.21000,1.98000,0.99922,0.00004,0.00035,0.00014,0.00024
104.41000,1.98000,0.99520,0.00006,0.00038,0.00077,0.00359
104.61000,1.98000,0.96911,0.00029,0.00099,0.00414,0.02546
104.81000,1.98000,0.98578,0.00008,0.00055,0.00183,0.01176
105.01000,1.98000,0.99850,0.00001,0.00009,0.00004,0.00136
105.21000,1.98000,0.99704,0.00001,0.00144,0.00004,0.00148
105.41000,1.98000,0.99308,0.00001,0.00493,0.00003,0.00195
105.61000,1.98000,0.72490,0.00015,0.21678,0.00207,0.05611
105.81000,1.98000,0.66660,0.00021,0.25761,0.00339,0.07219
106.01000,1.98000,0.83534,0.00056,0.09354,0.00361,0.06695
106.21000,1.98000,0.83703,0.02280,0.06577,0.02930,0.04509
106.41000,1.98000,0.92733,0.02387,0.01802,0.01313,0.01764
106.61000,1.98000,0.99754,0.00099,0.00083,0.00007,0.00057
106.81000,1.98000,0.99725,0.00011,0.00213,0.00010,0.00041
107.01000,1.98000,0.99905,0.00002,0.00081,0.00003,0.00009
107.21000,1.98000,0.99972,0.00002,0.00009,0.00002,0.00014
107.41000,1.98000,0.99894,0.00008,0.00025,0.00008,0.00065
107.61000,1.98000,0.99962,0.00003,0.00016,0.00000,0.00019
107.81000,1.98000,0.99958,0.00001,0.00039,0.00000,0.00002
108.01000,1.98000,0.99756,0.00004,0.00232,0.00000,0.00007
108.21000,1.98000,0.99219,0.00023,0.00702,0.00002,0.00055
108.41000,1.98000,0.86753,0.00004,0.13053,0.00004,0.00186
108.61000,1.98000,0.79474,0.00010,0.20191,0.00008,0.00317
108.81000,1.98000,0.80212,0.00021,0.19360,0.00010,0.00397
109.01000,1.98000,0.92117,0.00009,0.07693,0.00004,0.00177
109.21000,1.98000,0.95511,0.00003,0.04440,0.00004,0.00042
109.41000,1.98000,0.94971,0.00000,0.05013,0.00001,0.00014
109.61000,1.98000,0.98917,0.00000,0.01064,0.00000,0.00019
109.81000,1.98000,0.99654,0.00000,0.00273,0.00001,0.00072
110.01000,1.98000,0.99880,0.00000,0.00087,0.00000,0.00033
110.21000,1.98000,0.99849,0.00000,0.00140,0.00000,0.00011
110.41000,1.98000,0.98605,0.00000,0.01316,0.00002,0.00077
110.61000,1.98000,0.87271,0.00001,0.12045,0.00029,0.00653
110.81000,1.98000,0.95297,0.00003,0.04071,0.00020,0.00608
111.01000,1.98000,0.90761,0.00015,0.07680,0.00087,0.01458
111.21000,1.98000,0.95404,0.00093,0.02799,0.00110,0.01595
111.41000,1.98000,0.97768,0.00672,0.00556,0.00071,0.00932
111.61000,1.98000,0.99718,0.00141,0.00084,0.00006,0.00051
111.81000,1.98000,0.99863,0.00032,0.00087,0.00003,0.00014
112.01000,1.98000,0.99938,0.00008,0.00044,0.00002,0.00008
112.21000,1.98000,0.99965,0.00003,0.00015,0.00002,0.00014
112.41000,1.98000,0.99984,0.00000,0.00008,0.00000,0.00008
112.61000,1.98000,0.99938,0.00001,0.00043,0.00000,0.00018
112.81000,1.98000,0.99876,0.00001,0.00121,0.00000,0.00002
113.01000,1.98000,0.99729,0.00003,0.00267,0.00000,0.00001
113.21000,1.98000,0.99837,0.00003,0.00159,0.00000,0.00001
113.41000,1.98000,0.86556,0.00005,0.13409,0.00001,0.00029
113.61000,1.98000,0.51410,0.00013,0.48450,0.00009,0.00118
113.81000,1.98000,0.49234,0.00025,0.50571,0.00018,0.00152
114.01000,1.98000,0.94766,0.00108,0.04980,0.00006,0.00140
114.21000,1.98000,0.98198,0.00039,0.01722,0.00007,0.00034
114.41000,1.98000,0.99421,0.00004,0.00569,0.00001,0.00005
114.61000,1.98000,0.99961,0.00001,0.00030,0.00001,0.00007
114.81000,1.98000,0.99954,0.00000,0.00020,0.00003,0.00023
115.01000,1.98000,0.99895,0.00001,0.00059,0.00006,0.00039
115.21000,1.98000,0.99630,0.00001,0.00271,0.00022,0.00076
115.41000,1.98000,0.98734,0.00012,0.00824,0.00077,0.00354
115.61000,1.98000,0.99483,0.00004,0.00376,0.00017,0.00119
115.81000,1.98000,0.82104,0.00003,0.16810,0.00156,0.00928
116.01000,1.98000,0.72006,0.00004,0.26499,0.00212,0.01279
116.21000,1.98000,0.81154,0.00019,0.16135,0.00536,0.02156
116.41000,1.98000,0.93497,0.00126,0.04239,0.00338,0.01801
116.61000,1.98000,0.97747,0.00291,0.00892,0.00122,0.00948
116.81000,1.98000,0.99661,0.00096,0.00087,0.00020,0.00136
117.01000,1.98000,0.99930,0.00050,0.00011,0.00001,0.00008
117.21000,1.98000,0.99963,0.00026,0.00002,0.00001,0.00009
117.41000,1.98000,0.99989,0.00004,0.00002,0.00000,0.00005
117.61000,1.98000,0.99993,0.00001,0.00002,0.00000,0.00003
117.81000,1.98000,0.99995,0.00001,0.00002,0.00000,0.00003
118.01000,1.98000,0.99997,0.00000,0.00002,0.00000,0.00001
118.21000,1.98000,0.99995,0.00000,0.00003,0.00000,0.00001
118.41000,1.98000,0.99997,0.00000,0.00003,0.00000,0.00000
118.61000,1.98000,0.99973,0.00000,0.00024,0.00000,0.00002
118.81000,1.98000,0.99998,0.00000,0.00002,0.00000,0.00000
119.01000,1.98000,0.99937,0.00000,0.00058,0.00000,0.00004
119.21000,1.98000,0.99981,0.00000,0.00017,0.00000,0.00002
119.41000,1.98000,0.99928,0.00000,0.00062,0.00000,0.00010
119.61000,1.98000,0.99957,0.00000,0.00032,0.00000,0.00011
119.81000,1.98000,0.99985,0.00000,0.00011,0.00000,0.00004
120.01000,1.98000,0.99991,0.00005,0.00002,0.00000,0.00002
120.21000,1.98000,0.99329,0.00278,0.00178,0.00018,0.00197
120.41000,1.98000,0.97472,0.00419,0.01175,0.00267,0.00668
120.61000,1.98000,0.99578,0.00033,0.00234,0.00072,0.00082
120.81000,1.98000,0.99852,0.00010,0.00076,0.00045,0.00018
121.01000,1.98000,0.99942,0.00000,0.00039,0.00016,0.00003
121.21000,1.98000,0.99988,0.00000,0.00008,0.00003,0.00000
121.41000,1.98000,0.99998,0.00000,0.00002,0.00000,0.00000
121.61000,1.98000,0.99999,0.00000,0.00000,0.00000,0.00000
121.81000,1.98000,1.00000,0.00000,0.00000,0.00000,0.00000
