Time (seconds), Duration (seconds),pred_(unlabeled),pred_On,pred_Off,pred_Dimmer,pred_Lighter
0.01000,1.98000,0.99998,0.00000,0.00000,0.00000,0.00002
0.21000,1.98000,0.99998,0.00000,0.00000,0.00000,0.00002
0.41000,1.98000,0.99998,0.00000,0.00000,0.00000,0.00001
0.61000,1.98000,0.99999,0.00000,0.00000,0.00000,0.00001
0.81000,1.98000,0.99999,0.00000,0.00000,0.00000,0.00001
1.01000,1.98000,1.00000,0.00000,0.00000,0.00000,0.00000
1.21000,1.98000,1.00000,0.00000,0.00000,0.00000,0.00000
1.41000,1.98000,0.99991,0.00000,0.00008,0.00000,0.00000
1.61000,1.98000,0.91230,0.00007,0.08740,0.00000,0.00022
1.81000,1.98000,0.78101,0.00047,0.21675,0.00004,0.00173
2.01000,1.98000,0.77195,0.00048,0.22639,0.00004,0.00115
2.21000,1.98000,0.72112,0.00086,0.27647,0.00008,0.00147
2.41000,1.98000,0.68328,0.00109,0.31440,0.00012,0.00110
2.61000,1.98000,0.67881,0.00136,0.31901,0.00013,0.00069
2.81000,1.98000,0.92237,0.00016,0.07740,0.00001,0.00006
3.01000,1.98000,0.99712,0.00000,0.00288,0.00000,0.00000
3.21000,1.98000,0.99790,0.00000,0.00209,0.00000,0.00001
3.41000,1.98000,0.99995,0.00000,0.00001,0.00000,0.00004
3.61000,1.98000,0.99996,0.00000,0.00000,0.00000,0.00004
3.81000,1.98000,0.99990,0.00000,0.00000,0.00000,0.00009
4.01000,1.98000,0.99958,0.00000,0.00001,0.00000,0.00040
4.21000,1.98000,0.99896,0.00000,0.00003,0.00001,0.00101
4.41000,1.98000,0.99931,0.00000,0.00002,0.00000,0.00067
4.61000,1.98000,0.99678,0.00000,0.00007,0.00001,0.00314
4.81000,1.98000,0.99962,0.00000,0.00003,0.00000,0.00035
5.01000,1.98000,0.99977,0.00000,0.00001,0.00000,0.00022
5.21000,1.98000,0.99979,0.00000,0.00001,0.00000,0.00020
5.41000,1.98000,0.99979,0.00000,0.00001,0.00000,0.00020
5.61000,1.98000,0.99979,0.00000,0.00001,0.00000,0.00020
5.81000,1.98000,0.99986,0.00000,0.00001,0.00000,0.00013
6.01000,1.98000,0.99979,0.00000,0.00001,0.00000,0.00020
6.21000,1.98000,0.99990,0.00000,0.00000,0.00000,0.00010
6.41000,1.98000,0.99987,0.00000,0.00000,0.00000,0.00013
6.61000,1.98000,0.99973,0.00000,0.00001,0.00000,0.00026
6.81000,1.98000,0.99985,0.00000,0.00000,0.00000,0.00014
7.01000,1.98000,0.99987,0.00000,0.00000,0.00000,0.00012
7.21000,1.98000,0.99994,0.00000,0.00000,0.00000,0.00006
7.41000,1.98000,0.99994,0.00000,0.00000,0.00000,0.00006
7.61000,1.98000,0.99996,0.00000,0.00000,0.00000,0.00004
7.81000,1.98000,0.99997,0.00000,0.00000,0.00000,0.00003
8.01000,1.98000,0.99999,0.00000,0.00000,0.00000,0.00001
8.21000,1.98000,0.99999,0.00000,0.00001,0.00000,0.00000
8.41000,1.98000,0.99145,0.00000,0.00853,0.00000,0.00002
8.61000,1.98000,0.88162,0.00008,0.11756,0.00000,0.00074
8.81000,1.98000,0.86215,0.00008,0.13699,0.00000,0.00078
9.01000,1.98000,0.77160,0.00027,0.22576,0.00001,0.00236
9.21000,1.98000,0.77063,0.00027,0.22763,0.00001,0.00146
9.41000,1.98000,0.77484,0.00023,0.22400,0.00000,0.00093
9.61000,1.98000,0.90329,0.00003,0.09653,0.00000,0.00014
9.81000,1.98000,0.93985,0.00001,0.06004,0.00000,0.00009
10.01000,1.98000,0.99789,0.00000,0.00211,0.00000,0.00000
10.21000,1.98000,0.99975,0.00000,0.00015,0.00000,0.00010
10.41000,1.98000,0.99996,0.00000,0.00000,0.00000,0.00003
10.61000,1.98000,0.99997,0.00000,0.00000,0.00000,0.00003
10.81000,1.98000,0.99990,0.00000,0.00001,0.00000,0.00010
11.01000,1.98000,0.99971,0.00000,0.00001,0.00000,0.00028
11.21000,1.98000,0.99971,0.00000,0.00001,0.00000,0.00027
11.41000,1.98000,0.99972,0.00000,0.00002,0.00000,0.00026
11.61000,1.98000,0.99956,0.00000,0.00002,0.00000,0.00041
11.81000,1.98000,0.99954,0.00000,0.00003,0.00000,0.00043
12.01000,1.98000,0.99949,0.00000,0.00002,0.00000,0.00048
12.21000,1.98000,0.99978,0.00000,0.00001,0.00000,0.00021
12.41000,1.98000,0.99971,0.00000,0.00001,0.00000,0.00028
12.61000,1.98000,0.99981,0.00000,0.00001,0.00000,0.00018
12.81000,1.98000,0.99979,0.00000,0.00001,0.00000,0.00020
13.01000,1.98000,0.99976,0.00000,0.00001,0.00000,0.00022
13.21000,1.98000,0.99968,0.00000,0.00002,0.00000,0.00031
13.41000,1.98000,0.99979,0.00000,0.00001,0.00000,0.00019
13.61000,1.98000,0.99977,0.00000,0.00001,0.00000,0.00021
13.81000,1.98000,0.99983,0.00000,0.00001,0.00000,0.00016
14.01000,1.98000,0.99991,0.00000,0.00001,0.00000,0.00009
14.21000,1.98000,0.99986,0.00000,0.00001,0.00000,0.00013
14.41000,1.98000,0.99981,0.00000,0.00001,0.00000,0.00019
14.61000,1.98000,0.99996,0.00000,0.00000,0.00000,0.00004
14.81000,1.98000,0.99999,0.00000,0.00000,0.00000,0.00001
15.01000,1.98000,0.99997,0.00000,0.00002,0.00000,0.00001
15.21000,1.98000,0.98553,0.00011,0.01409,0.00000,0.00026
15.41000,1.98000,0.89055,0.00137,0.10201,0.00005,0.00603
15.61000,1.98000,0.86320,0.00152,0.12560,0.00007,0.00960
15.81000,1.98000,0.84113,0.00093,0.15064,0.00006,0.00725
16.01000,1.98000,0.79715,0.00127,0.19510,0.00011,0.00637
16.21000,1.98000,0.79254,0.00112,0.20265,0.00010,0.00358
16.41000,1.98000,0.90430,0.00032,0.09481,0.00002,0.00055
16.61000,1.98000,0.98696,0.00001,0.01299,0.00000,0.00004
16.81000,1.98000,0.99845,0.00000,0.00154,0.00000,0.00001
17.01000,1.98000,0.99997,0.00000,0.00002,0.00000,0.00001
17.21000,1.98000,1.00000,0.00000,0.00000,0.00000,0.00000
17.41000,1.98000,1.00000,0.00000,0.00000,0.00000,0.00000
17.61000,1.98000,1.00000,0.00000,0.00000,0.00000,0.00000
17.81000,1.98000,1.00000,0.00000,0.00000,0.00000,0.00000
18.01000,1.98000,1.00000,0.00000,0.00000,0.00000,0.00000
18.21000,1.98000,1.00000,0.00000,0.00000,0.00000,0.00000
18.41000,1.98000,1.00000,0.00000,0.00000,0.00000,0.00000
18.61000,1.98000,1.00000,0.00000,0.00000,0.00000,0.00000
18.81000,1.98000,1.00000,0.00000,0.00000,0.00000,0.00000
19.01000,1.98000,1.00000,0.00000,0.00000,0.00000,0.00000
19.21000,1.98000,0.99998,0.00000,0.00000,0.00000,0.00002
19.41000,1.98000,0.99994,0.00000,0.00000,0.00000,0.00006
19.61000,1.98000,0.99988,0.00000,0.00001,0.00000,0.00011
19.81000,1.98000,0.99980,0.00000,0.00001,0.00000,0.00019
20.01000,1.98000,0.99964,0.00000,0.00001,0.00000,0.00035
20.21000,1.98000,0.99955,0.00000,0.00001,0.00000,0.00044
20.41000,1.98000,0.99969,0.00000,0.00001,0.00000,0.00031
20.61000,1.98000,0.99960,0.00000,0.00001,0.00000,0.00039
20.81000,1.98000,0.99978,0.00000,0.00001,0.00000,0.00021
21.01000,1.98000,0.99982,0.00000,0.00000,0.00000,0.00017
21.21000,1.98000,0.99986,0.00000,0.00000,0.00000,0.00014
21.41000,1.98000,0.99986,0.00000,0.00000,0.00000,0.00014
21.61000,1.98000,0.99989,0.00000,0.00000,0.00000,0.00011
21.81000,1.98000,0.99996,0.00000,0.00000,0.00000,0.00004
22.01000,1.98000,0.99994,0.00000,0.00000,0.00000,0.00006
22.21000,1.98000,0.99990,0.00000,0.00000,0.00000,0.00010
22.41000,1.98000,0.99995,0.00000,0.00000,0.00000,0.00005
22.61000,1.98000,0.99990,0.00000,0.00000,0.00000,0.00010
22.81000,1.98000,0.99993,0.00000,0.00000,0.00000,0.00007
23.01000,1.98000,0.99999,0.00000,0.00000,0.00000,0.00001
23.21000,1.98000,0.99999,0.00000,0.00000,0.00000,0.00001
23.41000,1.98000,0.99985,0.00000,0.00014,0.00000,0.00001
23.61000,1.98000,0.94287,0.00005,0.05695,0.00000,0.00013
23.81000,1.98000,0.79905,0.00041,0.19786,0.00001,0.00267
24.01000,1.98000,0.75985,0.00053,0.23688,0.00002,0.00273
24.21000,1.98000,0.72761,0.00057,0.26973,0.00002,0.00208
24.41000,1.98000,0.74609,0.00045,0.25265,0.00001,0.00080
24.61000,1.98000,0.73215,0.00048,0.26650,0.00001,0.00086
24.81000,1.98000,0.87872,0.00007,0.12109,0.00000,0.00011
25.01000,1.98000,0.98661,0.00000,0.01337,0.00000,0.00001
25.21000,1.98000,0.99897,0.00000,0.00102,0.00000,0.00000
25.41000,1.98000,0.99999,0.00000,0.00000,0.00000,0.00000
25.61000,1.98000,1.00000,0.00000,0.00000,0.00000,0.00000
25.81000,1.98000,1.00000,0.00000,0.00000,0.00000,0.00000
26.01000,1.98000,1.00000,0.00000,0.00000,0.00000,0.00000
26.21000,1.98000,1.00000,0.00000,0.00000,0.00000,0.00000
26.41000,1.98000,1.00000,0.00000,0.00000,0.00000,0.00000
26.61000,1.98000,1.00000,0.00000,0.00000,0.00000,0.00000
26.81000,1.98000,1.00000,0.00000,0.00000,0.00000,0.00000
27.01000,1.98000,1.00000,0.00000,0.00000,0.00000,0.00000
27.21000,1.98000,1.00000,0.00000,0.00000,0.00000,0.00000
27.41000,1.98000,1.00000,0.00000,0.00000,0.00000,0.00000
27.61000,1.98000,1.00000,0.00000,0.00000,0.00000,0.00000
27.81000,1.98000,1.00000,0.00000,0.00000,0.00000,0.00000
28.01000,1.98000,0.99996,0.00000,0.00000,0.00000,0.00004
28.21000,1.98000,0.99983,0.00000,0.00001,0.00000,0.00016
28.41000,1.98000,0.99986,0.00000,0.00001,0.00000,0.00013
28.61000,1.98000,0.99981,0.00000,0.00001,0.00000,0.00018
28.81000,1.98000,0.99977,0.00000,0.00001,0.00000,0.00022
29.01000,1.98000,0.99984,0.00000,0.00001,0.00000,0.00015
29.21000,1.98000,0.99983,0.00000,0.00001,0.00000,0.00016
29.41000,1.98000,0.99991,0.00000,0.00001,0.00000,0.00008
29.61000,1.98000,0.99996,0.00000,0.00000,0.00000,0.00003
29.81000,1.98000,0.99996,0.00000,0.00000,0.00000,0.00004
30.01000,1.98000,0.99998,0.00000,0.00000,0.00000,0.00002
30.21000,1.98000,0.99994,0.00000,0.00000,0.00000,0.00006
30.41000,1.98000,0.99993,0.00000,0.00000,0.00000,0.00007
30.61000,1.98000,0.99984,0.00000,0.00000,0.00000,0.00015
30.81000,1.98000,0.99988,0.00000,0.00000,0.00000,0.00012
31.01000,1.98000,0.99989,0.00000,0.00000,0.00000,0.00011
31.21000,1.98000,0.99988,0.00000,0.00000,0.00000,0.00011
31.41000,1.98000,0.99998,0.00000,0.00000,0.00000,0.00001
31.61000,1.98000,0.99997,0.00000,0.00000,0.00000,0.00002
31.81000,1.98000,0.99912,0.00000,0.00085,0.00000,0.00003
32.01000,1.98000,0.90612,0.00035,0.08757,0.00011,0.00585
32.21000,1.98000,0.81883,0.00104,0.16324,0.00082,0.01607
32.41000,1.98000,0.77642,0.00208,0.20377,0.00252,0.01521
32.61000,1.98000,0.76179,0.00266,0.21947,0.00450,0.01157
32.81000,1.98000,0.79400,0.00286,0.19330,0.00436,0.00548
33.01000,1.98000,0.84966,0.00358,0.13586,0.00731,0.00359
33.21000,1.98000,0.99290,0.00008,0.00686,0.00011,0.00005
33.41000,1.98000,0.99970,0.00000,0.00028,0.00001,0.00000
33.61000,1.98000,0.99999,0.00000,0.00001,0.00000,0.00000
33.81000,1.98000,1.00000,0.00000,0.00000,0.00000,0.00000
34.01000,1.98000,1.00000,0.00000,0.00000,0.00000,0.00000
34.21000,1.98000,1.00000,0.00000,0.00000,0.00000,0.00000
34.41000,1.98000,1.00000,0.00000,0.00000,0.00000,0.00000
34.61000,1.98000,1.00000,0.00000,0.00000,0.00000,0.00000
34.81000,1.98000,1.00000,0.00000,0.00000,0.00000,0.00000
35.01000,1.98000,1.00000,0.00000,0.00000,0.00000,0.00000
35.21000,1.98000,1.00000,0.00000,0.00000,0.00000,0.00000
35.41000,1.98000,1.00000,0.00000,0.00000,0.00000,0.00000
35.61000,1.98000,1.00000,0.00000,0.00000,0.00000,0.00000
35.81000,1.98000,1.00000,0.00000,0.00000,0.00000,0.00000
36.01000,1.98000,1.00000,0.00000,0.00000,0.00000,0.00000
36.21000,1.98000,1.00000,0.00000,0.00000,0.00000,0.00000
36.41000,1.98000,1.00000,0.00000,0.00000,0.00000,0.00000
36.61000,1.98000,0.99999,0.00000,0.00000,0.00000,0.00001
36.81000,1.98000,0.99997,0.00000,0.00000,0.00000,0.00003
37.01000,1.98000,0.99968,0.00000,0.00002,0.00000,0.00030
37.21000,1.98000,0.99842,0.00000,0.00007,0.00001,0.00151
37.41000,1.98000,0.99649,0.00000,0.00011,0.00000,0.00339
37.61000,1.98000,0.99358,0.00000,0.00014,0.00000,0.00628
37.81000,1.98000,0.99593,0.00000,0.00007,0.00000,0.00400
38.01000,1.98000,0.99818,0.00000,0.00005,0.00000,0.00178
38.21000,1.98000,0.99746,0.00000,0.00004,0.00000,0.00250
38.41000,1.98000,0.99909,0.00000,0.00002,0.00000,0.00090
38.61000,1.98000,0.99956,0.00000,0.00001,0.00000,0.00043
38.81000,1.98000,0.99980,0.00000,0.00000,0.00000,0.00019
39.01000,1.98000,0.99995,0.00000,0.00000,0.00000,0.00005
39.21000,1.98000,0.99999,0.00000,0.00000,0.00000,0.00001
39.41000,1.98000,0.99997,0.00000,0.00002,0.00000,0.00001
39.61000,1.98000,0.99244,0.00001,0.00753,0.00000,0.00002
39.81000,1.98000,0.85398,0.00041,0.14399,0.00002,0.00159
40.01000,1.98000,0.82079,0.00079,0.17596,0.00006,0.00240
40.21000,1.98000,0.77286,0.00134,0.22198,0.00017,0.00365
40.41000,1.98000,0.76352,0.00132,0.23217,0.00018,0.00282
40.61000,1.98000,0.75881,0.00122,0.23797,0.00017,0.00183
40.81000,1.98000,0.85452,0.00047,0.14444,0.00005,0.00053
41.01000,1.98000,0.98849,0.00001,0.01147,0.00000,0.00002
41.21000,1.98000,0.99877,0.00000,0.00123,0.00000,0.00000
41.41000,1.98000,0.99998,0.00000,0.00001,0.00000,0.00000
41.61000,1.98000,1.00000,0.00000,0.00000,0.00000,0.00000
41.81000,1.98000,1.00000,0.00000,0.00000,0.00000,0.00000
42.01000,1.98000,1.00000,0.00000,0.00000,0.00000,0.00000
42.21000,1.98000,1.00000,0.00000,0.00000,0.00000,0.00000
42.41000,1.98000,1.00000,0.00000,0.00000,0.00000,0.00000
42.61000,1.98000,1.00000,0.00000,0.00000,0.00000,0.00000
42.81000,1.98000,1.00000,0.00000,0.00000,0.00000,0.00000
43.01000,1.98000,1.00000,0.00000,0.00000,0.00000,0.00000
43.21000,1.98000,0.99999,0.00000,0.00000,0.00000,0.00001
43.41000,1.98000,0.99994,0.00000,0.00000,0.00000,0.00006
43.61000,1.98000,0.99975,0.00000,0.00001,0.00000,0.00024
43.81000,1.98000,0.99910,0.00000,0.00003,0.00000,0.00087
44.01000,1.98000,0.99894,0.00000,0.00003,0.00000,0.00103
44.21000,1.98000,0.99819,0.00000,0.00005,0.00000,0.00176
44.41000,1.98000,0.99848,0.00000,0.00004,0.00000,0.00148
44.61000,1.98000,0.99922,0.00000,0.00003,0.00000,0.00075
44.81000,1.98000,0.99888,0.00000,0.00003,0.00000,0.00109
45.01000,1.98000,0.99876,0.00000,0.00003,0.00000,0.00121
45.21000,1.98000,0.99846,0.00000,0.00003,0.00000,0.00151
45.41000,1.98000,0.99927,0.00000,0.00002,0.00000,0.00071
45.61000,1.98000,0.99949,0.00000,0.00001,0.00000,0.00050
45.81000,1.98000,0.99955,0.00000,0.00001,0.00000,0.00044
46.01000,1.98000,0.99968,0.00000,0.00001,0.00000,0.00031
46.21000,1.98000,0.99969,0.00000,0.00001,0.00000,0.00031
46.41000,1.98000,0.99984,0.00000,0.00000,0.00000,0.00015
46.61000,1.98000,0.99991,0.00000,0.00000,0.00000,0.00008
46.81000,1.98000,0.99996,0.00000,0.00000,0.00000,0.00004
47.01000,1.98000,0.99999,0.00000,0.00000,0.00000,0.00001
47.21000,1.98000,1.00000,0.00000,0.00000,0.00000,0.00000
47.41000,1.98000,0.99999,0.00000,0.00001,0.00000,0.00001
47.61000,1.98000,0.99793,0.00001,0.00202,0.00000,0.00005
47.81000,1.98000,0.89570,0.00081,0.09853,0.00004,0.00493
48.01000,1.98000,0.88355,0.00125,0.10848,0.00005,0.00667
48.21000,1.98000,0.87698,0.00140,0.11438,0.00005,0.00719
48.41000,1.98000,0.85773,0.00209,0.13013,0.00007,0.00998
48.61000,1.98000,0.84613,0.00294,0.13837,0.00012,0.01244
48.81000,1.98000,0.88376,0.00102,0.10958,0.00003,0.00561
49.01000,1.98000,0.97005,0.00004,0.02949,0.00000,0.00042
49.21000,1.98000,0.99632,0.00000,0.00354,0.00000,0.00013
49.41000,1.98000,0.99981,0.00000,0.00006,0.00000,0.00013
49.61000,1.98000,0.99998,0.00000,0.00000,0.00000,0.00002
49.81000,1.98000,0.99999,0.00000,0.00000,0.00000,0.00001
50.01000,1.98000,1.00000,0.00000,0.00000,0.00000,0.00000
50.21000,1.98000,1.00000,0.00000,0.00000,0.00000,0.00000
50.41000,1.98000,1.00000,0.00000,0.00000,0.00000,0.00000
50.61000,1.98000,1.00000,0.00000,0.00000,0.00000,0.00000
50.81000,1.98000,1.00000,0.00000,0.00000,0.00000,0.00000
51.01000,1.98000,1.00000,0.00000,0.00000,0.00000,0.00000
51.21000,1.98000,0.99999,0.00000,0.00000,0.00000,0.00001
51.41000,1.98000,0.99998,0.00000,0.00000,0.00000,0.00002
51.61000,1.98000,0.99997,0.00000,0.00000,0.00000,0.00003
51.81000,1.98000,0.99997,0.00000,0.00000,0.00000,0.00003
52.01000,1.98000,0.99991,0.00000,0.00000,0.00000,0.00008
52.21000,1.98000,0.99992,0.00000,0.00000,0.00000,0.00008
52.41000,1.98000,0.99990,0.00000,0.00000,0.00000,0.00010
52.61000,1.98000,0.99995,0.00000,0.00000,0.00000,0.00005
52.81000,1.98000,0.99984,0.00000,0.00000,0.00000,0.00015
53.01000,1.98000,0.99992,0.00000,0.00000,0.00000,0.00008
53.21000,1.98000,0.99973,0.00000,0.00001,0.00000,0.00027
53.41000,1.98000,0.99975,0.00000,0.00000,0.00000,0.00024
53.61000,1.98000,0.99983,0.00000,0.00000,0.00000,0.00017
53.81000,1.98000,0.99985,0.00000,0.00000,0.00000,0.00015
54.01000,1.98000,0.99975,0.00000,0.00000,0.00000,0.00024
54.21000,1.98000,0.99937,0.00000,0.00001,0.00000,0.00062
54.41000,1.98000,0.99992,0.00000,0.00000,0.00000,0.00007
54.61000,1.98000,0.99992,0.00000,0.00004,0.00000,0.00004
54.81000,1.98000,0.99967,0.00000,0.00024,0.00000,0.00009
55.01000,1.98000,0.96529,0.00005,0.02029,0.00001,0.01436
55.21000,1.98000,0.96922,0.00004,0.01638,0.00001,0.01435
55.41000,1.98000,0.97051,0.00003,0.01548,0.00000,0.01397
55.61000,1.98000,0.96739,0.00003,0.01733,0.00001,0.01525
55.81000,1.98000,0.95556,0.00005,0.02717,0.00002,0.01721
56.01000,1.98000,0.96943,0.00003,0.02189,0.00002,0.00864
56.21000,1.98000,0.99733,0.00000,0.00248,0.00000,0.00019
56.41000,1.98000,0.99972,0.00000,0.00020,0.00000,0.00008
56.61000,1.98000,0.99998,0.00000,0.00000,0.00000,0.00001
56.81000,1.98000,0.99999,0.00000,0.00000,0.00000,0.00001
57.01000,1.98000,1.00000,0.00000,0.00000,0.00000,0.00000
57.21000,1.98000,1.00000,0.00000,0.00000,0.00000,0.00000
57.41000,1.98000,1.00000,0.00000,0.00000,0.00000,0.00000
57.61000,1.98000,1.00000,0.00000,0.00000,0.00000,0.00000
57.81000,1.98000,1.00000,0.00000,0.00000,0.00000,0.00000
58.01000,1.98000,1.00000,0.00000,0.00000,0.00000,0.00000
58.21000,1.98000,1.00000,0.00000,0.00000,0.00000,0.00000
58.41000,1.98000,1.00000,0.00000,0.00000,0.00000,0.00000
58.61000,1.98000,1.00000,0.00000,0.00000,0.00000,0.00000
58.81000,1.98000,1.00000,0.00000,0.00000,0.00000,0.00000
59.01000,1.98000,1.00000,0.00000,0.00000,0.00000,0.00000
59.21000,1.98000,0.99997,0.00000,0.00000,0.00000,0.00003
59.41000,1.98000,0.99993,0.00000,0.00001,0.00000,0.00006
59.61000,1.98000,0.99992,0.00000,0.00002,0.00000,0.00006
59.81000,1.98000,0.99836,0.00000,0.00024,0.00000,0.00140
60.01000,1.98000,0.99309,0.00000,0.00094,0.00000,0.00596
60.21000,1.98000,0.99455,0.00000,0.00073,0.00000,0.00471
60.41000,1.98000,0.99307,0.00000,0.00086,0.00000,0.00608
60.61000,1.98000,0.99536,0.00000,0.00067,0.00000,0.00397
60.81000,1.98000,0.99671,0.00000,0.00035,0.00000,0.00294
61.01000,1.98000,0.99963,0.00000,0.00005,0.00000,0.00032
61.21000,1.98000,0.99957,0.00000,0.00023,0.00000,0.00020
61.41000,1.98000,0.99701,0.00003,0.00292,0.00000,0.00004
61.61000,1.98000,0.91880,0.00208,0.07715,0.00002,0.00195
61.81000,1.98000,0.85380,0.00388,0.13381,0.00013,0.00838
62.01000,1.98000,0.85104,0.00215,0.14004,0.00007,0.00670
62.21000,1.98000,0.78769,0.00284,0.19810,0.00018,0.01119
62.41000,1.98000,0.78160,0.00275,0.20807,0.00020,0.00738
62.61000,1.98000,0.78090,0.00216,0.21266,0.00017,0.00411
62.81000,1.98000,0.95293,0.00009,0.04681,0.00001,0.00016
63.01000,1.98000,0.99134,0.00001,0.00862,0.00000,0.00003
63.21000,1.98000,0.99929,0.00000,0.00070,0.00000,0.00001
63.41000,1.98000,1.00000,0.00000,0.00000,0.00000,0.00000
63.61000,1.98000,1.00000,0.00000,0.00000,0.00000,0.00000
63.81000,1.98000,1.00000,0.00000,0.00000,0.00000,0.00000
64.01000,1.98000,1.00000,0.00000,0.00000,0.00000,0.00000
64.21000,1.98000,1.00000,0.00000,0.00000,0.00000,0.00000
64.41000,1.98000,1.00000,0.00000,0.00000,0.00000,0.00000
64.61000,1.98000,1.00000,0.00000,0.00000,0.00000,0.00000
64.81000,1.98000,1.00000,0.00000,0.00000,0.00000,0.00000
65.01000,1.98000,1.00000,0.00000,0.00000,0.00000,0.00000
65.21000,1.98000,1.00000,0.00000,0.00000,0.00000,0.00000
65.41000,1.98000,0.99997,0.00000,0.00000,0.00000,0.00003
65.61000,1.98000,0.99986,0.00000,0.00001,0.00000,0.00014
65.81000,1.98000,0.99976,0.00000,0.00001,0.00000,0.00023
66.01000,1.98000,0.99967,0.00000,0.00001,0.00000,0.00032
66.21000,1.98000,0.99964,0.00000,0.00001,0.00000,0.00034
66.41000,1.98000,0.99970,0.00000,0.00001,0.00000,0.00029
66.61000,1.98000,0.99988,0.00000,0.00001,0.00000,0.00011
66.81000,1.98000,0.99991,0.00000,0.00001,0.00000,0.00008
67.01000,1.98000,0.99996,0.00000,0.00000,0.00000,0.00004
67.21000,1.98000,0.99991,0.00000,0.00001,0.00000,0.00009
67.41000,1.98000,0.99991,0.00000,0.00000,0.00000,0.00009
67.61000,1.98000,0.99989,0.00000,0.00001,0.00000,0.00011
67.81000,1.98000,0.99990,0.00000,0.00000,0.00000,0.00010
68.01000,1.98000,0.99985,0.00000,0.00001,0.00000,0.00014
68.21000,1.98000,0.99997,0.00000,0.00000,0.00000,0.00002
68.41000,1.98000,0.99995,0.00000,0.00002,0.00000,0.00002
68.61000,1.98000,0.99952,0.00000,0.00045,0.00000,0.00003
68.81000,1.98000,0.95173,0.00003,0.04640,0.00000,0.00184
69.01000,1.98000,0.93585,0.00004,0.06183,0.00000,0.00228
69.21000,1.98000,0.91915,0.00007,0.07776,0.00000,0.00302
69.41000,1.98000,0.89944,0.00010,0.09544,0.00000,0.00502
69.61000,1.98000,0.90003,0.00008,0.09676,0.00000,0.00314
69.81000,1.98000,0.90985,0.00007,0.08873,0.00000,0.00134
70.01000,1.98000,0.99093,0.00000,0.00901,0.00000,0.00005
70.21000,1.98000,0.99892,0.00000,0.00107,0.00000,0.00001
70.41000,1.98000,0.99998,0.00000,0.00001,0.00000,0.00001
70.61000,1.98000,1.00000,0.00000,0.00000,0.00000,0.00000
70.81000,1.98000,1.00000,0.00000,0.00000,0.00000,0.00000
71.01000,1.98000,1.00000,0.00000,0.00000,0.00000,0.00000
71.21000,1.98000,1.00000,0.00000,0.00000,0.00000,0.00000
71.41000,1.98000,1.00000,0.00000,0.00000,0.00000,0.00000
71.61000,1.98000,1.00000,0.00000,0.00000,0.00000,0.00000
71.81000,1.98000,1.00000,0.00000,0.00000,0.00000,0.00000
72.01000,1.98000,1.00000,0.00000,0.00000,0.00000,0.00000
72.21000,1.98000,1.00000,0.00000,0.00000,0.00000,0.00000
72.41000,1.98000,0.99999,0.00000,0.00000,0.00000,0.00001
72.61000,1.98000,0.99992,0.00000,0.00000,0.00000,0.00008
72.81000,1.98000,0.99949,0.00000,0.00002,0.00000,0.00049
73.01000,1.98000,0.99675,0.00000,0.00007,0.00000,0.00318
73.21000,1.98000,0.99710,0.00000,0.00006,0.00000,0.00284
73.41000,1.98000,0.99814,0.00000,0.00007,0.00000,0.00178
73.61000,1.98000,0.99882,0.00000,0.00005,0.00000,0.00113
73.81000,1.98000,0.99897,0.00000,0.00004,0.00000,0.00100
74.01000,1.98000,0.99877,0.00000,0.00004,0.00000,0.00119
74.21000,1.98000,0.99932,0.00000,0.00002,0.00000,0.00066
74.41000,1.98000,0.99957,0.00000,0.00002,0.00000,0.00041
74.61000,1.98000,0.99990,0.00000,0.00000,0.00000,0.00009
74.81000,1.98000,0.99999,0.00000,0.00000,0.00000,0.00001
75.01000,1.98000,0.99994,0.00000,0.00005,0.00000,0.00001
75.21000,1.98000,0.99963,0.00000,0.00036,0.00000,0.00001
75.41000,1.98000,0.93789,0.00002,0.05989,0.00000,0.00219
75.61000,1.98000,0.88352,0.00010,0.11217,0.00001,0.00420
75.81000,1.98000,0.91378,0.00007,0.08444,0.00000,0.00170
76.01000,1.98000,0.87128,0.00012,0.12508,0.00001,0.00351
76.21000,1.98000,0.86709,0.00013,0.12935,0.00002,0.00341
76.41000,1.98000,0.92555,0.00004,0.07349,0.00000,0.00092
76.61000,1.98000,0.97408,0.00001,0.02573,0.00000,0.00018
76.81000,1.98000,0.99805,0.00000,0.00191,0.00000,0.00003
77.01000,1.98000,0.99996,0.00000,0.00003,0.00000,0.00002
77.21000,1.98000,0.99999,0.00000,0.00000,0.00000,0.00001
77.41000,1.98000,1.00000,0.00000,0.00000,0.00000,0.00000
77.61000,1.98000,1.00000,0.00000,0.00000,0.00000,0.00000
77.81000,1.98000,1.00000,0.00000,0.00000,0.00000,0.00000
78.01000,1.98000,1.00000,0.00000,0.00000,0.00000,0.00000
78.21000,1.98000,1.00000,0.00000,0.00000,0.00000,0.00000
78.41000,1.98000,0.99999,0.00000,0.00000,0.00000,0.00001
78.61000,1.98000,0.99993,0.00000,0.00002,0.00000,0.00005
78.81000,1.98000,0.99931,0.00000,0.00011,0.00000,0.00058
79.01000,1.98000,0.99881,0.00000,0.00016,0.00000,0.00103
79.21000,1.98000,0.99752,0.00000,0.00030,0.00000,0.00218
79.41000,1.98000,0.99757,0.00000,0.00029,0.00000,0.00213
79.61000,1.98000,0.99792,0.00000,0.00027,0.00000,0.00181
79.81000,1.98000,0.99497,0.00000,0.00048,0.00000,0.00455
80.01000,1.98000,0.99915,0.00000,0.00012,0.00000,0.00073
80.21000,1.98000,0.99942,0.00000,0.00003,0.00000,0.00055
80.41000,1.98000,0.99965,0.00000,0.00001,0.00000,0.00034
80.61000,1.98000,0.99980,0.00000,0.00001,0.00000,0.00020
80.81000,1.98000,0.99987,0.00000,0.00000,0.00000,0.00012
81.01000,1.98000,0.99992,0.00000,0.00000,0.00000,0.00008
81.21000,1.98000,0.99997,0.00000,0.00001,0.00000,0.00002
81.41000,1.98000,0.99991,0.00000,0.00005,0.00000,0.00004
81.61000,1.98000,0.98613,0.00007,0.01136,0.00000,0.00243
81.81000,1.98000,0.92179,0.00040,0.06002,0.00006,0.01773
82.01000,1.98000,0.89650,0.00070,0.07752,0.00017,0.02511
82.21000,1.98000,0.87940,0.00099,0.09214,0.00037,0.02710
82.41000,1.98000,0.87489,0.00118,0.10167,0.00055,0.02171
82.61000,1.98000,0.88614,0.00101,0.09999,0.00058,0.01228
82.81000,1.98000,0.96045,0.00022,0.03705,0.00013,0.00215
83.01000,1.98000,0.99809,0.00000,0.00185,0.00001,0.00005
83.21000,1.98000,0.99993,0.00000,0.00006,0.00000,0.00001
83.41000,1.98000,1.00000,0.00000,0.00000,0.00000,0.00000
83.61000,1.98000,1.00000,0.00000,0.00000,0.00000,0.00000
83.81000,1.98000,1.00000,0.00000,0.00000,0.00000,0.00000
84.01000,1.98000,0.99999,0.00000,0.00000,0.00000,0.00001
84.21000,1.98000,0.99998,0.00000,0.00000,0.00000,0.00002
84.41000,1.98000,0.99997,0.00000,0.00000,0.00000,0.00002
84.61000,1.98000,0.99993,0.00000,0.00000,0.00000,0.00007
84.81000,1.98000,0.99987,0.00000,0.00001,0.00000,0.00013
85.01000,1.98000,0.99943,0.00000,0.00002,0.00000,0.00055
85.21000,1.98000,0.99858,0.00000,0.00004,0.00000,0.00138
85.41000,1.98000,0.99812,0.00000,0.00004,0.00000,0.00183
85.61000,1.98000,0.99909,0.00000,0.00003,0.00000,0.00089
85.81000,1.98000,0.99952,0.00000,0.00002,0.00000,0.00046
86.01000,1.98000,0.99939,0.00000,0.00002,0.00000,0.00058
86.21000,1.98000,0.99953,0.00000,0.00002,0.00000,0.00045
86.41000,1.98000,0.99984,0.00000,0.00001,0.00000,0.00015
86.61000,1.98000,0.99988,0.00000,0.00001,0.00000,0.00011
86.81000,1.98000,0.99988,0.00000,0.00001,0.00000,0.00011
87.01000,1.98000,0.99991,0.00000,0.00000,0.00000,0.00008
87.21000,1.98000,0.99997,0.00000,0.00000,0.00000,0.00003
87.41000,1.98000,0.99999,0.00000,0.00000,0.00000,0.00001
87.61000,1.98000,0.99998,0.00000,0.00001,0.00000,0.00000
87.81000,1.98000,0.99989,0.00000,0.00011,0.00000,0.00000
88.01000,1.98000,0.96017,0.00001,0.03979,0.00000,0.00003
88.21000,1.98000,0.85371,0.00015,0.14509,0.00000,0.00105
88.41000,1.98000,0.85740,0.00010,0.14188,0.00000,0.00061
88.61000,1.98000,0.83093,0.00014,0.16814,0.00000,0.00079
88.81000,1.98000,0.83054,0.00014,0.16854,0.00000,0.00077
89.01000,1.98000,0.83896,0.00010,0.16044,0.00000,0.00050
89.21000,1.98000,0.92341,0.00002,0.07649,0.00000,0.00008
89.41000,1.98000,0.97382,0.00001,0.02608,0.00000,0.00009
89.61000,1.98000,0.99841,0.00000,0.00157,0.00000,0.00002
89.81000,1.98000,0.99997,0.00000,0.00001,0.00000,0.00002
90.01000,1.98000,0.99999,0.00000,0.00000,0.00000,0.00001
90.21000,1.98000,0.99999,0.00000,0.00000,0.00000,0.00001
90.41000,1.98000,1.00000,0.00000,0.00000,0.00000,0.00000
90.61000,1.98000,1.00000,0.00000,0.00000,0.00000,0.00000
90.81000,1.98000,1.00000,0.00000,0.00000,0.00000,0.00000
91.01000,1.98000,1.00000,0.00000,0.00000,0.00000,0.00000
91.21000,1.98000,1.00000,0.00000,0.00000,0.00000,0.00000
91.41000,1.98000,1.00000,0.00000,0.00000,0.00000,0.00000
91.61000,1.98000,0.99999,0.00000,0.00000,0.00000,0.00001
91.81000,1.98000,0.99998,0.00000,0.00000,0.00000,0.00002
92.01000,1.98000,0.99990,0.00000,0.00001,0.00000,0.00009
92.21000,1.98000,0.99986,0.00000,0.00001,0.00000,0.00013
92.41000,1.98000,0.99956,0.00000,0.00004,0.00000,0.00040
92.61000,1.98000,0.99795,0.00000,0.00011,0.00000,0.00193
92.81000,1.98000,0.99732,0.00000,0.00012,0.00000,0.00255
93.01000,1.98000,0.99838,0.00000,0.00012,0.00000,0.00151
93.21000,1.98000,0.99840,0.00000,0.00014,0.00000,0.00146
93.41000,1.98000,0.99860,0.00000,0.00011,0.00000,0.00129
93.61000,1.98000,0.99942,0.00000,0.00004,0.00000,0.00053
93.81000,1.98000,0.99944,0.00000,0.00004,0.00000,0.00052
94.01000,1.98000,0.99936,0.00000,0.00003,0.00000,0.00062
94.21000,1.98000,0.99931,0.00000,0.00002,0.00000,0.00067
94.41000,1.98000,0.99963,0.00000,0.00001,0.00000,0.00036
94.61000,1.98000,0.99993,0.00000,0.00000,0.00000,0.00006
94.81000,1.98000,0.99983,0.00000,0.00007,0.00000,0.00010
95.01000,1.98000,0.99902,0.00000,0.00096,0.00000,0.00002
95.21000,1.98000,0.89953,0.00019,0.09836,0.00000,0.00192
95.41000,1.98000,0.82762,0.00046,0.16595,0.00001,0.00595
95.61000,1.98000,0.82383,0.00042,0.17252,0.00001,0.00321
95.81000,1.98000,0.79634,0.00056,0.20015,0.00002,0.00294
96.01000,1.98000,0.76132,0.00097,0.23406,0.00004,0.00360
96.21000,1.98000,0.75631,0.00087,0.24019,0.00003,0.00260
96.41000,1.98000,0.94685,0.00004,0.05302,0.00000,0.00010
96.61000,1.98000,0.98600,0.00000,0.01396,0.00000,0.00003
96.81000,1.98000,0.99906,0.00000,0.00093,0.00000,0.00002
97.01000,1.98000,0.99999,0.00000,0.00000,0.00000,0.00001
97.21000,1.98000,1.00000,0.00000,0.00000,0.00000,0.00000
97.41000,1.98000,1.00000,0.00000,0.00000,0.00000,0.00000
97.61000,1.98000,1.00000,0.00000,0.00000,0.00000,0.00000
97.81000,1.98000,1.00000,0.00000,0.00000,0.00000,0.00000
98.01000,1.98000,1.00000,0.00000,0.00000,0.00000,0.00000
98.21000,1.98000,1.00000,0.00000,0.00000,0.00000,0.00000
98.41000,1.98000,1.00000,0.00000,0.00000,0.00000,0.00000
98.61000,1.98000,1.00000,0.00000,0.00000,0.00000,0.00000
98.81000,1.98000,1.00000,0.00000,0.00000,0.00000,0.00000
99.01000,1.98000,1.00000,0.00000,0.00000,0.00000,0.00000
99.21000,1.98000,1.00000,0.00000,0.00000,0.00000,0.00000
99.41000,1.98000,1.00000,0.00000,0.00000,0.00000,0.00000
99.61000,1.98000,0.99998,0.00000,0.00000,0.00000,0.00002
99.81000,1.98000,0.99988,0.00000,0.00001,0.00000,0.00011
100.01000,1.98000,0.99980,0.00000,0.00001,0.00000,0.00019
100.21000,1.98000,0.99969,0.00000,0.00001,0.00000,0.00030
100.41000,1.98000,0.99959,0.00000,0.00002,0.00000,0.00039
100.61000,1.98000,0.99792,0.00000,0.00006,0.00000,0.00202
100.81000,1.98000,0.99807,0.00000,0.00006,0.00000,0.00187
101.01000,1.98000,0.99915,0.00000,0.00004,0.00000,0.00081
101.21000,1.98000,0.99880,0.00000,0.00005,0.00000,0.00115
101.41000,1.98000,0.99928,0.00000,0.00002,0.00000,0.00070
101.61000,1.98000,0.99966,0.00000,0.00001,0.00000,0.00033
101.81000,1.98000,0.99990,0.00000,0.00004,0.00000,0.00006
102.01000,1.98000,0.99897,0.00000,0.00099,0.00000,0.00004
102.21000,1.98000,0.97402,0.00007,0.02580,0.00000,0.00012
102.41000,1.98000,0.85115,0.00144,0.14295,0.00006,0.00441
102.61000,1.98000,0.85443,0.00142,0.14003,0.00005,0.00407
102.81000,1.98000,0.85033,0.00125,0.14472,0.00004,0.00366
103.01000,1.98000,0.82545,0.00140,0.16890,0.00007,0.00418
103.21000,1.98000,0.79724,0.00140,0.19810,0.00009,0.00316
103.41000,1.98000,0.84244,0.00068,0.15561,0.00004,0.00123
103.61000,1.98000,0.98570,0.00001,0.01426,0.00000,0.00004
103.81000,1.98000,0.99821,0.00000,0.00176,0.00000,0.00003
104.01000,1.98000,0.99996,0.00000,0.00001,0.00000,0.00003
104.21000,1.98000,0.99999,0.00000,0.00000,0.00000,0.00001
104.41000,1.98000,1.00000,0.00000,0.00000,0.00000,0.00000
104.61000,1.98000,1.00000,0.00000,0.00000,0.00000,0.00000
104.81000,1.98000,1.00000,0.00000,0.00000,0.00000,0.00000
105.01000,1.98000,1.00000,0.00000,0.00000,0.00000,0.00000
105.21000,1.98000,1.00000,0.00000,0.00000,0.00000,0.00000
105.41000,1.98000,1.00000,0.00000,0.00000,0.00000,0.00000
105.61000,1.98000,1.00000,0.00000,0.00000,0.00000,0.00000
105.81000,1.98000,1.00000,0.00000,0.00000,0.00000,0.00000
106.01000,1.98000,0.99999,0.00000,0.00000,0.00000,0.00001
106.21000,1.98000,0.99998,0.00000,0.00000,0.00000,0.00002
106.41000,1.98000,0.99994,0.00000,0.00000,0.00000,0.00006
106.61000,1.98000,0.99979,0.00000,0.00001,0.00000,0.00020
106.81000,1.98000,0.99979,0.00000,0.00001,0.00000,0.00021
107.01000,1.98000,0.99941,0.00000,0.00002,0.00000,0.00057
107.21000,1.98000,0.99955,0.00000,0.00001,0.00000,0.00044
107.41000,1.98000,0.99951,0.00000,0.00002,0.00000,0.00048
107.61000,1.98000,0.99901,0.00000,0.00002,0.00000,0.00096
107.81000,1.98000,0.99973,0.00000,0.00001,0.00000,0.00026
108.01000,1.98000,0.99972,0.00000,0.00001,0.00000,0.00027
108.21000,1.98000,0.99978,0.00000,0.00001,0.00000,0.00021
108.41000,1.98000,0.99971,0.00000,0.00001,0.00000,0.00027
108.61000,1.98000,0.99988,0.00000,0.00001,0.00000,0.00011
108.81000,1.98000,0.99967,0.00000,0.00002,0.00000,0.00032
109.01000,1.98000,0.99984,0.00000,0.00001,0.00000,0.00015
109.21000,1.98000,0.99998,0.00000,0.00001,0.00000,0.00001
109.41000,1.98000,0.99997,0.00000,0.00002,0.00000,0.00002
109.61000,1.98000,0.99955,0.00000,0.00045,0.00000,0.00000
109.81000,1.98000,0.97862,0.00000,0.02108,0.00000,0.00030
110.01000,1.98000,0.98271,0.00000,0.01711,0.00000,0.00017
110.21000,1.98000,0.98468,0.00000,0.01516,0.00000,0.00016
110.41000,1.98000,0.97957,0.00000,0.02014,0.00000,0.00029
110.61000,1.98000,0.99644,0.00000,0.00355,0.00000,0.00001
110.81000,1.98000,0.99171,0.00000,0.00818,0.00000,0.00011
111.01000,1.98000,0.99537,0.00000,0.00461,0.00000,0.00001
111.21000,1.98000,0.99390,0.00000,0.00607,0.00000,0.00004
111.41000,1.98000,0.99657,0.00000,0.00313,0.00000,0.00029
111.61000,1.98000,0.99848,0.00000,0.00021,0.00000,0.00131
111.81000,1.98000,0.99871,0.00000,0.00015,0.00000,0.00114
112.01000,1.98000,0.99748,0.00000,0.00024,0.00000,0.00227
112.21000,1.98000,0.99915,0.00000,0.00010,0.00000,0.00075
112.41000,1.98000,0.99967,0.00000,0.00006,0.00000,0.00027
112.61000,1.98000,0.99841,0.00000,0.00022,0.00000,0.00137
112.81000,1.98000,0.99837,0.00000,0.00015,0.00000,0.00149
113.01000,1.98000,0.99865,0.00000,0.00013,0.00000,0.00122
113.21000,1.98000,0.99816,0.00000,0.00012,0.00000,0.00172
113.41000,1.98000,0.99868,0.00000,0.00008,0.00000,0.00124
113.61000,1.98000,0.99853,0.00000,0.00008,0.00000,0.00139
113.81000,1.98000,0.99863,0.00000,0.00007,0.00000,0.00130
114.01000,1.98000,0.99851,0.00000,0.00007,0.00000,0.00142
114.21000,1.98000,0.99935,0.00000,0.00002,0.00000,0.00063
114.41000,1.98000,0.99971,0.00000,0.00001,0.00000,0.00029
114.61000,1.98000,0.99982,0.00000,0.00001,0.00000,0.00018
114.81000,1.98000,0.99990,0.00000,0.00000,0.00000,0.00010
115.01000,1.98000,0.99998,0.00000,0.00000,0.00000,0.00001
115.21000,1.98000,0.99996,0.00000,0.00001,0.00000,0.00003
115.41000,1.98000,0.99982,0.00000,0.00011,0.00000,0.00007
115.61000,1.98000,0.96556,0.00006,0.02046,0.00001,0.01391
115.81000,1.98000,0.95421,0.00008,0.02749,0.00003,0.01818
116.01000,1.98000,0.95156,0.00010,0.02975,0.00005,0.01854
116.21000,1.98000,0.94808,0.00014,0.03336,0.00011,0.01831
116.41000,1.98000,0.96512,0.00011,0.02381,0.00010,0.01086
116.61000,1.98000,0.99628,0.00000,0.00299,0.00000,0.00072
116.81000,1.98000,0.99923,0.00000,0.00073,0.00000,0.00004
117.01000,1.98000,0.99997,0.00000,0.00002,0.00000,0.00001
117.21000,1.98000,1.00000,0.00000,0.00000,0.00000,0.00000
117.41000,1.98000,0.99999,0.00000,0.00000,0.00000,0.00001
117.61000,1.98000,1.00000,0.00000,0.00000,0.00000,0.00000
117.81000,1.98000,0.99999,0.00000,0.00000,0.00000,0.00001
118.01000,1.98000,0.99976,0.00000,0.00006,0.00000,0.00017
118.21000,1.98000,0.99722,0.00000,0.00051,0.00000,0.00227
118.41000,1.98000,0.99649,0.00000,0.00075,0.00000,0.00275
118.61000,1.98000,0.99716,0.00000,0.00088,0.00000,0.00196
118.81000,1.98000,0.99558,0.00000,0.00115,0.00000,0.00326
119.01000,1.98000,0.99843,0.00000,0.00069,0.00000,0.00088
119.21000,1.98000,0.99815,0.00000,0.00047,0.00000,0.00137
119.41000,1.98000,0.99865,0.00000,0.00029,0.00000,0.00106
119.61000,1.98000,0.99896,0.00000,0.00013,0.00000,0.00091
119.81000,1.98000,0.99961,0.00000,0.00002,0.00000,0.00037
120.01000,1.98000,0.99974,0.00000,0.00001,0.00000,0.00024
120.21000,1.98000,0.99995,0.00000,0.00000,0.00000,0.00005
120.41000,1.98000,0.99993,0.00000,0.00001,0.00000,0.00005
120.61000,1.98000,0.99992,0.00000,0.00006,0.00000,0.00002
120.81000,1.98000,0.98851,0.00001,0.01104,0.00000,0.00044
121.01000,1.98000,0.91283,0.00009,0.07908,0.00000,0.00799
121.21000,1.98000,0.91753,0.00006,0.07727,0.00000,0.00514
121.41000,1.98000,0.91021,0.00009,0.08070,0.00000,0.00900
121.61000,1.98000,0.90497,0.00013,0.08350,0.00001,0.01139
121.81000,1.98000,0.88946,0.00021,0.09749,0.00001,0.01283
122.01000,1.98000,0.95468,0.00002,0.04423,0.00000,0.00106
122.21000,1.98000,0.98670,0.00000,0.01308,0.00000,0.00021
122.41000,1.98000,0.99559,0.00000,0.00391,0.00000,0.00050
122.61000,1.98000,0.99976,0.00000,0.00002,0.00000,0.00022
122.81000,1.98000,0.99990,0.00000,0.00000,0.00000,0.00009
123.01000,1.98000,0.99995,0.00000,0.00000,0.00000,0.00005
123.21000,1.98000,0.99999,0.00000,0.00000,0.00000,0.00001
123.41000,1.98000,0.99999,0.00000,0.00000,0.00000,0.00001
123.61000,1.98000,0.99999,0.00000,0.00000,0.00000,0.00001
123.81000,1.98000,0.99999,0.00000,0.00000,0.00000,0.00001
124.01000,1.98000,0.99999,0.00000,0.00000,0.00000,0.00001
124.21000,1.98000,0.99998,0.00000,0.00000,0.00000,0.00002
124.41000,1.98000,0.99987,0.00000,0.00001,0.00000,0.00012
124.61000,1.98000,0.99946,0.00000,0.00004,0.00000,0.00050
124.81000,1.98000,0.99827,0.00000,0.00011,0.00000,0.00163
125.01000,1.98000,0.99818,0.00000,0.00010,0.00000,0.00172
125.21000,1.98000,0.99784,0.00000,0.00014,0.00000,0.00203
125.41000,1.98000,0.99839,0.00000,0.00016,0.00000,0.00145
125.61000,1.98000,0.99807,0.00000,0.00025,0.00000,0.00168
125.81000,1.98000,0.99801,0.00000,0.00018,0.00000,0.00181
126.01000,1.98000,0.99950,0.00000,0.00029,0.00000,0.00021
126.21000,1.98000,0.99871,0.00000,0.00123,0.00000,0.00006
126.41000,1.98000,0.97476,0.00012,0.02449,0.00000,0.00062
126.61000,1.98000,0.92069,0.00105,0.07287,0.00002,0.00537
126.81000,1.98000,0.91150,0.00062,0.08367,0.00001,0.00420
127.01000,1.98000,0.90207,0.00044,0.09380,0.00001,0.00369
127.21000,1.98000,0.84867,0.00041,0.14360,0.00002,0.00731
127.41000,1.98000,0.83464,0.00025,0.15741,0.00002,0.00767
127.61000,1.98000,0.87150,0.00007,0.12533,0.00001,0.00310
127.81000,1.98000,0.98037,0.00000,0.01948,0.00000,0.00015
128.00999,1.98001,0.99868,0.00000,0.00123,0.00000,0.00009
128.21001,1.98000,0.99998,0.00000,0.00001,0.00000,0.00002
128.41000,1.98000,0.99999,0.00000,0.00000,0.00000,0.00001
128.61000,1.98000,1.00000,0.00000,0.00000,0.00000,0.00000
128.81000,1.98000,0.99998,0.00000,0.00000,0.00000,0.00002
129.00999,1.98001,0.99998,0.00000,0.00000,0.00000,0.00002
129.21001,1.98000,0.99973,0.00000,0.00003,0.00000,0.00024
129.41000,1.98000,0.99947,0.00000,0.00005,0.00000,0.00048
129.61000,1.98000,0.99940,0.00000,0.00006,0.00000,0.00053
129.81000,1.98000,0.99970,0.00000,0.00005,0.00000,0.00025
130.00999,1.98001,0.99955,0.00000,0.00008,0.00000,0.00036
130.21001,1.98000,0.99855,0.00000,0.00015,0.00000,0.00129
130.41000,1.98000,0.99806,0.00000,0.00015,0.00000,0.00179
130.61000,1.98000,0.99882,0.00000,0.00007,0.00000,0.00111
130.81000,1.98000,0.99962,0.00000,0.00002,0.00000,0.00036
131.00999,1.98001,0.99987,0.00000,0.00001,0.00000,0.00012
131.21001,1.98000,0.99997,0.00000,0.00001,0.00000,0.00003
131.41000,1.98000,0.99995,0.00000,0.00002,0.00000,0.00003
131.61000,1.98000,0.99994,0.00000,0.00001,0.00000,0.00006
131.81000,1.98000,0.99989,0.00000,0.00002,0.00000,0.00009
132.00999,1.98001,0.99752,0.00000,0.00097,0.00000,0.00151
132.21001,1.98000,0.99520,0.00001,0.00212,0.00000,0.00267
132.41000,1.98000,0.99678,0.00001,0.00145,0.00001,0.00175
