Time (seconds), Duration (seconds),pred_(unlabeled),pred_empty_box,pred_table
0.00250,0.49500,0.01383,0.98609,0.00007
0.10250,0.49500,0.00335,0.99569,0.00096
0.20250,0.49500,0.00959,0.98991,0.00050
0.30250,0.49500,0.00628,0.99301,0.00071
0.40250,0.49500,0.00990,0.98921,0.00089
0.50250,0.49500,0.00775,0.99132,0.00094
0.60250,0.49500,0.00337,0.99511,0.00152
0.70250,0.49500,0.00186,0.99573,0.00241
0.80250,0.49500,0.00370,0.99519,0.00110
0.90250,0.49500,0.00810,0.99144,0.00046
1.00250,0.49500,0.00731,0.99221,0.00048
1.10250,0.49500,0.00965,0.98999,0.00036
1.20250,0.49500,0.01549,0.98427,0.00024
1.30250,0.49500,0.02282,0.97713,0.00005
1.40250,0.49500,0.01838,0.98140,0.00022
1.50250,0.49500,0.02550,0.97439,0.00010
1.60250,0.49500,0.00421,0.99538,0.00041
1.70250,0.49500,0.00257,0.99666,0.00076
1.80250,0.49500,0.00205,0.99731,0.00064
1.90250,0.49500,0.00084,0.99391,0.00524
2.00250,0.49500,0.00098,0.99354,0.00548
2.10250,0.49500,0.00093,0.99609,0.00298
2.20250,0.49500,0.00470,0.99439,0.00090
2.30250,0.49500,0.03074,0.96902,0.00024
2.40250,0.49500,0.04069,0.95917,0.00014
2.50250,0.49500,0.03939,0.96048,0.00013
2.60250,0.49500,0.01082,0.98911,0.00008
2.70250,0.49500,0.00546,0.99438,0.00016
2.80250,0.49500,0.02079,0.97899,0.00022
2.90250,0.49500,0.00774,0.99085,0.00141
3.00250,0.49500,0.01893,0.97950,0.00157
3.10250,0.49500,0.02686,0.97221,0.00093
3.20250,0.49500,0.01165,0.98675,0.00160
3.30250,0.49500,0.00873,0.98945,0.00182
3.40250,0.49500,0.00543,0.99422,0.00036
3.50250,0.49500,0.00503,0.99453,0.00045
3.60250,0.49500,0.00823,0.99145,0.00032
3.70250,0.49500,0.00484,0.99430,0.00085
3.80250,0.49500,0.00243,0.99606,0.00150
3.90250,0.49500,0.00674,0.99260,0.00066
4.00250,0.49500,0.00970,0.98918,0.00112
4.10250,0.49500,0.02231,0.97682,0.00087
4.20250,0.49500,0.05479,0.94439,0.00081
4.30250,0.49500,0.03491,0.96273,0.00236
4.40250,0.49500,0.08397,0.91569,0.00034
4.50250,0.49500,0.03380,0.96408,0.00211
4.60250,0.49500,0.03955,0.95826,0.00219
4.70250,0.49500,0.01961,0.97888,0.00150
4.80250,0.49500,0.01735,0.98237,0.00028
4.90250,0.49500,0.01348,0.98606,0.00046
5.00250,0.49500,0.01456,0.98426,0.00117
5.10250,0.49500,0.00512,0.99428,0.00060
5.20250,0.49500,0.00190,0.99726,0.00084
5.30250,0.49500,0.00591,0.99349,0.00060
5.40250,0.49500,0.00413,0.99409,0.00177
5.50250,0.49500,0.00532,0.99436,0.00032
5.60250,0.49500,0.01424,0.98542,0.00034
5.70250,0.49500,0.00716,0.99098,0.00185
5.80250,0.49500,0.00478,0.99484,0.00038
5.90250,0.49500,0.00729,0.99136,0.00135
6.00250,0.49500,0.00438,0.99403,0.00159
6.10250,0.49500,0.01311,0.98651,0.00038
6.20250,0.49500,0.06475,0.93424,0.00102
6.30250,0.49500,0.03651,0.96288,0.00061
6.40250,0.49500,0.04693,0.95237,0.00070
6.50250,0.49500,0.02913,0.96887,0.00200
6.60250,0.49500,0.00771,0.99060,0.00168
6.70250,0.49500,0.00593,0.98263,0.01144
6.80250,0.49500,0.00462,0.98832,0.00705
6.90250,0.49500,0.00443,0.99151,0.00406
7.00250,0.49500,0.00314,0.98673,0.01013
7.10250,0.49500,0.00390,0.99319,0.00291
7.20250,0.49500,0.00194,0.99091,0.00715
7.30250,0.49500,0.00339,0.99347,0.00314
7.40250,0.49500,0.00209,0.99583,0.00208
7.50250,0.49500,0.00871,0.98572,0.00557
7.60250,0.49500,0.00629,0.98982,0.00390
7.70250,0.49500,0.01999,0.97899,0.00103
7.80250,0.49500,0.01516,0.98399,0.00085
7.90250,0.49500,0.01286,0.98609,0.00105
8.00250,0.49500,0.01701,0.98083,0.00216
8.10250,0.49500,0.03169,0.96667,0.00164
8.20250,0.49500,0.01799,0.98126,0.00075
8.30250,0.49500,0.02630,0.97307,0.00063
8.40250,0.49500,0.03167,0.96820,0.00013
8.50250,0.49500,0.05124,0.94848,0.00028
8.60250,0.49500,0.06842,0.93152,0.00006
8.70250,0.49500,0.09833,0.90152,0.00014
8.80250,0.49500,0.06759,0.93236,0.00005
8.90250,0.49500,0.05020,0.94972,0.00007
9.00250,0.49500,0.04242,0.95754,0.00004
9.10250,0.49500,0.01127,0.98865,0.00009
9.20250,0.49500,0.00500,0.99490,0.00010
9.30250,0.49500,0.00153,0.99826,0.00022
9.40250,0.49500,0.00142,0.99767,0.00091
9.50250,0.49500,0.00104,0.99790,0.00105
9.60250,0.49500,0.00191,0.99695,0.00114
9.70250,0.49500,0.00772,0.99112,0.00116
9.80250,0.49500,0.00373,0.99504,0.00123
9.90250,0.49500,0.00347,0.99501,0.00153
10.00250,0.49500,0.00433,0.99474,0.00093
10.10250,0.49500,0.02330,0.97387,0.00283
10.20250,0.49500,0.01059,0.98734,0.00208
10.30250,0.49500,0.01499,0.98396,0.00105
10.40250,0.49500,0.02350,0.97578,0.00072
10.50250,0.49500,0.00810,0.98990,0.00200
10.60250,0.49500,0.01949,0.97978,0.00073
10.70250,0.49500,0.00689,0.99038,0.00272
10.80250,0.49500,0.00708,0.98407,0.00885
10.90250,0.49500,0.00327,0.99273,0.00400
11.00250,0.49500,0.00539,0.99038,0.00423
11.10250,0.49500,0.00994,0.98965,0.00040
11.20250,0.49500,0.02692,0.97255,0.00054
11.30250,0.49500,0.01133,0.98843,0.00024
11.40250,0.49500,0.02250,0.97731,0.00020
11.50250,0.49500,0.01034,0.98962,0.00004
11.60250,0.49500,0.00492,0.99502,0.00007
11.70250,0.49500,0.00298,0.99691,0.00011
11.80250,0.49500,0.02154,0.97818,0.00028
11.90250,0.49500,0.04425,0.95485,0.00090
12.00250,0.49500,0.09764,0.89056,0.01180
12.10250,0.49500,0.12098,0.86217,0.01685
12.20250,0.49500,0.03619,0.94732,0.01649
12.30250,0.49500,0.03411,0.93633,0.02957
12.40250,0.49500,0.02252,0.97683,0.00065
12.50250,0.49500,0.00931,0.98905,0.00164
12.60250,0.49500,0.00665,0.99204,0.00131
12.70250,0.49500,0.00523,0.99432,0.00044
12.80250,0.49500,0.00603,0.99355,0.00042
12.90250,0.49500,0.00847,0.99118,0.00035
13.00250,0.49500,0.01835,0.98123,0.00042
13.10250,0.49500,0.00362,0.99577,0.00061
13.20250,0.49500,0.00133,0.99087,0.00781
13.30250,0.49500,0.00516,0.98957,0.00528
13.40250,0.49500,0.00170,0.98960,0.00870
13.50250,0.49500,0.00473,0.97796,0.01731
13.60250,0.49500,0.00278,0.97909,0.01813
13.70250,0.49500,0.01491,0.97005,0.01504
13.80250,0.49500,0.01286,0.98228,0.00486
13.90250,0.49500,0.01763,0.97949,0.00289
14.00250,0.49500,0.00996,0.98606,0.00398
14.10250,0.49500,0.00721,0.99264,0.00015
14.20250,0.49500,0.01576,0.98410,0.00013
14.30250,0.49500,0.04341,0.95656,0.00002
14.40250,0.49500,0.03860,0.96126,0.00014
14.50250,0.49500,0.01337,0.98547,0.00116
14.60250,0.49500,0.00402,0.99507,0.00090
14.70250,0.49500,0.00126,0.98916,0.00958
14.80250,0.49500,0.00158,0.98187,0.01655
14.90250,0.49500,0.00290,0.97148,0.02563
15.00250,0.49500,0.00235,0.99086,0.00679
15.10250,0.49500,0.00887,0.98978,0.00135
15.20250,0.49500,0.02641,0.97270,0.00089
15.30250,0.49500,0.02450,0.97535,0.00015
15.40250,0.49500,0.03067,0.96918,0.00015
15.50250,0.49500,0.01333,0.98644,0.00023
15.60250,0.49500,0.01053,0.98931,0.00016
15.70250,0.49500,0.00460,0.99453,0.00087
15.80250,0.49500,0.00772,0.99179,0.00049
15.90250,0.49500,0.00656,0.98770,0.00575
16.00250,0.49500,0.01047,0.98282,0.00670
16.10250,0.49500,0.01530,0.98113,0.00358
16.20250,0.49500,0.06837,0.91930,0.01232
16.30250,0.49500,0.05785,0.94202,0.00014
16.40250,0.49500,0.05827,0.94163,0.00010
16.50250,0.49500,0.01264,0.98723,0.00013
16.60250,0.49500,0.00572,0.99418,0.00011
16.70250,0.49500,0.01130,0.98853,0.00017
16.80250,0.49500,0.00751,0.99242,0.00007
16.90250,0.49500,0.01428,0.98558,0.00014
17.00250,0.49500,0.00494,0.99478,0.00028
17.10250,0.49500,0.00227,0.99689,0.00085
17.20250,0.49500,0.00306,0.99494,0.00200
17.30250,0.49500,0.00418,0.99007,0.00576
17.40250,0.49500,0.00492,0.98592,0.00917
17.50250,0.49500,0.00424,0.99243,0.00333
17.60250,0.49500,0.00498,0.99114,0.00388
17.70250,0.49500,0.00203,0.99504,0.00294
17.80250,0.49500,0.00897,0.99080,0.00022
17.90250,0.49500,0.00654,0.99327,0.00019
18.00250,0.49500,0.00747,0.99230,0.00023
18.10250,0.49500,0.01597,0.98396,0.00008
18.20250,0.49500,0.01029,0.98963,0.00008
18.30250,0.49500,0.00811,0.99174,0.00015
18.40250,0.49500,0.00514,0.99462,0.00024
18.50250,0.49500,0.00431,0.99484,0.00085
18.60250,0.49500,0.00595,0.99287,0.00118
18.70250,0.49500,0.02915,0.96931,0.00154
18.80250,0.49500,0.04183,0.95530,0.00287
18.90250,0.49500,0.04195,0.95783,0.00022
19.00250,0.49500,0.02801,0.97141,0.00058
19.10250,0.49500,0.02113,0.97873,0.00014
19.20250,0.49500,0.00853,0.99143,0.00005
19.30250,0.49500,0.00307,0.99684,0.00010
19.40250,0.49500,0.00516,0.99477,0.00008
19.50250,0.49500,0.00308,0.99557,0.00135
19.60250,0.49500,0.01120,0.98663,0.00217
19.70250,0.49500,0.01956,0.97902,0.00142
19.80250,0.49500,0.06964,0.92580,0.00455
19.90250,0.49500,0.21144,0.75686,0.03170
20.00250,0.49500,0.09521,0.87145,0.03333
20.10250,0.49500,0.18880,0.79423,0.01697
20.20250,0.49500,0.48983,0.48478,0.02539
20.30250,0.49500,0.49628,0.48705,0.01667
20.40250,0.49500,0.33937,0.64042,0.02021
20.50250,0.49500,0.52743,0.46188,0.01069
20.60250,0.49500,0.37797,0.58883,0.03321
20.70250,0.49500,0.21031,0.73218,0.05751
20.80250,0.49500,0.09879,0.87145,0.02976
20.90250,0.49500,0.24966,0.72730,0.02303
21.00250,0.49500,0.22867,0.77050,0.00083
21.10250,0.49500,0.23738,0.76058,0.00204
21.20250,0.49500,0.41765,0.57517,0.00717
21.30250,0.49500,0.07812,0.92147,0.00041
21.40250,0.49500,0.03427,0.96547,0.00025
21.50250,0.49500,0.03901,0.96040,0.00060
21.60250,0.49500,0.10819,0.89106,0.00075
21.70250,0.49500,0.06909,0.93084,0.00007
21.80250,0.49500,0.08288,0.91705,0.00007
21.90250,0.49500,0.08149,0.91773,0.00078
22.00250,0.49500,0.02708,0.97289,0.00002
22.10250,0.49500,0.00562,0.99435,0.00003
22.20250,0.49500,0.00799,0.99199,0.00002
22.30250,0.49500,0.00679,0.99315,0.00006
22.40250,0.49500,0.00679,0.99312,0.00010
22.50250,0.49500,0.02267,0.97727,0.00006
22.60250,0.49500,0.02133,0.97812,0.00055
22.70250,0.49500,0.04188,0.95695,0.00117
22.80250,0.49500,0.01028,0.98886,0.00086
22.90250,0.49500,0.05071,0.94859,0.00070
23.00250,0.49500,0.01391,0.98542,0.00067
23.10250,0.49500,0.09096,0.90887,0.00017
23.20250,0.49500,0.07445,0.92465,0.00091
23.30250,0.49500,0.01324,0.98655,0.00021
23.40250,0.49500,0.01034,0.98955,0.00011
23.50250,0.49500,0.00532,0.99448,0.00019
23.60250,0.49500,0.00510,0.99455,0.00035
23.70250,0.49500,0.00451,0.99410,0.00139
23.80250,0.49500,0.00343,0.99431,0.00226
23.90250,0.49500,0.00310,0.99534,0.00156
24.00250,0.49500,0.00290,0.98692,0.01018
24.10250,0.49500,0.05694,0.93548,0.00758
24.20250,0.49500,0.07594,0.92254,0.00151
24.30250,0.49500,0.19582,0.80125,0.00293
24.40250,0.49500,0.05105,0.94804,0.00091
24.50250,0.49500,0.06684,0.93313,0.00003
24.60250,0.49500,0.18044,0.81939,0.00017
24.70250,0.49500,0.11795,0.88186,0.00019
24.80250,0.49500,0.17099,0.82789,0.00112
24.90250,0.49500,0.18116,0.81639,0.00245
25.00250,0.49500,0.06008,0.92643,0.01350
25.10250,0.49500,0.03739,0.95859,0.00402
25.20250,0.49500,0.03244,0.90641,0.06116
25.30250,0.49500,0.00585,0.99114,0.00301
25.40250,0.49500,0.00829,0.98660,0.00511
25.50250,0.49500,0.02067,0.97684,0.00249
25.60250,0.49500,0.01232,0.98674,0.00094
25.70250,0.49500,0.01813,0.98102,0.00085
25.80250,0.49500,0.02408,0.97575,0.00017
25.90250,0.49500,0.01415,0.98536,0.00049
26.00250,0.49500,0.01242,0.98750,0.00008
26.10250,0.49500,0.00322,0.99560,0.00118
26.20250,0.49500,0.00711,0.99199,0.00090
26.30250,0.49500,0.05661,0.94207,0.00132
26.40250,0.49500,0.21493,0.78248,0.00259
26.50250,0.49500,0.13063,0.86872,0.00065
26.60250,0.49500,0.06904,0.93028,0.00068
26.70250,0.49500,0.07198,0.92102,0.00700
26.80250,0.49500,0.02187,0.97590,0.00223
26.90250,0.49500,0.02442,0.97447,0.00110
27.00250,0.49500,0.01589,0.98008,0.00403
27.10250,0.49500,0.01812,0.98164,0.00025
27.20250,0.49500,0.08795,0.91174,0.00031
27.30250,0.49500,0.13206,0.86774,0.00020
27.40250,0.49500,0.13295,0.86699,0.00007
27.50250,0.49500,0.27029,0.72944,0.00027
27.60250,0.49500,0.11383,0.88593,0.00024
27.70250,0.49500,0.11263,0.88703,0.00034
27.80250,0.49500,0.09999,0.89786,0.00216
27.90250,0.49500,0.02544,0.96193,0.01264
28.00250,0.49500,0.01261,0.98524,0.00214
28.10250,0.49500,0.01991,0.97694,0.00315
28.20250,0.49500,0.02560,0.97358,0.00083
28.30250,0.49500,0.01896,0.98012,0.00092
28.40250,0.49500,0.00996,0.98946,0.00058
28.50250,0.49500,0.00932,0.99062,0.00006
28.60250,0.49500,0.00356,0.99612,0.00032
28.70250,0.49500,0.00576,0.99412,0.00012
28.80250,0.49500,0.00849,0.99073,0.00078
28.90250,0.49500,0.01277,0.98659,0.00064
29.00250,0.49500,0.07135,0.92838,0.00027
29.10250,0.49500,0.04015,0.95943,0.00042
29.20250,0.49500,0.02927,0.97057,0.00016
29.30250,0.49500,0.02774,0.97223,0.00003
29.40250,0.49500,0.00609,0.99384,0.00007
29.50250,0.49500,0.08526,0.91468,0.00006
29.60250,0.49500,0.16094,0.83905,0.00001
29.70250,0.49500,0.07857,0.92141,0.00002
29.80250,0.49500,0.10015,0.89984,0.00001
29.90250,0.49500,0.03051,0.96947,0.00001
30.00250,0.49500,0.01551,0.98444,0.00005
30.10250,0.49500,0.04566,0.95429,0.00005
30.20250,0.49500,0.03125,0.96804,0.00072
30.30250,0.49500,0.03464,0.96418,0.00118
30.40250,0.49500,0.07395,0.92250,0.00355
30.50250,0.49500,0.04785,0.92147,0.03068
30.60250,0.49500,0.04478,0.95087,0.00435
30.70250,0.49500,0.09105,0.90440,0.00455
30.80250,0.49500,0.03181,0.96303,0.00517
30.90250,0.49500,0.03024,0.96319,0.00656
31.00250,0.49500,0.08118,0.91853,0.00030
31.10250,0.49500,0.05796,0.94157,0.00047
31.20250,0.49500,0.20846,0.79105,0.00050
31.30250,0.49500,0.15984,0.83455,0.00562
31.40250,0.49500,0.11550,0.88356,0.00094
31.50250,0.49500,0.64996,0.34646,0.00358
31.60250,0.49500,0.48689,0.50100,0.01211
31.70250,0.49500,0.45127,0.54483,0.00390
31.80250,0.49500,0.52723,0.43097,0.04179
31.90250,0.49500,0.05099,0.93957,0.00945
32.00250,0.49500,0.18812,0.80545,0.00642
32.10250,0.49500,0.25278,0.73333,0.01389
32.20250,0.49500,0.14703,0.84966,0.00331
32.30250,0.49500,0.12631,0.86620,0.00749
32.40250,0.49500,0.02309,0.97447,0.00245
32.50250,0.49500,0.03971,0.95888,0.00140
32.60250,0.49500,0.01839,0.98000,0.00161
32.70250,0.49500,0.34766,0.65151,0.00083
32.80250,0.49500,0.35736,0.64204,0.00060
32.90250,0.49500,0.33404,0.66438,0.00158
33.00250,0.49500,0.20824,0.78304,0.00872
33.10250,0.49500,0.04384,0.95488,0.00129
33.20250,0.49500,0.03270,0.96360,0.00370
33.30250,0.49500,0.05289,0.94411,0.00299
33.40250,0.49500,0.13208,0.86731,0.00061
33.50250,0.49500,0.18010,0.81960,0.00029
33.60250,0.49500,0.10890,0.89006,0.00103
33.70250,0.49500,0.03770,0.95983,0.00247
33.80250,0.49500,0.05622,0.93992,0.00385
33.90250,0.49500,0.04372,0.95352,0.00275
34.00250,0.49500,0.03244,0.94887,0.01869
34.10250,0.49500,0.04643,0.94727,0.00630
34.20250,0.49500,0.01684,0.98065,0.00251
34.30250,0.49500,0.18511,0.81126,0.00363
34.40250,0.49500,0.27072,0.72778,0.00150
34.50250,0.49500,0.15581,0.84127,0.00292
34.60250,0.49500,0.29497,0.69899,0.00604
34.70250,0.49500,0.07011,0.92739,0.00250
34.80250,0.49500,0.06659,0.93133,0.00208
34.90250,0.49500,0.48061,0.51901,0.00039
35.00250,0.49500,0.52158,0.47821,0.00021
35.10250,0.49500,0.47003,0.52966,0.00031
35.20250,0.49500,0.59862,0.40131,0.00007
35.30250,0.49500,0.13754,0.86173,0.00073
35.40250,0.49500,0.36013,0.63286,0.00700
35.50250,0.49500,0.99621,0.00374,0.00005
35.60250,0.49500,0.97285,0.02403,0.00312
35.70250,0.49500,0.99172,0.00229,0.00599
35.80250,0.49500,0.92982,0.00060,0.06959
35.90250,0.49500,0.97728,0.00375,0.01897
36.00250,0.49500,0.97433,0.00056,0.02510
36.10250,0.49500,0.97855,0.00079,0.02066
36.20250,0.49500,0.98592,0.00061,0.01346
36.30250,0.49500,0.97098,0.02665,0.00237
36.40250,0.49500,0.73128,0.16674,0.10198
36.50250,0.49500,0.17268,0.66640,0.16092
36.60250,0.49500,0.02057,0.78363,0.19580
36.70250,0.49500,0.00431,0.95140,0.04429
36.80250,0.49500,0.00547,0.89023,0.10429
36.90250,0.49500,0.01568,0.91888,0.06544
37.00250,0.49500,0.01276,0.79079,0.19645
37.10250,0.49500,0.00361,0.91368,0.08271
37.20250,0.49500,0.00968,0.91381,0.07651
37.30250,0.49500,0.00181,0.85762,0.14057
37.40250,0.49500,0.00101,0.90302,0.09597
37.50250,0.49500,0.00209,0.90040,0.09751
37.60250,0.49500,0.00166,0.90621,0.09213
37.70250,0.49500,0.00053,0.95524,0.04422
37.80250,0.49500,0.00161,0.97225,0.02614
37.90250,0.49500,0.00120,0.97458,0.02422
38.00250,0.49500,0.00327,0.97870,0.01803
38.10250,0.49500,0.00221,0.97820,0.01959
38.20250,0.49500,0.00265,0.94779,0.04956
38.30250,0.49500,0.00130,0.94018,0.05852
38.40250,0.49500,0.00179,0.92839,0.06981
38.50250,0.49500,0.00142,0.91860,0.07999
38.60250,0.49500,0.00050,0.89427,0.10522
38.70250,0.49500,0.00080,0.95818,0.04102
38.80250,0.49500,0.00146,0.94355,0.05499
38.90250,0.49500,0.00082,0.94391,0.05527
39.00250,0.49500,0.00359,0.99129,0.00512
39.10250,0.49500,0.00420,0.98171,0.01409
39.20250,0.49500,0.02306,0.95932,0.01762
39.30250,0.49500,0.01431,0.97327,0.01242
39.40250,0.49500,0.01149,0.96828,0.02022
39.50250,0.49500,0.00476,0.95202,0.04322
39.60250,0.49500,0.00321,0.95758,0.03921
39.70250,0.49500,0.00095,0.97710,0.02195
39.80250,0.49500,0.00099,0.97249,0.02652
39.90250,0.49500,0.00197,0.96028,0.03774
40.00250,0.49500,0.00099,0.98457,0.01444
40.10250,0.49500,0.00137,0.97186,0.02677
40.20250,0.49500,0.00138,0.95296,0.04566
40.30250,0.49500,0.00364,0.98138,0.01498
40.40250,0.49500,0.06290,0.93173,0.00538
40.50250,0.49500,0.08794,0.87147,0.04059
40.60250,0.49500,0.05897,0.93337,0.00767
40.70250,0.49500,0.03008,0.95597,0.01395
40.80250,0.49500,0.00241,0.84231,0.15528
40.90250,0.49500,0.00137,0.89774,0.10089
41.00250,0.49500,0.00069,0.93208,0.06723
41.10250,0.49500,0.00118,0.96371,0.03511
41.20250,0.49500,0.00089,0.90867,0.09044
41.30250,0.49500,0.00039,0.96023,0.03938
41.40250,0.49500,0.00041,0.89008,0.10951
41.50250,0.49500,0.00057,0.69777,0.30166
41.60250,0.49500,0.00052,0.55516,0.44432
41.70250,0.49500,0.00181,0.68880,0.30939
41.80250,0.49500,0.00087,0.47112,0.52800
41.90250,0.49500,0.00099,0.72343,0.27558
42.00250,0.49500,0.00349,0.88673,0.10978
42.10250,0.49500,0.00336,0.95386,0.04278
42.20250,0.49500,0.00722,0.94745,0.04533
42.30250,0.49500,0.00395,0.95602,0.04003
42.40250,0.49500,0.01184,0.96580,0.02236
42.50250,0.49500,0.00177,0.96451,0.03372
42.60250,0.49500,0.00569,0.96065,0.03366
42.70250,0.49500,0.00714,0.95665,0.03622
42.80250,0.49500,0.00273,0.96946,0.02781
42.90250,0.49500,0.00184,0.97813,0.02003
43.00250,0.49500,0.00265,0.97168,0.02567
43.10250,0.49500,0.00104,0.96062,0.03834
43.20250,0.49500,0.00428,0.96177,0.03395
43.30250,0.49500,0.00642,0.94011,0.05347
43.40250,0.49500,0.00180,0.94088,0.05732
43.50250,0.49500,0.00164,0.95197,0.04639
43.60250,0.49500,0.00143,0.98061,0.01796
43.70250,0.49500,0.00092,0.95007,0.04901
43.80250,0.49500,0.00162,0.96010,0.03827
43.90250,0.49500,0.00228,0.96988,0.02784
44.00250,0.49500,0.00692,0.81990,0.17318
44.10250,0.49500,0.00844,0.76863,0.22293
44.20250,0.49500,0.00728,0.86417,0.12855
44.30250,0.49500,0.00277,0.80158,0.19565
44.40250,0.49500,0.00367,0.92903,0.06730
44.50250,0.49500,0.00233,0.87041,0.12726
44.60250,0.49500,0.00324,0.89974,0.09702
44.70250,0.49500,0.00078,0.92981,0.06941
44.80250,0.49500,0.00037,0.86892,0.13071
44.90250,0.49500,0.00092,0.62631,0.37277
45.00250,0.49500,0.00059,0.55102,0.44840
45.10250,0.49500,0.00070,0.54521,0.45409
45.20250,0.49500,0.00063,0.46599,0.53338
45.30250,0.49500,0.00051,0.53002,0.46947
45.40250,0.49500,0.00088,0.70544,0.29367
45.50250,0.49500,0.00138,0.79738,0.20125
45.60250,0.49500,0.00096,0.90000,0.09904
45.70250,0.49500,0.00350,0.91907,0.07743
45.80250,0.49500,0.00218,0.90052,0.09730
45.90250,0.49500,0.00312,0.91378,0.08310
46.00250,0.49500,0.00418,0.97308,0.02274
46.10250,0.49500,0.00510,0.92978,0.06512
46.20250,0.49500,0.00335,0.92444,0.07221
46.30250,0.49500,0.00269,0.89791,0.09940
46.40250,0.49500,0.00173,0.92275,0.07552
46.50250,0.49500,0.00248,0.94049,0.05703
46.60250,0.49500,0.00457,0.90166,0.09377
46.70250,0.49500,0.01588,0.83039,0.15373
46.80250,0.49500,0.00918,0.94874,0.04208
46.90250,0.49500,0.01056,0.94016,0.04927
47.00250,0.49500,0.00311,0.90470,0.09218
47.10250,0.49500,0.00151,0.90034,0.09815
47.20250,0.49500,0.00143,0.93834,0.06022
47.30250,0.49500,0.00093,0.95037,0.04870
47.40250,0.49500,0.00077,0.87739,0.12185
47.50250,0.49500,0.00069,0.83675,0.16255
47.60250,0.49500,0.00167,0.71697,0.28136
47.70250,0.49500,0.00340,0.71535,0.28125
47.80250,0.49500,0.00236,0.76449,0.23315
47.90250,0.49500,0.00256,0.85153,0.14591
48.00250,0.49500,0.00060,0.92176,0.07763
48.10250,0.49500,0.00023,0.92646,0.07331
48.20250,0.49500,0.00043,0.93180,0.06778
48.30250,0.49500,0.00099,0.92250,0.07651
48.40250,0.49500,0.00277,0.91385,0.08338
48.50250,0.49500,0.00294,0.88562,0.11144
48.60250,0.49500,0.00262,0.84079,0.15659
48.70250,0.49500,0.00131,0.74875,0.24994
48.80250,0.49500,0.00064,0.71302,0.28635
48.90250,0.49500,0.00073,0.78525,0.21402
49.00250,0.49500,0.00028,0.84226,0.15746
49.10250,0.49500,0.00041,0.84754,0.15205
49.20250,0.49500,0.00022,0.84154,0.15823
49.30250,0.49500,0.00043,0.83309,0.16648
49.40250,0.49500,0.00049,0.88441,0.11511
49.50250,0.49500,0.00057,0.92305,0.07638
49.60250,0.49500,0.00170,0.92649,0.07181
49.70250,0.49500,0.00158,0.92709,0.07133
49.80250,0.49500,0.00152,0.94849,0.04998
49.90250,0.49500,0.00288,0.95456,0.04256
50.00250,0.49500,0.00085,0.84850,0.15065
50.10250,0.49500,0.00201,0.87204,0.12595
50.20250,0.49500,0.00585,0.85942,0.13474
50.30250,0.49500,0.01462,0.91971,0.06567
50.40250,0.49500,0.01410,0.78915,0.19675
50.50250,0.49500,0.00556,0.93700,0.05744
50.60250,0.49500,0.00143,0.84977,0.14880
50.70250,0.49500,0.00084,0.87431,0.12485
50.80250,0.49500,0.00143,0.87673,0.12184
50.90250,0.49500,0.00649,0.89720,0.09631
51.00250,0.49500,0.01392,0.79962,0.18647
51.10250,0.49500,0.00880,0.72148,0.26972
51.20250,0.49500,0.00293,0.52901,0.46805
51.30250,0.49500,0.00121,0.60892,0.38987
51.40250,0.49500,0.00081,0.58354,0.41566
51.50250,0.49500,0.00290,0.67268,0.32442
51.60250,0.49500,0.00195,0.60449,0.39357
51.70250,0.49500,0.03260,0.71021,0.25719
51.80250,0.49500,0.03284,0.35014,0.61703
51.90250,0.49500,0.04622,0.39262,0.56116
52.00250,0.49500,0.00758,0.64158,0.35084
52.10250,0.49500,0.00465,0.67107,0.32427
52.20250,0.49500,0.00178,0.52398,0.47425
52.30250,0.49500,0.00373,0.68799,0.30827
52.40250,0.49500,0.00691,0.75279,0.24030
52.50250,0.49500,0.00388,0.77530,0.22082
52.60250,0.49500,0.00344,0.74006,0.25650
52.70250,0.49500,0.00112,0.85095,0.14793
52.80250,0.49500,0.00091,0.84158,0.15751
52.90250,0.49500,0.00062,0.79947,0.19991
53.00250,0.49500,0.00131,0.81024,0.18846
53.10250,0.49500,0.00069,0.84221,0.15710
53.20250,0.49500,0.00206,0.85674,0.14121
53.30250,0.49500,0.00390,0.77447,0.22162
53.40250,0.49500,0.00735,0.84031,0.15233
53.50250,0.49500,0.00446,0.69534,0.30020
53.60250,0.49500,0.00152,0.86160,0.13688
53.70250,0.49500,0.00573,0.87086,0.12341
53.80250,0.49500,0.00259,0.70564,0.29177
53.90250,0.49500,0.01032,0.86128,0.12841
54.00250,0.49500,0.00290,0.72853,0.26856
54.10250,0.49500,0.00604,0.80321,0.19075
54.20250,0.49500,0.00097,0.76678,0.23225
54.30250,0.49500,0.00040,0.91318,0.08642
54.40250,0.49500,0.00078,0.91253,0.08669
54.50250,0.49500,0.00050,0.86646,0.13304
54.60250,0.49500,0.00225,0.94672,0.05102
54.70250,0.49500,0.00110,0.93651,0.06238
54.80250,0.49500,0.01011,0.92767,0.06222
54.90250,0.49500,0.00308,0.94228,0.05464
55.00250,0.49500,0.00396,0.96062,0.03542
55.10250,0.49500,0.00077,0.96159,0.03764
55.20250,0.49500,0.00057,0.95804,0.04139
55.30250,0.49500,0.00029,0.96531,0.03439
55.40250,0.49500,0.00060,0.95988,0.03952
55.50250,0.49500,0.00041,0.93594,0.06365
55.60250,0.49500,0.00037,0.95759,0.04204
55.70250,0.49500,0.00034,0.92206,0.07761
55.80250,0.49500,0.00093,0.95602,0.04306
55.90250,0.49500,0.00099,0.93454,0.06447
56.00250,0.49500,0.00215,0.94582,0.05203
56.10250,0.49500,0.00147,0.79758,0.20095
56.20250,0.49500,0.00168,0.81392,0.18439
56.30250,0.49500,0.00028,0.76068,0.23904
56.40250,0.49500,0.00168,0.78228,0.21604
56.50250,0.49500,0.00041,0.74798,0.25161
56.60250,0.49500,0.00075,0.81894,0.18031
56.70250,0.49500,0.00069,0.66538,0.33392
56.80250,0.49500,0.00193,0.80851,0.18957
56.90250,0.49500,0.00267,0.82354,0.17379
57.00250,0.49500,0.00623,0.80093,0.19284
57.10250,0.49500,0.00171,0.76828,0.23001
57.20250,0.49500,0.00189,0.84694,0.15117
57.30250,0.49500,0.00161,0.75403,0.24436
57.40250,0.49500,0.00329,0.71018,0.28654
57.50250,0.49500,0.00292,0.77968,0.21740
57.60250,0.49500,0.00341,0.78379,0.21280
57.70250,0.49500,0.00097,0.68653,0.31250
57.80250,0.49500,0.00109,0.72582,0.27310
57.90250,0.49500,0.00090,0.80062,0.19848
58.00250,0.49500,0.00075,0.74876,0.25050
58.10250,0.49500,0.00110,0.51763,0.48127
58.20250,0.49500,0.00099,0.72772,0.27129
58.30250,0.49500,0.00219,0.64766,0.35014
58.40250,0.49500,0.00148,0.36614,0.63238
58.50250,0.49500,0.00565,0.41506,0.57929
58.60250,0.49500,0.00614,0.30203,0.69183
58.70250,0.49500,0.00131,0.21334,0.78534
58.80250,0.49500,0.00442,0.23961,0.75597
58.90250,0.49500,0.00067,0.11127,0.88806
59.00250,0.49500,0.00207,0.28755,0.71037
59.10250,0.49500,0.00446,0.28846,0.70708
59.20250,0.49500,0.01773,0.14648,0.83580
59.30250,0.49500,0.05884,0.52407,0.41709
59.40250,0.49500,0.07916,0.41163,0.50921
59.50250,0.49500,0.00912,0.25398,0.73690
59.60250,0.49500,0.03003,0.82375,0.14622
59.70250,0.49500,0.01609,0.68455,0.29936
59.80250,0.49500,0.00550,0.43355,0.56095
59.90250,0.49500,0.00402,0.07732,0.91866
60.00250,0.49500,0.00421,0.03029,0.96550
60.10250,0.49500,0.06665,0.04775,0.88561
60.20250,0.49500,0.60757,0.01269,0.37975
60.30250,0.49500,0.58105,0.02034,0.39860
60.40250,0.49500,0.92949,0.05993,0.01058
60.50250,0.49500,0.54131,0.14092,0.31777
60.60250,0.49500,0.35290,0.04337,0.60373
60.70250,0.49500,0.58023,0.04774,0.37203
60.80250,0.49500,0.82743,0.02249,0.15008
60.90250,0.49500,0.77538,0.07074,0.15388
61.00250,0.49500,0.85850,0.12021,0.02129
61.10250,0.49500,0.89309,0.09389,0.01302
61.20250,0.49500,0.97277,0.02237,0.00486
61.30250,0.49500,0.94910,0.02702,0.02388
61.40250,0.49500,0.94989,0.03492,0.01519
61.50250,0.49500,0.93322,0.06133,0.00546
61.60250,0.49500,0.47826,0.26246,0.25928
61.70250,0.49500,0.23524,0.26254,0.50222
61.80250,0.49500,0.12923,0.27141,0.59936
61.90250,0.49500,0.02296,0.25256,0.72448
62.00250,0.49500,0.12064,0.23486,0.64451
62.10250,0.49500,0.07211,0.71395,0.21394
62.20250,0.49500,0.14257,0.50771,0.34971
62.30250,0.49500,0.20321,0.26832,0.52847
62.40250,0.49500,0.27921,0.13064,0.59016
62.50250,0.49500,0.05571,0.04176,0.90254
62.60250,0.49500,0.05699,0.01245,0.93056
62.70250,0.49500,0.00313,0.01449,0.98238
62.80250,0.49500,0.03096,0.00415,0.96488
62.90250,0.49500,0.00234,0.02121,0.97646
63.00250,0.49500,0.00149,0.01382,0.98469
63.10250,0.49500,0.00572,0.00201,0.99227
63.20250,0.49500,0.00113,0.00055,0.99832
63.30250,0.49500,0.00269,0.00007,0.99724
63.40250,0.49500,0.00223,0.00001,0.99776
63.50250,0.49500,0.00092,0.00000,0.99908
63.60250,0.49500,0.00124,0.00001,0.99875
63.70250,0.49500,0.00575,0.00002,0.99424
63.80250,0.49500,0.00322,0.00011,0.99668
63.90250,0.49500,0.00483,0.00064,0.99453
64.00250,0.49500,0.00170,0.00461,0.99369
64.10250,0.49500,0.00280,0.00249,0.99471
64.20250,0.49500,0.00320,0.01020,0.98660
64.30250,0.49500,0.05517,0.02315,0.92168
64.40250,0.49500,0.02886,0.07616,0.89499
64.50250,0.49500,0.01434,0.05530,0.93036
64.60250,0.49500,0.04723,0.38961,0.56316
64.70250,0.49500,0.02726,0.10063,0.87212
64.80250,0.49500,0.04715,0.05747,0.89538
64.90250,0.49500,0.11222,0.13390,0.75388
65.00250,0.49500,0.14049,0.25403,0.60548
65.10250,0.49500,0.02365,0.29560,0.68075
65.20250,0.49500,0.06043,0.37709,0.56247
65.30250,0.49500,0.00782,0.60113,0.39104
65.40250,0.49500,0.01378,0.46370,0.52252
65.50250,0.49500,0.00669,0.57101,0.42231
65.60250,0.49500,0.02502,0.35797,0.61702
65.70250,0.49500,0.01405,0.71249,0.27346
65.80250,0.49500,0.05895,0.60293,0.33813
65.90250,0.49500,0.00636,0.73383,0.25981
66.00250,0.49500,0.00297,0.75593,0.24109
66.10250,0.49500,0.00211,0.75875,0.23914
66.20250,0.49500,0.00145,0.16519,0.83336
66.30250,0.49500,0.00152,0.06821,0.93026
66.40250,0.49500,0.00265,0.04719,0.95016
66.50250,0.49500,0.00439,0.02190,0.97371
66.60250,0.49500,0.00300,0.00495,0.99206
66.70250,0.49500,0.00145,0.01090,0.98765
66.80250,0.49500,0.00187,0.00092,0.99722
66.90250,0.49500,0.00509,0.00082,0.99410
67.00250,0.49500,0.00155,0.00231,0.99614
67.10250,0.49500,0.01029,0.01017,0.97954
67.20250,0.49500,0.03135,0.06741,0.90124
67.30250,0.49500,0.00517,0.02067,0.97417
67.40250,0.49500,0.07935,0.03640,0.88425
67.50250,0.49500,0.01192,0.02343,0.96465
67.60250,0.49500,0.02030,0.00398,0.97572
67.70250,0.49500,0.00194,0.00353,0.99453
67.80250,0.49500,0.00169,0.00256,0.99576
67.90250,0.49500,0.00190,0.00598,0.99212
68.00250,0.49500,0.00028,0.00346,0.99626
68.10250,0.49500,0.00058,0.00668,0.99274
68.20250,0.49500,0.00035,0.00725,0.99240
68.30250,0.49500,0.00074,0.02382,0.97544
68.40250,0.49500,0.00103,0.04774,0.95123
68.50250,0.49500,0.00125,0.03471,0.96404
68.60250,0.49500,0.00198,0.06851,0.92951
68.70250,0.49500,0.04745,0.61304,0.33951
68.80250,0.49500,0.09043,0.29859,0.61097
68.90250,0.49500,0.48356,0.37121,0.14523
69.00250,0.49500,0.32218,0.66069,0.01714
69.10250,0.49500,0.48956,0.42641,0.08403
69.20250,0.49500,0.09551,0.38830,0.51620
69.30250,0.49500,0.04409,0.13873,0.81718
69.40250,0.49500,0.00398,0.03064,0.96538
69.50250,0.49500,0.00744,0.04687,0.94569
69.60250,0.49500,0.00155,0.06594,0.93250
69.70250,0.49500,0.03597,0.46198,0.50205
69.80250,0.49500,0.06013,0.54703,0.39283
69.90250,0.49500,0.13329,0.64216,0.22455
70.00250,0.49500,0.07337,0.81138,0.11526
70.10250,0.49500,0.16996,0.40991,0.42013
70.20250,0.49500,0.05716,0.43230,0.51054
70.30250,0.49500,0.15571,0.55511,0.28918
70.40250,0.49500,0.09650,0.27767,0.62583
70.50250,0.49500,0.02625,0.08105,0.89270
70.60250,0.49500,0.24940,0.18158,0.56902
70.70250,0.49500,0.07120,0.11909,0.80971
70.80250,0.49500,0.35726,0.32297,0.31978
70.90250,0.49500,0.19200,0.37857,0.42943
71.00250,0.49500,0.26381,0.34594,0.39025
71.10250,0.49500,0.10105,0.04998,0.84897
71.20250,0.49500,0.00640,0.00714,0.98646
71.30250,0.49500,0.00161,0.00052,0.99787
71.40250,0.49500,0.00023,0.00011,0.99966
71.50250,0.49500,0.00036,0.00008,0.99956
71.60250,0.49500,0.00094,0.00149,0.99757
71.70250,0.49500,0.00277,0.03040,0.96682
71.80250,0.49500,0.03500,0.11182,0.85318
71.90250,0.49500,0.43528,0.24043,0.32429
72.00250,0.49500,0.08969,0.25304,0.65727
72.10250,0.49500,0.14085,0.12859,0.73056
72.20250,0.49500,0.00831,0.08515,0.90654
72.30250,0.49500,0.00475,0.06955,0.92570
72.40250,0.49500,0.00353,0.14482,0.85165
72.50250,0.49500,0.00672,0.15910,0.83418
72.60250,0.49500,0.00551,0.51793,0.47656
72.70250,0.49500,0.01263,0.73242,0.25495
72.80250,0.49500,0.00348,0.84011,0.15641
72.90250,0.49500,0.00312,0.91393,0.08294
73.00250,0.49500,0.00136,0.91349,0.08514
73.10250,0.49500,0.00797,0.80299,0.18903
73.20250,0.49500,0.00588,0.78910,0.20503
73.30250,0.49500,0.02369,0.59014,0.38617
73.40250,0.49500,0.02956,0.45306,0.51738
73.50250,0.49500,0.02199,0.82967,0.14833
73.60250,0.49500,0.12607,0.84638,0.02755
73.70250,0.49500,0.30492,0.67677,0.01831
73.80250,0.49500,0.30547,0.68229,0.01224
73.90250,0.49500,0.17530,0.81524,0.00946
74.00250,0.49500,0.14309,0.83186,0.02504
74.10250,0.49500,0.07769,0.90855,0.01376
74.20250,0.49500,0.03691,0.93522,0.02787
74.30250,0.49500,0.04588,0.88676,0.06736
74.40250,0.49500,0.01342,0.96182,0.02477
74.50250,0.49500,0.01082,0.88392,0.10527
74.60250,0.49500,0.02770,0.84074,0.13156
74.70250,0.49500,0.08752,0.59339,0.31909
74.80250,0.49500,0.17924,0.32260,0.49816
74.90250,0.49500,0.45732,0.37769,0.16500
75.00250,0.49500,0.55241,0.27909,0.16850
75.10250,0.49500,0.08785,0.15648,0.75567
75.20250,0.49500,0.02067,0.10808,0.87124
75.30250,0.49500,0.00347,0.09409,0.90244
75.40250,0.49500,0.00075,0.03471,0.96454
75.50250,0.49500,0.00179,0.07288,0.92532
75.60250,0.49500,0.00325,0.13089,0.86586
75.70250,0.49500,0.02166,0.34699,0.63134
75.80250,0.49500,0.00393,0.63285,0.36321
75.90250,0.49500,0.01527,0.13216,0.85258
76.00250,0.49500,0.00058,0.08371,0.91571
76.10250,0.49500,0.00204,0.01678,0.98118
76.20250,0.49500,0.00110,0.00546,0.99344
76.30250,0.49500,0.00876,0.01013,0.98111
76.40250,0.49500,0.00141,0.00338,0.99520
76.50250,0.49500,0.00288,0.00855,0.98856
76.60250,0.49500,0.00042,0.00437,0.99521
76.70250,0.49500,0.00333,0.03169,0.96498
76.80250,0.49500,0.00257,0.07987,0.91756
76.90250,0.49500,0.00624,0.01878,0.97498
77.00250,0.49500,0.00849,0.04728,0.94424
77.10250,0.49500,0.04922,0.46870,0.48208
77.20250,0.49500,0.31288,0.30722,0.37991
77.30250,0.49500,0.39851,0.49886,0.10263
77.40250,0.49500,0.29817,0.68831,0.01352
77.50250,0.49500,0.20448,0.41351,0.38201
77.60250,0.49500,0.39929,0.09877,0.50195
77.70250,0.49500,0.08196,0.12792,0.79013
77.80250,0.49500,0.10016,0.04027,0.85957
77.90250,0.49500,0.23879,0.03855,0.72267
78.00250,0.49500,0.14981,0.03422,0.81598
78.10250,0.49500,0.54298,0.14480,0.31223
78.20250,0.49500,0.48156,0.33481,0.18363
78.30250,0.49500,0.04797,0.75770,0.19433
78.40250,0.49500,0.01595,0.81640,0.16765
78.50250,0.49500,0.03280,0.94794,0.01926
78.60250,0.49500,0.06103,0.91067,0.02830
78.70250,0.49500,0.13256,0.74123,0.12620
78.80250,0.49500,0.01624,0.89781,0.08595
78.90250,0.49500,0.01389,0.47168,0.51443
79.00250,0.49500,0.00532,0.13481,0.85987
79.10250,0.49500,0.01425,0.07425,0.91150
79.20250,0.49500,0.00350,0.02230,0.97420
79.30250,0.49500,0.02253,0.00782,0.96966
79.40250,0.49500,0.00489,0.01467,0.98044
79.50250,0.49500,0.04370,0.03111,0.92518
79.60250,0.49500,0.00624,0.00375,0.99001
79.70250,0.49500,0.00658,0.00496,0.98846
79.80250,0.49500,0.02368,0.00861,0.96770
79.90250,0.49500,0.00524,0.00195,0.99281
80.00250,0.49500,0.91805,0.00058,0.08137
80.10250,0.49500,0.97946,0.00018,0.02036
80.20250,0.49500,0.99982,0.00012,0.00006
80.30250,0.49500,0.99993,0.00002,0.00005
80.40250,0.49500,0.99968,0.00008,0.00024
80.50250,0.49500,0.99998,0.00002,0.00000
80.60250,0.49500,0.99926,0.00001,0.00073
80.70250,0.49500,0.99877,0.00000,0.00123
80.80250,0.49500,0.99983,0.00002,0.00015
80.90250,0.49500,0.99456,0.00001,0.00543
81.00250,0.49500,0.99904,0.00007,0.00088
81.10250,0.49500,0.82845,0.00123,0.17032
81.20250,0.49500,0.94211,0.02068,0.03721
81.30250,0.49500,0.51464,0.48516,0.00020
81.40250,0.49500,0.04788,0.95203,0.00009
81.50250,0.49500,0.10350,0.89649,0.00001
81.60250,0.49500,0.05954,0.94045,0.00001
81.70250,0.49500,0.04319,0.95680,0.00001
81.80250,0.49500,0.03099,0.96887,0.00014
81.90250,0.49500,0.03688,0.96304,0.00007
82.00250,0.49500,0.03612,0.96383,0.00005
82.10250,0.49500,0.02283,0.97714,0.00002
82.20250,0.49500,0.01743,0.98232,0.00025
82.30250,0.49500,0.01255,0.98744,0.00001
82.40250,0.49500,0.01245,0.98753,0.00002
82.50250,0.49500,0.01396,0.98596,0.00008
82.60250,0.49500,0.02323,0.97667,0.00010
82.70250,0.49500,0.01921,0.98068,0.00011
82.80250,0.49500,0.02719,0.97258,0.00023
82.90250,0.49500,0.01387,0.98523,0.00090
83.00250,0.49500,0.00753,0.99237,0.00010
83.10250,0.49500,0.00357,0.99633,0.00011
83.20250,0.49500,0.00382,0.99614,0.00004
83.30250,0.49500,0.00498,0.99499,0.00003
83.40250,0.49500,0.01327,0.98672,0.00000
83.50250,0.49500,0.01990,0.98009,0.00001
83.60250,0.49500,0.01335,0.98663,0.00002
83.70250,0.49500,0.00516,0.99474,0.00010
83.80250,0.49500,0.00477,0.99519,0.00004
83.90250,0.49500,0.00454,0.99535,0.00011
84.00250,0.49500,0.00322,0.99670,0.00007
84.10250,0.49500,0.00377,0.99614,0.00009
84.20250,0.49500,0.00562,0.99436,0.00002
84.30250,0.49500,0.00415,0.99582,0.00004
84.40250,0.49500,0.00253,0.99732,0.00015
84.50250,0.49500,0.00477,0.99516,0.00008
84.60250,0.49500,0.00292,0.99697,0.00012
84.70250,0.49500,0.00543,0.99455,0.00002
84.80250,0.49500,0.00486,0.99512,0.00002
84.90250,0.49500,0.00995,0.99002,0.00003
85.00250,0.49500,0.00391,0.99608,0.00001
85.10250,0.49500,0.00526,0.99472,0.00002
85.20250,0.49500,0.00398,0.99596,0.00005
85.30250,0.49500,0.00514,0.99475,0.00011
85.40250,0.49500,0.00327,0.99647,0.00026
85.50250,0.49500,0.00484,0.99508,0.00008
85.60250,0.49500,0.00743,0.99248,0.00008
85.70250,0.49500,0.01011,0.98981,0.00008
85.80250,0.49500,0.00859,0.99135,0.00005
85.90250,0.49500,0.01090,0.98899,0.00010
86.00250,0.49500,0.00587,0.99403,0.00011
86.10250,0.49500,0.00571,0.99409,0.00019
86.20250,0.49500,0.00500,0.99319,0.00181
86.30250,0.49500,0.01318,0.98661,0.00021
86.40250,0.49500,0.01167,0.98800,0.00033
86.50250,0.49500,0.01640,0.98270,0.00090
86.60250,0.49500,0.03009,0.96940,0.00051
86.70250,0.49500,0.02323,0.97664,0.00013
86.80250,0.49500,0.01662,0.98240,0.00099
86.90250,0.49500,0.01555,0.98419,0.00026
87.00250,0.49500,0.00955,0.99037,0.00008
87.10250,0.49500,0.00453,0.99522,0.00025
87.20250,0.49500,0.00358,0.99635,0.00007
87.30250,0.49500,0.00506,0.99491,0.00003
87.40250,0.49500,0.00593,0.99394,0.00013
87.50250,0.49500,0.00444,0.99549,0.00007
87.60250,0.49500,0.00236,0.99755,0.00009
87.70250,0.49500,0.00315,0.99646,0.00039
87.80250,0.49500,0.00383,0.99591,0.00025
87.90250,0.49500,0.01231,0.98752,0.00017
88.00250,0.49500,0.01399,0.98598,0.00003
88.10250,0.49500,0.01233,0.98763,0.00004
88.20250,0.49500,0.00902,0.99093,0.00005
88.30250,0.49500,0.00918,0.99081,0.00001
88.40250,0.49500,0.00951,0.99049,0.00000
88.50250,0.49500,0.00611,0.99386,0.00003
88.60250,0.49500,0.00776,0.99220,0.00004
88.70250,0.49500,0.00555,0.99444,0.00001
88.80250,0.49500,0.00910,0.99090,0.00000
88.90250,0.49500,0.01007,0.98991,0.00002
89.00250,0.49500,0.01026,0.98973,0.00001
89.10250,0.49500,0.01097,0.98903,0.00000
89.20250,0.49500,0.01065,0.98935,0.00000
89.30250,0.49500,0.01147,0.98852,0.00000
89.40250,0.49500,0.00997,0.99003,0.00000
89.50250,0.49500,0.00569,0.99430,0.00001
89.60250,0.49500,0.01147,0.98852,0.00002
89.70250,0.49500,0.01095,0.98904,0.00001
89.80250,0.49500,0.01558,0.98440,0.00002
89.90250,0.49500,0.01193,0.98805,0.00002
90.00250,0.49500,0.00483,0.99516,0.00001
90.10250,0.49500,0.00384,0.99613,0.00004
90.20250,0.49500,0.00706,0.99292,0.00002
90.30250,0.49500,0.01324,0.98674,0.00001
90.40250,0.49500,0.01023,0.98974,0.00003
90.50250,0.49500,0.00577,0.99420,0.00003
90.60250,0.49500,0.00628,0.99371,0.00000
90.70250,0.49500,0.00504,0.99495,0.00001
90.80250,0.49500,0.00509,0.99491,0.00001
90.90250,0.49500,0.00493,0.99506,0.00002
91.00250,0.49500,0.00311,0.99681,0.00008
91.10250,0.49500,0.00434,0.99563,0.00002
91.20250,0.49500,0.00420,0.99574,0.00006
91.30250,0.49500,0.00580,0.99395,0.00025
91.40250,0.49500,0.00523,0.99469,0.00009
91.50250,0.49500,0.00251,0.99564,0.00186
91.60250,0.49500,0.00392,0.99496,0.00111
91.70250,0.49500,0.00540,0.99448,0.00012
91.80250,0.49500,0.00753,0.99217,0.00030
91.90250,0.49500,0.00598,0.99383,0.00018
92.00250,0.49500,0.01047,0.98951,0.00002
92.10250,0.49500,0.01237,0.98762,0.00001
92.20250,0.49500,0.01033,0.98966,0.00001
92.30250,0.49500,0.00820,0.99169,0.00011
92.40250,0.49500,0.00942,0.99055,0.00003
92.50250,0.49500,0.00683,0.99316,0.00001
92.60250,0.49500,0.00655,0.99342,0.00003
92.70250,0.49500,0.01424,0.98574,0.00001
92.80250,0.49500,0.09313,0.90685,0.00003
92.90250,0.49500,0.05500,0.94499,0.00001
93.00250,0.49500,0.06593,0.93406,0.00001
93.10250,0.49500,0.01983,0.98012,0.00006
93.20250,0.49500,0.00848,0.99151,0.00001
93.30250,0.49500,0.00515,0.99484,0.00001
93.40250,0.49500,0.00594,0.99405,0.00001
93.50250,0.49500,0.00238,0.99760,0.00003
93.60250,0.49500,0.00319,0.99677,0.00004
93.70250,0.49500,0.00350,0.99606,0.00044
93.80250,0.49500,0.00134,0.99639,0.00227
93.90250,0.49500,0.00462,0.99262,0.00276
94.00250,0.49500,0.00620,0.99249,0.00131
94.10250,0.49500,0.02188,0.97730,0.00081
94.20250,0.49500,0.01667,0.98067,0.00267
94.30250,0.49500,0.01203,0.98770,0.00027
94.40250,0.49500,0.00663,0.99296,0.00041
94.50250,0.49500,0.00345,0.99649,0.00006
94.60250,0.49500,0.00936,0.99058,0.00006
94.70250,0.49500,0.00763,0.99232,0.00006
94.80250,0.49500,0.01228,0.98771,0.00001
94.90250,0.49500,0.00914,0.99084,0.00002
95.00250,0.49500,0.01226,0.98772,0.00002
95.10250,0.49500,0.01555,0.98445,0.00000
95.20250,0.49500,0.01737,0.98262,0.00001
95.30250,0.49500,0.01723,0.98276,0.00001
95.40250,0.49500,0.01211,0.98789,0.00000
95.50250,0.49500,0.01018,0.98981,0.00001
95.60250,0.49500,0.04511,0.95489,0.00000
95.70250,0.49500,0.02525,0.97475,0.00000
95.80250,0.49500,0.03034,0.96964,0.00002
95.90250,0.49500,0.01701,0.98298,0.00001
96.00250,0.49500,0.04131,0.95869,0.00000
96.10250,0.49500,0.02547,0.97452,0.00001
96.20250,0.49500,0.01348,0.98647,0.00005
96.30250,0.49500,0.01588,0.98410,0.00002
96.40250,0.49500,0.01258,0.98741,0.00001
96.50250,0.49500,0.00628,0.99369,0.00003
96.60250,0.49500,0.01283,0.98706,0.00011
96.70250,0.49500,0.00760,0.99237,0.00004
96.80250,0.49500,0.00608,0.99387,0.00006
96.90250,0.49500,0.00480,0.99518,0.00002
97.00250,0.49500,0.00249,0.99737,0.00014
97.10250,0.49500,0.00356,0.99635,0.00009
97.20250,0.49500,0.00500,0.99497,0.00003
97.30250,0.49500,0.00392,0.99591,0.00017
97.40250,0.49500,0.00683,0.99156,0.00161
97.50250,0.49500,0.00621,0.99361,0.00019
97.60250,0.49500,0.00655,0.99312,0.00033
97.70250,0.49500,0.01286,0.98628,0.00086
97.80250,0.49500,0.02185,0.97797,0.00018
97.90250,0.49500,0.01568,0.98411,0.00021
98.00250,0.49500,0.00967,0.99018,0.00015
98.10250,0.49500,0.00406,0.99552,0.00041
98.20250,0.49500,0.00317,0.99662,0.00021
98.30250,0.49500,0.00489,0.99366,0.00145
98.40250,0.49500,0.01137,0.98753,0.00110
98.50250,0.49500,0.01087,0.98853,0.00060
98.60250,0.49500,0.01050,0.98510,0.00439
98.70250,0.49500,0.00850,0.99099,0.00051
98.80250,0.49500,0.00783,0.99197,0.00020
98.90250,0.49500,0.01993,0.97984,0.00024
99.00250,0.49500,0.03215,0.96738,0.00047
99.10250,0.49500,0.01447,0.98545,0.00008
99.20250,0.49500,0.01006,0.98991,0.00003
99.30250,0.49500,0.00566,0.99429,0.00005
99.40250,0.49500,0.00849,0.99150,0.00001
99.50250,0.49500,0.01006,0.98986,0.00008
99.60250,0.49500,0.00511,0.99487,0.00002
99.70250,0.49500,0.00592,0.99402,0.00006
99.80250,0.49500,0.00794,0.99198,0.00009
99.90250,0.49500,0.01803,0.98194,0.00004
100.00250,0.49500,0.01920,0.98061,0.00019
100.10250,0.49500,0.01062,0.98912,0.00026
100.20250,0.49500,0.01247,0.98742,0.00011
100.30250,0.49500,0.01117,0.98860,0.00023
100.40250,0.49500,0.01012,0.98971,0.00018
100.50250,0.49500,0.00773,0.99207,0.00019
100.60250,0.49500,0.00927,0.99070,0.00003
100.70250,0.49500,0.00648,0.99347,0.00005
100.80250,0.49500,0.00916,0.99077,0.00007
100.90250,0.49500,0.00978,0.99015,0.00006
101.00250,0.49500,0.01455,0.98539,0.00006
101.10250,0.49500,0.01562,0.98428,0.00010
101.20250,0.49500,0.01266,0.98732,0.00002
101.30250,0.49500,0.00894,0.99103,0.00003
101.40250,0.49500,0.00428,0.99571,0.00001
101.50250,0.49500,0.00491,0.99501,0.00008
101.60250,0.49500,0.00760,0.99239,0.00002
101.70250,0.49500,0.02289,0.97703,0.00008
101.80250,0.49500,0.01833,0.98159,0.00008
101.90250,0.49500,0.00794,0.99205,0.00001
102.00250,0.49500,0.00323,0.99664,0.00013
102.10250,0.49500,0.00309,0.99689,0.00002
102.20250,0.49500,0.00418,0.99579,0.00003
102.30250,0.49500,0.00456,0.99532,0.00012
102.40250,0.49500,0.00875,0.99122,0.00002
102.50250,0.49500,0.02824,0.97174,0.00002
102.60250,0.49500,0.04279,0.95718,0.00004
102.70250,0.49500,0.05098,0.94899,0.00003
102.80250,0.49500,0.00700,0.99299,0.00001
102.90250,0.49500,0.00761,0.99236,0.00002
103.00250,0.49500,0.00646,0.99354,0.00001
103.10250,0.49500,0.00906,0.99092,0.00002
103.20250,0.49500,0.01327,0.98672,0.00001
103.30250,0.49500,0.13926,0.86069,0.00005
103.40250,0.49500,0.74361,0.25537,0.00102
103.50250,0.49500,0.89801,0.10089,0.00110
103.60250,0.49500,0.96123,0.03875,0.00002
103.70250,0.49500,0.99249,0.00646,0.00104
103.80250,0.49500,0.99842,0.00070,0.00088
103.90250,0.49500,0.99881,0.00025,0.00093
104.00250,0.49500,0.99715,0.00212,0.00073
104.10250,0.49500,0.96411,0.00235,0.03353
104.20250,0.49500,0.89194,0.00361,0.10445
104.30250,0.49500,0.77649,0.00549,0.21802
104.40250,0.49500,0.85314,0.07655,0.07032
104.50250,0.49500,0.01186,0.01715,0.97100
104.60250,0.49500,0.13103,0.74558,0.12339
104.70250,0.49500,0.03104,0.75209,0.21687
104.80250,0.49500,0.02029,0.64384,0.33587
104.90250,0.49500,0.01803,0.60627,0.37570
105.00250,0.49500,0.00283,0.71326,0.28392
105.10250,0.49500,0.00813,0.96223,0.02964
105.20250,0.49500,0.00196,0.94653,0.05151
105.30250,0.49500,0.00249,0.92195,0.07556
105.40250,0.49500,0.00370,0.97103,0.02528
105.50250,0.49500,0.00358,0.94500,0.05142
105.60250,0.49500,0.00432,0.80908,0.18660
105.70250,0.49500,0.00066,0.71609,0.28325
105.80250,0.49500,0.00142,0.63895,0.35963
105.90250,0.49500,0.00106,0.64303,0.35591
106.00250,0.49500,0.00154,0.58461,0.41385
106.10250,0.49500,0.00132,0.40576,0.59292
106.20250,0.49500,0.00306,0.70117,0.29578
106.30250,0.49500,0.00208,0.59926,0.39866
106.40250,0.49500,0.00398,0.29840,0.69762
106.50250,0.49500,0.00055,0.45643,0.54302
106.60250,0.49500,0.00114,0.65700,0.34186
106.70250,0.49500,0.00057,0.67215,0.32728
106.80250,0.49500,0.00130,0.66542,0.33328
106.90250,0.49500,0.00150,0.78470,0.21380
107.00250,0.49500,0.00210,0.74446,0.25343
107.10250,0.49500,0.00104,0.64285,0.35612
107.20250,0.49500,0.00193,0.59684,0.40123
107.30250,0.49500,0.00229,0.79176,0.20595
107.40250,0.49500,0.00250,0.49449,0.50301
107.50250,0.49500,0.00217,0.20432,0.79351
107.60250,0.49500,0.00163,0.01695,0.98142
107.70250,0.49500,0.01941,0.10165,0.87894
107.80250,0.49500,0.00225,0.04216,0.95559
107.90250,0.49500,0.00270,0.00962,0.98769
108.00250,0.49500,0.00274,0.23977,0.75749
108.10250,0.49500,0.00244,0.50377,0.49378
108.20250,0.49500,0.00042,0.13242,0.86717
108.30250,0.49500,0.00094,0.59708,0.40198
108.40250,0.49500,0.00110,0.64821,0.35069
108.50250,0.49500,0.00276,0.61292,0.38432
108.60250,0.49500,0.00185,0.71357,0.28458
108.70250,0.49500,0.00062,0.60145,0.39794
108.80250,0.49500,0.00038,0.33733,0.66229
108.90250,0.49500,0.00055,0.71576,0.28368
109.00250,0.49500,0.00044,0.60786,0.39170
109.10250,0.49500,0.00104,0.48059,0.51837
109.20250,0.49500,0.00055,0.39089,0.60856
109.30250,0.49500,0.00064,0.41326,0.58610
109.40250,0.49500,0.00025,0.28054,0.71922
109.50250,0.49500,0.00030,0.36630,0.63340
109.60250,0.49500,0.00043,0.36735,0.63222
109.70250,0.49500,0.00060,0.43970,0.55970
109.80250,0.49500,0.00075,0.41375,0.58550
109.90250,0.49500,0.00442,0.50306,0.49252
110.00250,0.49500,0.00269,0.47466,0.52265
110.10250,0.49500,0.00329,0.58905,0.40766
110.20250,0.49500,0.00106,0.65791,0.34104
110.30250,0.49500,0.00067,0.80421,0.19512
110.40250,0.49500,0.00061,0.61779,0.38160
110.50250,0.49500,0.00125,0.74671,0.25204
110.60250,0.49500,0.00184,0.67996,0.31820
110.70250,0.49500,0.00191,0.58927,0.40883
110.80250,0.49500,0.00286,0.69853,0.29861
110.90250,0.49500,0.00330,0.44393,0.55277
111.00250,0.49500,0.00295,0.59487,0.40218
111.10250,0.49500,0.00129,0.66140,0.33731
111.20250,0.49500,0.00102,0.54273,0.45625
111.30250,0.49500,0.00068,0.71078,0.28855
111.40250,0.49500,0.00111,0.79558,0.20331
111.50250,0.49500,0.00122,0.75192,0.24686
111.60250,0.49500,0.00055,0.81438,0.18506
111.70250,0.49500,0.00237,0.54865,0.44898
111.80250,0.49500,0.00533,0.43777,0.55690
111.90250,0.49500,0.00462,0.17522,0.82016
112.00250,0.49500,0.00232,0.12547,0.87222
112.10250,0.49500,0.00077,0.00921,0.99002
112.20250,0.49500,0.00087,0.00899,0.99014
112.30250,0.49500,0.00184,0.07096,0.92720
112.40250,0.49500,0.00120,0.15739,0.84140
112.50250,0.49500,0.00260,0.27127,0.72613
112.60250,0.49500,0.00138,0.86942,0.12920
112.70250,0.49500,0.00134,0.81647,0.18219
112.80250,0.49500,0.00172,0.63702,0.36125
112.90250,0.49500,0.00210,0.73432,0.26358
113.00250,0.49500,0.00110,0.73971,0.25920
113.10250,0.49500,0.00056,0.69712,0.30232
113.20250,0.49500,0.00016,0.74510,0.25474
113.30250,0.49500,0.00025,0.71474,0.28501
113.40250,0.49500,0.00027,0.83615,0.16359
113.50250,0.49500,0.00044,0.72795,0.27161
113.60250,0.49500,0.00245,0.77704,0.22051
113.70250,0.49500,0.00131,0.40448,0.59421
113.80250,0.49500,0.00180,0.42158,0.57662
113.90250,0.49500,0.00047,0.51920,0.48032
114.00250,0.49500,0.00063,0.40926,0.59011
114.10250,0.49500,0.00032,0.31225,0.68743
114.20250,0.49500,0.00145,0.55368,0.44487
114.30250,0.49500,0.00171,0.10084,0.89746
114.40250,0.49500,0.00284,0.27952,0.71763
114.50250,0.49500,0.00423,0.34949,0.64628
114.60250,0.49500,0.00510,0.61766,0.37724
114.70250,0.49500,0.00550,0.85961,0.13490
114.80250,0.49500,0.01384,0.92644,0.05973
114.90250,0.49500,0.01412,0.87983,0.10605
115.00250,0.49500,0.00883,0.86586,0.12531
115.10250,0.49500,0.00180,0.75280,0.24540
115.20250,0.49500,0.00039,0.76711,0.23250
115.30250,0.49500,0.00083,0.47242,0.52675
115.40250,0.49500,0.00146,0.40224,0.59629
115.50250,0.49500,0.00136,0.71328,0.28536
115.60250,0.49500,0.00154,0.72793,0.27053
115.70250,0.49500,0.00115,0.80552,0.19333
115.80250,0.49500,0.00042,0.75938,0.24020
115.90250,0.49500,0.00094,0.87373,0.12533
116.00250,0.49500,0.00058,0.84892,0.15050
116.10250,0.49500,0.00061,0.85934,0.14005
116.20250,0.49500,0.00024,0.96107,0.03869
116.30250,0.49500,0.00015,0.95892,0.04093
116.40250,0.49500,0.00044,0.95123,0.04833
116.50250,0.49500,0.00032,0.96958,0.03010
116.60250,0.49500,0.00108,0.89666,0.10226
116.70250,0.49500,0.00036,0.84497,0.15467
116.80250,0.49500,0.00109,0.85297,0.14594
116.90250,0.49500,0.00056,0.79920,0.20024
117.00250,0.49500,0.00062,0.70738,0.29201
117.10250,0.49500,0.00120,0.65991,0.33889
117.20250,0.49500,0.00067,0.89515,0.10418
117.30250,0.49500,0.00128,0.93584,0.06288
117.40250,0.49500,0.00104,0.94627,0.05269
117.50250,0.49500,0.00109,0.94972,0.04919
117.60250,0.49500,0.00228,0.95372,0.04401
117.70250,0.49500,0.00135,0.81912,0.17954
117.80250,0.49500,0.00093,0.72554,0.27353
117.90250,0.49500,0.00080,0.79145,0.20774
118.00250,0.49500,0.00058,0.78743,0.21198
118.10250,0.49500,0.00148,0.91313,0.08540
118.20250,0.49500,0.00100,0.93541,0.06359
118.30250,0.49500,0.00060,0.91146,0.08794
118.40250,0.49500,0.00017,0.92890,0.07093
118.50250,0.49500,0.00075,0.89771,0.10153
118.60250,0.49500,0.00077,0.91322,0.08600
118.70250,0.49500,0.00037,0.94075,0.05888
118.80250,0.49500,0.00054,0.95288,0.04657
118.90250,0.49500,0.00028,0.98413,0.01559
119.00250,0.49500,0.00036,0.97543,0.02421
119.10250,0.49500,0.00013,0.97272,0.02715
119.20250,0.49500,0.00053,0.96783,0.03164
119.30250,0.49500,0.00042,0.97780,0.02179
119.40250,0.49500,0.00125,0.97618,0.02257
119.50250,0.49500,0.00051,0.96070,0.03879
119.60250,0.49500,0.00110,0.95166,0.04724
119.70250,0.49500,0.00194,0.94869,0.04937
119.80250,0.49500,0.00525,0.90217,0.09257
119.90250,0.49500,0.03471,0.82811,0.13718
120.00250,0.49500,0.01400,0.90675,0.07925
120.10250,0.49500,0.01174,0.86899,0.11927
120.20250,0.49500,0.00293,0.86915,0.12792
120.30250,0.49500,0.00023,0.90638,0.09339
120.40250,0.49500,0.00056,0.77088,0.22856
120.50250,0.49500,0.00050,0.80750,0.19200
120.60250,0.49500,0.00092,0.83063,0.16845
120.70250,0.49500,0.00121,0.82168,0.17712
120.80250,0.49500,0.00096,0.85880,0.14024
120.90250,0.49500,0.00151,0.92692,0.07157
121.00250,0.49500,0.00270,0.96660,0.03069
121.10250,0.49500,0.00514,0.92161,0.07325
121.20250,0.49500,0.00312,0.86345,0.13343
121.30250,0.49500,0.00126,0.74559,0.25315
121.40250,0.49500,0.00247,0.94777,0.04976
