Time (seconds), Duration (seconds),pred_(unlabeled),pred_On,pred_Off,pred_Dimmer,pred_Lighter
0.01000,1.98000,0.99754,0.00034,0.00211,0.00000,0.00000
0.21000,1.98000,0.99830,0.00050,0.00120,0.00000,0.00000
0.41000,1.98000,0.99970,0.00006,0.00024,0.00000,0.00000
0.61000,1.98000,0.99943,0.00034,0.00023,0.00000,0.00000
0.81000,1.98000,0.99963,0.00032,0.00005,0.00000,0.00000
1.01000,1.98000,0.99939,0.00058,0.00003,0.00000,0.00000
1.21000,1.98000,0.99973,0.00025,0.00001,0.00000,0.00001
1.41000,1.98000,0.99967,0.00030,0.00001,0.00000,0.00001
1.61000,1.98000,0.99995,0.00004,0.00000,0.00000,0.00000
1.81000,1.98000,0.99996,0.00004,0.00000,0.00000,0.00000
2.01000,1.98000,0.99999,0.00001,0.00000,0.00000,0.00000
2.21000,1.98000,0.99982,0.00010,0.00008,0.00000,0.00000
2.41000,1.98000,0.99809,0.00009,0.00182,0.00000,0.00000
2.61000,1.98000,0.99581,0.00024,0.00395,0.00000,0.00000
2.81000,1.98000,0.99779,0.00122,0.00097,0.00000,0.00001
3.01000,1.98000,0.99938,0.00022,0.00039,0.00000,0.00000
3.21000,1.98000,0.99780,0.00088,0.00130,0.00000,0.00002
3.41000,1.98000,0.99642,0.00271,0.00082,0.00001,0.00005
3.61000,1.98000,0.99143,0.00825,0.00019,0.00001,0.00013
3.81000,1.98000,0.99095,0.00794,0.00092,0.00002,0.00018
4.01000,1.98000,0.99193,0.00770,0.00019,0.00003,0.00016
4.21000,1.98000,0.99989,0.00009,0.00000,0.00000,0.00001
4.41000,1.98000,0.99994,0.00005,0.00000,0.00000,0.00001
4.61000,1.98000,0.99990,0.00005,0.00000,0.00000,0.00004
4.81000,1.98000,0.99795,0.00102,0.00000,0.00009,0.00094
5.01000,1.98000,0.99811,0.00149,0.00000,0.00005,0.00036
5.21000,1.98000,0.99637,0.00357,0.00000,0.00002,0.00004
5.41000,1.98000,0.99917,0.00082,0.00000,0.00000,0.00001
5.61000,1.98000,0.99809,0.00190,0.00000,0.00000,0.00001
5.81000,1.98000,0.99827,0.00172,0.00000,0.00000,0.00001
6.01000,1.98000,0.99852,0.00142,0.00000,0.00000,0.00006
6.21000,1.98000,0.99942,0.00054,0.00000,0.00000,0.00004
6.41000,1.98000,0.99774,0.00204,0.00001,0.00000,0.00021
6.61000,1.98000,0.99976,0.00022,0.00000,0.00000,0.00002
6.81000,1.98000,0.99921,0.00075,0.00001,0.00000,0.00003
7.01000,1.98000,0.99965,0.00032,0.00000,0.00000,0.00003
7.21000,1.98000,0.99996,0.00003,0.00000,0.00000,0.00000
7.41000,1.98000,0.99999,0.00001,0.00000,0.00000,0.00000
7.61000,1.98000,0.99999,0.00000,0.00000,0.00000,0.00001
7.81000,1.98000,0.99997,0.00001,0.00000,0.00000,0.00001
8.01000,1.98000,0.99996,0.00002,0.00000,0.00000,0.00002
8.21000,1.98000,0.99945,0.00048,0.00000,0.00002,0.00005
8.41000,1.98000,0.99895,0.00090,0.00000,0.00002,0.00013
8.61000,1.98000,0.99963,0.00033,0.00001,0.00000,0.00003
8.81000,1.98000,0.99968,0.00026,0.00002,0.00000,0.00003
9.01000,1.98000,0.99918,0.00032,0.00016,0.00001,0.00033
9.21000,1.98000,0.99987,0.00007,0.00001,0.00000,0.00005
9.41000,1.98000,0.99779,0.00034,0.00003,0.00003,0.00181
9.61000,1.98000,0.99909,0.00042,0.00000,0.00001,0.00048
9.81000,1.98000,0.99895,0.00072,0.00002,0.00001,0.00030
10.01000,1.98000,0.96094,0.00417,0.02392,0.00087,0.01009
10.21000,1.98000,0.18370,0.01297,0.72821,0.05916,0.01594
10.41000,1.98000,0.99836,0.00043,0.00086,0.00008,0.00027
10.61000,1.98000,0.99982,0.00007,0.00005,0.00001,0.00006
10.81000,1.98000,0.99992,0.00002,0.00002,0.00001,0.00004
11.01000,1.98000,0.99997,0.00000,0.00002,0.00000,0.00001
11.21000,1.98000,0.99996,0.00000,0.00000,0.00000,0.00003
11.41000,1.98000,0.99990,0.00000,0.00000,0.00002,0.00008
11.61000,1.98000,0.99996,0.00000,0.00000,0.00001,0.00003
11.81000,1.98000,0.99998,0.00000,0.00000,0.00000,0.00002
12.01000,1.98000,0.99997,0.00001,0.00000,0.00001,0.00002
12.21000,1.98000,0.99998,0.00001,0.00000,0.00001,0.00001
12.41000,1.98000,0.99813,0.00004,0.00000,0.00048,0.00136
12.61000,1.98000,0.99838,0.00010,0.00001,0.00125,0.00027
12.81000,1.98000,0.99977,0.00011,0.00004,0.00006,0.00003
13.01000,1.98000,0.99926,0.00015,0.00047,0.00008,0.00003
13.21000,1.98000,0.99865,0.00017,0.00102,0.00011,0.00004
13.41000,1.98000,0.99957,0.00014,0.00021,0.00004,0.00004
13.61000,1.98000,0.99988,0.00006,0.00002,0.00001,0.00003
13.81000,1.98000,0.99986,0.00008,0.00000,0.00002,0.00004
14.01000,1.98000,0.99861,0.00097,0.00000,0.00019,0.00023
14.21000,1.98000,0.99512,0.00449,0.00000,0.00017,0.00022
14.41000,1.98000,0.96379,0.03528,0.00001,0.00033,0.00060
14.61000,1.98000,0.77388,0.22153,0.00046,0.00020,0.00393
14.81000,1.98000,0.84731,0.14959,0.00037,0.00004,0.00268
15.01000,1.98000,0.94832,0.05148,0.00005,0.00001,0.00014
15.21000,1.98000,0.99014,0.00964,0.00021,0.00000,0.00001
15.41000,1.98000,0.99464,0.00496,0.00039,0.00000,0.00001
15.61000,1.98000,0.99926,0.00052,0.00021,0.00000,0.00000
15.81000,1.98000,0.99989,0.00006,0.00005,0.00000,0.00000
16.01000,1.98000,0.99966,0.00003,0.00031,0.00000,0.00000
16.21000,1.98000,0.99987,0.00005,0.00008,0.00000,0.00000
16.41000,1.98000,0.99990,0.00003,0.00007,0.00000,0.00000
16.61000,1.98000,0.99990,0.00006,0.00004,0.00000,0.00000
16.81000,1.98000,0.99999,0.00001,0.00000,0.00000,0.00000
17.01000,1.98000,0.99999,0.00001,0.00000,0.00000,0.00000
17.21000,1.98000,0.99999,0.00001,0.00000,0.00000,0.00000
17.41000,1.98000,0.99997,0.00001,0.00002,0.00000,0.00000
17.61000,1.98000,0.99987,0.00001,0.00011,0.00001,0.00001
17.81000,1.98000,0.99896,0.00008,0.00055,0.00022,0.00019
18.01000,1.98000,0.99972,0.00009,0.00004,0.00009,0.00006
18.21000,1.98000,0.99993,0.00004,0.00001,0.00000,0.00001
18.41000,1.98000,0.99997,0.00002,0.00001,0.00000,0.00001
18.61000,1.98000,0.99997,0.00002,0.00000,0.00000,0.00001
18.81000,1.98000,0.99946,0.00006,0.00000,0.00001,0.00046
19.01000,1.98000,0.99975,0.00010,0.00000,0.00003,0.00012
19.21000,1.98000,0.99975,0.00024,0.00000,0.00000,0.00001
19.41000,1.98000,0.99899,0.00099,0.00000,0.00000,0.00002
19.61000,1.98000,0.99444,0.00546,0.00004,0.00001,0.00005
19.81000,1.98000,0.55890,0.05169,0.38408,0.00387,0.00146
20.01000,1.98000,0.99606,0.00326,0.00056,0.00002,0.00009
20.21000,1.98000,0.99803,0.00193,0.00001,0.00000,0.00002
20.41000,1.98000,0.99893,0.00106,0.00000,0.00000,0.00001
20.61000,1.98000,0.99908,0.00091,0.00000,0.00000,0.00001
20.81000,1.98000,0.99708,0.00291,0.00000,0.00000,0.00000
21.01000,1.98000,0.99354,0.00015,0.00001,0.00130,0.00501
21.21000,1.98000,0.99861,0.00001,0.00000,0.00084,0.00053
21.41000,1.98000,0.99992,0.00002,0.00000,0.00006,0.00000
21.61000,1.98000,0.99999,0.00001,0.00000,0.00000,0.00000
21.81000,1.98000,0.99998,0.00001,0.00001,0.00000,0.00000
22.01000,1.98000,0.99911,0.00003,0.00081,0.00003,0.00002
22.21000,1.98000,0.98771,0.00006,0.01193,0.00019,0.00011
22.41000,1.98000,0.99854,0.00000,0.00140,0.00002,0.00004
22.61000,1.98000,0.99927,0.00000,0.00068,0.00001,0.00004
22.81000,1.98000,0.99983,0.00000,0.00014,0.00000,0.00003
23.01000,1.98000,0.99997,0.00000,0.00001,0.00000,0.00002
23.21000,1.98000,0.99993,0.00000,0.00000,0.00000,0.00007
23.41000,1.98000,0.99987,0.00000,0.00000,0.00001,0.00012
23.61000,1.98000,0.99962,0.00000,0.00000,0.00008,0.00029
23.81000,1.98000,0.99981,0.00001,0.00000,0.00001,0.00017
24.01000,1.98000,0.99992,0.00001,0.00000,0.00001,0.00006
24.21000,1.98000,0.99997,0.00001,0.00000,0.00001,0.00000
24.41000,1.98000,0.99996,0.00002,0.00001,0.00000,0.00000
24.61000,1.98000,0.99989,0.00004,0.00003,0.00001,0.00002
24.81000,1.98000,0.96607,0.00061,0.00003,0.00167,0.03163
25.01000,1.98000,0.99514,0.00207,0.00000,0.00020,0.00258
25.21000,1.98000,0.99881,0.00101,0.00000,0.00001,0.00016
25.41000,1.98000,0.99969,0.00025,0.00004,0.00000,0.00002
25.61000,1.98000,0.99992,0.00004,0.00003,0.00000,0.00001
25.81000,1.98000,0.99999,0.00001,0.00000,0.00000,0.00000
26.01000,1.98000,0.99999,0.00001,0.00000,0.00000,0.00000
26.21000,1.98000,0.99999,0.00001,0.00000,0.00000,0.00000
26.41000,1.98000,1.00000,0.00000,0.00000,0.00000,0.00000
26.61000,1.98000,1.00000,0.00000,0.00000,0.00000,0.00000
26.81000,1.98000,0.99999,0.00000,0.00000,0.00000,0.00000
27.01000,1.98000,0.99999,0.00000,0.00001,0.00000,0.00000
27.21000,1.98000,0.99996,0.00002,0.00001,0.00000,0.00000
27.41000,1.98000,0.99993,0.00004,0.00003,0.00000,0.00000
27.61000,1.98000,0.99981,0.00012,0.00006,0.00000,0.00000
27.81000,1.98000,0.99944,0.00032,0.00021,0.00003,0.00000
28.01000,1.98000,0.99154,0.00060,0.00744,0.00035,0.00007
28.21000,1.98000,0.99944,0.00023,0.00025,0.00007,0.00001
28.41000,1.98000,0.99962,0.00031,0.00004,0.00001,0.00002
28.61000,1.98000,0.99972,0.00021,0.00004,0.00000,0.00001
28.81000,1.98000,0.99921,0.00074,0.00001,0.00000,0.00003
29.01000,1.98000,0.98765,0.01126,0.00001,0.00015,0.00093
29.21000,1.98000,0.66052,0.13719,0.00064,0.04112,0.16054
29.41000,1.98000,0.78256,0.00710,0.00038,0.00571,0.20425
29.61000,1.98000,0.99963,0.00012,0.00002,0.00000,0.00023
29.81000,1.98000,0.99984,0.00008,0.00000,0.00000,0.00008
30.01000,1.98000,0.99970,0.00018,0.00000,0.00000,0.00012
30.21000,1.98000,0.99968,0.00019,0.00000,0.00000,0.00013
30.41000,1.98000,0.99996,0.00001,0.00000,0.00001,0.00001
30.61000,1.98000,0.99986,0.00005,0.00005,0.00003,0.00001
30.81000,1.98000,0.99965,0.00018,0.00013,0.00002,0.00002
31.01000,1.98000,0.98715,0.01278,0.00002,0.00002,0.00003
31.21000,1.98000,0.64121,0.35708,0.00066,0.00009,0.00096
31.41000,1.98000,0.41236,0.58015,0.00391,0.00010,0.00348
31.61000,1.98000,0.32410,0.65866,0.00700,0.00011,0.01013
31.81000,1.98000,0.85826,0.12097,0.00364,0.00007,0.01706
32.01000,1.98000,0.97513,0.01513,0.00110,0.00004,0.00861
32.21000,1.98000,0.99287,0.00157,0.00055,0.00002,0.00500
32.41000,1.98000,0.99753,0.00014,0.00013,0.00000,0.00220
32.61000,1.98000,0.99904,0.00001,0.00004,0.00000,0.00091
32.81000,1.98000,0.99964,0.00000,0.00001,0.00000,0.00034
33.01000,1.98000,0.99988,0.00000,0.00001,0.00000,0.00010
33.21000,1.98000,0.99982,0.00000,0.00001,0.00003,0.00014
33.41000,1.98000,0.99970,0.00000,0.00000,0.00005,0.00025
33.61000,1.98000,0.99994,0.00000,0.00000,0.00000,0.00005
33.81000,1.98000,0.99998,0.00000,0.00000,0.00000,0.00001
34.01000,1.98000,0.99995,0.00001,0.00000,0.00001,0.00003
34.21000,1.98000,0.99945,0.00016,0.00000,0.00008,0.00031
34.41000,1.98000,0.85485,0.00094,0.00055,0.00270,0.14096
34.61000,1.98000,0.78171,0.00243,0.00050,0.00162,0.21374
34.81000,1.98000,0.97827,0.00534,0.00015,0.00018,0.01606
35.01000,1.98000,0.99761,0.00107,0.00005,0.00000,0.00128
35.21000,1.98000,0.99914,0.00059,0.00001,0.00000,0.00027
35.41000,1.98000,0.99967,0.00028,0.00000,0.00000,0.00004
35.61000,1.98000,0.99999,0.00000,0.00001,0.00000,0.00000
35.81000,1.98000,0.99997,0.00002,0.00001,0.00000,0.00000
36.01000,1.98000,0.99994,0.00006,0.00000,0.00000,0.00000
36.21000,1.98000,0.99997,0.00002,0.00000,0.00000,0.00000
36.41000,1.98000,0.99995,0.00003,0.00002,0.00000,0.00000
36.61000,1.98000,0.99997,0.00003,0.00001,0.00000,0.00000
36.81000,1.98000,0.99994,0.00006,0.00000,0.00000,0.00000
37.01000,1.98000,0.99989,0.00009,0.00001,0.00000,0.00000
37.21000,1.98000,0.99989,0.00009,0.00001,0.00000,0.00000
37.41000,1.98000,0.99997,0.00002,0.00000,0.00000,0.00000
37.61000,1.98000,0.99991,0.00004,0.00003,0.00000,0.00002
37.81000,1.98000,0.99994,0.00005,0.00000,0.00000,0.00001
38.01000,1.98000,0.99977,0.00019,0.00000,0.00000,0.00003
38.21000,1.98000,0.99965,0.00019,0.00000,0.00001,0.00016
38.41000,1.98000,0.99945,0.00016,0.00000,0.00003,0.00037
38.61000,1.98000,0.99984,0.00012,0.00000,0.00001,0.00003
38.81000,1.98000,0.99981,0.00018,0.00000,0.00000,0.00000
39.01000,1.98000,0.99808,0.00175,0.00005,0.00001,0.00011
39.21000,1.98000,0.58540,0.08582,0.24634,0.02039,0.06204
39.41000,1.98000,0.98977,0.00516,0.00420,0.00014,0.00073
39.61000,1.98000,0.99927,0.00067,0.00004,0.00000,0.00003
39.81000,1.98000,0.99899,0.00095,0.00002,0.00001,0.00003
40.01000,1.98000,0.99966,0.00028,0.00001,0.00000,0.00005
40.21000,1.98000,0.99957,0.00040,0.00000,0.00000,0.00003
40.41000,1.98000,0.99960,0.00011,0.00000,0.00004,0.00025
40.61000,1.98000,0.99907,0.00005,0.00000,0.00056,0.00031
40.81000,1.98000,0.99996,0.00003,0.00000,0.00000,0.00001
41.01000,1.98000,0.99977,0.00008,0.00000,0.00000,0.00015
41.21000,1.98000,0.99930,0.00018,0.00001,0.00002,0.00049
41.41000,1.98000,0.99992,0.00006,0.00000,0.00000,0.00001
41.61000,1.98000,0.99998,0.00001,0.00000,0.00000,0.00000
41.81000,1.98000,0.99979,0.00002,0.00000,0.00000,0.00019
42.01000,1.98000,0.99989,0.00004,0.00000,0.00000,0.00007
42.21000,1.98000,0.99994,0.00003,0.00000,0.00000,0.00003
42.41000,1.98000,0.99999,0.00000,0.00000,0.00000,0.00000
42.61000,1.98000,0.99998,0.00000,0.00002,0.00000,0.00000
42.81000,1.98000,0.99994,0.00001,0.00001,0.00003,0.00001
43.01000,1.98000,0.99987,0.00005,0.00006,0.00001,0.00000
43.21000,1.98000,0.99954,0.00008,0.00037,0.00001,0.00001
43.41000,1.98000,0.99910,0.00003,0.00086,0.00000,0.00000
43.61000,1.98000,0.99997,0.00001,0.00002,0.00000,0.00000
43.81000,1.98000,0.99992,0.00004,0.00004,0.00000,0.00000
44.01000,1.98000,0.99942,0.00009,0.00047,0.00001,0.00001
44.21000,1.98000,0.80108,0.02932,0.05013,0.07886,0.04062
44.41000,1.98000,0.92487,0.03142,0.00162,0.03680,0.00529
44.61000,1.98000,0.99942,0.00041,0.00009,0.00001,0.00006
44.81000,1.98000,0.99976,0.00022,0.00001,0.00000,0.00002
45.01000,1.98000,0.99958,0.00041,0.00000,0.00000,0.00001
45.21000,1.98000,0.99872,0.00124,0.00000,0.00001,0.00004
45.41000,1.98000,0.99099,0.00114,0.00000,0.00107,0.00680
45.61000,1.98000,0.99889,0.00020,0.00000,0.00009,0.00083
45.81000,1.98000,0.99951,0.00031,0.00000,0.00001,0.00018
46.01000,1.98000,0.99996,0.00003,0.00000,0.00000,0.00000
46.21000,1.98000,0.99998,0.00001,0.00000,0.00000,0.00000
46.41000,1.98000,0.99994,0.00001,0.00001,0.00001,0.00004
46.61000,1.98000,0.99992,0.00001,0.00000,0.00001,0.00005
46.81000,1.98000,0.99998,0.00000,0.00001,0.00000,0.00000
47.01000,1.98000,0.99995,0.00000,0.00004,0.00000,0.00000
47.21000,1.98000,0.99975,0.00000,0.00023,0.00001,0.00001
47.41000,1.98000,0.99825,0.00000,0.00169,0.00002,0.00004
47.61000,1.98000,0.99987,0.00000,0.00011,0.00000,0.00001
47.81000,1.98000,0.99992,0.00000,0.00005,0.00000,0.00002
48.01000,1.98000,0.99994,0.00002,0.00003,0.00000,0.00001
48.21000,1.98000,0.99997,0.00001,0.00000,0.00000,0.00001
48.41000,1.98000,0.99519,0.00146,0.00005,0.00274,0.00056
48.61000,1.98000,0.25392,0.03107,0.00046,0.69536,0.01919
48.81000,1.98000,0.93066,0.00601,0.00007,0.06071,0.00255
49.01000,1.98000,0.99414,0.00537,0.00000,0.00034,0.00014
49.21000,1.98000,0.99652,0.00333,0.00006,0.00002,0.00007
49.41000,1.98000,0.99926,0.00069,0.00001,0.00001,0.00003
49.61000,1.98000,0.99974,0.00023,0.00000,0.00000,0.00003
49.81000,1.98000,0.99993,0.00003,0.00000,0.00000,0.00004
50.01000,1.98000,0.99996,0.00002,0.00000,0.00000,0.00002
50.21000,1.98000,0.99870,0.00006,0.00000,0.00006,0.00118
50.41000,1.98000,0.99705,0.00016,0.00000,0.00062,0.00217
50.61000,1.98000,0.99916,0.00022,0.00000,0.00019,0.00043
50.81000,1.98000,0.99964,0.00017,0.00011,0.00003,0.00004
51.01000,1.98000,0.99988,0.00008,0.00003,0.00000,0.00001
51.21000,1.98000,0.99993,0.00005,0.00001,0.00000,0.00001
51.41000,1.98000,0.99998,0.00002,0.00000,0.00000,0.00000
51.61000,1.98000,0.99994,0.00002,0.00000,0.00000,0.00004
51.81000,1.98000,0.99988,0.00005,0.00000,0.00001,0.00006
52.01000,1.98000,0.99189,0.00082,0.00002,0.00224,0.00504
52.21000,1.98000,0.98936,0.00041,0.00291,0.00683,0.00049
52.41000,1.98000,0.99921,0.00006,0.00051,0.00015,0.00007
52.61000,1.98000,0.99946,0.00002,0.00038,0.00006,0.00008
52.81000,1.98000,0.99949,0.00001,0.00037,0.00003,0.00011
53.01000,1.98000,0.99985,0.00000,0.00006,0.00001,0.00008
53.21000,1.98000,0.99988,0.00001,0.00000,0.00002,0.00009
53.41000,1.98000,0.99988,0.00005,0.00000,0.00001,0.00006
53.61000,1.98000,0.99987,0.00009,0.00000,0.00000,0.00004
53.81000,1.98000,0.99975,0.00017,0.00000,0.00002,0.00006
54.01000,1.98000,0.99643,0.00235,0.00001,0.00074,0.00047
54.21000,1.98000,0.22816,0.07790,0.00840,0.52406,0.16147
54.41000,1.98000,0.96723,0.00952,0.00022,0.01936,0.00367
54.61000,1.98000,0.99969,0.00021,0.00000,0.00002,0.00007
54.81000,1.98000,0.99957,0.00036,0.00001,0.00002,0.00004
55.01000,1.98000,0.99984,0.00006,0.00003,0.00002,0.00005
55.21000,1.98000,0.99944,0.00047,0.00000,0.00004,0.00004
55.41000,1.98000,0.99981,0.00010,0.00000,0.00002,0.00007
55.61000,1.98000,0.99991,0.00003,0.00000,0.00000,0.00006
55.81000,1.98000,0.99994,0.00002,0.00000,0.00000,0.00004
56.01000,1.98000,0.99989,0.00004,0.00000,0.00002,0.00005
56.21000,1.98000,0.99210,0.00054,0.00001,0.00295,0.00441
56.41000,1.98000,0.65645,0.00236,0.00258,0.31123,0.02738
56.61000,1.98000,0.99207,0.00011,0.00097,0.00503,0.00183
56.81000,1.98000,0.99954,0.00000,0.00036,0.00002,0.00008
57.01000,1.98000,0.99990,0.00000,0.00007,0.00000,0.00002
57.21000,1.98000,0.99999,0.00000,0.00000,0.00000,0.00001
57.41000,1.98000,0.99999,0.00000,0.00000,0.00000,0.00001
57.61000,1.98000,0.99992,0.00000,0.00000,0.00005,0.00003
57.81000,1.98000,0.98852,0.00008,0.00002,0.01016,0.00122
58.01000,1.98000,0.49037,0.00049,0.00254,0.48835,0.01825
58.21000,1.98000,0.95272,0.00027,0.00038,0.04542,0.00121
58.41000,1.98000,0.99955,0.00012,0.00008,0.00023,0.00002
58.61000,1.98000,0.99991,0.00001,0.00007,0.00000,0.00000
58.81000,1.98000,0.99993,0.00001,0.00006,0.00000,0.00000
59.01000,1.98000,0.91535,0.00114,0.06279,0.01624,0.00447
59.21000,1.98000,0.10846,0.00722,0.07422,0.77317,0.03693
59.41000,1.98000,0.99921,0.00011,0.00000,0.00042,0.00025
59.61000,1.98000,0.99981,0.00003,0.00004,0.00002,0.00011
59.81000,1.98000,0.99993,0.00001,0.00002,0.00001,0.00003
60.01000,1.98000,0.99986,0.00004,0.00003,0.00002,0.00005
60.21000,1.98000,0.99971,0.00012,0.00000,0.00006,0.00010
60.41000,1.98000,0.99881,0.00015,0.00000,0.00067,0.00037
60.61000,1.98000,0.99939,0.00026,0.00000,0.00025,0.00010
60.81000,1.98000,0.99884,0.00048,0.00000,0.00045,0.00022
61.01000,1.98000,0.99754,0.00111,0.00000,0.00073,0.00062
61.21000,1.98000,0.99958,0.00031,0.00000,0.00001,0.00009
61.41000,1.98000,0.99982,0.00009,0.00000,0.00000,0.00008
61.61000,1.98000,0.99984,0.00005,0.00000,0.00000,0.00010
61.81000,1.98000,0.99992,0.00005,0.00000,0.00000,0.00003
62.01000,1.98000,0.99982,0.00003,0.00000,0.00000,0.00014
62.21000,1.98000,0.99997,0.00001,0.00000,0.00000,0.00002
62.41000,1.98000,0.99998,0.00001,0.00000,0.00000,0.00000
62.61000,1.98000,0.99999,0.00000,0.00000,0.00000,0.00000
62.81000,1.98000,0.99998,0.00000,0.00002,0.00000,0.00000
63.01000,1.98000,0.99997,0.00001,0.00002,0.00000,0.00000
63.21000,1.98000,0.99998,0.00001,0.00000,0.00000,0.00000
63.41000,1.98000,0.99999,0.00000,0.00001,0.00000,0.00000
63.61000,1.98000,0.99996,0.00001,0.00003,0.00000,0.00000
63.81000,1.98000,0.99993,0.00004,0.00003,0.00000,0.00000
64.01000,1.98000,0.99934,0.00037,0.00026,0.00002,0.00001
64.21000,1.98000,0.23144,0.00531,0.75392,0.00529,0.00405
64.41000,1.98000,0.99296,0.00446,0.00053,0.00115,0.00090
64.61000,1.98000,0.99912,0.00080,0.00002,0.00001,0.00005
64.81000,1.98000,0.99984,0.00014,0.00000,0.00000,0.00001
65.01000,1.98000,0.99997,0.00002,0.00000,0.00000,0.00001
65.21000,1.98000,0.99994,0.00006,0.00000,0.00000,0.00000
65.41000,1.98000,0.99984,0.00001,0.00000,0.00004,0.00011
65.61000,1.98000,0.99985,0.00000,0.00000,0.00008,0.00007
65.81000,1.98000,0.99818,0.00001,0.00002,0.00149,0.00030
66.01000,1.98000,0.99982,0.00002,0.00001,0.00011,0.00004
66.21000,1.98000,0.99998,0.00001,0.00001,0.00000,0.00000
66.41000,1.98000,0.99998,0.00002,0.00001,0.00000,0.00000
66.61000,1.98000,0.99998,0.00001,0.00001,0.00000,0.00000
66.81000,1.98000,0.99998,0.00002,0.00001,0.00000,0.00000
67.01000,1.98000,0.99999,0.00000,0.00000,0.00000,0.00000
67.21000,1.98000,0.99998,0.00001,0.00001,0.00000,0.00001
67.41000,1.98000,0.99999,0.00001,0.00001,0.00000,0.00000
67.61000,1.98000,0.99999,0.00000,0.00000,0.00000,0.00000
67.81000,1.98000,0.99999,0.00000,0.00001,0.00000,0.00000
68.01000,1.98000,0.99879,0.00001,0.00119,0.00000,0.00000
68.21000,1.98000,0.99244,0.00012,0.00740,0.00002,0.00002
68.41000,1.98000,0.99952,0.00002,0.00045,0.00001,0.00001
68.61000,1.98000,0.99966,0.00002,0.00029,0.00001,0.00002
68.81000,1.98000,0.99952,0.00000,0.00046,0.00000,0.00002
69.01000,1.98000,0.99984,0.00000,0.00015,0.00000,0.00001
69.21000,1.98000,1.00000,0.00000,0.00000,0.00000,0.00000
69.41000,1.98000,1.00000,0.00000,0.00000,0.00000,0.00000
69.61000,1.98000,0.99972,0.00009,0.00004,0.00012,0.00003
69.81000,1.98000,0.90431,0.00928,0.00964,0.05557,0.02120
70.01000,1.98000,0.95909,0.03114,0.00021,0.00440,0.00516
70.21000,1.98000,0.94480,0.05371,0.00021,0.00052,0.00076
70.41000,1.98000,0.98138,0.01475,0.00247,0.00032,0.00108
70.61000,1.98000,0.98656,0.00390,0.00865,0.00018,0.00071
70.81000,1.98000,0.99958,0.00025,0.00004,0.00001,0.00012
71.01000,1.98000,0.99917,0.00009,0.00003,0.00014,0.00058
71.21000,1.98000,0.99934,0.00001,0.00010,0.00006,0.00050
71.41000,1.98000,0.99958,0.00001,0.00001,0.00003,0.00038
71.61000,1.98000,0.99970,0.00000,0.00000,0.00005,0.00024
71.81000,1.98000,0.99976,0.00000,0.00000,0.00005,0.00019
72.01000,1.98000,0.99976,0.00000,0.00000,0.00002,0.00022
72.21000,1.98000,0.99985,0.00000,0.00000,0.00001,0.00014
72.41000,1.98000,0.99981,0.00000,0.00000,0.00000,0.00019
72.61000,1.98000,0.99980,0.00000,0.00000,0.00000,0.00019
72.81000,1.98000,0.99983,0.00000,0.00000,0.00001,0.00016
73.01000,1.98000,0.99993,0.00000,0.00000,0.00001,0.00006
73.21000,1.98000,0.99972,0.00000,0.00000,0.00004,0.00024
73.41000,1.98000,0.99996,0.00000,0.00000,0.00001,0.00003
73.61000,1.98000,0.99997,0.00000,0.00001,0.00000,0.00002
73.81000,1.98000,0.99997,0.00000,0.00001,0.00000,0.00003
74.01000,1.98000,0.99997,0.00000,0.00000,0.00000,0.00002
74.21000,1.98000,0.99993,0.00001,0.00000,0.00001,0.00005
74.41000,1.98000,0.99966,0.00011,0.00000,0.00003,0.00020
74.61000,1.98000,0.99301,0.00204,0.00005,0.00070,0.00420
74.81000,1.98000,0.35957,0.04434,0.14243,0.18718,0.26648
75.01000,1.98000,0.97813,0.00346,0.00128,0.00941,0.00772
75.21000,1.98000,0.99920,0.00020,0.00004,0.00004,0.00052
75.41000,1.98000,0.99977,0.00017,0.00000,0.00000,0.00004
75.61000,1.98000,0.99995,0.00002,0.00002,0.00000,0.00001
75.81000,1.98000,0.99989,0.00009,0.00000,0.00000,0.00001
76.01000,1.98000,0.99985,0.00005,0.00000,0.00002,0.00008
76.21000,1.98000,0.99964,0.00021,0.00000,0.00005,0.00009
76.41000,1.98000,0.99727,0.00142,0.00000,0.00045,0.00085
76.61000,1.98000,0.99182,0.00325,0.00000,0.00286,0.00208
76.81000,1.98000,0.98397,0.01250,0.00002,0.00205,0.00145
77.01000,1.98000,0.97875,0.01727,0.00023,0.00094,0.00281
77.21000,1.98000,0.97664,0.01247,0.00098,0.00212,0.00780
77.41000,1.98000,0.92052,0.07060,0.00008,0.00379,0.00500
77.61000,1.98000,0.94931,0.04253,0.00005,0.00080,0.00731
77.81000,1.98000,0.99205,0.00733,0.00000,0.00007,0.00055
78.01000,1.98000,0.99694,0.00277,0.00000,0.00003,0.00025
78.21000,1.98000,0.98932,0.01037,0.00001,0.00004,0.00025
78.41000,1.98000,0.99305,0.00658,0.00001,0.00005,0.00031
78.61000,1.98000,0.97685,0.02245,0.00018,0.00019,0.00032
78.81000,1.98000,0.27752,0.60335,0.02569,0.07835,0.01509
79.01000,1.98000,0.96907,0.02816,0.00016,0.00172,0.00089
79.21000,1.98000,0.99862,0.00132,0.00002,0.00000,0.00004
79.41000,1.98000,0.99951,0.00045,0.00001,0.00000,0.00003
79.61000,1.98000,0.99986,0.00013,0.00000,0.00000,0.00000
79.81000,1.98000,0.99997,0.00002,0.00000,0.00000,0.00000
80.01000,1.98000,0.99989,0.00000,0.00000,0.00007,0.00003
80.21000,1.98000,0.99924,0.00000,0.00000,0.00059,0.00017
80.41000,1.98000,0.99996,0.00000,0.00000,0.00002,0.00001
80.61000,1.98000,0.99993,0.00001,0.00005,0.00001,0.00001
80.81000,1.98000,0.99947,0.00001,0.00049,0.00001,0.00001
81.01000,1.98000,0.99887,0.00001,0.00109,0.00002,0.00001
81.21000,1.98000,0.99896,0.00000,0.00098,0.00002,0.00004
81.41000,1.98000,0.99925,0.00000,0.00067,0.00001,0.00006
81.61000,1.98000,0.99971,0.00000,0.00022,0.00001,0.00006
81.81000,1.98000,0.99993,0.00000,0.00003,0.00000,0.00004
82.01000,1.98000,0.99968,0.00000,0.00004,0.00002,0.00026
82.21000,1.98000,0.99957,0.00000,0.00001,0.00007,0.00036
82.41000,1.98000,0.99968,0.00000,0.00000,0.00005,0.00027
82.61000,1.98000,0.99965,0.00000,0.00000,0.00006,0.00028
82.81000,1.98000,0.99966,0.00000,0.00000,0.00008,0.00026
83.01000,1.98000,0.99970,0.00001,0.00000,0.00009,0.00020
83.21000,1.98000,0.99990,0.00001,0.00000,0.00002,0.00007
83.41000,1.98000,0.99995,0.00001,0.00000,0.00000,0.00004
83.61000,1.98000,0.99993,0.00002,0.00000,0.00001,0.00004
83.81000,1.98000,0.99930,0.00048,0.00000,0.00008,0.00014
84.01000,1.98000,0.96126,0.02094,0.00004,0.00787,0.00989
84.21000,1.98000,0.57339,0.02910,0.00045,0.04461,0.35246
84.41000,1.98000,0.98373,0.01416,0.00001,0.00025,0.00185
84.61000,1.98000,0.99937,0.00059,0.00000,0.00000,0.00004
84.81000,1.98000,0.99942,0.00056,0.00000,0.00000,0.00003
85.01000,1.98000,0.99974,0.00023,0.00002,0.00000,0.00001
85.21000,1.98000,0.99976,0.00021,0.00001,0.00000,0.00001
85.41000,1.98000,0.99963,0.00012,0.00001,0.00007,0.00018
85.61000,1.98000,0.99977,0.00006,0.00012,0.00004,0.00001
85.81000,1.98000,0.99967,0.00004,0.00026,0.00001,0.00002
86.01000,1.98000,0.99932,0.00003,0.00060,0.00002,0.00003
86.21000,1.98000,0.99951,0.00003,0.00043,0.00001,0.00002
86.41000,1.98000,0.99976,0.00001,0.00019,0.00001,0.00003
86.61000,1.98000,0.99992,0.00001,0.00004,0.00000,0.00003
86.81000,1.98000,0.99994,0.00002,0.00001,0.00000,0.00003
87.01000,1.98000,0.99996,0.00002,0.00000,0.00000,0.00002
87.21000,1.98000,0.99998,0.00000,0.00000,0.00000,0.00001
87.41000,1.98000,0.99993,0.00005,0.00000,0.00000,0.00002
87.61000,1.98000,0.98108,0.00087,0.00006,0.01219,0.00580
87.81000,1.98000,0.99922,0.00050,0.00000,0.00013,0.00015
88.01000,1.98000,0.99338,0.00553,0.00030,0.00062,0.00017
88.21000,1.98000,0.99472,0.00433,0.00090,0.00003,0.00002
88.41000,1.98000,0.99855,0.00123,0.00018,0.00002,0.00001
88.61000,1.98000,0.92886,0.04635,0.02279,0.00139,0.00061
88.81000,1.98000,0.25738,0.22405,0.34658,0.16259,0.00939
89.01000,1.98000,0.98020,0.01146,0.00001,0.00779,0.00055
89.21000,1.98000,0.99942,0.00048,0.00000,0.00002,0.00008
89.41000,1.98000,0.99989,0.00009,0.00000,0.00000,0.00002
89.61000,1.98000,0.99994,0.00004,0.00000,0.00000,0.00001
89.81000,1.98000,0.99996,0.00003,0.00000,0.00000,0.00001
90.01000,1.98000,0.99994,0.00002,0.00000,0.00001,0.00003
90.21000,1.98000,0.99989,0.00007,0.00000,0.00001,0.00003
90.41000,1.98000,0.99968,0.00017,0.00000,0.00005,0.00010
90.61000,1.98000,0.99981,0.00015,0.00000,0.00001,0.00003
90.81000,1.98000,0.99613,0.00342,0.00000,0.00007,0.00038
91.01000,1.98000,0.99815,0.00113,0.00000,0.00019,0.00053
91.21000,1.98000,0.99885,0.00108,0.00000,0.00003,0.00004
91.41000,1.98000,0.99877,0.00083,0.00003,0.00016,0.00021
91.61000,1.98000,0.99726,0.00161,0.00002,0.00079,0.00032
91.81000,1.98000,0.99911,0.00072,0.00002,0.00011,0.00005
92.01000,1.98000,0.99949,0.00022,0.00004,0.00011,0.00014
92.21000,1.98000,0.99868,0.00044,0.00002,0.00062,0.00023
92.41000,1.98000,0.99889,0.00037,0.00002,0.00053,0.00019
92.61000,1.98000,0.99888,0.00042,0.00001,0.00045,0.00025
92.81000,1.98000,0.99603,0.00139,0.00001,0.00217,0.00040
93.01000,1.98000,0.99363,0.00168,0.00003,0.00388,0.00078
93.21000,1.98000,0.99876,0.00059,0.00001,0.00024,0.00041
93.41000,1.98000,0.99933,0.00031,0.00001,0.00020,0.00015
93.61000,1.98000,0.99864,0.00113,0.00000,0.00011,0.00012
93.81000,1.98000,0.99825,0.00134,0.00000,0.00014,0.00026
94.01000,1.98000,0.98885,0.00749,0.00010,0.00117,0.00239
94.21000,1.98000,0.72214,0.10198,0.02032,0.10199,0.05356
94.41000,1.98000,0.99400,0.00265,0.00001,0.00185,0.00149
94.61000,1.98000,0.99980,0.00010,0.00000,0.00001,0.00009
94.81000,1.98000,0.99996,0.00002,0.00000,0.00000,0.00002
95.01000,1.98000,0.99999,0.00000,0.00000,0.00000,0.00001
95.21000,1.98000,0.99993,0.00003,0.00000,0.00001,0.00002
95.41000,1.98000,0.99991,0.00002,0.00000,0.00001,0.00005
95.61000,1.98000,0.99988,0.00004,0.00000,0.00001,0.00007
95.81000,1.98000,0.99956,0.00009,0.00000,0.00013,0.00022
96.01000,1.98000,0.98084,0.00056,0.00002,0.01343,0.00516
96.21000,1.98000,0.96609,0.00064,0.00007,0.02601,0.00720
96.41000,1.98000,0.99612,0.00036,0.00003,0.00200,0.00149
96.61000,1.98000,0.99950,0.00012,0.00010,0.00009,0.00019
96.81000,1.98000,0.99939,0.00029,0.00010,0.00009,0.00013
97.01000,1.98000,0.99901,0.00031,0.00011,0.00017,0.00040
97.21000,1.98000,0.99913,0.00019,0.00002,0.00033,0.00033
97.41000,1.98000,0.99834,0.00011,0.00001,0.00116,0.00038
97.61000,1.98000,0.99813,0.00005,0.00001,0.00114,0.00067
97.81000,1.98000,0.99860,0.00002,0.00002,0.00038,0.00099
98.01000,1.98000,0.99984,0.00000,0.00000,0.00001,0.00015
98.21000,1.98000,0.99997,0.00000,0.00000,0.00000,0.00003
98.41000,1.98000,0.99996,0.00001,0.00000,0.00000,0.00003
98.61000,1.98000,0.99985,0.00009,0.00000,0.00003,0.00004
98.81000,1.98000,0.98827,0.00489,0.00019,0.00492,0.00172
99.01000,1.98000,0.77168,0.01793,0.00224,0.12101,0.08713
99.21000,1.98000,0.99635,0.00241,0.00002,0.00044,0.00078
99.41000,1.98000,0.99936,0.00036,0.00002,0.00001,0.00026
99.61000,1.98000,0.99992,0.00004,0.00000,0.00000,0.00004
99.81000,1.98000,1.00000,0.00000,0.00000,0.00000,0.00000
100.01000,1.98000,0.99999,0.00000,0.00000,0.00000,0.00000
100.21000,1.98000,0.99939,0.00000,0.00000,0.00011,0.00050
100.41000,1.98000,0.99899,0.00000,0.00001,0.00079,0.00021
100.61000,1.98000,0.99998,0.00000,0.00001,0.00000,0.00000
100.81000,1.98000,0.99999,0.00000,0.00000,0.00000,0.00000
101.01000,1.98000,0.99994,0.00000,0.00005,0.00000,0.00000
101.21000,1.98000,0.99528,0.00000,0.00462,0.00002,0.00007
101.41000,1.98000,0.99905,0.00000,0.00092,0.00000,0.00003
101.61000,1.98000,0.99991,0.00000,0.00008,0.00000,0.00001
101.81000,1.98000,0.99998,0.00000,0.00002,0.00000,0.00001
102.01000,1.98000,0.99999,0.00000,0.00000,0.00000,0.00000
102.21000,1.98000,0.99999,0.00000,0.00000,0.00000,0.00000
102.41000,1.98000,0.99999,0.00000,0.00000,0.00000,0.00001
102.61000,1.98000,0.99992,0.00000,0.00003,0.00000,0.00004
102.81000,1.98000,0.99913,0.00000,0.00030,0.00015,0.00042
103.01000,1.98000,0.99982,0.00000,0.00000,0.00004,0.00014
103.21000,1.98000,0.99999,0.00000,0.00000,0.00000,0.00001
103.41000,1.98000,0.99999,0.00000,0.00000,0.00000,0.00000
103.61000,1.98000,0.99999,0.00000,0.00000,0.00000,0.00001
103.81000,1.98000,0.99979,0.00009,0.00000,0.00008,0.00003
104.01000,1.98000,0.90192,0.02794,0.00048,0.06051,0.00914
104.21000,1.98000,0.34871,0.02440,0.00183,0.59600,0.02905
104.41000,1.98000,0.96988,0.02090,0.00001,0.00841,0.00080
104.61000,1.98000,0.99550,0.00443,0.00000,0.00003,0.00004
104.81000,1.98000,0.99876,0.00122,0.00000,0.00000,0.00002
105.01000,1.98000,0.99959,0.00040,0.00000,0.00000,0.00001
105.21000,1.98000,0.99974,0.00023,0.00000,0.00001,0.00002
105.41000,1.98000,0.99925,0.00005,0.00000,0.00007,0.00062
105.61000,1.98000,0.99922,0.00013,0.00000,0.00010,0.00056
105.81000,1.98000,0.99968,0.00009,0.00000,0.00004,0.00018
106.01000,1.98000,0.99982,0.00016,0.00001,0.00001,0.00001
106.21000,1.98000,0.99991,0.00008,0.00000,0.00000,0.00000
106.41000,1.98000,0.99997,0.00003,0.00000,0.00000,0.00000
106.61000,1.98000,0.99996,0.00003,0.00000,0.00000,0.00000
106.81000,1.98000,0.99987,0.00010,0.00000,0.00000,0.00003
107.01000,1.98000,0.99958,0.00039,0.00000,0.00000,0.00003
107.21000,1.98000,0.99563,0.00227,0.00002,0.00079,0.00129
107.41000,1.98000,0.99896,0.00097,0.00001,0.00003,0.00002
107.61000,1.98000,0.99943,0.00052,0.00001,0.00001,0.00003
107.81000,1.98000,0.99749,0.00233,0.00012,0.00002,0.00004
108.01000,1.98000,0.98106,0.01806,0.00059,0.00004,0.00025
108.21000,1.98000,0.91957,0.07403,0.00466,0.00046,0.00128
108.41000,1.98000,0.39888,0.11364,0.11836,0.02125,0.34787
108.61000,1.98000,0.95607,0.01573,0.00014,0.00364,0.02442
108.81000,1.98000,0.99779,0.00100,0.00002,0.00004,0.00115
109.01000,1.98000,0.99950,0.00036,0.00001,0.00000,0.00013
109.21000,1.98000,0.99980,0.00010,0.00000,0.00000,0.00010
109.41000,1.98000,0.99991,0.00007,0.00000,0.00000,0.00001
109.61000,1.98000,0.99983,0.00005,0.00000,0.00003,0.00009
109.81000,1.98000,0.99966,0.00010,0.00000,0.00013,0.00011
110.01000,1.98000,0.99978,0.00008,0.00001,0.00003,0.00010
110.21000,1.98000,0.99972,0.00024,0.00000,0.00000,0.00003
110.41000,1.98000,0.99533,0.00259,0.00001,0.00019,0.00188
110.61000,1.98000,0.98709,0.01184,0.00001,0.00042,0.00064
110.81000,1.98000,0.99397,0.00482,0.00012,0.00040,0.00069
111.01000,1.98000,0.99512,0.00339,0.00018,0.00062,0.00069
111.21000,1.98000,0.99409,0.00198,0.00018,0.00190,0.00184
111.41000,1.98000,0.99167,0.00375,0.00042,0.00223,0.00194
111.61000,1.98000,0.99520,0.00154,0.00048,0.00094,0.00184
111.81000,1.98000,0.99879,0.00031,0.00014,0.00018,0.00058
112.01000,1.98000,0.99945,0.00001,0.00005,0.00010,0.00039
112.21000,1.98000,0.99974,0.00000,0.00001,0.00002,0.00023
112.41000,1.98000,0.99974,0.00000,0.00000,0.00004,0.00021
112.61000,1.98000,0.99968,0.00000,0.00000,0.00008,0.00023
112.81000,1.98000,0.99961,0.00000,0.00000,0.00015,0.00023
113.01000,1.98000,0.99965,0.00000,0.00000,0.00010,0.00025
113.21000,1.98000,0.99968,0.00000,0.00000,0.00006,0.00026
113.41000,1.98000,0.99993,0.00000,0.00000,0.00001,0.00006
113.61000,1.98000,0.99999,0.00000,0.00000,0.00000,0.00001
113.81000,1.98000,0.99998,0.00000,0.00000,0.00000,0.00001
114.01000,1.98000,0.99994,0.00001,0.00000,0.00004,0.00001
114.21000,1.98000,0.99765,0.00052,0.00004,0.00160,0.00019
114.41000,1.98000,0.20998,0.01922,0.01749,0.72743,0.02589
114.61000,1.98000,0.98061,0.00150,0.00007,0.01580,0.00202
114.81000,1.98000,0.99980,0.00005,0.00000,0.00005,0.00009
115.01000,1.98000,0.99998,0.00000,0.00000,0.00000,0.00002
115.21000,1.98000,0.99999,0.00000,0.00000,0.00000,0.00000
115.41000,1.98000,1.00000,0.00000,0.00000,0.00000,0.00000
115.61000,1.98000,0.99999,0.00000,0.00000,0.00001,0.00001
115.81000,1.98000,0.99995,0.00000,0.00000,0.00003,0.00001
116.01000,1.98000,0.99967,0.00000,0.00000,0.00026,0.00007
116.21000,1.98000,0.99205,0.00000,0.00004,0.00707,0.00083
116.41000,1.98000,0.97563,0.00003,0.00139,0.02143,0.00151
116.61000,1.98000,0.99912,0.00001,0.00085,0.00001,0.00001
116.81000,1.98000,0.99919,0.00000,0.00079,0.00000,0.00001
117.01000,1.98000,0.99870,0.00000,0.00127,0.00001,0.00002
117.21000,1.98000,0.99968,0.00000,0.00030,0.00000,0.00002
117.41000,1.98000,0.99996,0.00000,0.00004,0.00000,0.00001
117.61000,1.98000,0.99987,0.00000,0.00008,0.00001,0.00004
117.81000,1.98000,0.99939,0.00000,0.00036,0.00006,0.00020
118.01000,1.98000,0.99997,0.00000,0.00000,0.00000,0.00002
118.21000,1.98000,0.99996,0.00000,0.00000,0.00000,0.00003
118.41000,1.98000,0.99988,0.00002,0.00000,0.00001,0.00009
118.61000,1.98000,0.99978,0.00007,0.00000,0.00007,0.00008
118.81000,1.98000,0.99924,0.00031,0.00001,0.00037,0.00007
119.01000,1.98000,0.48600,0.03555,0.02456,0.38834,0.06556
119.21000,1.98000,0.87203,0.06292,0.00012,0.04881,0.01612
119.41000,1.98000,0.88167,0.11704,0.00003,0.00055,0.00071
119.61000,1.98000,0.90052,0.09907,0.00017,0.00004,0.00021
119.81000,1.98000,0.92804,0.07173,0.00009,0.00003,0.00011
120.01000,1.98000,0.84490,0.15486,0.00007,0.00002,0.00016
120.21000,1.98000,0.99858,0.00096,0.00000,0.00001,0.00044
120.41000,1.98000,0.99744,0.00218,0.00000,0.00001,0.00037
120.61000,1.98000,0.98914,0.01081,0.00000,0.00000,0.00005
120.81000,1.98000,0.98977,0.00990,0.00000,0.00001,0.00031
121.01000,1.98000,0.99207,0.00783,0.00000,0.00000,0.00009
121.21000,1.98000,0.99437,0.00531,0.00007,0.00000,0.00025
121.41000,1.98000,0.99609,0.00366,0.00020,0.00000,0.00005
121.61000,1.98000,0.99034,0.00754,0.00175,0.00005,0.00033
121.81000,1.98000,0.99562,0.00300,0.00095,0.00003,0.00040
