Time (seconds), Duration (seconds),pred_(unlabeled),pred_On,pred_Off,pred_Dimmer,pred_Lighter
0.01000,1.98000,0.99999,0.00000,0.00000,0.00000,0.00001
0.21000,1.98000,0.99999,0.00000,0.00000,0.00000,0.00001
0.41000,1.98000,0.99999,0.00000,0.00000,0.00000,0.00001
0.61000,1.98000,0.99999,0.00000,0.00000,0.00000,0.00001
0.81000,1.98000,0.99999,0.00000,0.00000,0.00000,0.00001
1.01000,1.98000,0.99999,0.00000,0.00000,0.00000,0.00001
1.21000,1.98000,0.99999,0.00000,0.00000,0.00000,0.00001
1.41000,1.98000,0.99999,0.00000,0.00000,0.00000,0.00001
1.61000,1.98000,0.99999,0.00000,0.00000,0.00000,0.00001
1.81000,1.98000,0.99999,0.00000,0.00000,0.00000,0.00001
2.01000,1.98000,0.99999,0.00000,0.00000,0.00000,0.00001
2.21000,1.98000,0.99999,0.00000,0.00000,0.00000,0.00001
2.41000,1.98000,0.99999,0.00000,0.00000,0.00000,0.00001
2.61000,1.98000,0.99999,0.00000,0.00000,0.00000,0.00001
2.81000,1.98000,0.99999,0.00000,0.00000,0.00000,0.00001
3.01000,1.98000,0.99999,0.00000,0.00000,0.00000,0.00001
3.21000,1.98000,0.99999,0.00000,0.00000,0.00000,0.00001
3.41000,1.98000,0.99999,0.00000,0.00000,0.00000,0.00001
3.61000,1.98000,1.00000,0.00000,0.00000,0.00000,0.00000
3.81000,1.98000,1.00000,0.00000,0.00000,0.00000,0.00000
4.01000,1.98000,0.99729,0.00000,0.00265,0.00000,0.00006
4.21000,1.98000,0.96195,0.00000,0.03570,0.00000,0.00234
4.41000,1.98000,0.94687,0.00000,0.04928,0.00000,0.00384
4.61000,1.98000,0.95035,0.00000,0.04611,0.00000,0.00353
4.81000,1.98000,0.94697,0.00000,0.04917,0.00000,0.00386
5.01000,1.98000,0.94435,0.00000,0.05138,0.00000,0.00426
5.21000,1.98000,0.95343,0.00000,0.04312,0.00000,0.00344
5.41000,1.98000,0.99199,0.00000,0.00747,0.00000,0.00055
5.61000,1.98000,0.99938,0.00000,0.00056,0.00000,0.00006
5.81000,1.98000,0.99998,0.00000,0.00000,0.00000,0.00002
6.01000,1.98000,0.99999,0.00000,0.00000,0.00000,0.00001
6.21000,1.98000,1.00000,0.00000,0.00000,0.00000,0.00000
6.41000,1.98000,1.00000,0.00000,0.00000,0.00000,0.00000
6.61000,1.98000,1.00000,0.00000,0.00000,0.00000,0.00000
6.81000,1.98000,1.00000,0.00000,0.00000,0.00000,0.00000
7.01000,1.98000,0.99998,0.00000,0.00000,0.00000,0.00002
7.21000,1.98000,0.99992,0.00000,0.00000,0.00000,0.00007
7.41000,1.98000,0.99980,0.00000,0.00000,0.00000,0.00019
7.61000,1.98000,0.99971,0.00000,0.00001,0.00000,0.00028
7.81000,1.98000,0.99973,0.00000,0.00001,0.00000,0.00027
8.01000,1.98000,0.99957,0.00000,0.00001,0.00000,0.00042
8.21000,1.98000,0.99951,0.00000,0.00001,0.00000,0.00048
8.41000,1.98000,0.99961,0.00000,0.00001,0.00000,0.00038
8.61000,1.98000,0.99988,0.00000,0.00000,0.00000,0.00012
8.81000,1.98000,0.99996,0.00000,0.00000,0.00000,0.00004
9.01000,1.98000,0.99998,0.00000,0.00000,0.00000,0.00002
9.21000,1.98000,0.99999,0.00000,0.00000,0.00000,0.00001
9.41000,1.98000,0.99999,0.00000,0.00000,0.00000,0.00001
9.61000,1.98000,0.99999,0.00000,0.00000,0.00000,0.00001
9.81000,1.98000,0.99999,0.00000,0.00000,0.00000,0.00001
10.01000,1.98000,0.99999,0.00000,0.00000,0.00000,0.00001
10.21000,1.98000,0.99999,0.00000,0.00000,0.00000,0.00001
10.41000,1.98000,0.99999,0.00000,0.00000,0.00000,0.00001
10.61000,1.98000,0.99999,0.00000,0.00000,0.00000,0.00001
10.81000,1.98000,0.99999,0.00000,0.00000,0.00000,0.00001
11.01000,1.98000,0.99999,0.00000,0.00000,0.00000,0.00001
11.21000,1.98000,0.99999,0.00000,0.00000,0.00000,0.00001
11.41000,1.98000,0.99999,0.00000,0.00000,0.00000,0.00001
11.61000,1.98000,0.99999,0.00000,0.00000,0.00000,0.00001
11.81000,1.98000,0.99999,0.00000,0.00000,0.00000,0.00001
12.01000,1.98000,0.99999,0.00000,0.00000,0.00000,0.00001
12.21000,1.98000,0.99999,0.00000,0.00000,0.00000,0.00001
12.41000,1.98000,0.99999,0.00000,0.00000,0.00000,0.00001
12.61000,1.98000,0.99999,0.00000,0.00000,0.00000,0.00001
12.81000,1.98000,0.99999,0.00000,0.00000,0.00000,0.00001
13.01000,1.98000,1.00000,0.00000,0.00000,0.00000,0.00000
13.21000,1.98000,1.00000,0.00000,0.00000,0.00000,0.00000
13.41000,1.98000,1.00000,0.00000,0.00000,0.00000,0.00000
13.61000,1.98000,0.99983,0.00000,0.00017,0.00000,0.00000
13.81000,1.98000,0.90852,0.00000,0.08925,0.00000,0.00222
14.01000,1.98000,0.88442,0.00001,0.11160,0.00000,0.00397
14.21000,1.98000,0.88571,0.00001,0.11009,0.00000,0.00420
14.41000,1.98000,0.87089,0.00001,0.12371,0.00000,0.00538
14.61000,1.98000,0.87505,0.00001,0.12005,0.00000,0.00488
14.81000,1.98000,0.93314,0.00000,0.06502,0.00000,0.00183
15.01000,1.98000,0.97668,0.00000,0.02261,0.00000,0.00070
15.21000,1.98000,0.99906,0.00000,0.00087,0.00000,0.00006
15.41000,1.98000,0.99997,0.00000,0.00002,0.00000,0.00001
15.61000,1.98000,0.99999,0.00000,0.00000,0.00000,0.00001
15.81000,1.98000,1.00000,0.00000,0.00000,0.00000,0.00000
16.01000,1.98000,1.00000,0.00000,0.00000,0.00000,0.00000
16.21000,1.98000,1.00000,0.00000,0.00000,0.00000,0.00000
16.41000,1.98000,1.00000,0.00000,0.00000,0.00000,0.00000
16.61000,1.98000,1.00000,0.00000,0.00000,0.00000,0.00000
16.81000,1.98000,0.99999,0.00000,0.00000,0.00000,0.00001
17.01000,1.98000,0.99999,0.00000,0.00000,0.00000,0.00001
17.21000,1.98000,0.99999,0.00000,0.00000,0.00000,0.00001
17.41000,1.98000,0.99999,0.00000,0.00000,0.00000,0.00001
17.61000,1.98000,0.99999,0.00000,0.00000,0.00000,0.00001
17.81000,1.98000,0.99999,0.00000,0.00000,0.00000,0.00001
18.01000,1.98000,0.99998,0.00000,0.00000,0.00000,0.00002
18.21000,1.98000,0.99998,0.00000,0.00000,0.00000,0.00002
18.41000,1.98000,0.99998,0.00000,0.00000,0.00000,0.00002
18.61000,1.98000,0.99999,0.00000,0.00000,0.00000,0.00001
18.81000,1.98000,0.99999,0.00000,0.00000,0.00000,0.00001
19.01000,1.98000,0.99998,0.00000,0.00000,0.00000,0.00002
19.21000,1.98000,0.99998,0.00000,0.00000,0.00000,0.00001
19.41000,1.98000,0.99998,0.00000,0.00000,0.00000,0.00002
19.61000,1.98000,0.99997,0.00000,0.00000,0.00000,0.00003
19.81000,1.98000,0.99996,0.00000,0.00000,0.00000,0.00004
20.01000,1.98000,0.99995,0.00000,0.00000,0.00000,0.00004
20.21000,1.98000,0.99996,0.00000,0.00000,0.00000,0.00004
20.41000,1.98000,0.99996,0.00000,0.00000,0.00000,0.00004
20.61000,1.98000,0.99995,0.00000,0.00000,0.00000,0.00005
20.81000,1.98000,0.99995,0.00000,0.00000,0.00000,0.00005
21.01000,1.98000,0.99995,0.00000,0.00000,0.00000,0.00005
21.21000,1.98000,0.99997,0.00000,0.00000,0.00000,0.00003
21.41000,1.98000,0.99998,0.00000,0.00000,0.00000,0.00002
21.61000,1.98000,0.99999,0.00000,0.00000,0.00000,0.00001
21.81000,1.98000,0.99999,0.00000,0.00000,0.00000,0.00001
22.01000,1.98000,0.99999,0.00000,0.00000,0.00000,0.00001
22.21000,1.98000,0.99999,0.00000,0.00000,0.00000,0.00001
22.41000,1.98000,0.99999,0.00000,0.00000,0.00000,0.00001
22.61000,1.98000,0.99999,0.00000,0.00000,0.00000,0.00001
22.81000,1.98000,0.99999,0.00000,0.00000,0.00000,0.00001
23.01000,1.98000,0.99999,0.00000,0.00000,0.00000,0.00001
23.21000,1.98000,0.99999,0.00000,0.00000,0.00000,0.00001
23.41000,1.98000,0.99999,0.00000,0.00000,0.00000,0.00001
23.61000,1.98000,0.99999,0.00000,0.00000,0.00000,0.00001
23.81000,1.98000,0.99999,0.00000,0.00000,0.00000,0.00001
24.01000,1.98000,1.00000,0.00000,0.00000,0.00000,0.00000
24.21000,1.98000,1.00000,0.00000,0.00000,0.00000,0.00000
24.41000,1.98000,0.99962,0.00000,0.00037,0.00000,0.00001
24.61000,1.98000,0.94032,0.00003,0.05281,0.00001,0.00683
24.81000,1.98000,0.91574,0.00006,0.07271,0.00003,0.01146
25.01000,1.98000,0.89177,0.00012,0.09128,0.00005,0.01678
25.21000,1.98000,0.88071,0.00020,0.10113,0.00012,0.01785
25.41000,1.98000,0.91045,0.00022,0.07690,0.00017,0.01225
25.61000,1.98000,0.95558,0.00012,0.03909,0.00015,0.00507
25.81000,1.98000,0.99734,0.00000,0.00244,0.00001,0.00021
26.01000,1.98000,0.99982,0.00000,0.00015,0.00000,0.00003
26.21000,1.98000,0.99999,0.00000,0.00000,0.00000,0.00001
26.41000,1.98000,1.00000,0.00000,0.00000,0.00000,0.00000
26.61000,1.98000,1.00000,0.00000,0.00000,0.00000,0.00000
26.81000,1.98000,1.00000,0.00000,0.00000,0.00000,0.00000
27.01000,1.98000,1.00000,0.00000,0.00000,0.00000,0.00000
27.21000,1.98000,1.00000,0.00000,0.00000,0.00000,0.00000
27.41000,1.98000,1.00000,0.00000,0.00000,0.00000,0.00000
27.61000,1.98000,1.00000,0.00000,0.00000,0.00000,0.00000
27.81000,1.98000,1.00000,0.00000,0.00000,0.00000,0.00000
28.01000,1.98000,1.00000,0.00000,0.00000,0.00000,0.00000
28.21000,1.98000,1.00000,0.00000,0.00000,0.00000,0.00000
28.41000,1.98000,1.00000,0.00000,0.00000,0.00000,0.00000
28.61000,1.98000,1.00000,0.00000,0.00000,0.00000,0.00000
28.81000,1.98000,1.00000,0.00000,0.00000,0.00000,0.00000
29.01000,1.98000,1.00000,0.00000,0.00000,0.00000,0.00000
29.21000,1.98000,1.00000,0.00000,0.00000,0.00000,0.00000
29.41000,1.98000,1.00000,0.00000,0.00000,0.00000,0.00000
29.61000,1.98000,1.00000,0.00000,0.00000,0.00000,0.00000
29.81000,1.98000,0.99999,0.00000,0.00000,0.00000,0.00001
30.01000,1.98000,0.99999,0.00000,0.00000,0.00000,0.00001
30.21000,1.98000,0.99998,0.00000,0.00000,0.00000,0.00002
30.41000,1.98000,0.99997,0.00000,0.00000,0.00000,0.00003
30.61000,1.98000,0.99997,0.00000,0.00000,0.00000,0.00003
30.81000,1.98000,0.99996,0.00000,0.00000,0.00000,0.00004
31.01000,1.98000,0.99994,0.00000,0.00000,0.00000,0.00006
31.21000,1.98000,0.99995,0.00000,0.00000,0.00000,0.00005
31.41000,1.98000,0.99992,0.00000,0.00000,0.00000,0.00008
31.61000,1.98000,0.99991,0.00000,0.00000,0.00000,0.00009
31.81000,1.98000,0.99993,0.00000,0.00000,0.00000,0.00007
32.01000,1.98000,0.99996,0.00000,0.00000,0.00000,0.00004
32.21000,1.98000,0.99995,0.00000,0.00000,0.00000,0.00005
32.41000,1.98000,0.99991,0.00000,0.00000,0.00000,0.00009
32.61000,1.98000,0.99992,0.00000,0.00000,0.00000,0.00008
32.81000,1.98000,0.99994,0.00000,0.00000,0.00000,0.00006
33.01000,1.98000,0.99996,0.00000,0.00000,0.00000,0.00004
33.21000,1.98000,0.99997,0.00000,0.00000,0.00000,0.00003
33.41000,1.98000,0.99999,0.00000,0.00000,0.00000,0.00001
33.61000,1.98000,1.00000,0.00000,0.00000,0.00000,0.00000
33.81000,1.98000,0.99994,0.00000,0.00005,0.00000,0.00000
34.01000,1.98000,0.99201,0.00000,0.00798,0.00000,0.00001
34.21000,1.98000,0.80780,0.00008,0.18939,0.00000,0.00272
34.41000,1.98000,0.77474,0.00015,0.22153,0.00001,0.00357
34.61000,1.98000,0.75961,0.00022,0.23715,0.00001,0.00301
34.81000,1.98000,0.75936,0.00032,0.23775,0.00001,0.00255
35.01000,1.98000,0.80253,0.00039,0.19553,0.00002,0.00153
35.21000,1.98000,0.92320,0.00013,0.07638,0.00000,0.00030
35.41000,1.98000,0.99727,0.00001,0.00271,0.00000,0.00001
35.61000,1.98000,0.99982,0.00000,0.00017,0.00000,0.00001
35.81000,1.98000,1.00000,0.00000,0.00000,0.00000,0.00000
36.01000,1.98000,1.00000,0.00000,0.00000,0.00000,0.00000
36.21000,1.98000,1.00000,0.00000,0.00000,0.00000,0.00000
36.41000,1.98000,1.00000,0.00000,0.00000,0.00000,0.00000
36.61000,1.98000,1.00000,0.00000,0.00000,0.00000,0.00000
36.81000,1.98000,1.00000,0.00000,0.00000,0.00000,0.00000
37.01000,1.98000,1.00000,0.00000,0.00000,0.00000,0.00000
37.21000,1.98000,1.00000,0.00000,0.00000,0.00000,0.00000
37.41000,1.98000,0.99999,0.00000,0.00000,0.00000,0.00001
37.61000,1.98000,0.99999,0.00000,0.00000,0.00000,0.00001
37.81000,1.98000,0.99999,0.00000,0.00000,0.00000,0.00001
38.01000,1.98000,0.99999,0.00000,0.00000,0.00000,0.00001
38.21000,1.98000,0.99996,0.00000,0.00000,0.00000,0.00004
38.41000,1.98000,0.99991,0.00000,0.00000,0.00000,0.00009
38.61000,1.98000,0.99992,0.00000,0.00000,0.00000,0.00008
38.81000,1.98000,0.99977,0.00000,0.00000,0.00000,0.00022
39.01000,1.98000,0.99936,0.00000,0.00000,0.00000,0.00064
39.21000,1.98000,0.99968,0.00000,0.00000,0.00000,0.00032
39.41000,1.98000,0.99928,0.00000,0.00000,0.00000,0.00072
39.61000,1.98000,0.99911,0.00000,0.00001,0.00000,0.00088
39.81000,1.98000,0.99949,0.00000,0.00000,0.00000,0.00051
40.01000,1.98000,0.99963,0.00000,0.00000,0.00000,0.00037
40.21000,1.98000,0.99960,0.00000,0.00000,0.00000,0.00039
40.41000,1.98000,0.99982,0.00000,0.00000,0.00000,0.00018
40.61000,1.98000,0.99976,0.00000,0.00000,0.00000,0.00024
40.81000,1.98000,0.99978,0.00000,0.00000,0.00000,0.00022
41.01000,1.98000,0.99969,0.00000,0.00000,0.00000,0.00030
41.21000,1.98000,0.99950,0.00000,0.00000,0.00000,0.00049
41.41000,1.98000,0.99950,0.00000,0.00000,0.00000,0.00049
41.61000,1.98000,0.99971,0.00000,0.00000,0.00000,0.00028
41.81000,1.98000,0.99984,0.00000,0.00000,0.00000,0.00016
42.01000,1.98000,0.99988,0.00000,0.00006,0.00000,0.00006
42.21000,1.98000,0.99104,0.00000,0.00811,0.00000,0.00085
42.41000,1.98000,0.90814,0.00003,0.07268,0.00000,0.01914
42.61000,1.98000,0.89625,0.00003,0.08497,0.00000,0.01876
42.81000,1.98000,0.86439,0.00003,0.11641,0.00001,0.01916
43.01000,1.98000,0.82674,0.00005,0.15416,0.00002,0.01902
43.21000,1.98000,0.84354,0.00006,0.14070,0.00002,0.01567
43.41000,1.98000,0.97966,0.00000,0.01928,0.00000,0.00105
43.61000,1.98000,0.99554,0.00000,0.00423,0.00000,0.00023
43.81000,1.98000,0.99927,0.00000,0.00068,0.00000,0.00005
44.01000,1.98000,0.99997,0.00000,0.00000,0.00000,0.00002
44.21000,1.98000,0.99999,0.00000,0.00000,0.00000,0.00001
44.41000,1.98000,0.99999,0.00000,0.00000,0.00000,0.00001
44.61000,1.98000,1.00000,0.00000,0.00000,0.00000,0.00000
44.81000,1.98000,1.00000,0.00000,0.00000,0.00000,0.00000
45.01000,1.98000,1.00000,0.00000,0.00000,0.00000,0.00000
45.21000,1.98000,1.00000,0.00000,0.00000,0.00000,0.00000
45.41000,1.98000,1.00000,0.00000,0.00000,0.00000,0.00000
45.61000,1.98000,1.00000,0.00000,0.00000,0.00000,0.00000
45.81000,1.98000,1.00000,0.00000,0.00000,0.00000,0.00000
46.01000,1.98000,1.00000,0.00000,0.00000,0.00000,0.00000
46.21000,1.98000,1.00000,0.00000,0.00000,0.00000,0.00000
46.41000,1.98000,1.00000,0.00000,0.00000,0.00000,0.00000
46.61000,1.98000,1.00000,0.00000,0.00000,0.00000,0.00000
46.81000,1.98000,1.00000,0.00000,0.00000,0.00000,0.00000
47.01000,1.98000,0.99999,0.00000,0.00000,0.00000,0.00001
47.21000,1.98000,0.99998,0.00000,0.00000,0.00000,0.00002
47.41000,1.98000,0.99997,0.00000,0.00000,0.00000,0.00003
47.61000,1.98000,0.99997,0.00000,0.00000,0.00000,0.00003
47.81000,1.98000,0.99995,0.00000,0.00000,0.00000,0.00005
48.01000,1.98000,0.99994,0.00000,0.00000,0.00000,0.00006
48.21000,1.98000,0.99993,0.00000,0.00000,0.00000,0.00007
48.41000,1.98000,0.99991,0.00000,0.00000,0.00000,0.00009
48.61000,1.98000,0.99995,0.00000,0.00000,0.00000,0.00005
48.81000,1.98000,0.99998,0.00000,0.00000,0.00000,0.00002
49.01000,1.98000,0.99998,0.00000,0.00000,0.00000,0.00002
49.21000,1.98000,0.99996,0.00000,0.00000,0.00000,0.00004
49.41000,1.98000,0.99997,0.00000,0.00000,0.00000,0.00003
49.61000,1.98000,0.99998,0.00000,0.00000,0.00000,0.00002
49.81000,1.98000,0.99997,0.00000,0.00000,0.00000,0.00003
50.01000,1.98000,0.99992,0.00000,0.00000,0.00000,0.00008
50.21000,1.98000,0.99992,0.00000,0.00000,0.00000,0.00007
50.41000,1.98000,0.99992,0.00000,0.00000,0.00000,0.00007
50.61000,1.98000,0.99993,0.00000,0.00000,0.00000,0.00006
50.81000,1.98000,0.99989,0.00000,0.00000,0.00000,0.00011
51.01000,1.98000,0.99988,0.00000,0.00000,0.00000,0.00012
51.21000,1.98000,0.99990,0.00000,0.00000,0.00000,0.00010
51.41000,1.98000,0.99992,0.00000,0.00000,0.00000,0.00008
51.61000,1.98000,0.99995,0.00000,0.00000,0.00000,0.00005
51.81000,1.98000,0.99997,0.00000,0.00000,0.00000,0.00003
52.01000,1.98000,0.99997,0.00000,0.00000,0.00000,0.00003
52.21000,1.98000,0.99998,0.00000,0.00000,0.00000,0.00002
52.41000,1.98000,0.99999,0.00000,0.00000,0.00000,0.00001
52.61000,1.98000,0.99999,0.00000,0.00000,0.00000,0.00000
52.81000,1.98000,0.99950,0.00000,0.00039,0.00000,0.00012
53.01000,1.98000,0.97900,0.00000,0.01270,0.00000,0.00829
53.21000,1.98000,0.97195,0.00001,0.01547,0.00001,0.01257
53.41000,1.98000,0.96149,0.00002,0.01908,0.00002,0.01940
53.61000,1.98000,0.95887,0.00002,0.02032,0.00002,0.02077
53.81000,1.98000,0.95934,0.00003,0.02086,0.00002,0.01976
54.01000,1.98000,0.96856,0.00002,0.01549,0.00002,0.01591
54.21000,1.98000,0.99776,0.00000,0.00141,0.00000,0.00083
54.41000,1.98000,0.99986,0.00000,0.00006,0.00000,0.00008
54.61000,1.98000,0.99996,0.00000,0.00000,0.00000,0.00003
54.81000,1.98000,0.99999,0.00000,0.00000,0.00000,0.00001
55.01000,1.98000,0.99999,0.00000,0.00000,0.00000,0.00001
55.21000,1.98000,1.00000,0.00000,0.00000,0.00000,0.00000
55.41000,1.98000,1.00000,0.00000,0.00000,0.00000,0.00000
55.61000,1.98000,1.00000,0.00000,0.00000,0.00000,0.00000
55.81000,1.98000,1.00000,0.00000,0.00000,0.00000,0.00000
56.01000,1.98000,1.00000,0.00000,0.00000,0.00000,0.00000
56.21000,1.98000,1.00000,0.00000,0.00000,0.00000,0.00000
56.41000,1.98000,1.00000,0.00000,0.00000,0.00000,0.00000
56.61000,1.98000,0.99999,0.00000,0.00000,0.00000,0.00000
56.81000,1.98000,0.99999,0.00000,0.00000,0.00000,0.00001
57.01000,1.98000,0.99999,0.00000,0.00000,0.00000,0.00001
57.21000,1.98000,0.99999,0.00000,0.00000,0.00000,0.00001
57.41000,1.98000,0.99999,0.00000,0.00000,0.00000,0.00001
57.61000,1.98000,0.99999,0.00000,0.00000,0.00000,0.00001
57.81000,1.98000,0.99999,0.00000,0.00000,0.00000,0.00001
58.01000,1.98000,0.99998,0.00000,0.00000,0.00000,0.00002
58.21000,1.98000,0.99999,0.00000,0.00000,0.00000,0.00001
58.41000,1.98000,0.99999,0.00000,0.00000,0.00000,0.00001
58.61000,1.98000,0.99998,0.00000,0.00000,0.00000,0.00002
58.81000,1.98000,0.99998,0.00000,0.00000,0.00000,0.00002
59.01000,1.98000,0.99997,0.00000,0.00000,0.00000,0.00003
59.21000,1.98000,0.99996,0.00000,0.00000,0.00000,0.00004
59.41000,1.98000,0.99992,0.00000,0.00000,0.00000,0.00008
59.61000,1.98000,0.99989,0.00000,0.00000,0.00000,0.00010
59.81000,1.98000,0.99992,0.00000,0.00000,0.00000,0.00008
60.01000,1.98000,0.99992,0.00000,0.00000,0.00000,0.00008
60.21000,1.98000,0.99992,0.00000,0.00000,0.00000,0.00008
60.41000,1.98000,0.99992,0.00000,0.00000,0.00000,0.00008
60.61000,1.98000,0.99995,0.00000,0.00000,0.00000,0.00005
60.81000,1.98000,0.99998,0.00000,0.00000,0.00000,0.00002
61.01000,1.98000,0.99998,0.00000,0.00000,0.00000,0.00002
61.21000,1.98000,1.00000,0.00000,0.00000,0.00000,0.00000
61.41000,1.98000,0.99999,0.00000,0.00001,0.00000,0.00000
61.61000,1.98000,0.97425,0.00001,0.02541,0.00000,0.00033
61.81000,1.98000,0.85257,0.00008,0.14095,0.00001,0.00639
62.01000,1.98000,0.84630,0.00009,0.14762,0.00001,0.00599
62.21000,1.98000,0.83877,0.00012,0.15560,0.00001,0.00550
62.41000,1.98000,0.85255,0.00011,0.14260,0.00001,0.00474
62.61000,1.98000,0.85254,0.00010,0.14149,0.00001,0.00587
62.81000,1.98000,0.91224,0.00005,0.08523,0.00000,0.00247
63.01000,1.98000,0.98719,0.00001,0.01257,0.00000,0.00024
63.21000,1.98000,0.99953,0.00000,0.00045,0.00000,0.00002
63.41000,1.98000,0.99999,0.00000,0.00000,0.00000,0.00001
63.61000,1.98000,0.99999,0.00000,0.00000,0.00000,0.00001
63.81000,1.98000,1.00000,0.00000,0.00000,0.00000,0.00000
64.01000,1.98000,1.00000,0.00000,0.00000,0.00000,0.00000
64.21000,1.98000,1.00000,0.00000,0.00000,0.00000,0.00000
64.41000,1.98000,1.00000,0.00000,0.00000,0.00000,0.00000
64.61000,1.98000,1.00000,0.00000,0.00000,0.00000,0.00000
64.81000,1.98000,1.00000,0.00000,0.00000,0.00000,0.00000
65.01000,1.98000,1.00000,0.00000,0.00000,0.00000,0.00000
65.21000,1.98000,0.99999,0.00000,0.00000,0.00000,0.00001
65.41000,1.98000,0.99999,0.00000,0.00000,0.00000,0.00001
65.61000,1.98000,0.99998,0.00000,0.00000,0.00000,0.00002
65.81000,1.98000,0.99998,0.00000,0.00000,0.00000,0.00002
66.01000,1.98000,0.99998,0.00000,0.00000,0.00000,0.00002
66.21000,1.98000,0.99998,0.00000,0.00000,0.00000,0.00002
66.41000,1.98000,0.99998,0.00000,0.00000,0.00000,0.00002
66.61000,1.98000,0.99998,0.00000,0.00000,0.00000,0.00002
66.81000,1.98000,0.99999,0.00000,0.00000,0.00000,0.00001
67.01000,1.98000,0.99998,0.00000,0.00000,0.00000,0.00002
67.21000,1.98000,0.99998,0.00000,0.00000,0.00000,0.00002
67.41000,1.98000,0.99997,0.00000,0.00000,0.00000,0.00003
67.61000,1.98000,0.99995,0.00000,0.00000,0.00000,0.00005
67.81000,1.98000,0.99984,0.00000,0.00000,0.00000,0.00015
68.01000,1.98000,0.99984,0.00000,0.00000,0.00000,0.00016
68.21000,1.98000,0.99986,0.00000,0.00000,0.00000,0.00014
68.41000,1.98000,0.99987,0.00000,0.00000,0.00000,0.00013
68.61000,1.98000,0.99991,0.00000,0.00000,0.00000,0.00009
68.81000,1.98000,0.99986,0.00000,0.00000,0.00000,0.00014
69.01000,1.98000,0.99990,0.00000,0.00000,0.00000,0.00009
69.21000,1.98000,0.99995,0.00000,0.00000,0.00000,0.00005
69.41000,1.98000,0.99998,0.00000,0.00000,0.00000,0.00002
69.61000,1.98000,0.99998,0.00000,0.00000,0.00000,0.00001
69.81000,1.98000,0.99998,0.00000,0.00000,0.00000,0.00002
70.01000,1.98000,0.99999,0.00000,0.00000,0.00000,0.00001
70.21000,1.98000,0.99998,0.00000,0.00001,0.00000,0.00001
70.41000,1.98000,0.99963,0.00000,0.00036,0.00000,0.00001
70.61000,1.98000,0.95569,0.00002,0.04303,0.00000,0.00126
70.81000,1.98000,0.86172,0.00009,0.12980,0.00001,0.00838
71.01000,1.98000,0.82898,0.00015,0.15715,0.00002,0.01370
71.21000,1.98000,0.83466,0.00015,0.15136,0.00002,0.01381
71.41000,1.98000,0.83852,0.00018,0.14832,0.00002,0.01296
71.61000,1.98000,0.85027,0.00016,0.13783,0.00002,0.01172
71.81000,1.98000,0.98817,0.00000,0.01155,0.00000,0.00028
72.01000,1.98000,0.99771,0.00000,0.00206,0.00000,0.00023
72.21000,1.98000,0.99994,0.00000,0.00001,0.00000,0.00005
72.41000,1.98000,0.99999,0.00000,0.00000,0.00000,0.00001
72.61000,1.98000,0.99999,0.00000,0.00000,0.00000,0.00001
72.81000,1.98000,1.00000,0.00000,0.00000,0.00000,0.00000
73.01000,1.98000,1.00000,0.00000,0.00000,0.00000,0.00000
73.21000,1.98000,1.00000,0.00000,0.00000,0.00000,0.00000
73.41000,1.98000,1.00000,0.00000,0.00000,0.00000,0.00000
73.61000,1.98000,1.00000,0.00000,0.00000,0.00000,0.00000
73.81000,1.98000,1.00000,0.00000,0.00000,0.00000,0.00000
74.01000,1.98000,1.00000,0.00000,0.00000,0.00000,0.00000
74.21000,1.98000,1.00000,0.00000,0.00000,0.00000,0.00000
74.41000,1.98000,1.00000,0.00000,0.00000,0.00000,0.00000
74.61000,1.98000,0.99999,0.00000,0.00000,0.00000,0.00001
74.81000,1.98000,0.99999,0.00000,0.00000,0.00000,0.00001
75.01000,1.98000,0.99999,0.00000,0.00000,0.00000,0.00001
75.21000,1.98000,0.99999,0.00000,0.00000,0.00000,0.00001
75.41000,1.98000,0.99997,0.00000,0.00000,0.00000,0.00003
75.61000,1.98000,0.99998,0.00000,0.00000,0.00000,0.00002
75.81000,1.98000,0.99998,0.00000,0.00000,0.00000,0.00002
76.01000,1.98000,0.99994,0.00000,0.00000,0.00000,0.00006
76.21000,1.98000,0.99994,0.00000,0.00000,0.00000,0.00006
76.41000,1.98000,0.99985,0.00000,0.00000,0.00000,0.00015
76.61000,1.98000,0.99946,0.00000,0.00001,0.00000,0.00053
76.81000,1.98000,0.99816,0.00000,0.00001,0.00000,0.00183
77.01000,1.98000,0.99767,0.00000,0.00002,0.00000,0.00231
77.21000,1.98000,0.99818,0.00000,0.00002,0.00000,0.00181
77.41000,1.98000,0.99893,0.00000,0.00001,0.00000,0.00105
77.61000,1.98000,0.99906,0.00000,0.00001,0.00000,0.00093
77.81000,1.98000,0.99885,0.00000,0.00001,0.00000,0.00114
78.01000,1.98000,0.99908,0.00000,0.00001,0.00000,0.00091
78.21000,1.98000,0.99943,0.00000,0.00001,0.00000,0.00056
78.41000,1.98000,0.99972,0.00000,0.00000,0.00000,0.00028
78.61000,1.98000,0.99984,0.00000,0.00000,0.00000,0.00016
78.81000,1.98000,0.99993,0.00000,0.00000,0.00000,0.00007
79.01000,1.98000,0.99994,0.00000,0.00001,0.00000,0.00005
79.21000,1.98000,0.99982,0.00000,0.00015,0.00000,0.00003
79.41000,1.98000,0.97429,0.00000,0.02490,0.00000,0.00081
79.61000,1.98000,0.86968,0.00002,0.12066,0.00000,0.00964
79.81000,1.98000,0.83487,0.00004,0.15346,0.00000,0.01163
80.01000,1.98000,0.81197,0.00005,0.17769,0.00001,0.01028
80.21000,1.98000,0.80832,0.00007,0.18207,0.00001,0.00954
80.41000,1.98000,0.81637,0.00008,0.17596,0.00001,0.00758
80.61000,1.98000,0.95090,0.00001,0.04830,0.00000,0.00079
80.81000,1.98000,0.99599,0.00000,0.00388,0.00000,0.00013
81.01000,1.98000,0.99987,0.00000,0.00010,0.00000,0.00003
81.21000,1.98000,0.99998,0.00000,0.00000,0.00000,0.00001
81.41000,1.98000,1.00000,0.00000,0.00000,0.00000,0.00000
81.61000,1.98000,1.00000,0.00000,0.00000,0.00000,0.00000
81.81000,1.98000,1.00000,0.00000,0.00000,0.00000,0.00000
82.01000,1.98000,0.99999,0.00000,0.00000,0.00000,0.00000
82.21000,1.98000,0.99999,0.00000,0.00000,0.00000,0.00001
82.41000,1.98000,0.99999,0.00000,0.00000,0.00000,0.00000
82.61000,1.98000,0.99999,0.00000,0.00000,0.00000,0.00001
82.81000,1.98000,1.00000,0.00000,0.00000,0.00000,0.00000
83.01000,1.98000,1.00000,0.00000,0.00000,0.00000,0.00000
83.21000,1.98000,1.00000,0.00000,0.00000,0.00000,0.00000
83.41000,1.98000,1.00000,0.00000,0.00000,0.00000,0.00000
83.61000,1.98000,1.00000,0.00000,0.00000,0.00000,0.00000
83.81000,1.98000,0.99999,0.00000,0.00000,0.00000,0.00001
84.01000,1.98000,0.99999,0.00000,0.00000,0.00000,0.00001
84.21000,1.98000,0.99999,0.00000,0.00000,0.00000,0.00001
84.41000,1.98000,0.99999,0.00000,0.00000,0.00000,0.00001
84.61000,1.98000,0.99999,0.00000,0.00000,0.00000,0.00001
84.81000,1.98000,0.99998,0.00000,0.00000,0.00000,0.00002
85.01000,1.98000,0.99998,0.00000,0.00000,0.00000,0.00002
85.21000,1.98000,0.99997,0.00000,0.00000,0.00000,0.00002
85.41000,1.98000,0.99998,0.00000,0.00000,0.00000,0.00002
85.61000,1.98000,0.99998,0.00000,0.00000,0.00000,0.00002
85.81000,1.98000,0.99993,0.00000,0.00000,0.00000,0.00007
86.01000,1.98000,0.99989,0.00000,0.00000,0.00000,0.00011
86.21000,1.98000,0.99986,0.00000,0.00000,0.00000,0.00014
86.41000,1.98000,0.99992,0.00000,0.00000,0.00000,0.00008
86.61000,1.98000,0.99987,0.00000,0.00000,0.00000,0.00013
86.81000,1.98000,0.99982,0.00000,0.00000,0.00000,0.00017
87.01000,1.98000,0.99972,0.00000,0.00000,0.00000,0.00028
87.21000,1.98000,0.99943,0.00000,0.00001,0.00000,0.00056
87.41000,1.98000,0.99963,0.00000,0.00000,0.00000,0.00037
87.61000,1.98000,0.99977,0.00000,0.00000,0.00000,0.00022
87.81000,1.98000,0.99987,0.00000,0.00000,0.00000,0.00013
88.01000,1.98000,0.99997,0.00000,0.00000,0.00000,0.00003
88.21000,1.98000,0.99996,0.00000,0.00001,0.00000,0.00002
88.41000,1.98000,0.99946,0.00000,0.00052,0.00000,0.00002
88.61000,1.98000,0.93508,0.00001,0.06243,0.00000,0.00249
88.81000,1.98000,0.86927,0.00002,0.12238,0.00000,0.00832
89.01000,1.98000,0.84504,0.00004,0.14580,0.00001,0.00911
89.21000,1.98000,0.84300,0.00004,0.14734,0.00001,0.00961
89.41000,1.98000,0.84137,0.00004,0.14896,0.00001,0.00961
89.61000,1.98000,0.87185,0.00002,0.12308,0.00000,0.00504
89.81000,1.98000,0.97870,0.00000,0.02084,0.00000,0.00046
90.01000,1.98000,0.99657,0.00000,0.00310,0.00000,0.00033
90.21000,1.98000,0.99990,0.00000,0.00003,0.00000,0.00007
90.41000,1.98000,0.99999,0.00000,0.00000,0.00000,0.00001
90.61000,1.98000,0.99999,0.00000,0.00000,0.00000,0.00001
90.81000,1.98000,0.99999,0.00000,0.00000,0.00000,0.00001
91.01000,1.98000,0.99999,0.00000,0.00000,0.00000,0.00001
91.21000,1.98000,0.99999,0.00000,0.00000,0.00000,0.00001
91.41000,1.98000,0.99999,0.00000,0.00000,0.00000,0.00000
91.61000,1.98000,1.00000,0.00000,0.00000,0.00000,0.00000
91.81000,1.98000,1.00000,0.00000,0.00000,0.00000,0.00000
92.01000,1.98000,1.00000,0.00000,0.00000,0.00000,0.00000
92.21000,1.98000,1.00000,0.00000,0.00000,0.00000,0.00000
92.41000,1.98000,0.99999,0.00000,0.00000,0.00000,0.00001
92.61000,1.98000,0.99999,0.00000,0.00000,0.00000,0.00001
92.81000,1.98000,0.99999,0.00000,0.00000,0.00000,0.00001
93.01000,1.98000,0.99997,0.00000,0.00000,0.00000,0.00003
93.21000,1.98000,0.99997,0.00000,0.00000,0.00000,0.00003
93.41000,1.98000,0.99998,0.00000,0.00000,0.00000,0.00002
93.61000,1.98000,0.99990,0.00000,0.00000,0.00000,0.00010
93.81000,1.98000,0.99987,0.00000,0.00000,0.00000,0.00012
94.01000,1.98000,0.99959,0.00000,0.00000,0.00000,0.00040
94.21000,1.98000,0.99966,0.00000,0.00000,0.00000,0.00033
94.41000,1.98000,0.99979,0.00000,0.00000,0.00000,0.00020
94.61000,1.98000,0.99982,0.00000,0.00000,0.00000,0.00017
94.81000,1.98000,0.99983,0.00000,0.00000,0.00000,0.00016
95.01000,1.98000,0.99972,0.00000,0.00000,0.00000,0.00027
95.21000,1.98000,0.99983,0.00000,0.00000,0.00000,0.00017
95.41000,1.98000,0.99993,0.00000,0.00000,0.00000,0.00006
95.61000,1.98000,0.99992,0.00000,0.00000,0.00000,0.00008
95.81000,1.98000,0.99992,0.00000,0.00000,0.00000,0.00008
96.01000,1.98000,0.99992,0.00000,0.00000,0.00000,0.00008
96.21000,1.98000,0.99992,0.00000,0.00000,0.00000,0.00008
96.41000,1.98000,0.99994,0.00000,0.00000,0.00000,0.00006
96.61000,1.98000,0.99996,0.00000,0.00000,0.00000,0.00004
96.81000,1.98000,0.99999,0.00000,0.00000,0.00000,0.00001
97.01000,1.98000,0.99999,0.00000,0.00000,0.00000,0.00001
97.21000,1.98000,0.99998,0.00000,0.00001,0.00000,0.00001
97.41000,1.98000,0.99197,0.00000,0.00227,0.00000,0.00576
97.61000,1.98000,0.99293,0.00000,0.00225,0.00000,0.00481
97.81000,1.98000,0.99307,0.00000,0.00210,0.00000,0.00482
98.01000,1.98000,0.99306,0.00000,0.00209,0.00000,0.00485
98.21000,1.98000,0.99344,0.00000,0.00198,0.00000,0.00458
98.41000,1.98000,0.99561,0.00000,0.00128,0.00000,0.00310
98.61000,1.98000,0.99900,0.00000,0.00035,0.00000,0.00064
98.81000,1.98000,0.99990,0.00000,0.00002,0.00000,0.00008
99.01000,1.98000,0.99998,0.00000,0.00000,0.00000,0.00002
99.21000,1.98000,1.00000,0.00000,0.00000,0.00000,0.00000
99.41000,1.98000,1.00000,0.00000,0.00000,0.00000,0.00000
99.61000,1.98000,1.00000,0.00000,0.00000,0.00000,0.00000
99.81000,1.98000,1.00000,0.00000,0.00000,0.00000,0.00000
100.01000,1.98000,1.00000,0.00000,0.00000,0.00000,0.00000
100.21000,1.98000,1.00000,0.00000,0.00000,0.00000,0.00000
100.41000,1.98000,1.00000,0.00000,0.00000,0.00000,0.00000
100.61000,1.98000,1.00000,0.00000,0.00000,0.00000,0.00000
100.81000,1.98000,1.00000,0.00000,0.00000,0.00000,0.00000
101.01000,1.98000,1.00000,0.00000,0.00000,0.00000,0.00000
101.21000,1.98000,1.00000,0.00000,0.00000,0.00000,0.00000
101.41000,1.98000,1.00000,0.00000,0.00000,0.00000,0.00000
101.61000,1.98000,0.99999,0.00000,0.00000,0.00000,0.00001
101.81000,1.98000,0.99998,0.00000,0.00000,0.00000,0.00002
102.01000,1.98000,0.99998,0.00000,0.00000,0.00000,0.00002
102.21000,1.98000,0.99997,0.00000,0.00000,0.00000,0.00003
102.41000,1.98000,0.99997,0.00000,0.00000,0.00000,0.00003
102.61000,1.98000,0.99997,0.00000,0.00000,0.00000,0.00003
102.81000,1.98000,0.99997,0.00000,0.00000,0.00000,0.00003
103.01000,1.98000,0.99996,0.00000,0.00000,0.00000,0.00004
103.21000,1.98000,0.99996,0.00000,0.00000,0.00000,0.00003
103.41000,1.98000,0.99998,0.00000,0.00000,0.00000,0.00002
103.61000,1.98000,0.99995,0.00000,0.00000,0.00000,0.00005
103.81000,1.98000,0.99995,0.00000,0.00000,0.00000,0.00005
104.01000,1.98000,0.99993,0.00000,0.00000,0.00000,0.00006
104.21000,1.98000,0.99994,0.00000,0.00000,0.00000,0.00006
104.41000,1.98000,0.99994,0.00000,0.00000,0.00000,0.00006
104.61000,1.98000,0.99995,0.00000,0.00000,0.00000,0.00005
104.81000,1.98000,0.99995,0.00000,0.00000,0.00000,0.00005
105.01000,1.98000,0.99997,0.00000,0.00000,0.00000,0.00003
105.21000,1.98000,0.99995,0.00000,0.00000,0.00000,0.00005
105.41000,1.98000,0.99999,0.00000,0.00000,0.00000,0.00001
105.61000,1.98000,0.99998,0.00000,0.00001,0.00000,0.00002
105.81000,1.98000,0.99937,0.00000,0.00013,0.00000,0.00050
106.01000,1.98000,0.99857,0.00000,0.00070,0.00000,0.00073
106.21000,1.98000,0.99184,0.00000,0.00335,0.00000,0.00481
106.41000,1.98000,0.99109,0.00000,0.00281,0.00000,0.00610
106.61000,1.98000,0.99113,0.00000,0.00258,0.00000,0.00629
106.81000,1.98000,0.99189,0.00000,0.00251,0.00000,0.00560
107.01000,1.98000,0.99537,0.00000,0.00168,0.00000,0.00295
107.21000,1.98000,0.99938,0.00000,0.00026,0.00000,0.00036
107.41000,1.98000,0.99987,0.00000,0.00004,0.00000,0.00009
107.61000,1.98000,0.99995,0.00000,0.00001,0.00000,0.00004
107.81000,1.98000,0.99999,0.00000,0.00000,0.00000,0.00001
108.01000,1.98000,0.99999,0.00000,0.00000,0.00000,0.00001
108.21000,1.98000,0.99999,0.00000,0.00000,0.00000,0.00001
108.41000,1.98000,0.99999,0.00000,0.00000,0.00000,0.00000
108.61000,1.98000,1.00000,0.00000,0.00000,0.00000,0.00000
108.81000,1.98000,1.00000,0.00000,0.00000,0.00000,0.00000
109.01000,1.98000,0.99999,0.00000,0.00000,0.00000,0.00001
109.21000,1.98000,0.99999,0.00000,0.00000,0.00000,0.00001
109.41000,1.98000,0.99999,0.00000,0.00000,0.00000,0.00001
109.61000,1.98000,0.99999,0.00000,0.00000,0.00000,0.00001
109.81000,1.98000,0.99999,0.00000,0.00000,0.00000,0.00001
110.01000,1.98000,0.99999,0.00000,0.00000,0.00000,0.00001
110.21000,1.98000,0.99998,0.00000,0.00000,0.00000,0.00002
110.41000,1.98000,0.99997,0.00000,0.00000,0.00000,0.00003
110.61000,1.98000,0.99997,0.00000,0.00000,0.00000,0.00003
110.81000,1.98000,0.99997,0.00000,0.00000,0.00000,0.00003
111.01000,1.98000,0.99996,0.00000,0.00000,0.00000,0.00004
111.21000,1.98000,0.99997,0.00000,0.00000,0.00000,0.00003
111.41000,1.98000,0.99996,0.00000,0.00000,0.00000,0.00004
111.61000,1.98000,0.99996,0.00000,0.00000,0.00000,0.00004
111.81000,1.98000,0.99998,0.00000,0.00000,0.00000,0.00002
112.01000,1.98000,0.99996,0.00000,0.00000,0.00000,0.00004
112.21000,1.98000,0.99996,0.00000,0.00000,0.00000,0.00004
112.41000,1.98000,0.99997,0.00000,0.00000,0.00000,0.00003
112.61000,1.98000,0.99995,0.00000,0.00000,0.00000,0.00005
112.81000,1.98000,0.99994,0.00000,0.00000,0.00000,0.00006
113.01000,1.98000,0.99995,0.00000,0.00000,0.00000,0.00005
113.21000,1.98000,0.99995,0.00000,0.00000,0.00000,0.00005
113.41000,1.98000,0.99994,0.00000,0.00000,0.00000,0.00006
113.61000,1.98000,0.99995,0.00000,0.00000,0.00000,0.00005
113.81000,1.98000,0.99993,0.00000,0.00000,0.00000,0.00007
114.01000,1.98000,0.99989,0.00000,0.00000,0.00000,0.00011
114.21000,1.98000,0.99993,0.00000,0.00000,0.00000,0.00007
114.41000,1.98000,0.99995,0.00000,0.00000,0.00000,0.00005
114.61000,1.98000,0.99995,0.00000,0.00000,0.00000,0.00005
114.81000,1.98000,0.99995,0.00000,0.00000,0.00000,0.00004
115.01000,1.98000,0.99997,0.00000,0.00000,0.00000,0.00003
115.21000,1.98000,0.99998,0.00000,0.00000,0.00000,0.00002
115.41000,1.98000,0.99999,0.00000,0.00000,0.00000,0.00001
115.61000,1.98000,1.00000,0.00000,0.00000,0.00000,0.00000
115.81000,1.98000,0.99998,0.00000,0.00001,0.00000,0.00001
116.01000,1.98000,0.99982,0.00000,0.00010,0.00000,0.00008
116.21000,1.98000,0.99354,0.00000,0.00254,0.00000,0.00392
116.41000,1.98000,0.99315,0.00000,0.00240,0.00000,0.00445
116.61000,1.98000,0.99070,0.00000,0.00273,0.00000,0.00658
116.81000,1.98000,0.99049,0.00000,0.00257,0.00000,0.00694
117.01000,1.98000,0.99110,0.00000,0.00218,0.00000,0.00672
117.21000,1.98000,0.99544,0.00000,0.00133,0.00000,0.00323
117.41000,1.98000,0.99938,0.00000,0.00029,0.00000,0.00033
117.61000,1.98000,0.99982,0.00000,0.00001,0.00000,0.00017
117.81000,1.98000,0.99995,0.00000,0.00000,0.00000,0.00005
118.01000,1.98000,0.99998,0.00000,0.00000,0.00000,0.00002
118.21000,1.98000,0.99999,0.00000,0.00000,0.00000,0.00001
118.41000,1.98000,0.99999,0.00000,0.00000,0.00000,0.00001
118.61000,1.98000,0.99999,0.00000,0.00000,0.00000,0.00001
118.81000,1.98000,0.99999,0.00000,0.00000,0.00000,0.00001
119.01000,1.98000,0.99999,0.00000,0.00000,0.00000,0.00001
119.21000,1.98000,0.99999,0.00000,0.00000,0.00000,0.00001
119.41000,1.98000,0.99999,0.00000,0.00000,0.00000,0.00001
119.61000,1.98000,0.99999,0.00000,0.00000,0.00000,0.00001
119.81000,1.98000,0.99999,0.00000,0.00000,0.00000,0.00001
120.01000,1.98000,0.99999,0.00000,0.00000,0.00000,0.00001
120.21000,1.98000,0.99999,0.00000,0.00000,0.00000,0.00001
120.41000,1.98000,0.99999,0.00000,0.00000,0.00000,0.00001
120.61000,1.98000,0.99999,0.00000,0.00000,0.00000,0.00001
120.81000,1.98000,0.99998,0.00000,0.00000,0.00000,0.00002
121.01000,1.98000,0.99996,0.00000,0.00000,0.00000,0.00004
121.21000,1.98000,0.99995,0.00000,0.00000,0.00000,0.00005
121.41000,1.98000,0.99995,0.00000,0.00000,0.00000,0.00005
121.61000,1.98000,0.99991,0.00000,0.00000,0.00000,0.00009
121.81000,1.98000,0.99990,0.00000,0.00000,0.00000,0.00010
122.01000,1.98000,0.99986,0.00000,0.00000,0.00000,0.00014
122.21000,1.98000,0.99987,0.00000,0.00000,0.00000,0.00012
122.41000,1.98000,0.99989,0.00000,0.00000,0.00000,0.00010
122.61000,1.98000,0.99994,0.00000,0.00000,0.00000,0.00006
122.81000,1.98000,0.99997,0.00000,0.00000,0.00000,0.00003
123.01000,1.98000,0.99998,0.00000,0.00000,0.00000,0.00002
123.21000,1.98000,1.00000,0.00000,0.00000,0.00000,0.00000
123.41000,1.98000,0.99998,0.00000,0.00001,0.00000,0.00001
123.61000,1.98000,0.99261,0.00000,0.00182,0.00001,0.00556
123.81000,1.98000,0.98822,0.00000,0.00285,0.00003,0.00890
124.01000,1.98000,0.98702,0.00000,0.00287,0.00004,0.01007
124.21000,1.98000,0.98607,0.00000,0.00282,0.00003,0.01107
124.41000,1.98000,0.98136,0.00001,0.00316,0.00004,0.01543
124.61000,1.98000,0.98121,0.00001,0.00306,0.00003,0.01569
124.81000,1.98000,0.99253,0.00000,0.00101,0.00001,0.00646
125.01000,1.98000,0.99982,0.00000,0.00003,0.00000,0.00015
125.21000,1.98000,0.99995,0.00000,0.00000,0.00000,0.00005
125.41000,1.98000,0.99999,0.00000,0.00000,0.00000,0.00001
125.61000,1.98000,0.99998,0.00000,0.00000,0.00000,0.00002
125.81000,1.98000,0.99999,0.00000,0.00000,0.00000,0.00001
126.01000,1.98000,0.99998,0.00000,0.00000,0.00000,0.00002
126.21000,1.98000,0.99995,0.00000,0.00000,0.00000,0.00005
126.41000,1.98000,0.99993,0.00000,0.00000,0.00000,0.00007
126.61000,1.98000,0.99994,0.00000,0.00000,0.00000,0.00006
126.81000,1.98000,0.99989,0.00000,0.00000,0.00000,0.00011
127.01000,1.98000,0.99979,0.00000,0.00000,0.00000,0.00021
127.21000,1.98000,0.99977,0.00000,0.00000,0.00000,0.00022
127.41000,1.98000,0.99976,0.00000,0.00000,0.00000,0.00024
127.61000,1.98000,0.99986,0.00000,0.00000,0.00000,0.00014
127.81000,1.98000,0.99985,0.00000,0.00000,0.00000,0.00014
128.00999,1.98001,0.99986,0.00000,0.00000,0.00000,0.00014
128.21001,1.98000,0.99974,0.00000,0.00000,0.00000,0.00025
128.41000,1.98000,0.99981,0.00000,0.00000,0.00000,0.00019
128.61000,1.98000,0.99974,0.00000,0.00000,0.00000,0.00025
128.81000,1.98000,0.99963,0.00000,0.00000,0.00000,0.00036
129.00999,1.98001,0.99961,0.00000,0.00000,0.00000,0.00039
129.21001,1.98000,0.99963,0.00000,0.00000,0.00000,0.00036
129.41000,1.98000,0.99966,0.00000,0.00000,0.00000,0.00034
129.61000,1.98000,0.99977,0.00000,0.00000,0.00000,0.00023
129.81000,1.98000,0.99989,0.00000,0.00000,0.00000,0.00011
130.00999,1.98001,0.99997,0.00000,0.00000,0.00000,0.00003
130.21001,1.98000,0.99995,0.00000,0.00003,0.00000,0.00002
130.41000,1.98000,0.98470,0.00000,0.01143,0.00000,0.00387
130.61000,1.98000,0.94897,0.00001,0.03803,0.00000,0.01299
130.81000,1.98000,0.94524,0.00001,0.04186,0.00000,0.01288
131.00999,1.98001,0.94360,0.00001,0.04365,0.00000,0.01273
131.21001,1.98000,0.93787,0.00002,0.04950,0.00001,0.01261
131.41000,1.98000,0.94699,0.00001,0.04391,0.00001,0.00908
131.61000,1.98000,0.98221,0.00000,0.01547,0.00000,0.00231
131.81000,1.98000,0.99898,0.00000,0.00080,0.00000,0.00021
132.00999,1.98001,0.99993,0.00000,0.00002,0.00000,0.00005
132.21001,1.98000,0.99999,0.00000,0.00000,0.00000,0.00001
132.41000,1.98000,0.99999,0.00000,0.00000,0.00000,0.00001
132.61000,1.98000,0.99999,0.00000,0.00000,0.00000,0.00001
132.81000,1.98000,0.99999,0.00000,0.00000,0.00000,0.00001
133.00999,1.98001,0.99999,0.00000,0.00000,0.00000,0.00001
133.21001,1.98000,0.99999,0.00000,0.00000,0.00000,0.00001
133.41000,1.98000,0.99998,0.00000,0.00000,0.00000,0.00002
133.61000,1.98000,0.99997,0.00000,0.00000,0.00000,0.00003
133.81000,1.98000,0.99989,0.00000,0.00000,0.00000,0.00011
134.00999,1.98001,0.99988,0.00000,0.00000,0.00000,0.00011
134.21001,1.98000,0.99986,0.00000,0.00000,0.00000,0.00014
134.41000,1.98000,0.99955,0.00000,0.00000,0.00000,0.00044
134.61000,1.98000,0.99934,0.00000,0.00001,0.00000,0.00065
134.81000,1.98000,0.99914,0.00000,0.00001,0.00000,0.00085
135.00999,1.98001,0.99964,0.00000,0.00001,0.00000,0.00035
135.21001,1.98000,0.99950,0.00000,0.00001,0.00000,0.00050
