Time (seconds), Duration (seconds),pred_(unlabeled),pred_On,pred_Off,pred_Dimmer,pred_Lighter
0.01000,1.98000,0.99945,0.00025,0.00025,0.00000,0.00005
0.21000,1.98000,0.99831,0.00165,0.00002,0.00000,0.00002
0.41000,1.98000,0.99836,0.00136,0.00014,0.00001,0.00012
0.61000,1.98000,0.99950,0.00047,0.00001,0.00000,0.00001
0.81000,1.98000,0.99966,0.00018,0.00004,0.00001,0.00011
1.01000,1.98000,0.99944,0.00003,0.00028,0.00001,0.00024
1.21000,1.98000,0.99971,0.00002,0.00015,0.00001,0.00010
1.41000,1.98000,0.99985,0.00008,0.00002,0.00000,0.00004
1.61000,1.98000,0.99907,0.00027,0.00029,0.00003,0.00034
1.81000,1.98000,0.99946,0.00015,0.00013,0.00004,0.00023
2.01000,1.98000,0.99888,0.00039,0.00012,0.00010,0.00051
2.21000,1.98000,0.99882,0.00005,0.00027,0.00015,0.00071
2.41000,1.98000,0.99877,0.00001,0.00030,0.00018,0.00074
2.61000,1.98000,0.99724,0.00000,0.00113,0.00016,0.00146
2.81000,1.98000,0.99951,0.00001,0.00005,0.00004,0.00038
3.01000,1.98000,0.99782,0.00001,0.00024,0.00024,0.00169
3.21000,1.98000,0.99852,0.00007,0.00004,0.00012,0.00125
3.41000,1.98000,0.99141,0.00002,0.00056,0.00088,0.00713
3.61000,1.98000,0.92500,0.00018,0.00247,0.00716,0.06520
3.81000,1.98000,0.92477,0.00025,0.00265,0.00521,0.06712
4.01000,1.98000,0.98922,0.00005,0.00096,0.00060,0.00917
4.21000,1.98000,0.92902,0.00024,0.00764,0.01043,0.05268
4.41000,1.98000,0.88711,0.00026,0.01361,0.03267,0.06636
4.61000,1.98000,0.93571,0.00020,0.01412,0.02206,0.02791
4.81000,1.98000,0.99638,0.00002,0.00090,0.00138,0.00131
5.01000,1.98000,0.98791,0.00003,0.00241,0.00695,0.00270
5.21000,1.98000,0.99748,0.00001,0.00087,0.00103,0.00061
5.41000,1.98000,0.99968,0.00000,0.00007,0.00023,0.00003
5.61000,1.98000,0.99975,0.00000,0.00006,0.00018,0.00001
5.81000,1.98000,0.99987,0.00000,0.00005,0.00007,0.00000
6.01000,1.98000,0.99997,0.00000,0.00001,0.00002,0.00000
6.21000,1.98000,0.99995,0.00000,0.00002,0.00002,0.00000
6.41000,1.98000,0.99997,0.00000,0.00001,0.00002,0.00000
6.61000,1.98000,0.99999,0.00000,0.00000,0.00000,0.00000
6.81000,1.98000,0.99981,0.00000,0.00007,0.00011,0.00001
7.01000,1.98000,0.99945,0.00000,0.00014,0.00036,0.00004
7.21000,1.98000,0.99870,0.00000,0.00029,0.00091,0.00010
7.41000,1.98000,0.99836,0.00000,0.00032,0.00113,0.00019
7.61000,1.98000,0.99276,0.00001,0.00113,0.00451,0.00160
7.81000,1.98000,0.99554,0.00001,0.00063,0.00282,0.00100
8.01000,1.98000,0.99921,0.00000,0.00023,0.00043,0.00013
8.21000,1.98000,0.99937,0.00000,0.00015,0.00038,0.00010
8.41000,1.98000,0.99986,0.00000,0.00001,0.00009,0.00003
8.61000,1.98000,0.99968,0.00000,0.00003,0.00020,0.00008
8.81000,1.98000,0.99899,0.00000,0.00012,0.00067,0.00022
9.01000,1.98000,0.99953,0.00002,0.00003,0.00029,0.00013
9.21000,1.98000,0.99987,0.00003,0.00002,0.00003,0.00004
9.41000,1.98000,0.99928,0.00053,0.00004,0.00008,0.00006
9.61000,1.98000,0.97393,0.02403,0.00010,0.00076,0.00118
9.81000,1.98000,0.31676,0.51827,0.00363,0.09839,0.06295
10.01000,1.98000,0.89332,0.08200,0.00180,0.01136,0.01152
10.21000,1.98000,0.96420,0.02673,0.00113,0.00445,0.00349
10.41000,1.98000,0.97825,0.01056,0.00179,0.00736,0.00205
10.61000,1.98000,0.99892,0.00037,0.00034,0.00026,0.00010
10.81000,1.98000,0.99983,0.00002,0.00009,0.00005,0.00001
11.01000,1.98000,0.99979,0.00000,0.00007,0.00012,0.00002
11.21000,1.98000,0.99980,0.00000,0.00005,0.00013,0.00001
11.41000,1.98000,0.99996,0.00000,0.00001,0.00003,0.00000
11.61000,1.98000,0.99993,0.00000,0.00001,0.00006,0.00001
11.81000,1.98000,0.99738,0.00000,0.00023,0.00228,0.00011
12.01000,1.98000,0.99028,0.00001,0.00074,0.00830,0.00067
12.21000,1.98000,0.99377,0.00001,0.00023,0.00528,0.00071
12.41000,1.98000,0.94815,0.00008,0.00116,0.04117,0.00945
12.61000,1.98000,0.97164,0.00008,0.00105,0.01737,0.00986
12.81000,1.98000,0.91969,0.00024,0.00143,0.05495,0.02370
13.01000,1.98000,0.99194,0.00003,0.00026,0.00461,0.00317
13.21000,1.98000,0.99037,0.00001,0.00034,0.00493,0.00435
13.41000,1.98000,0.99875,0.00001,0.00004,0.00042,0.00078
13.61000,1.98000,0.99968,0.00002,0.00007,0.00005,0.00019
13.81000,1.98000,0.99956,0.00001,0.00040,0.00001,0.00002
14.01000,1.98000,0.92143,0.00108,0.07173,0.00334,0.00242
14.21000,1.98000,0.72370,0.00138,0.25518,0.01349,0.00625
14.41000,1.98000,0.77101,0.00084,0.21355,0.01129,0.00331
14.61000,1.98000,0.87304,0.00035,0.12087,0.00467,0.00108
14.81000,1.98000,0.99755,0.00003,0.00238,0.00003,0.00002
15.01000,1.98000,0.99566,0.00001,0.00430,0.00001,0.00001
15.21000,1.98000,0.99625,0.00000,0.00374,0.00001,0.00001
15.41000,1.98000,0.99901,0.00000,0.00098,0.00000,0.00000
15.61000,1.98000,0.99993,0.00000,0.00006,0.00000,0.00001
15.81000,1.98000,0.99997,0.00000,0.00002,0.00000,0.00000
16.01000,1.98000,0.99991,0.00001,0.00007,0.00000,0.00001
16.21000,1.98000,0.99931,0.00005,0.00049,0.00001,0.00014
16.41000,1.98000,0.99995,0.00001,0.00002,0.00000,0.00001
16.61000,1.98000,0.99829,0.00104,0.00027,0.00002,0.00037
16.81000,1.98000,0.99986,0.00002,0.00009,0.00000,0.00002
17.01000,1.98000,0.99972,0.00002,0.00019,0.00000,0.00008
17.21000,1.98000,0.99988,0.00002,0.00006,0.00000,0.00003
17.41000,1.98000,0.99985,0.00001,0.00008,0.00000,0.00007
17.61000,1.98000,0.99959,0.00000,0.00031,0.00000,0.00009
17.81000,1.98000,0.99939,0.00000,0.00045,0.00001,0.00015
18.01000,1.98000,0.99944,0.00000,0.00041,0.00001,0.00014
18.21000,1.98000,0.99983,0.00001,0.00010,0.00001,0.00006
18.41000,1.98000,0.99973,0.00000,0.00005,0.00004,0.00017
18.61000,1.98000,0.99960,0.00000,0.00007,0.00002,0.00031
18.81000,1.98000,0.99211,0.00000,0.00020,0.00013,0.00757
19.01000,1.98000,0.95843,0.00002,0.00072,0.00177,0.03905
19.21000,1.98000,0.97205,0.00002,0.00043,0.00223,0.02527
19.41000,1.98000,0.96094,0.00001,0.00039,0.00178,0.03688
19.61000,1.98000,0.99577,0.00004,0.00001,0.00013,0.00406
19.81000,1.98000,0.99989,0.00000,0.00000,0.00000,0.00010
20.01000,1.98000,0.99978,0.00000,0.00000,0.00000,0.00022
20.21000,1.98000,0.99983,0.00000,0.00000,0.00000,0.00017
20.41000,1.98000,0.99949,0.00003,0.00004,0.00001,0.00043
20.61000,1.98000,0.99746,0.00011,0.00024,0.00016,0.00202
20.81000,1.98000,0.99752,0.00057,0.00008,0.00019,0.00164
21.01000,1.98000,0.99798,0.00065,0.00002,0.00009,0.00126
21.21000,1.98000,0.99617,0.00210,0.00003,0.00019,0.00151
21.41000,1.98000,0.99287,0.00507,0.00004,0.00031,0.00172
21.61000,1.98000,0.94247,0.00496,0.00208,0.01823,0.03225
21.81000,1.98000,0.85815,0.01488,0.00224,0.06799,0.05674
22.01000,1.98000,0.58493,0.01097,0.01078,0.27129,0.12203
22.21000,1.98000,0.39381,0.06499,0.00397,0.41538,0.12184
22.41000,1.98000,0.95267,0.01216,0.00043,0.02139,0.01336
22.61000,1.98000,0.96504,0.00329,0.00112,0.01675,0.01379
22.81000,1.98000,0.98124,0.00137,0.00087,0.00874,0.00779
23.01000,1.98000,0.93857,0.00147,0.00120,0.03768,0.02107
23.21000,1.98000,0.86949,0.00202,0.00101,0.09166,0.03582
23.41000,1.98000,0.99371,0.00124,0.00009,0.00256,0.00240
23.61000,1.98000,0.99103,0.00106,0.00036,0.00277,0.00478
23.81000,1.98000,0.99087,0.00162,0.00027,0.00175,0.00549
24.01000,1.98000,0.96180,0.00159,0.00077,0.00218,0.03366
24.21000,1.98000,0.08704,0.00215,0.00852,0.02276,0.87953
24.41000,1.98000,0.39126,0.00187,0.01212,0.00805,0.58670
24.61000,1.98000,0.85666,0.00358,0.00175,0.00119,0.13681
24.81000,1.98000,0.97382,0.00257,0.00051,0.00017,0.02293
25.01000,1.98000,0.94969,0.00135,0.00099,0.00027,0.04771
25.21000,1.98000,0.92312,0.00183,0.00192,0.00037,0.07276
25.41000,1.98000,0.96459,0.00025,0.00036,0.00010,0.03469
25.61000,1.98000,0.93674,0.00009,0.00034,0.00018,0.06265
25.81000,1.98000,0.94117,0.00053,0.00085,0.00145,0.05600
26.01000,1.98000,0.90538,0.00587,0.00063,0.01147,0.07665
26.21000,1.98000,0.96288,0.00398,0.00038,0.00411,0.02865
26.41000,1.98000,0.99656,0.00070,0.00003,0.00015,0.00256
26.61000,1.98000,0.98922,0.00143,0.00007,0.00066,0.00863
26.81000,1.98000,0.99314,0.00194,0.00012,0.00027,0.00453
27.01000,1.98000,0.97558,0.00282,0.00043,0.00190,0.01927
27.21000,1.98000,0.98407,0.00474,0.00024,0.00148,0.00947
27.41000,1.98000,0.99395,0.00266,0.00024,0.00082,0.00233
27.61000,1.98000,0.98557,0.00768,0.00026,0.00180,0.00470
27.81000,1.98000,0.97080,0.02733,0.00002,0.00065,0.00121
28.01000,1.98000,0.99810,0.00162,0.00001,0.00009,0.00019
28.21000,1.98000,0.99451,0.00505,0.00000,0.00014,0.00030
28.41000,1.98000,0.99916,0.00081,0.00000,0.00000,0.00002
28.61000,1.98000,0.99845,0.00155,0.00000,0.00000,0.00000
28.81000,1.98000,0.99720,0.00280,0.00000,0.00000,0.00000
29.01000,1.98000,0.98796,0.01204,0.00000,0.00000,0.00000
29.21000,1.98000,0.90790,0.09203,0.00001,0.00001,0.00005
29.41000,1.98000,0.87212,0.12774,0.00004,0.00002,0.00008
29.61000,1.98000,0.87013,0.12976,0.00003,0.00002,0.00006
29.81000,1.98000,0.89736,0.10258,0.00001,0.00001,0.00004
30.01000,1.98000,0.98147,0.01847,0.00003,0.00001,0.00002
30.21000,1.98000,0.99583,0.00410,0.00003,0.00001,0.00004
30.41000,1.98000,0.99353,0.00481,0.00034,0.00056,0.00076
30.61000,1.98000,0.98888,0.00022,0.00263,0.00423,0.00405
30.81000,1.98000,0.99666,0.00007,0.00017,0.00177,0.00134
31.01000,1.98000,0.99729,0.00001,0.00010,0.00146,0.00114
31.21000,1.98000,0.99879,0.00000,0.00007,0.00040,0.00074
31.41000,1.98000,0.99912,0.00000,0.00012,0.00021,0.00055
31.61000,1.98000,0.99995,0.00000,0.00001,0.00001,0.00003
31.81000,1.98000,0.99925,0.00000,0.00031,0.00006,0.00038
32.01000,1.98000,0.99964,0.00000,0.00015,0.00003,0.00018
32.21000,1.98000,0.99985,0.00000,0.00006,0.00001,0.00007
32.41000,1.98000,0.99919,0.00000,0.00065,0.00002,0.00014
32.61000,1.98000,0.99806,0.00000,0.00171,0.00002,0.00022
32.81000,1.98000,0.99969,0.00000,0.00028,0.00000,0.00003
33.01000,1.98000,0.99831,0.00000,0.00158,0.00000,0.00011
33.21000,1.98000,0.99137,0.00000,0.00731,0.00002,0.00130
33.41000,1.98000,0.99977,0.00000,0.00015,0.00000,0.00008
33.61000,1.98000,0.99832,0.00000,0.00162,0.00000,0.00006
33.81000,1.98000,0.99660,0.00000,0.00332,0.00000,0.00008
34.01000,1.98000,0.96628,0.00001,0.03298,0.00001,0.00073
34.21000,1.98000,0.95615,0.00000,0.04323,0.00001,0.00061
34.41000,1.98000,0.99900,0.00000,0.00098,0.00000,0.00002
34.61000,1.98000,0.99636,0.00000,0.00353,0.00000,0.00010
34.81000,1.98000,0.99598,0.00000,0.00390,0.00000,0.00012
35.01000,1.98000,0.99954,0.00001,0.00043,0.00000,0.00002
35.21000,1.98000,0.99781,0.00000,0.00216,0.00000,0.00003
35.41000,1.98000,0.99603,0.00000,0.00380,0.00001,0.00016
35.61000,1.98000,0.99997,0.00000,0.00002,0.00000,0.00001
35.81000,1.98000,0.99925,0.00001,0.00027,0.00003,0.00045
36.01000,1.98000,0.98452,0.00009,0.00435,0.00064,0.01040
36.21000,1.98000,0.99910,0.00003,0.00018,0.00004,0.00065
36.41000,1.98000,0.99900,0.00001,0.00036,0.00008,0.00055
36.61000,1.98000,0.99631,0.00001,0.00106,0.00026,0.00236
36.81000,1.98000,0.99956,0.00000,0.00009,0.00002,0.00032
37.01000,1.98000,0.99954,0.00000,0.00024,0.00002,0.00020
37.21000,1.98000,0.99987,0.00000,0.00006,0.00000,0.00006
37.41000,1.98000,0.99989,0.00000,0.00004,0.00001,0.00007
37.61000,1.98000,0.99467,0.00000,0.00323,0.00031,0.00178
37.81000,1.98000,0.99899,0.00000,0.00057,0.00005,0.00038
38.01000,1.98000,0.99434,0.00000,0.00309,0.00056,0.00201
38.21000,1.98000,0.99970,0.00000,0.00015,0.00001,0.00014
38.41000,1.98000,0.99969,0.00000,0.00010,0.00002,0.00019
38.61000,1.98000,0.99680,0.00000,0.00064,0.00019,0.00236
38.81000,1.98000,0.94201,0.00004,0.00387,0.00409,0.04999
39.01000,1.98000,0.91835,0.00013,0.00277,0.00476,0.07398
39.21000,1.98000,0.98636,0.00015,0.00019,0.00160,0.01169
39.41000,1.98000,0.97045,0.00099,0.00029,0.00361,0.02466
39.61000,1.98000,0.98920,0.00328,0.00006,0.00091,0.00656
39.81000,1.98000,0.98221,0.00607,0.00004,0.00125,0.01043
40.01000,1.98000,0.99412,0.00020,0.00008,0.00015,0.00545
40.21000,1.98000,0.99762,0.00041,0.00006,0.00005,0.00186
40.41000,1.98000,0.99887,0.00064,0.00002,0.00001,0.00046
40.61000,1.98000,0.99979,0.00015,0.00000,0.00000,0.00006
40.81000,1.98000,0.99954,0.00007,0.00002,0.00000,0.00036
41.01000,1.98000,0.99908,0.00002,0.00017,0.00001,0.00073
41.21000,1.98000,0.99882,0.00002,0.00019,0.00001,0.00095
41.41000,1.98000,0.99796,0.00001,0.00048,0.00002,0.00153
41.61000,1.98000,0.99454,0.00001,0.00136,0.00009,0.00400
41.81000,1.98000,0.99784,0.00001,0.00100,0.00006,0.00110
42.01000,1.98000,0.99986,0.00000,0.00004,0.00000,0.00009
42.21000,1.98000,0.99784,0.00000,0.00078,0.00008,0.00130
42.41000,1.98000,0.99738,0.00000,0.00064,0.00020,0.00178
42.61000,1.98000,0.99959,0.00000,0.00006,0.00002,0.00033
42.81000,1.98000,0.99825,0.00000,0.00022,0.00010,0.00144
43.01000,1.98000,0.98870,0.00001,0.00006,0.00035,0.01087
43.21000,1.98000,0.97469,0.00006,0.00002,0.00039,0.02484
43.41000,1.98000,0.94452,0.00022,0.00005,0.00118,0.05403
43.61000,1.98000,0.99445,0.00048,0.00000,0.00004,0.00502
43.81000,1.98000,0.99212,0.00032,0.00003,0.00005,0.00748
44.01000,1.98000,0.99365,0.00357,0.00003,0.00002,0.00273
44.21000,1.98000,0.99860,0.00118,0.00001,0.00000,0.00020
44.41000,1.98000,0.99879,0.00059,0.00011,0.00000,0.00051
44.61000,1.98000,0.99970,0.00026,0.00002,0.00000,0.00002
44.81000,1.98000,0.99060,0.00860,0.00077,0.00000,0.00003
45.01000,1.98000,0.99712,0.00277,0.00010,0.00000,0.00000
45.21000,1.98000,0.98360,0.01485,0.00149,0.00000,0.00005
45.41000,1.98000,0.99353,0.00155,0.00487,0.00000,0.00005
45.61000,1.98000,0.99286,0.00014,0.00693,0.00000,0.00008
45.81000,1.98000,0.99935,0.00001,0.00063,0.00000,0.00001
46.01000,1.98000,0.99959,0.00000,0.00039,0.00000,0.00002
46.21000,1.98000,0.99970,0.00001,0.00024,0.00000,0.00005
46.41000,1.98000,0.99978,0.00000,0.00011,0.00000,0.00011
46.61000,1.98000,0.99712,0.00001,0.00165,0.00002,0.00120
46.81000,1.98000,0.99984,0.00000,0.00006,0.00000,0.00010
47.01000,1.98000,0.99977,0.00000,0.00017,0.00000,0.00006
47.21000,1.98000,0.99993,0.00001,0.00003,0.00000,0.00002
47.41000,1.98000,0.99982,0.00003,0.00007,0.00000,0.00008
47.61000,1.98000,0.99974,0.00010,0.00005,0.00000,0.00010
47.81000,1.98000,0.99970,0.00023,0.00001,0.00000,0.00006
48.01000,1.98000,0.99950,0.00048,0.00000,0.00000,0.00001
48.21000,1.98000,0.99871,0.00128,0.00000,0.00000,0.00001
48.41000,1.98000,0.99258,0.00741,0.00000,0.00000,0.00002
48.61000,1.98000,0.86782,0.13054,0.00012,0.00006,0.00146
48.81000,1.98000,0.89604,0.10204,0.00012,0.00022,0.00158
49.01000,1.98000,0.98953,0.00845,0.00011,0.00028,0.00163
49.21000,1.98000,0.99692,0.00270,0.00004,0.00007,0.00028
49.41000,1.98000,0.99663,0.00218,0.00017,0.00016,0.00087
49.61000,1.98000,0.99767,0.00161,0.00014,0.00009,0.00049
49.81000,1.98000,0.99356,0.00082,0.00120,0.00107,0.00335
50.01000,1.98000,0.99946,0.00030,0.00002,0.00006,0.00016
50.21000,1.98000,0.99284,0.00062,0.00090,0.00290,0.00274
50.41000,1.98000,0.99565,0.00043,0.00041,0.00160,0.00190
50.61000,1.98000,0.99948,0.00004,0.00007,0.00012,0.00029
50.81000,1.98000,0.99951,0.00003,0.00005,0.00010,0.00032
51.01000,1.98000,0.99994,0.00001,0.00000,0.00001,0.00004
51.21000,1.98000,0.99990,0.00001,0.00001,0.00003,0.00005
51.41000,1.98000,0.99957,0.00004,0.00003,0.00016,0.00022
51.61000,1.98000,0.99913,0.00002,0.00009,0.00047,0.00029
51.81000,1.98000,0.99949,0.00001,0.00007,0.00024,0.00019
52.01000,1.98000,0.99832,0.00003,0.00014,0.00057,0.00095
52.21000,1.98000,0.99675,0.00003,0.00038,0.00095,0.00188
52.41000,1.98000,0.99758,0.00000,0.00105,0.00035,0.00101
52.61000,1.98000,0.99797,0.00000,0.00086,0.00040,0.00076
52.81000,1.98000,0.99594,0.00001,0.00187,0.00076,0.00142
53.01000,1.98000,0.99911,0.00001,0.00037,0.00009,0.00042
53.21000,1.98000,0.99759,0.00001,0.00141,0.00005,0.00095
53.41000,1.98000,0.99984,0.00000,0.00015,0.00000,0.00001
53.61000,1.98000,0.99844,0.00001,0.00155,0.00000,0.00000
53.81000,1.98000,0.97702,0.00118,0.02161,0.00004,0.00015
54.01000,1.98000,0.98794,0.00137,0.01058,0.00004,0.00007
54.21000,1.98000,0.99513,0.00046,0.00438,0.00001,0.00003
54.41000,1.98000,0.99669,0.00069,0.00260,0.00000,0.00001
54.61000,1.98000,0.99414,0.00102,0.00480,0.00001,0.00003
54.81000,1.98000,0.99631,0.00229,0.00138,0.00001,0.00002
55.01000,1.98000,0.99934,0.00056,0.00010,0.00000,0.00000
55.21000,1.98000,0.99983,0.00013,0.00004,0.00000,0.00000
55.41000,1.98000,0.99998,0.00001,0.00000,0.00000,0.00001
55.61000,1.98000,0.99996,0.00002,0.00000,0.00000,0.00002
55.81000,1.98000,0.99999,0.00000,0.00000,0.00000,0.00001
56.01000,1.98000,0.99995,0.00001,0.00002,0.00000,0.00003
56.21000,1.98000,0.99998,0.00000,0.00001,0.00000,0.00001
56.41000,1.98000,0.99990,0.00001,0.00004,0.00001,0.00004
56.61000,1.98000,0.99949,0.00005,0.00011,0.00006,0.00029
56.81000,1.98000,0.99415,0.00009,0.00218,0.00085,0.00273
57.01000,1.98000,0.99714,0.00025,0.00064,0.00037,0.00160
57.21000,1.98000,0.99932,0.00013,0.00011,0.00008,0.00035
57.41000,1.98000,0.99757,0.00018,0.00052,0.00052,0.00122
57.61000,1.98000,0.99919,0.00017,0.00012,0.00011,0.00040
57.81000,1.98000,0.99678,0.00084,0.00021,0.00078,0.00139
58.01000,1.98000,0.95671,0.00301,0.00233,0.01661,0.02134
58.21000,1.98000,0.98339,0.00097,0.00055,0.00396,0.01114
58.41000,1.98000,0.99134,0.00013,0.00002,0.00455,0.00396
58.61000,1.98000,0.99487,0.00010,0.00001,0.00136,0.00366
58.81000,1.98000,0.96809,0.00025,0.00014,0.00872,0.02281
59.01000,1.98000,0.91077,0.00034,0.00052,0.02689,0.06148
59.21000,1.98000,0.93508,0.00048,0.00026,0.02524,0.03894
59.41000,1.98000,0.99209,0.00085,0.00001,0.00137,0.00568
59.61000,1.98000,0.98494,0.00388,0.00001,0.00357,0.00759
59.81000,1.98000,0.99832,0.00095,0.00000,0.00012,0.00061
60.01000,1.98000,0.99864,0.00027,0.00001,0.00012,0.00096
60.21000,1.98000,0.99226,0.00063,0.00082,0.00074,0.00555
60.41000,1.98000,0.99944,0.00021,0.00012,0.00002,0.00021
60.61000,1.98000,0.99918,0.00017,0.00014,0.00008,0.00043
60.81000,1.98000,0.99913,0.00003,0.00018,0.00011,0.00055
61.01000,1.98000,0.99993,0.00001,0.00002,0.00000,0.00004
61.21000,1.98000,0.99970,0.00000,0.00013,0.00001,0.00015
61.41000,1.98000,0.99984,0.00000,0.00012,0.00000,0.00003
61.61000,1.98000,0.99981,0.00000,0.00012,0.00000,0.00007
61.81000,1.98000,0.99900,0.00000,0.00080,0.00002,0.00018
62.01000,1.98000,0.99702,0.00000,0.00249,0.00007,0.00042
62.21000,1.98000,0.99881,0.00000,0.00095,0.00003,0.00021
62.41000,1.98000,0.99986,0.00000,0.00011,0.00000,0.00003
62.61000,1.98000,0.99613,0.00001,0.00260,0.00005,0.00121
62.81000,1.98000,0.99703,0.00001,0.00184,0.00012,0.00100
63.01000,1.98000,0.99820,0.00000,0.00132,0.00004,0.00044
63.21000,1.98000,0.99977,0.00000,0.00007,0.00001,0.00015
63.41000,1.98000,0.99904,0.00005,0.00022,0.00004,0.00065
63.61000,1.98000,0.98659,0.00013,0.00006,0.00059,0.01263
63.81000,1.98000,0.99039,0.00013,0.00000,0.00007,0.00941
64.01000,1.98000,0.93732,0.00015,0.00002,0.00022,0.06228
64.21000,1.98000,0.77810,0.00009,0.00005,0.00074,0.22102
64.41000,1.98000,0.96923,0.00009,0.00001,0.00012,0.03055
64.61000,1.98000,0.98938,0.00012,0.00001,0.00003,0.01045
64.81000,1.98000,0.99519,0.00014,0.00000,0.00001,0.00466
65.01000,1.98000,0.83939,0.00010,0.00055,0.00013,0.15983
65.21000,1.98000,0.93047,0.00004,0.00025,0.00005,0.06920
65.41000,1.98000,0.96229,0.00019,0.00288,0.00002,0.03462
65.61000,1.98000,0.96876,0.00212,0.00507,0.00018,0.02387
65.81000,1.98000,0.97767,0.00148,0.00586,0.00020,0.01479
66.01000,1.98000,0.98903,0.00277,0.00195,0.00008,0.00618
66.21000,1.98000,0.99513,0.00007,0.00234,0.00002,0.00243
66.41000,1.98000,0.96460,0.00008,0.01308,0.00029,0.02194
66.61000,1.98000,0.99596,0.00001,0.00118,0.00003,0.00282
66.81000,1.98000,0.99275,0.00000,0.00224,0.00005,0.00496
67.01000,1.98000,0.99355,0.00000,0.00395,0.00002,0.00248
67.21000,1.98000,0.99925,0.00000,0.00038,0.00000,0.00036
67.41000,1.98000,0.99631,0.00000,0.00286,0.00001,0.00082
67.61000,1.98000,0.99741,0.00000,0.00185,0.00001,0.00073
67.81000,1.98000,0.99994,0.00000,0.00003,0.00000,0.00003
68.01000,1.98000,0.99255,0.00000,0.00485,0.00009,0.00250
68.21000,1.98000,0.99959,0.00000,0.00006,0.00001,0.00033
68.41000,1.98000,0.99991,0.00000,0.00002,0.00000,0.00007
68.61000,1.98000,0.99999,0.00001,0.00000,0.00000,0.00000
68.81000,1.98000,0.99997,0.00002,0.00000,0.00000,0.00000
69.01000,1.98000,0.99969,0.00030,0.00000,0.00000,0.00001
69.21000,1.98000,0.99808,0.00191,0.00000,0.00000,0.00001
69.41000,1.98000,0.98755,0.01226,0.00000,0.00001,0.00017
69.61000,1.98000,0.80403,0.19250,0.00002,0.00037,0.00306
69.81000,1.98000,0.95518,0.04319,0.00003,0.00019,0.00141
70.01000,1.98000,0.99792,0.00174,0.00003,0.00003,0.00028
70.21000,1.98000,0.99952,0.00025,0.00006,0.00002,0.00015
70.41000,1.98000,0.99864,0.00005,0.00050,0.00023,0.00058
70.61000,1.98000,0.99444,0.00001,0.00190,0.00197,0.00168
70.81000,1.98000,0.99905,0.00001,0.00035,0.00047,0.00012
71.01000,1.98000,0.99699,0.00000,0.00106,0.00180,0.00014
71.21000,1.98000,0.99951,0.00000,0.00018,0.00029,0.00002
71.41000,1.98000,0.99877,0.00000,0.00025,0.00094,0.00004
71.61000,1.98000,0.99976,0.00000,0.00007,0.00017,0.00001
71.81000,1.98000,0.99877,0.00000,0.00019,0.00098,0.00005
72.01000,1.98000,0.99927,0.00001,0.00009,0.00059,0.00004
72.21000,1.98000,0.99981,0.00000,0.00004,0.00013,0.00002
72.41000,1.98000,0.99983,0.00000,0.00007,0.00005,0.00005
72.61000,1.98000,0.99990,0.00000,0.00005,0.00002,0.00003
72.81000,1.98000,0.99974,0.00000,0.00019,0.00002,0.00005
73.01000,1.98000,0.99914,0.00000,0.00058,0.00007,0.00021
73.21000,1.98000,0.99926,0.00000,0.00048,0.00002,0.00024
73.41000,1.98000,0.99693,0.00000,0.00170,0.00002,0.00135
73.61000,1.98000,0.99942,0.00000,0.00026,0.00000,0.00032
73.81000,1.98000,0.99936,0.00000,0.00037,0.00000,0.00027
74.01000,1.98000,0.99720,0.00000,0.00275,0.00000,0.00005
74.21000,1.98000,0.96545,0.00000,0.03412,0.00000,0.00042
74.41000,1.98000,0.99644,0.00000,0.00348,0.00000,0.00008
74.61000,1.98000,0.99797,0.00000,0.00198,0.00000,0.00006
74.81000,1.98000,0.98430,0.00000,0.01528,0.00000,0.00042
75.01000,1.98000,0.99708,0.00001,0.00280,0.00000,0.00012
75.21000,1.98000,0.99867,0.00005,0.00120,0.00000,0.00008
75.41000,1.98000,0.99970,0.00004,0.00025,0.00000,0.00000
75.61000,1.98000,0.99694,0.00004,0.00300,0.00000,0.00002
75.81000,1.98000,0.99996,0.00001,0.00002,0.00000,0.00000
76.01000,1.98000,0.99926,0.00001,0.00044,0.00001,0.00028
76.21000,1.98000,0.99873,0.00000,0.00106,0.00001,0.00019
76.41000,1.98000,0.99988,0.00000,0.00010,0.00000,0.00002
76.61000,1.98000,0.99921,0.00000,0.00069,0.00000,0.00010
76.81000,1.98000,0.99980,0.00000,0.00017,0.00000,0.00003
77.01000,1.98000,0.99993,0.00000,0.00006,0.00000,0.00001
77.21000,1.98000,0.99840,0.00000,0.00147,0.00000,0.00013
77.41000,1.98000,0.99982,0.00000,0.00016,0.00000,0.00002
77.61000,1.98000,0.99974,0.00000,0.00023,0.00000,0.00003
77.81000,1.98000,0.99885,0.00000,0.00097,0.00001,0.00017
78.01000,1.98000,0.99818,0.00000,0.00156,0.00001,0.00025
78.21000,1.98000,0.99828,0.00000,0.00141,0.00001,0.00029
78.41000,1.98000,0.99980,0.00000,0.00007,0.00001,0.00011
78.61000,1.98000,0.99955,0.00000,0.00018,0.00004,0.00023
78.81000,1.98000,0.97754,0.00001,0.00548,0.00561,0.01136
79.01000,1.98000,0.99503,0.00007,0.00057,0.00123,0.00311
79.21000,1.98000,0.99795,0.00058,0.00015,0.00035,0.00098
79.41000,1.98000,0.99772,0.00171,0.00003,0.00007,0.00047
79.61000,1.98000,0.97641,0.02260,0.00002,0.00019,0.00079
79.81000,1.98000,0.97052,0.02761,0.00001,0.00034,0.00151
80.01000,1.98000,0.99636,0.00309,0.00002,0.00009,0.00044
80.21000,1.98000,0.98772,0.01184,0.00001,0.00006,0.00037
80.41000,1.98000,0.99715,0.00275,0.00001,0.00000,0.00009
80.61000,1.98000,0.99865,0.00125,0.00000,0.00000,0.00010
80.81000,1.98000,0.99712,0.00205,0.00001,0.00002,0.00079
81.01000,1.98000,0.99900,0.00017,0.00002,0.00002,0.00079
81.21000,1.98000,0.99219,0.00007,0.00027,0.00020,0.00727
81.41000,1.98000,0.99911,0.00001,0.00003,0.00002,0.00084
81.61000,1.98000,0.99743,0.00000,0.00018,0.00007,0.00231
81.81000,1.98000,0.99669,0.00002,0.00027,0.00016,0.00285
82.01000,1.98000,0.99104,0.00002,0.00083,0.00059,0.00752
82.21000,1.98000,0.99175,0.00000,0.00166,0.00043,0.00615
82.41000,1.98000,0.99711,0.00000,0.00046,0.00015,0.00228
82.61000,1.98000,0.99318,0.00000,0.00151,0.00088,0.00442
82.81000,1.98000,0.99486,0.00000,0.00100,0.00074,0.00340
83.01000,1.98000,0.99824,0.00000,0.00061,0.00025,0.00090
83.21000,1.98000,0.99896,0.00000,0.00037,0.00019,0.00048
83.41000,1.98000,0.99971,0.00000,0.00008,0.00004,0.00017
83.61000,1.98000,0.99885,0.00000,0.00047,0.00012,0.00057
83.81000,1.98000,0.99810,0.00000,0.00003,0.00015,0.00171
84.01000,1.98000,0.99284,0.00000,0.00004,0.00027,0.00684
84.21000,1.98000,0.84599,0.00003,0.00084,0.00329,0.14984
84.41000,1.98000,0.98645,0.00009,0.00009,0.00010,0.01327
84.61000,1.98000,0.99668,0.00027,0.00003,0.00002,0.00301
84.81000,1.98000,0.99292,0.00231,0.00003,0.00002,0.00472
85.01000,1.98000,0.98966,0.00619,0.00004,0.00002,0.00410
85.21000,1.98000,0.99542,0.00262,0.00007,0.00001,0.00188
85.41000,1.98000,0.99898,0.00045,0.00002,0.00000,0.00056
85.61000,1.98000,0.99774,0.00219,0.00002,0.00000,0.00004
85.81000,1.98000,0.99921,0.00076,0.00002,0.00000,0.00001
86.01000,1.98000,0.99970,0.00027,0.00002,0.00000,0.00001
86.21000,1.98000,0.99991,0.00002,0.00006,0.00000,0.00001
86.41000,1.98000,0.99996,0.00000,0.00004,0.00000,0.00000
86.61000,1.98000,0.99998,0.00000,0.00001,0.00000,0.00000
86.81000,1.98000,0.99996,0.00000,0.00003,0.00000,0.00001
87.01000,1.98000,0.99995,0.00000,0.00004,0.00000,0.00001
87.21000,1.98000,0.99988,0.00000,0.00011,0.00000,0.00002
87.41000,1.98000,0.99944,0.00000,0.00052,0.00000,0.00003
87.61000,1.98000,0.99934,0.00000,0.00063,0.00000,0.00003
87.81000,1.98000,0.99475,0.00000,0.00470,0.00003,0.00052
88.01000,1.98000,0.99656,0.00001,0.00292,0.00004,0.00048
88.21000,1.98000,0.99152,0.00001,0.00751,0.00019,0.00077
88.41000,1.98000,0.99535,0.00002,0.00331,0.00040,0.00091
88.61000,1.98000,0.99955,0.00001,0.00028,0.00004,0.00013
88.81000,1.98000,0.99995,0.00001,0.00001,0.00001,0.00002
89.01000,1.98000,0.99994,0.00002,0.00001,0.00001,0.00003
89.21000,1.98000,0.99981,0.00017,0.00001,0.00000,0.00001
89.41000,1.98000,0.99573,0.00420,0.00002,0.00002,0.00003
89.61000,1.98000,0.89085,0.10097,0.00094,0.00578,0.00146
89.81000,1.98000,0.73854,0.24885,0.00088,0.00943,0.00230
90.01000,1.98000,0.86778,0.13089,0.00011,0.00061,0.00061
90.21000,1.98000,0.98780,0.01205,0.00002,0.00006,0.00008
90.41000,1.98000,0.99941,0.00051,0.00004,0.00001,0.00003
90.61000,1.98000,0.99972,0.00016,0.00009,0.00001,0.00002
90.81000,1.98000,0.99927,0.00001,0.00049,0.00010,0.00013
91.01000,1.98000,0.99935,0.00003,0.00036,0.00008,0.00018
91.21000,1.98000,0.99965,0.00008,0.00002,0.00007,0.00019
91.41000,1.98000,0.99980,0.00004,0.00001,0.00002,0.00013
91.61000,1.98000,0.99994,0.00001,0.00001,0.00000,0.00004
91.81000,1.98000,0.99990,0.00001,0.00002,0.00000,0.00007
92.01000,1.98000,0.99998,0.00001,0.00000,0.00000,0.00001
92.21000,1.98000,0.99998,0.00001,0.00000,0.00000,0.00001
92.41000,1.98000,0.99999,0.00000,0.00000,0.00000,0.00001
92.61000,1.98000,0.99997,0.00000,0.00000,0.00000,0.00002
92.81000,1.98000,0.99992,0.00000,0.00000,0.00000,0.00008
93.01000,1.98000,0.99951,0.00000,0.00001,0.00000,0.00048
93.21000,1.98000,0.99986,0.00000,0.00001,0.00000,0.00013
93.41000,1.98000,0.99982,0.00000,0.00000,0.00000,0.00018
93.61000,1.98000,0.99266,0.00000,0.00011,0.00002,0.00721
93.81000,1.98000,0.99671,0.00000,0.00004,0.00000,0.00325
94.01000,1.98000,0.99253,0.00000,0.00073,0.00001,0.00673
94.21000,1.98000,0.99459,0.00000,0.00353,0.00001,0.00187
94.41000,1.98000,0.98991,0.00002,0.00924,0.00001,0.00082
94.61000,1.98000,0.94452,0.00000,0.05444,0.00001,0.00102
94.81000,1.98000,0.99120,0.00001,0.00855,0.00000,0.00024
95.01000,1.98000,0.92691,0.00001,0.07170,0.00001,0.00137
95.21000,1.98000,0.98906,0.00001,0.01041,0.00000,0.00052
95.41000,1.98000,0.99002,0.00002,0.00962,0.00000,0.00034
95.61000,1.98000,0.99687,0.00000,0.00312,0.00000,0.00001
95.81000,1.98000,0.99799,0.00001,0.00198,0.00000,0.00002
96.01000,1.98000,0.99980,0.00000,0.00017,0.00000,0.00002
96.21000,1.98000,0.99976,0.00001,0.00016,0.00000,0.00008
96.41000,1.98000,0.99743,0.00007,0.00151,0.00002,0.00097
96.61000,1.98000,0.99568,0.00036,0.00171,0.00012,0.00213
96.81000,1.98000,0.99797,0.00061,0.00049,0.00001,0.00092
97.01000,1.98000,0.99824,0.00072,0.00075,0.00001,0.00027
97.21000,1.98000,0.99460,0.00046,0.00434,0.00003,0.00057
97.41000,1.98000,0.98782,0.00098,0.00788,0.00012,0.00321
97.61000,1.98000,0.99800,0.00018,0.00085,0.00004,0.00092
97.81000,1.98000,0.99625,0.00007,0.00198,0.00007,0.00163
98.01000,1.98000,0.99455,0.00012,0.00351,0.00014,0.00168
98.21000,1.98000,0.99141,0.00001,0.00727,0.00010,0.00121
98.41000,1.98000,0.99836,0.00000,0.00152,0.00001,0.00012
98.61000,1.98000,0.99165,0.00000,0.00801,0.00003,0.00031
98.81000,1.98000,0.99773,0.00000,0.00190,0.00003,0.00034
99.01000,1.98000,0.99965,0.00000,0.00024,0.00000,0.00011
99.21000,1.98000,0.99927,0.00000,0.00014,0.00002,0.00057
99.41000,1.98000,0.99859,0.00000,0.00023,0.00002,0.00117
99.61000,1.98000,0.92683,0.00001,0.00592,0.00153,0.06571
99.81000,1.98000,0.90828,0.00006,0.00364,0.00375,0.08427
100.01000,1.98000,0.98206,0.00001,0.00082,0.00043,0.01668
100.21000,1.98000,0.98412,0.00007,0.00034,0.00065,0.01482
100.41000,1.98000,0.99577,0.00036,0.00004,0.00006,0.00377
100.61000,1.98000,0.99767,0.00057,0.00002,0.00006,0.00167
100.81000,1.98000,0.98390,0.00038,0.00035,0.00056,0.01481
101.01000,1.98000,0.99392,0.00070,0.00039,0.00052,0.00447
101.21000,1.98000,0.99753,0.00162,0.00021,0.00008,0.00056
101.41000,1.98000,0.99611,0.00348,0.00003,0.00005,0.00033
101.61000,1.98000,0.99269,0.00692,0.00003,0.00004,0.00031
101.81000,1.98000,0.99585,0.00332,0.00014,0.00012,0.00057
102.01000,1.98000,0.99624,0.00369,0.00001,0.00001,0.00006
102.21000,1.98000,0.99910,0.00080,0.00002,0.00001,0.00007
102.41000,1.98000,0.99776,0.00211,0.00002,0.00002,0.00009
102.61000,1.98000,0.99782,0.00209,0.00001,0.00002,0.00006
102.81000,1.98000,0.99921,0.00077,0.00000,0.00000,0.00001
103.01000,1.98000,0.99959,0.00038,0.00000,0.00001,0.00002
103.21000,1.98000,0.99978,0.00018,0.00000,0.00001,0.00003
103.41000,1.98000,0.99967,0.00033,0.00000,0.00000,0.00000
103.61000,1.98000,0.99968,0.00032,0.00000,0.00000,0.00001
103.81000,1.98000,0.99950,0.00049,0.00000,0.00000,0.00001
104.01000,1.98000,0.99926,0.00065,0.00000,0.00001,0.00008
104.21000,1.98000,0.99923,0.00013,0.00003,0.00003,0.00057
104.41000,1.98000,0.98475,0.00054,0.00008,0.00026,0.01438
104.61000,1.98000,0.98391,0.00011,0.00015,0.00007,0.01576
104.81000,1.98000,0.99104,0.00004,0.00022,0.00005,0.00865
105.01000,1.98000,0.99643,0.00007,0.00003,0.00002,0.00346
105.21000,1.98000,0.98460,0.00015,0.00008,0.00018,0.01499
105.41000,1.98000,0.97612,0.00009,0.00036,0.00034,0.02310
105.61000,1.98000,0.93366,0.00003,0.00154,0.00078,0.06399
105.81000,1.98000,0.99010,0.00003,0.00035,0.00037,0.00916
106.01000,1.98000,0.99428,0.00023,0.00071,0.00038,0.00439
106.21000,1.98000,0.98725,0.00205,0.00134,0.00251,0.00685
106.41000,1.98000,0.99157,0.00075,0.00127,0.00248,0.00392
106.61000,1.98000,0.99563,0.00010,0.00149,0.00096,0.00182
106.81000,1.98000,0.99749,0.00006,0.00158,0.00024,0.00063
107.01000,1.98000,0.99359,0.00003,0.00432,0.00034,0.00172
107.21000,1.98000,0.99960,0.00001,0.00029,0.00001,0.00009
107.41000,1.98000,0.99748,0.00003,0.00161,0.00011,0.00077
107.61000,1.98000,0.97767,0.00087,0.00636,0.00485,0.01025
107.81000,1.98000,0.99623,0.00027,0.00080,0.00084,0.00186
108.01000,1.98000,0.99188,0.00017,0.00133,0.00380,0.00282
108.21000,1.98000,0.99828,0.00001,0.00087,0.00047,0.00037
108.41000,1.98000,0.99785,0.00001,0.00098,0.00067,0.00049
108.61000,1.98000,0.99997,0.00002,0.00000,0.00000,0.00000
108.81000,1.98000,0.99990,0.00009,0.00001,0.00000,0.00000
109.01000,1.98000,0.99975,0.00024,0.00001,0.00000,0.00000
109.21000,1.98000,0.99673,0.00325,0.00001,0.00000,0.00001
109.41000,1.98000,0.99731,0.00263,0.00004,0.00000,0.00002
109.61000,1.98000,0.96858,0.02976,0.00088,0.00029,0.00049
109.81000,1.98000,0.87529,0.11301,0.00691,0.00203,0.00277
110.01000,1.98000,0.98161,0.01789,0.00030,0.00006,0.00014
110.21000,1.98000,0.99902,0.00064,0.00031,0.00001,0.00002
110.41000,1.98000,0.99965,0.00007,0.00026,0.00001,0.00001
110.61000,1.98000,0.99961,0.00000,0.00033,0.00003,0.00002
110.81000,1.98000,0.99965,0.00000,0.00017,0.00014,0.00004
111.01000,1.98000,0.99924,0.00000,0.00017,0.00054,0.00004
111.21000,1.98000,0.99812,0.00000,0.00038,0.00145,0.00005
111.41000,1.98000,0.99937,0.00000,0.00015,0.00046,0.00002
111.61000,1.98000,0.99937,0.00000,0.00015,0.00046,0.00002
111.81000,1.98000,0.99969,0.00000,0.00004,0.00024,0.00002
112.01000,1.98000,0.99987,0.00000,0.00002,0.00009,0.00001
112.21000,1.98000,0.99977,0.00000,0.00008,0.00011,0.00004
112.41000,1.98000,0.99976,0.00000,0.00013,0.00005,0.00006
112.61000,1.98000,0.99921,0.00000,0.00047,0.00008,0.00024
112.81000,1.98000,0.97852,0.00000,0.00541,0.00064,0.01543
113.01000,1.98000,0.99800,0.00001,0.00022,0.00002,0.00175
113.21000,1.98000,0.99776,0.00001,0.00138,0.00000,0.00085
113.41000,1.98000,0.99896,0.00000,0.00099,0.00000,0.00004
113.61000,1.98000,0.99942,0.00004,0.00052,0.00000,0.00003
113.81000,1.98000,0.97872,0.00103,0.01887,0.00001,0.00137
114.01000,1.98000,0.98545,0.00816,0.00527,0.00001,0.00111
114.21000,1.98000,0.99655,0.00341,0.00003,0.00000,0.00001
114.41000,1.98000,0.97359,0.02604,0.00031,0.00000,0.00006
114.61000,1.98000,0.92492,0.07448,0.00052,0.00001,0.00007
114.81000,1.98000,0.98706,0.01285,0.00008,0.00000,0.00001
115.01000,1.98000,0.99544,0.00445,0.00009,0.00000,0.00002
115.21000,1.98000,0.99108,0.00887,0.00000,0.00000,0.00005
115.41000,1.98000,0.99941,0.00029,0.00002,0.00003,0.00025
115.61000,1.98000,0.99905,0.00007,0.00013,0.00008,0.00067
115.81000,1.98000,0.99982,0.00002,0.00003,0.00001,0.00012
116.01000,1.98000,0.99985,0.00000,0.00005,0.00001,0.00009
116.21000,1.98000,0.99991,0.00000,0.00003,0.00000,0.00006
116.41000,1.98000,0.99862,0.00000,0.00048,0.00015,0.00075
116.61000,1.98000,0.99986,0.00000,0.00007,0.00001,0.00006
116.81000,1.98000,0.99990,0.00000,0.00006,0.00001,0.00004
117.01000,1.98000,0.99991,0.00000,0.00004,0.00001,0.00004
117.21000,1.98000,0.99979,0.00000,0.00015,0.00001,0.00006
117.41000,1.98000,0.99973,0.00000,0.00015,0.00001,0.00011
117.61000,1.98000,0.99974,0.00000,0.00007,0.00002,0.00017
117.81000,1.98000,0.99998,0.00000,0.00000,0.00000,0.00001
118.01000,1.98000,0.99951,0.00000,0.00018,0.00004,0.00027
118.21000,1.98000,0.99388,0.00000,0.00162,0.00117,0.00334
118.41000,1.98000,0.99845,0.00000,0.00037,0.00018,0.00100
118.61000,1.98000,0.99958,0.00000,0.00001,0.00009,0.00032
118.81000,1.98000,0.99796,0.00001,0.00017,0.00067,0.00120
119.01000,1.98000,0.95589,0.00031,0.00487,0.01436,0.02457
119.21000,1.98000,0.99669,0.00077,0.00010,0.00108,0.00137
119.41000,1.98000,0.99585,0.00218,0.00006,0.00088,0.00103
119.61000,1.98000,0.98960,0.00980,0.00001,0.00021,0.00038
119.81000,1.98000,0.99186,0.00772,0.00001,0.00007,0.00034
120.01000,1.98000,0.99979,0.00020,0.00000,0.00000,0.00001
120.21000,1.98000,0.99984,0.00006,0.00002,0.00001,0.00007
120.41000,1.98000,0.99968,0.00022,0.00003,0.00000,0.00006
120.61000,1.98000,0.99984,0.00007,0.00002,0.00000,0.00007
120.81000,1.98000,0.99908,0.00037,0.00003,0.00005,0.00046
121.01000,1.98000,0.99933,0.00019,0.00004,0.00003,0.00041
121.21000,1.98000,0.99977,0.00002,0.00004,0.00000,0.00016
121.41000,1.98000,0.99793,0.00000,0.00101,0.00002,0.00103
121.61000,1.98000,0.99840,0.00000,0.00137,0.00000,0.00023
121.81000,1.98000,0.99556,0.00000,0.00379,0.00001,0.00063
122.01000,1.98000,0.99811,0.00000,0.00158,0.00001,0.00030
122.21000,1.98000,0.99957,0.00000,0.00027,0.00000,0.00015
122.41000,1.98000,0.99968,0.00000,0.00019,0.00000,0.00013
122.61000,1.98000,0.99983,0.00000,0.00011,0.00000,0.00006
122.81000,1.98000,0.99474,0.00000,0.00411,0.00011,0.00105
123.01000,1.98000,0.99929,0.00001,0.00031,0.00005,0.00034
123.21000,1.98000,0.99962,0.00002,0.00010,0.00006,0.00020
123.41000,1.98000,0.99890,0.00004,0.00033,0.00017,0.00056
123.61000,1.98000,0.99220,0.00004,0.00015,0.00095,0.00666
123.81000,1.98000,0.95304,0.00034,0.00004,0.00129,0.04529
124.01000,1.98000,0.48588,0.00157,0.00015,0.01393,0.49846
124.21000,1.98000,0.27653,0.00157,0.00021,0.01883,0.70286
124.41000,1.98000,0.93085,0.00025,0.00002,0.00090,0.06799
124.61000,1.98000,0.97545,0.00007,0.00001,0.00013,0.02434
124.81000,1.98000,0.99352,0.00000,0.00004,0.00001,0.00644
125.01000,1.98000,0.99478,0.00000,0.00011,0.00000,0.00511
125.21000,1.98000,0.99961,0.00000,0.00001,0.00000,0.00038
125.41000,1.98000,0.99994,0.00000,0.00004,0.00000,0.00002
125.61000,1.98000,0.99980,0.00000,0.00018,0.00000,0.00002
125.81000,1.98000,0.99995,0.00000,0.00005,0.00000,0.00000
126.01000,1.98000,0.99996,0.00000,0.00003,0.00000,0.00000
126.21000,1.98000,0.99980,0.00000,0.00019,0.00000,0.00001
126.41000,1.98000,0.99950,0.00000,0.00049,0.00000,0.00001
126.61000,1.98000,0.99420,0.00000,0.00574,0.00000,0.00005
126.81000,1.98000,0.99972,0.00000,0.00027,0.00000,0.00001
127.01000,1.98000,0.99983,0.00002,0.00015,0.00000,0.00001
127.21000,1.98000,0.99995,0.00003,0.00002,0.00000,0.00000
127.41000,1.98000,0.99981,0.00001,0.00016,0.00000,0.00002
127.61000,1.98000,0.99995,0.00001,0.00003,0.00000,0.00001
127.81000,1.98000,0.99989,0.00004,0.00006,0.00000,0.00002
128.00999,1.98001,0.99317,0.00074,0.00398,0.00012,0.00198
128.21001,1.98000,0.99885,0.00013,0.00066,0.00002,0.00034
128.41000,1.98000,0.99987,0.00004,0.00005,0.00000,0.00004
