Time (seconds), Duration (seconds),pred_(unlabeled),pred_empty_box,pred_table
0.00250,0.49500,0.01127,0.27318,0.71555
0.10250,0.49500,0.00981,0.64385,0.34635
0.20250,0.49500,0.00446,0.83815,0.15738
0.30250,0.49500,0.00315,0.89719,0.09965
0.40250,0.49500,0.00408,0.87097,0.12495
0.50250,0.49500,0.00701,0.69936,0.29363
0.60250,0.49500,0.01363,0.38372,0.60264
0.70250,0.49500,0.01445,0.12870,0.85685
0.80250,0.49500,0.01210,0.07280,0.91510
0.90250,0.49500,0.01614,0.08608,0.89778
1.00250,0.49500,0.02339,0.10285,0.87377
1.10250,0.49500,0.03204,0.26546,0.70250
1.20250,0.49500,0.03312,0.39860,0.56827
1.30250,0.49500,0.02613,0.29412,0.67975
1.40250,0.49500,0.01651,0.19436,0.78913
1.50250,0.49500,0.00861,0.08523,0.90616
1.60250,0.49500,0.00530,0.04260,0.95210
1.70250,0.49500,0.00517,0.04219,0.95264
1.80250,0.49500,0.00706,0.06203,0.93091
1.90250,0.49500,0.00772,0.10293,0.88934
2.00250,0.49500,0.00934,0.14420,0.84646
2.10250,0.49500,0.01048,0.17177,0.81775
2.20250,0.49500,0.01102,0.19150,0.79748
2.30250,0.49500,0.01348,0.22745,0.75907
2.40250,0.49500,0.02226,0.28265,0.69509
2.50250,0.49500,0.02413,0.28373,0.69214
2.60250,0.49500,0.02639,0.18307,0.79054
2.70250,0.49500,0.02749,0.11154,0.86097
2.80250,0.49500,0.03067,0.08084,0.88849
2.90250,0.49500,0.01443,0.04467,0.94090
3.00250,0.49500,0.00893,0.04799,0.94308
3.10250,0.49500,0.00687,0.15259,0.84055
3.20250,0.49500,0.00309,0.49550,0.50141
3.30250,0.49500,0.00155,0.68790,0.31055
3.40250,0.49500,0.00098,0.70069,0.29833
3.50250,0.49500,0.00081,0.74783,0.25136
3.60250,0.49500,0.00085,0.67755,0.32160
3.70250,0.49500,0.00072,0.46700,0.53228
3.80250,0.49500,0.00087,0.66638,0.33275
3.90250,0.49500,0.00122,0.67716,0.32162
4.00250,0.49500,0.00093,0.63283,0.36624
4.10250,0.49500,0.00144,0.76131,0.23724
4.20250,0.49500,0.00180,0.63659,0.36161
4.30250,0.49500,0.00129,0.61734,0.38138
4.40250,0.49500,0.00121,0.40695,0.59184
4.50250,0.49500,0.00133,0.36619,0.63247
4.60250,0.49500,0.00082,0.30635,0.69283
4.70250,0.49500,0.00085,0.24850,0.75065
4.80250,0.49500,0.00091,0.33057,0.66852
4.90250,0.49500,0.00127,0.34703,0.65170
5.00250,0.49500,0.00149,0.32285,0.67565
5.10250,0.49500,0.00169,0.40644,0.59187
5.20250,0.49500,0.00153,0.46276,0.53571
5.30250,0.49500,0.00133,0.49954,0.49912
5.40250,0.49500,0.00163,0.59526,0.40311
5.50250,0.49500,0.00133,0.80080,0.19788
5.60250,0.49500,0.00108,0.86406,0.13486
5.70250,0.49500,0.00080,0.81293,0.18627
5.80250,0.49500,0.00036,0.88720,0.11244
5.90250,0.49500,0.00038,0.81404,0.18558
6.00250,0.49500,0.00034,0.68493,0.31473
6.10250,0.49500,0.00040,0.70138,0.29821
6.20250,0.49500,0.00066,0.46473,0.53462
6.30250,0.49500,0.00112,0.59458,0.40430
6.40250,0.49500,0.00104,0.82883,0.17013
6.50250,0.49500,0.00136,0.79789,0.20076
6.60250,0.49500,0.00136,0.82782,0.17082
6.70250,0.49500,0.00144,0.75807,0.24049
6.80250,0.49500,0.00153,0.63779,0.36068
6.90250,0.49500,0.00133,0.40299,0.59568
7.00250,0.49500,0.00121,0.17053,0.82826
7.10250,0.49500,0.00079,0.09349,0.90572
7.20250,0.49500,0.00056,0.02765,0.97180
7.30250,0.49500,0.00053,0.01388,0.98559
7.40250,0.49500,0.00048,0.00965,0.98987
7.50250,0.49500,0.00027,0.00468,0.99505
7.60250,0.49500,0.00018,0.00352,0.99630
7.70250,0.49500,0.00007,0.00155,0.99837
7.80250,0.49500,0.00005,0.00146,0.99849
7.90250,0.49500,0.00009,0.00356,0.99635
8.00250,0.49500,0.00025,0.01399,0.98577
8.10250,0.49500,0.00020,0.01541,0.98439
8.20250,0.49500,0.00029,0.01410,0.98561
8.30250,0.49500,0.00023,0.01406,0.98571
8.40250,0.49500,0.00010,0.00322,0.99668
8.50250,0.49500,0.00009,0.00193,0.99798
8.60250,0.49500,0.00016,0.00342,0.99642
8.70250,0.49500,0.00022,0.00435,0.99543
8.80250,0.49500,0.00015,0.00216,0.99768
8.90250,0.49500,0.00014,0.00182,0.99804
9.00250,0.49500,0.00006,0.00121,0.99873
9.10250,0.49500,0.00005,0.00089,0.99906
9.20250,0.49500,0.00005,0.00097,0.99898
9.30250,0.49500,0.00010,0.00207,0.99784
9.40250,0.49500,0.00021,0.00335,0.99644
9.50250,0.49500,0.00035,0.00409,0.99555
9.60250,0.49500,0.00021,0.00241,0.99738
9.70250,0.49500,0.00020,0.00201,0.99779
9.80250,0.49500,0.00026,0.00341,0.99633
9.90250,0.49500,0.00033,0.00517,0.99450
10.00250,0.49500,0.00058,0.01058,0.98884
10.10250,0.49500,0.00108,0.02086,0.97807
10.20250,0.49500,0.00126,0.04881,0.94993
10.30250,0.49500,0.00098,0.04176,0.95726
10.40250,0.49500,0.00106,0.05029,0.94865
10.50250,0.49500,0.00102,0.04347,0.95551
10.60250,0.49500,0.00069,0.03171,0.96760
10.70250,0.49500,0.00044,0.02397,0.97559
10.80250,0.49500,0.00024,0.01679,0.98297
10.90250,0.49500,0.00021,0.01433,0.98546
11.00250,0.49500,0.00010,0.00485,0.99505
11.10250,0.49500,0.00007,0.00196,0.99797
11.20250,0.49500,0.00005,0.00067,0.99928
11.30250,0.49500,0.00004,0.00032,0.99965
11.40250,0.49500,0.00002,0.00017,0.99981
11.50250,0.49500,0.00004,0.00056,0.99940
11.60250,0.49500,0.00011,0.00181,0.99808
11.70250,0.49500,0.00023,0.00651,0.99326
11.80250,0.49500,0.00031,0.01664,0.98305
11.90250,0.49500,0.00033,0.01905,0.98063
12.00250,0.49500,0.00017,0.01769,0.98214
12.10250,0.49500,0.00019,0.02421,0.97559
12.20250,0.49500,0.00016,0.02127,0.97857
12.30250,0.49500,0.00016,0.03018,0.96966
12.40250,0.49500,0.00019,0.04637,0.95344
12.50250,0.49500,0.00013,0.04470,0.95518
12.60250,0.49500,0.00012,0.03402,0.96587
12.70250,0.49500,0.00012,0.02370,0.97618
12.80250,0.49500,0.00021,0.02118,0.97861
12.90250,0.49500,0.00031,0.01230,0.98739
13.00250,0.49500,0.00043,0.01722,0.98236
13.10250,0.49500,0.00065,0.02364,0.97571
13.20250,0.49500,0.00037,0.01689,0.98274
13.30250,0.49500,0.00024,0.01653,0.98323
13.40250,0.49500,0.00016,0.00963,0.99021
13.50250,0.49500,0.00025,0.01040,0.98936
13.60250,0.49500,0.00024,0.00961,0.99015
13.70250,0.49500,0.00045,0.01024,0.98931
13.80250,0.49500,0.00037,0.00768,0.99195
13.90250,0.49500,0.00021,0.00586,0.99393
14.00250,0.49500,0.00015,0.00543,0.99442
14.10250,0.49500,0.00006,0.00469,0.99525
14.20250,0.49500,0.00005,0.00660,0.99336
14.30250,0.49500,0.00005,0.00918,0.99077
14.40250,0.49500,0.00006,0.01444,0.98550
14.50250,0.49500,0.00009,0.01485,0.98507
14.60250,0.49500,0.00009,0.00964,0.99027
14.70250,0.49500,0.00006,0.00441,0.99553
14.80250,0.49500,0.00007,0.00446,0.99546
14.90250,0.49500,0.00007,0.00388,0.99606
15.00250,0.49500,0.00005,0.00684,0.99311
15.10250,0.49500,0.00008,0.01274,0.98717
15.20250,0.49500,0.00014,0.01021,0.98965
15.30250,0.49500,0.00012,0.00813,0.99175
15.40250,0.49500,0.00020,0.00810,0.99170
15.50250,0.49500,0.00018,0.00392,0.99590
15.60250,0.49500,0.00027,0.00344,0.99630
15.70250,0.49500,0.00047,0.00264,0.99689
15.80250,0.49500,0.00055,0.00213,0.99733
15.90250,0.49500,0.00030,0.00112,0.99858
16.00250,0.49500,0.00021,0.00125,0.99855
16.10250,0.49500,0.00008,0.00067,0.99925
16.20250,0.49500,0.00006,0.00056,0.99938
16.30250,0.49500,0.00009,0.00082,0.99909
16.40250,0.49500,0.00019,0.00081,0.99900
16.50250,0.49500,0.00022,0.00073,0.99905
16.60250,0.49500,0.00028,0.00087,0.99885
16.70250,0.49500,0.00019,0.00099,0.99882
16.80250,0.49500,0.00019,0.00167,0.99814
16.90250,0.49500,0.00020,0.00336,0.99644
17.00250,0.49500,0.00023,0.00478,0.99500
17.10250,0.49500,0.00028,0.01031,0.98941
17.20250,0.49500,0.00028,0.01130,0.98842
17.30250,0.49500,0.00037,0.01356,0.98607
17.40250,0.49500,0.00038,0.01274,0.98688
17.50250,0.49500,0.00022,0.00590,0.99388
17.60250,0.49500,0.00031,0.00815,0.99154
17.70250,0.49500,0.00028,0.01222,0.98750
17.80250,0.49500,0.00023,0.00876,0.99101
17.90250,0.49500,0.00039,0.02661,0.97300
18.00250,0.49500,0.00071,0.08208,0.91720
18.10250,0.49500,0.00077,0.04650,0.95273
18.20250,0.49500,0.00077,0.03603,0.96319
18.30250,0.49500,0.00040,0.03636,0.96324
18.40250,0.49500,0.00063,0.06817,0.93120
18.50250,0.49500,0.00116,0.09232,0.90652
18.60250,0.49500,0.00088,0.09166,0.90747
18.70250,0.49500,0.00107,0.11134,0.88759
18.80250,0.49500,0.00131,0.04889,0.94980
18.90250,0.49500,0.00018,0.00351,0.99631
19.00250,0.49500,0.00025,0.00660,0.99316
19.10250,0.49500,0.00031,0.01554,0.98416
19.20250,0.49500,0.00026,0.01553,0.98421
19.30250,0.49500,0.00037,0.06208,0.93755
19.40250,0.49500,0.00039,0.12509,0.87453
19.50250,0.49500,0.00030,0.06662,0.93309
19.60250,0.49500,0.00019,0.02704,0.97277
19.70250,0.49500,0.00017,0.02187,0.97797
19.80250,0.49500,0.00017,0.02015,0.97968
19.90250,0.49500,0.00019,0.02100,0.97881
20.00250,0.49500,0.00009,0.00678,0.99313
20.10250,0.49500,0.00010,0.00539,0.99451
20.20250,0.49500,0.00011,0.00573,0.99416
20.30250,0.49500,0.00011,0.00465,0.99524
20.40250,0.49500,0.00013,0.00612,0.99375
20.50250,0.49500,0.00018,0.01409,0.98572
20.60250,0.49500,0.00017,0.01428,0.98555
20.70250,0.49500,0.00016,0.01776,0.98207
20.80250,0.49500,0.00015,0.02001,0.97984
20.90250,0.49500,0.00012,0.02218,0.97769
21.00250,0.49500,0.00013,0.02587,0.97400
21.10250,0.49500,0.00015,0.02138,0.97847
21.20250,0.49500,0.00013,0.01617,0.98369
21.30250,0.49500,0.00009,0.00820,0.99171
21.40250,0.49500,0.00010,0.00610,0.99380
21.50250,0.49500,0.00012,0.00536,0.99452
21.60250,0.49500,0.00010,0.00399,0.99591
21.70250,0.49500,0.00019,0.00610,0.99371
21.80250,0.49500,0.00026,0.00628,0.99346
21.90250,0.49500,0.00028,0.00550,0.99422
22.00250,0.49500,0.00026,0.00543,0.99431
22.10250,0.49500,0.00035,0.00637,0.99328
22.20250,0.49500,0.00020,0.00364,0.99616
22.30250,0.49500,0.00020,0.00380,0.99600
22.40250,0.49500,0.00016,0.00386,0.99598
22.50250,0.49500,0.00013,0.00281,0.99705
22.60250,0.49500,0.00011,0.00251,0.99738
22.70250,0.49500,0.00013,0.00267,0.99720
22.80250,0.49500,0.00013,0.00257,0.99730
22.90250,0.49500,0.00012,0.00220,0.99769
23.00250,0.49500,0.00012,0.00277,0.99711
23.10250,0.49500,0.00009,0.00198,0.99793
23.20250,0.49500,0.00007,0.00161,0.99832
23.30250,0.49500,0.00009,0.00208,0.99784
23.40250,0.49500,0.00013,0.00381,0.99605
23.50250,0.49500,0.00015,0.00457,0.99529
23.60250,0.49500,0.00020,0.00862,0.99119
23.70250,0.49500,0.00027,0.02242,0.97731
23.80250,0.49500,0.00020,0.01123,0.98857
23.90250,0.49500,0.00026,0.01354,0.98620
24.00250,0.49500,0.00022,0.02390,0.97588
24.10250,0.49500,0.00023,0.01869,0.98108
24.20250,0.49500,0.00016,0.02321,0.97663
24.30250,0.49500,0.00013,0.03844,0.96143
24.40250,0.49500,0.00005,0.01669,0.98326
24.50250,0.49500,0.00007,0.00662,0.99331
24.60250,0.49500,0.00007,0.00549,0.99444
24.70250,0.49500,0.00008,0.00388,0.99604
24.80250,0.49500,0.00007,0.00170,0.99823
24.90250,0.49500,0.00012,0.00306,0.99682
25.00250,0.49500,0.00007,0.00114,0.99879
25.10250,0.49500,0.00006,0.00084,0.99910
25.20250,0.49500,0.00010,0.00100,0.99891
25.30250,0.49500,0.00014,0.00102,0.99884
25.40250,0.49500,0.00013,0.00081,0.99905
25.50250,0.49500,0.00027,0.00164,0.99810
25.60250,0.49500,0.00028,0.00091,0.99881
25.70250,0.49500,0.00032,0.00118,0.99851
25.80250,0.49500,0.00023,0.00104,0.99873
25.90250,0.49500,0.00017,0.00103,0.99880
26.00250,0.49500,0.00009,0.00092,0.99898
26.10250,0.49500,0.00005,0.00074,0.99920
26.20250,0.49500,0.00006,0.00156,0.99838
26.30250,0.49500,0.00010,0.00493,0.99498
26.40250,0.49500,0.00003,0.00156,0.99841
26.50250,0.49500,0.00004,0.00165,0.99831
26.60250,0.49500,0.00010,0.00328,0.99663
26.70250,0.49500,0.00008,0.00156,0.99836
26.80250,0.49500,0.00010,0.00105,0.99885
26.90250,0.49500,0.00020,0.00204,0.99777
27.00250,0.49500,0.00027,0.00384,0.99589
27.10250,0.49500,0.00020,0.00315,0.99665
27.20250,0.49500,0.00032,0.00495,0.99472
27.30250,0.49500,0.00018,0.00228,0.99754
27.40250,0.49500,0.00012,0.00118,0.99869
27.50250,0.49500,0.00008,0.00073,0.99919
27.60250,0.49500,0.00003,0.00031,0.99966
27.70250,0.49500,0.00003,0.00027,0.99970
27.80250,0.49500,0.00002,0.00018,0.99981
27.90250,0.49500,0.00003,0.00046,0.99951
28.00250,0.49500,0.00006,0.00062,0.99932
28.10250,0.49500,0.00015,0.00133,0.99851
28.20250,0.49500,0.00021,0.00184,0.99795
28.30250,0.49500,0.00037,0.00345,0.99618
28.40250,0.49500,0.00035,0.00220,0.99745
28.50250,0.49500,0.00020,0.00196,0.99784
28.60250,0.49500,0.00011,0.00183,0.99806
28.70250,0.49500,0.00006,0.00123,0.99871
28.80250,0.49500,0.00005,0.00129,0.99866
28.90250,0.49500,0.00013,0.00423,0.99565
29.00250,0.49500,0.00018,0.00399,0.99584
29.10250,0.49500,0.00023,0.00564,0.99413
29.20250,0.49500,0.00041,0.00944,0.99015
29.30250,0.49500,0.00034,0.01108,0.98858
29.40250,0.49500,0.00023,0.01086,0.98891
29.50250,0.49500,0.00022,0.01225,0.98753
29.60250,0.49500,0.00014,0.00683,0.99302
29.70250,0.49500,0.00017,0.00635,0.99348
29.80250,0.49500,0.00007,0.00281,0.99712
29.90250,0.49500,0.00004,0.00149,0.99847
30.00250,0.49500,0.00002,0.00052,0.99947
30.10250,0.49500,0.00001,0.00029,0.99970
30.20250,0.49500,0.00001,0.00015,0.99984
30.30250,0.49500,0.00001,0.00008,0.99990
30.40250,0.49500,0.00003,0.00018,0.99979
30.50250,0.49500,0.00005,0.00025,0.99971
30.60250,0.49500,0.00005,0.00026,0.99969
30.70250,0.49500,0.00007,0.00041,0.99952
30.80250,0.49500,0.00006,0.00056,0.99938
30.90250,0.49500,0.00005,0.00098,0.99896
31.00250,0.49500,0.00005,0.00158,0.99838
31.10250,0.49500,0.00005,0.00219,0.99776
31.20250,0.49500,0.00005,0.00288,0.99707
31.30250,0.49500,0.00005,0.00229,0.99766
31.40250,0.49500,0.00003,0.00091,0.99906
31.50250,0.49500,0.00003,0.00069,0.99928
31.60250,0.49500,0.00003,0.00040,0.99957
31.70250,0.49500,0.00003,0.00031,0.99966
31.80250,0.49500,0.00004,0.00038,0.99957
31.90250,0.49500,0.00009,0.00105,0.99886
32.00250,0.49500,0.00007,0.00154,0.99839
32.10250,0.49500,0.00008,0.00365,0.99627
32.20250,0.49500,0.00009,0.00643,0.99349
32.30250,0.49500,0.00010,0.02108,0.97882
32.40250,0.49500,0.00014,0.02971,0.97015
32.50250,0.49500,0.00029,0.04582,0.95390
32.60250,0.49500,0.00024,0.03338,0.96638
32.70250,0.49500,0.00029,0.04091,0.95880
32.80250,0.49500,0.00023,0.01626,0.98351
32.90250,0.49500,0.00013,0.00687,0.99300
33.00250,0.49500,0.00015,0.00779,0.99206
33.10250,0.49500,0.00016,0.00515,0.99469
33.20250,0.49500,0.00026,0.02007,0.97967
33.30250,0.49500,0.00042,0.06867,0.93091
33.40250,0.49500,0.00100,0.28355,0.71545
33.50250,0.49500,0.00065,0.30526,0.69409
33.60250,0.49500,0.00044,0.42779,0.57176
33.70250,0.49500,0.00047,0.25588,0.74366
33.80250,0.49500,0.00042,0.21808,0.78150
33.90250,0.49500,0.00044,0.18148,0.81808
34.00250,0.49500,0.00051,0.21707,0.78242
34.10250,0.49500,0.00082,0.29415,0.70503
34.20250,0.49500,0.00066,0.29955,0.69979
34.30250,0.49500,0.00063,0.26396,0.73541
34.40250,0.49500,0.00037,0.14427,0.85536
34.50250,0.49500,0.00035,0.10945,0.89020
34.60250,0.49500,0.00024,0.06854,0.93122
34.70250,0.49500,0.00027,0.06422,0.93552
34.80250,0.49500,0.00027,0.05534,0.94439
34.90250,0.49500,0.00037,0.06374,0.93589
35.00250,0.49500,0.00030,0.05481,0.94489
35.10250,0.49500,0.00031,0.05467,0.94502
35.20250,0.49500,0.00029,0.05952,0.94019
35.30250,0.49500,0.00025,0.05838,0.94138
35.40250,0.49500,0.00024,0.07073,0.92903
35.50250,0.49500,0.00030,0.09723,0.90247
35.60250,0.49500,0.00036,0.15226,0.84737
35.70250,0.49500,0.00049,0.15439,0.84512
35.80250,0.49500,0.00055,0.12201,0.87744
35.90250,0.49500,0.00055,0.09950,0.89995
36.00250,0.49500,0.00045,0.06949,0.93006
36.10250,0.49500,0.00027,0.04598,0.95375
36.20250,0.49500,0.00016,0.03836,0.96148
36.30250,0.49500,0.00011,0.04026,0.95962
36.40250,0.49500,0.00010,0.05021,0.94970
36.50250,0.49500,0.00007,0.05161,0.94832
36.60250,0.49500,0.00006,0.04177,0.95817
36.70250,0.49500,0.00009,0.05490,0.94501
36.80250,0.49500,0.00012,0.06418,0.93570
36.90250,0.49500,0.00031,0.13031,0.86938
37.00250,0.49500,0.00067,0.25227,0.74706
37.10250,0.49500,0.00085,0.38312,0.61603
37.20250,0.49500,0.00101,0.42384,0.57515
37.30250,0.49500,0.00083,0.38807,0.61110
37.40250,0.49500,0.00041,0.24779,0.75180
37.50250,0.49500,0.00031,0.17690,0.82279
37.60250,0.49500,0.00026,0.08160,0.91814
37.70250,0.49500,0.00026,0.06518,0.93457
37.80250,0.49500,0.00018,0.03626,0.96356
37.90250,0.49500,0.00027,0.04717,0.95257
38.00250,0.49500,0.00024,0.04886,0.95089
38.10250,0.49500,0.00012,0.01373,0.98615
38.20250,0.49500,0.00006,0.00477,0.99517
38.30250,0.49500,0.00004,0.00169,0.99827
38.40250,0.49500,0.00003,0.00055,0.99942
38.50250,0.49500,0.00009,0.00115,0.99876
38.60250,0.49500,0.00043,0.00581,0.99376
38.70250,0.49500,0.00091,0.01050,0.98859
38.80250,0.49500,0.00114,0.01782,0.98104
38.90250,0.49500,0.00068,0.01058,0.98874
39.00250,0.49500,0.00021,0.00309,0.99670
39.10250,0.49500,0.00011,0.00136,0.99852
39.20250,0.49500,0.00014,0.00108,0.99878
39.30250,0.49500,0.00024,0.00220,0.99755
39.40250,0.49500,0.00042,0.00342,0.99616
39.50250,0.49500,0.00046,0.00576,0.99378
39.60250,0.49500,0.00031,0.00799,0.99171
39.70250,0.49500,0.00022,0.01146,0.98831
39.80250,0.49500,0.00023,0.01343,0.98634
39.90250,0.49500,0.00018,0.01248,0.98734
40.00250,0.49500,0.00024,0.01683,0.98294
40.10250,0.49500,0.00029,0.01569,0.98402
40.20250,0.49500,0.00047,0.02283,0.97670
40.30250,0.49500,0.00105,0.05995,0.93900
40.40250,0.49500,0.00042,0.04421,0.95537
40.50250,0.49500,0.00019,0.03813,0.96168
40.60250,0.49500,0.00014,0.02037,0.97949
40.70250,0.49500,0.00006,0.01394,0.98600
40.80250,0.49500,0.00003,0.00432,0.99565
40.90250,0.49500,0.00003,0.00482,0.99515
41.00250,0.49500,0.00005,0.00581,0.99414
41.10250,0.49500,0.00009,0.01521,0.98470
41.20250,0.49500,0.00017,0.01597,0.98387
41.30250,0.49500,0.00050,0.04380,0.95570
41.40250,0.49500,0.00160,0.07764,0.92076
41.50250,0.49500,0.00381,0.10899,0.88720
41.60250,0.49500,0.00396,0.05316,0.94288
41.70250,0.49500,0.00400,0.02574,0.97025
41.80250,0.49500,0.00227,0.00727,0.99046
41.90250,0.49500,0.00106,0.00334,0.99561
42.00250,0.49500,0.00103,0.00263,0.99634
42.10250,0.49500,0.00153,0.00451,0.99396
42.20250,0.49500,0.00107,0.00300,0.99593
42.30250,0.49500,0.00100,0.00320,0.99580
42.40250,0.49500,0.00063,0.00339,0.99598
42.50250,0.49500,0.00029,0.00205,0.99766
42.60250,0.49500,0.00014,0.00211,0.99775
42.70250,0.49500,0.00010,0.00354,0.99636
42.80250,0.49500,0.00006,0.00278,0.99715
42.90250,0.49500,0.00005,0.00317,0.99678
43.00250,0.49500,0.00006,0.00453,0.99541
43.10250,0.49500,0.00013,0.00878,0.99109
43.20250,0.49500,0.00018,0.00813,0.99169
43.30250,0.49500,0.00045,0.01431,0.98524
43.40250,0.49500,0.00034,0.00756,0.99210
43.50250,0.49500,0.00063,0.00989,0.98948
43.60250,0.49500,0.00083,0.01359,0.98558
43.70250,0.49500,0.00211,0.03334,0.96456
43.80250,0.49500,0.00361,0.06021,0.93618
43.90250,0.49500,0.00683,0.16240,0.83077
44.00250,0.49500,0.00484,0.17172,0.82345
44.10250,0.49500,0.00349,0.14597,0.85054
44.20250,0.49500,0.00308,0.15068,0.84624
44.30250,0.49500,0.00303,0.13281,0.86416
44.40250,0.49500,0.00263,0.09315,0.90422
44.50250,0.49500,0.00380,0.05977,0.93643
44.60250,0.49500,0.00393,0.04823,0.94784
44.70250,0.49500,0.00547,0.04686,0.94766
44.80250,0.49500,0.00472,0.05130,0.94398
44.90250,0.49500,0.00413,0.05002,0.94586
45.00250,0.49500,0.00292,0.03738,0.95969
45.10250,0.49500,0.00229,0.02604,0.97167
45.20250,0.49500,0.00144,0.01889,0.97966
45.30250,0.49500,0.00153,0.02176,0.97671
45.40250,0.49500,0.00185,0.02430,0.97386
45.50250,0.49500,0.00155,0.03058,0.96787
45.60250,0.49500,0.00122,0.02952,0.96926
45.70250,0.49500,0.00146,0.02461,0.97393
45.80250,0.49500,0.00149,0.02074,0.97777
45.90250,0.49500,0.00157,0.02838,0.97005
46.00250,0.49500,0.00193,0.04077,0.95730
46.10250,0.49500,0.00156,0.02728,0.97116
46.20250,0.49500,0.00110,0.04316,0.95575
46.30250,0.49500,0.00089,0.09693,0.90217
46.40250,0.49500,0.00113,0.18493,0.81395
46.50250,0.49500,0.00071,0.21493,0.78436
46.60250,0.49500,0.00070,0.24694,0.75235
46.70250,0.49500,0.00109,0.14857,0.85034
46.80250,0.49500,0.00107,0.12620,0.87273
46.90250,0.49500,0.00095,0.06104,0.93801
47.00250,0.49500,0.00130,0.07845,0.92025
47.10250,0.49500,0.00091,0.05728,0.94181
47.20250,0.49500,0.00055,0.02585,0.97360
47.30250,0.49500,0.00036,0.01855,0.98110
47.40250,0.49500,0.00030,0.01618,0.98353
47.50250,0.49500,0.00029,0.01599,0.98373
47.60250,0.49500,0.00041,0.03158,0.96801
47.70250,0.49500,0.00053,0.03393,0.96554
47.80250,0.49500,0.00032,0.02436,0.97532
47.90250,0.49500,0.00016,0.01214,0.98770
48.00250,0.49500,0.00010,0.00619,0.99371
48.10250,0.49500,0.00011,0.00608,0.99382
48.20250,0.49500,0.00011,0.00591,0.99399
48.30250,0.49500,0.00024,0.01052,0.98924
48.40250,0.49500,0.00039,0.01318,0.98643
48.50250,0.49500,0.00053,0.01538,0.98409
48.60250,0.49500,0.00045,0.01721,0.98234
48.70250,0.49500,0.00029,0.01367,0.98604
48.80250,0.49500,0.00012,0.00490,0.99498
48.90250,0.49500,0.00007,0.00615,0.99379
49.00250,0.49500,0.00010,0.00720,0.99271
49.10250,0.49500,0.00009,0.00554,0.99437
49.20250,0.49500,0.00011,0.00826,0.99163
49.30250,0.49500,0.00019,0.01371,0.98610
49.40250,0.49500,0.00028,0.01987,0.97985
49.50250,0.49500,0.00031,0.02001,0.97969
49.60250,0.49500,0.00021,0.01419,0.98560
49.70250,0.49500,0.00021,0.01951,0.98029
49.80250,0.49500,0.00011,0.01673,0.98316
49.90250,0.49500,0.00006,0.01240,0.98755
50.00250,0.49500,0.00004,0.00662,0.99333
50.10250,0.49500,0.00007,0.00992,0.99001
50.20250,0.49500,0.00005,0.00515,0.99480
50.30250,0.49500,0.00006,0.00245,0.99749
50.40250,0.49500,0.00006,0.00149,0.99845
50.50250,0.49500,0.00009,0.00243,0.99749
50.60250,0.49500,0.00010,0.00266,0.99724
50.70250,0.49500,0.00019,0.00687,0.99293
50.80250,0.49500,0.00031,0.02033,0.97935
50.90250,0.49500,0.00048,0.04037,0.95915
51.00250,0.49500,0.00047,0.06752,0.93201
51.10250,0.49500,0.00048,0.09531,0.90420
51.20250,0.49500,0.00047,0.11222,0.88731
51.30250,0.49500,0.00061,0.17117,0.82823
51.40250,0.49500,0.00059,0.20916,0.79025
51.50250,0.49500,0.00072,0.26189,0.73740
51.60250,0.49500,0.00075,0.15792,0.84133
51.70250,0.49500,0.00049,0.06244,0.93707
51.80250,0.49500,0.00018,0.01692,0.98290
51.90250,0.49500,0.00004,0.00246,0.99750
52.00250,0.49500,0.00002,0.00093,0.99905
52.10250,0.49500,0.00001,0.00036,0.99963
52.20250,0.49500,0.00001,0.00017,0.99982
52.30250,0.49500,0.00001,0.00037,0.99962
52.40250,0.49500,0.00002,0.00049,0.99949
52.50250,0.49500,0.00002,0.00064,0.99934
52.60250,0.49500,0.00004,0.00321,0.99675
52.70250,0.49500,0.00007,0.00994,0.98999
52.80250,0.49500,0.00007,0.01304,0.98689
52.90250,0.49500,0.00010,0.02227,0.97763
53.00250,0.49500,0.00008,0.03401,0.96591
53.10250,0.49500,0.00007,0.03509,0.96485
53.20250,0.49500,0.00004,0.02627,0.97369
53.30250,0.49500,0.00004,0.02630,0.97366
53.40250,0.49500,0.00004,0.02280,0.97717
53.50250,0.49500,0.00004,0.01658,0.98338
53.60250,0.49500,0.00003,0.00906,0.99091
53.70250,0.49500,0.00004,0.00594,0.99402
53.80250,0.49500,0.00007,0.00632,0.99361
53.90250,0.49500,0.00007,0.00457,0.99536
54.00250,0.49500,0.00010,0.00488,0.99502
54.10250,0.49500,0.00012,0.00536,0.99452
54.20250,0.49500,0.00004,0.00163,0.99834
54.30250,0.49500,0.00002,0.00055,0.99943
54.40250,0.49500,0.00002,0.00042,0.99957
54.50250,0.49500,0.00001,0.00016,0.99983
54.60250,0.49500,0.00001,0.00015,0.99984
54.70250,0.49500,0.00001,0.00035,0.99963
54.80250,0.49500,0.00001,0.00060,0.99939
54.90250,0.49500,0.00002,0.00103,0.99895
55.00250,0.49500,0.00002,0.00102,0.99896
55.10250,0.49500,0.00002,0.00068,0.99930
55.20250,0.49500,0.00001,0.00021,0.99978
55.30250,0.49500,0.00000,0.00011,0.99989
55.40250,0.49500,0.00000,0.00019,0.99980
55.50250,0.49500,0.00000,0.00026,0.99973
55.60250,0.49500,0.00000,0.00057,0.99943
55.70250,0.49500,0.00002,0.00166,0.99832
55.80250,0.49500,0.00002,0.00146,0.99851
55.90250,0.49500,0.00001,0.00060,0.99939
56.00250,0.49500,0.00003,0.00112,0.99885
56.10250,0.49500,0.00007,0.00326,0.99668
56.20250,0.49500,0.00017,0.00756,0.99227
56.30250,0.49500,0.00104,0.05251,0.94644
56.40250,0.49500,0.00409,0.13855,0.85736
56.50250,0.49500,0.00349,0.05022,0.94628
56.60250,0.49500,0.00260,0.03754,0.95986
56.70250,0.49500,0.00221,0.03626,0.96153
56.80250,0.49500,0.00126,0.01915,0.97959
56.90250,0.49500,0.00062,0.00986,0.98952
57.00250,0.49500,0.00065,0.01185,0.98750
57.10250,0.49500,0.00046,0.00681,0.99273
57.20250,0.49500,0.00017,0.00496,0.99488
57.30250,0.49500,0.00022,0.00622,0.99356
57.40250,0.49500,0.00027,0.00666,0.99307
57.50250,0.49500,0.00024,0.00841,0.99135
57.60250,0.49500,0.00054,0.02559,0.97387
57.70250,0.49500,0.00153,0.06856,0.92990
57.80250,0.49500,0.00136,0.13484,0.86380
57.90250,0.49500,0.00128,0.12194,0.87678
58.00250,0.49500,0.00062,0.04080,0.95858
58.10250,0.49500,0.00003,0.00073,0.99923
58.20250,0.49500,0.00001,0.00008,0.99991
58.30250,0.49500,0.00000,0.00004,0.99996
58.40250,0.49500,0.00001,0.00021,0.99978
58.50250,0.49500,0.00001,0.00155,0.99844
58.60250,0.49500,0.00007,0.03545,0.96449
58.70250,0.49500,0.00014,0.10030,0.89956
58.80250,0.49500,0.00007,0.04930,0.95063
58.90250,0.49500,0.00001,0.00365,0.99634
59.00250,0.49500,0.00001,0.00462,0.99537
59.10250,0.49500,0.00002,0.00342,0.99656
59.20250,0.49500,0.00003,0.00452,0.99545
59.30250,0.49500,0.00004,0.01730,0.98266
59.40250,0.49500,0.00004,0.01839,0.98157
59.50250,0.49500,0.00002,0.00858,0.99139
59.60250,0.49500,0.00002,0.02437,0.97561
59.70250,0.49500,0.00001,0.00544,0.99455
59.80250,0.49500,0.00001,0.00312,0.99687
59.90250,0.49500,0.00001,0.00245,0.99755
60.00250,0.49500,0.00001,0.00097,0.99903
60.10250,0.49500,0.00001,0.00045,0.99955
60.20250,0.49500,0.00001,0.00044,0.99955
60.30250,0.49500,0.00001,0.00051,0.99948
60.40250,0.49500,0.00001,0.00039,0.99960
60.50250,0.49500,0.00001,0.00093,0.99906
60.60250,0.49500,0.00001,0.00179,0.99820
60.70250,0.49500,0.00002,0.00466,0.99532
60.80250,0.49500,0.00012,0.02519,0.97469
60.90250,0.49500,0.00087,0.23085,0.76828
61.00250,0.49500,0.00270,0.76742,0.22988
61.10250,0.49500,0.00339,0.92898,0.06763
61.20250,0.49500,0.00179,0.97528,0.02293
61.30250,0.49500,0.00096,0.96372,0.03532
61.40250,0.49500,0.00095,0.78340,0.21565
61.50250,0.49500,0.00047,0.15880,0.84073
61.60250,0.49500,0.00024,0.02019,0.97956
61.70250,0.49500,0.00016,0.00563,0.99422
61.80250,0.49500,0.00032,0.00389,0.99579
61.90250,0.49500,0.00021,0.00313,0.99666
62.00250,0.49500,0.00023,0.01255,0.98722
62.10250,0.49500,0.00018,0.02299,0.97683
62.20250,0.49500,0.00007,0.00701,0.99292
62.30250,0.49500,0.00007,0.00569,0.99425
62.40250,0.49500,0.00014,0.00463,0.99524
62.50250,0.49500,0.00023,0.00238,0.99739
62.60250,0.49500,0.00035,0.00236,0.99728
62.70250,0.49500,0.00046,0.00256,0.99698
62.80250,0.49500,0.00056,0.00349,0.99594
62.90250,0.49500,0.00029,0.00223,0.99748
63.00250,0.49500,0.00020,0.00140,0.99840
63.10250,0.49500,0.00035,0.00173,0.99792
63.20250,0.49500,0.00072,0.00270,0.99657
63.30250,0.49500,0.00063,0.00188,0.99749
63.40250,0.49500,0.00088,0.00619,0.99293
63.50250,0.49500,0.00090,0.01544,0.98366
63.60250,0.49500,0.00028,0.02235,0.97737
63.70250,0.49500,0.00020,0.05881,0.94099
63.80250,0.49500,0.00015,0.11920,0.88065
63.90250,0.49500,0.00018,0.11725,0.88257
64.00250,0.49500,0.00022,0.09156,0.90823
64.10250,0.49500,0.00025,0.10696,0.89279
64.20250,0.49500,0.00024,0.10434,0.89542
64.30250,0.49500,0.00024,0.10804,0.89172
64.40250,0.49500,0.00024,0.12882,0.87093
64.50250,0.49500,0.00019,0.16510,0.83470
64.60250,0.49500,0.00028,0.20974,0.78998
64.70250,0.49500,0.00045,0.20359,0.79596
64.80250,0.49500,0.00044,0.18479,0.81477
64.90250,0.49500,0.00044,0.19649,0.80308
65.00250,0.49500,0.00053,0.19322,0.80625
65.10250,0.49500,0.00054,0.15806,0.84140
65.20250,0.49500,0.00066,0.22755,0.77180
65.30250,0.49500,0.00090,0.33343,0.66567
65.40250,0.49500,0.00080,0.29336,0.70585
65.50250,0.49500,0.00076,0.24466,0.75458
65.60250,0.49500,0.00056,0.27480,0.72464
65.70250,0.49500,0.00051,0.23404,0.76545
65.80250,0.49500,0.00064,0.23148,0.76788
65.90250,0.49500,0.00061,0.22685,0.77254
66.00250,0.49500,0.00059,0.26670,0.73271
66.10250,0.49500,0.00074,0.27239,0.72688
66.20250,0.49500,0.00089,0.32917,0.66994
66.30250,0.49500,0.00099,0.34936,0.64965
66.40250,0.49500,0.00097,0.44338,0.55565
66.50250,0.49500,0.00107,0.47216,0.52677
66.60250,0.49500,0.00112,0.46556,0.53332
66.70250,0.49500,0.00143,0.41634,0.58223
66.80250,0.49500,0.00142,0.47507,0.52352
66.90250,0.49500,0.00162,0.43801,0.56037
67.00250,0.49500,0.00178,0.46533,0.53289
67.10250,0.49500,0.00120,0.34315,0.65565
67.20250,0.49500,0.00084,0.39653,0.60263
67.30250,0.49500,0.00085,0.34128,0.65788
67.40250,0.49500,0.00076,0.38024,0.61900
67.50250,0.49500,0.00081,0.31520,0.68399
67.60250,0.49500,0.00055,0.27348,0.72597
67.70250,0.49500,0.00051,0.19563,0.80386
67.80250,0.49500,0.00041,0.17161,0.82798
67.90250,0.49500,0.00052,0.15173,0.84775
68.00250,0.49500,0.00052,0.16496,0.83452
68.10250,0.49500,0.00061,0.18878,0.81060
68.20250,0.49500,0.00065,0.24199,0.75736
68.30250,0.49500,0.00067,0.22264,0.77668
68.40250,0.49500,0.00041,0.17032,0.82927
68.50250,0.49500,0.00039,0.13509,0.86452
68.60250,0.49500,0.00058,0.17788,0.82153
68.70250,0.49500,0.00067,0.18963,0.80970
68.80250,0.49500,0.00078,0.21214,0.78708
68.90250,0.49500,0.00085,0.28015,0.71901
69.00250,0.49500,0.00100,0.34407,0.65494
69.10250,0.49500,0.00075,0.35471,0.64454
69.20250,0.49500,0.00071,0.29183,0.70746
69.30250,0.49500,0.00061,0.27389,0.72550
69.40250,0.49500,0.00067,0.30754,0.69179
69.50250,0.49500,0.00054,0.28569,0.71377
69.60250,0.49500,0.00054,0.25196,0.74750
69.70250,0.49500,0.00041,0.19281,0.80678
69.80250,0.49500,0.00042,0.20117,0.79841
69.90250,0.49500,0.00060,0.25048,0.74892
70.00250,0.49500,0.00066,0.26556,0.73379
70.10250,0.49500,0.00069,0.24186,0.75745
70.20250,0.49500,0.00062,0.22052,0.77886
70.30250,0.49500,0.00071,0.27209,0.72719
70.40250,0.49500,0.00054,0.21426,0.78520
70.50250,0.49500,0.00049,0.21053,0.78897
70.60250,0.49500,0.00061,0.28153,0.71785
70.70250,0.49500,0.00061,0.30179,0.69760
70.80250,0.49500,0.00046,0.24637,0.75318
70.90250,0.49500,0.00043,0.22939,0.77019
71.00250,0.49500,0.00037,0.21826,0.78137
71.10250,0.49500,0.00036,0.24247,0.75717
71.20250,0.49500,0.00046,0.33569,0.66385
71.30250,0.49500,0.00049,0.28150,0.71801
71.40250,0.49500,0.00072,0.28930,0.70998
71.50250,0.49500,0.00058,0.27123,0.72818
71.60250,0.49500,0.00055,0.18531,0.81415
71.70250,0.49500,0.00041,0.17227,0.82733
71.80250,0.49500,0.00038,0.11923,0.88039
71.90250,0.49500,0.00036,0.15531,0.84433
72.00250,0.49500,0.00045,0.18250,0.81705
72.10250,0.49500,0.00042,0.20400,0.79558
72.20250,0.49500,0.00051,0.20218,0.79731
72.30250,0.49500,0.00054,0.19692,0.80253
72.40250,0.49500,0.00054,0.21037,0.78909
72.50250,0.49500,0.00047,0.15792,0.84161
72.60250,0.49500,0.00050,0.16460,0.83490
72.70250,0.49500,0.00039,0.14477,0.85484
72.80250,0.49500,0.00034,0.21061,0.78904
72.90250,0.49500,0.00035,0.20547,0.79417
73.00250,0.49500,0.00046,0.27393,0.72561
73.10250,0.49500,0.00059,0.27334,0.72608
73.20250,0.49500,0.00055,0.21676,0.78269
73.30250,0.49500,0.00066,0.20205,0.79729
73.40250,0.49500,0.00062,0.21148,0.78791
73.50250,0.49500,0.00055,0.18785,0.81159
73.60250,0.49500,0.00046,0.18505,0.81449
73.70250,0.49500,0.00045,0.21710,0.78245
73.80250,0.49500,0.00041,0.21939,0.78020
73.90250,0.49500,0.00049,0.21373,0.78579
74.00250,0.49500,0.00043,0.17489,0.82468
74.10250,0.49500,0.00039,0.15966,0.83995
74.20250,0.49500,0.00019,0.08931,0.91050
74.30250,0.49500,0.00025,0.14001,0.85974
74.40250,0.49500,0.00023,0.10361,0.89615
74.50250,0.49500,0.00028,0.14862,0.85110
74.60250,0.49500,0.00028,0.16723,0.83249
74.70250,0.49500,0.00041,0.18106,0.81854
74.80250,0.49500,0.00038,0.17140,0.82822
74.90250,0.49500,0.00028,0.15376,0.84595
75.00250,0.49500,0.00025,0.13994,0.85981
75.10250,0.49500,0.00024,0.11136,0.88840
75.20250,0.49500,0.00023,0.10413,0.89564
75.30250,0.49500,0.00020,0.08276,0.91704
75.40250,0.49500,0.00027,0.10795,0.89177
75.50250,0.49500,0.00038,0.13999,0.85963
75.60250,0.49500,0.00046,0.13963,0.85991
75.70250,0.49500,0.00048,0.12563,0.87390
75.80250,0.49500,0.00049,0.17867,0.82084
75.90250,0.49500,0.00039,0.13701,0.86259
76.00250,0.49500,0.00033,0.13346,0.86622
76.10250,0.49500,0.00039,0.14919,0.85043
76.20250,0.49500,0.00042,0.19159,0.80799
76.30250,0.49500,0.00044,0.20900,0.79056
76.40250,0.49500,0.00042,0.26402,0.73556
76.50250,0.49500,0.00042,0.23748,0.76211
76.60250,0.49500,0.00032,0.23718,0.76250
76.70250,0.49500,0.00029,0.17172,0.82799
76.80250,0.49500,0.00033,0.18031,0.81936
76.90250,0.49500,0.00046,0.18522,0.81432
77.00250,0.49500,0.00060,0.21467,0.78473
77.10250,0.49500,0.00073,0.23143,0.76784
77.20250,0.49500,0.00076,0.17665,0.82259
77.30250,0.49500,0.00105,0.20369,0.79526
77.40250,0.49500,0.00134,0.20970,0.78896
77.50250,0.49500,0.00077,0.11084,0.88839
77.60250,0.49500,0.00049,0.10864,0.89087
77.70250,0.49500,0.00027,0.07839,0.92134
77.80250,0.49500,0.00009,0.01898,0.98092
77.90250,0.49500,0.00006,0.00894,0.99099
78.00250,0.49500,0.00011,0.00785,0.99204
78.10250,0.49500,0.00007,0.00229,0.99764
78.20250,0.49500,0.00006,0.00119,0.99875
78.30250,0.49500,0.00008,0.00122,0.99870
78.40250,0.49500,0.00011,0.00153,0.99836
78.50250,0.49500,0.00010,0.00160,0.99830
78.60250,0.49500,0.00015,0.00233,0.99752
78.70250,0.49500,0.00027,0.00393,0.99579
78.80250,0.49500,0.00084,0.01348,0.98568
78.90250,0.49500,0.00059,0.00908,0.99032
79.00250,0.49500,0.00061,0.00797,0.99142
79.10250,0.49500,0.00066,0.00547,0.99387
79.20250,0.49500,0.00042,0.00271,0.99687
79.30250,0.49500,0.00016,0.00097,0.99887
79.40250,0.49500,0.00010,0.00090,0.99900
79.50250,0.49500,0.00008,0.00066,0.99926
79.60250,0.49500,0.00003,0.00048,0.99949
79.70250,0.49500,0.00002,0.00054,0.99944
79.80250,0.49500,0.00002,0.00056,0.99942
79.90250,0.49500,0.00002,0.00081,0.99917
80.00250,0.49500,0.00002,0.00079,0.99919
80.10250,0.49500,0.00002,0.00056,0.99942
80.20250,0.49500,0.00003,0.00060,0.99937
80.30250,0.49500,0.00003,0.00067,0.99930
80.40250,0.49500,0.00002,0.00037,0.99961
80.50250,0.49500,0.00001,0.00028,0.99970
80.60250,0.49500,0.00001,0.00036,0.99963
80.70250,0.49500,0.00001,0.00028,0.99971
80.80250,0.49500,0.00001,0.00024,0.99976
80.90250,0.49500,0.00001,0.00038,0.99961
81.00250,0.49500,0.00001,0.00038,0.99961
81.10250,0.49500,0.00002,0.00128,0.99870
81.20250,0.49500,0.00009,0.00756,0.99234
81.30250,0.49500,0.00018,0.01611,0.98371
81.40250,0.49500,0.00040,0.05729,0.94231
81.50250,0.49500,0.00045,0.08025,0.91929
81.60250,0.49500,0.00028,0.02685,0.97287
81.70250,0.49500,0.00014,0.01433,0.98553
81.80250,0.49500,0.00006,0.00608,0.99386
81.90250,0.49500,0.00004,0.00465,0.99530
82.00250,0.49500,0.00005,0.00511,0.99484
82.10250,0.49500,0.00003,0.00284,0.99713
82.20250,0.49500,0.00004,0.00336,0.99660
82.30250,0.49500,0.00007,0.00282,0.99711
82.40250,0.49500,0.00004,0.00122,0.99874
82.50250,0.49500,0.00004,0.00149,0.99847
82.60250,0.49500,0.00002,0.00058,0.99940
82.70250,0.49500,0.00003,0.00076,0.99921
82.80250,0.49500,0.00001,0.00079,0.99920
82.90250,0.49500,0.00002,0.00117,0.99881
83.00250,0.49500,0.00002,0.00094,0.99904
83.10250,0.49500,0.00001,0.00130,0.99869
83.20250,0.49500,0.00002,0.00098,0.99900
83.30250,0.49500,0.00003,0.00165,0.99832
83.40250,0.49500,0.00003,0.00176,0.99821
83.50250,0.49500,0.00002,0.00152,0.99846
83.60250,0.49500,0.00003,0.00114,0.99883
83.70250,0.49500,0.00003,0.00164,0.99833
83.80250,0.49500,0.00004,0.00115,0.99881
83.90250,0.49500,0.00005,0.00092,0.99904
84.00250,0.49500,0.00006,0.00059,0.99935
84.10250,0.49500,0.00006,0.00079,0.99915
84.20250,0.49500,0.00003,0.00059,0.99939
84.30250,0.49500,0.00002,0.00045,0.99954
84.40250,0.49500,0.00002,0.00076,0.99923
84.50250,0.49500,0.00002,0.00075,0.99923
84.60250,0.49500,0.00002,0.00103,0.99896
84.70250,0.49500,0.00002,0.00196,0.99801
84.80250,0.49500,0.00004,0.00370,0.99627
84.90250,0.49500,0.00003,0.00271,0.99727
85.00250,0.49500,0.00005,0.00488,0.99508
85.10250,0.49500,0.00003,0.00166,0.99831
85.20250,0.49500,0.00003,0.00162,0.99835
85.30250,0.49500,0.00001,0.00049,0.99949
85.40250,0.49500,0.00002,0.00061,0.99938
85.50250,0.49500,0.00001,0.00033,0.99966
85.60250,0.49500,0.00001,0.00062,0.99937
85.70250,0.49500,0.00001,0.00044,0.99955
85.80250,0.49500,0.00001,0.00071,0.99928
85.90250,0.49500,0.00001,0.00071,0.99928
86.00250,0.49500,0.00003,0.00170,0.99827
86.10250,0.49500,0.00004,0.00119,0.99877
86.20250,0.49500,0.00004,0.00179,0.99817
86.30250,0.49500,0.00002,0.00103,0.99895
86.40250,0.49500,0.00003,0.00106,0.99891
86.50250,0.49500,0.00002,0.00122,0.99876
86.60250,0.49500,0.00002,0.00189,0.99809
86.70250,0.49500,0.00003,0.00468,0.99529
86.80250,0.49500,0.00009,0.02134,0.97857
86.90250,0.49500,0.00004,0.00603,0.99392
87.00250,0.49500,0.00014,0.00816,0.99170
87.10250,0.49500,0.00024,0.00577,0.99399
87.20250,0.49500,0.00029,0.00274,0.99697
87.30250,0.49500,0.00104,0.00682,0.99214
87.40250,0.49500,0.00109,0.00865,0.99026
87.50250,0.49500,0.00053,0.00369,0.99578
87.60250,0.49500,0.00020,0.00377,0.99603
87.70250,0.49500,0.00006,0.00266,0.99729
87.80250,0.49500,0.00002,0.00340,0.99658
87.90250,0.49500,0.00003,0.00809,0.99187
88.00250,0.49500,0.00002,0.00914,0.99084
88.10250,0.49500,0.00014,0.02166,0.97820
88.20250,0.49500,0.00043,0.04106,0.95851
88.30250,0.49500,0.00072,0.04397,0.95532
88.40250,0.49500,0.00186,0.03862,0.95952
88.50250,0.49500,0.00102,0.02645,0.97252
88.60250,0.49500,0.00099,0.02036,0.97864
88.70250,0.49500,0.00197,0.02167,0.97636
88.80250,0.49500,0.00198,0.02021,0.97781
88.90250,0.49500,0.00216,0.01991,0.97793
89.00250,0.49500,0.00099,0.00688,0.99213
89.10250,0.49500,0.00098,0.00680,0.99221
89.20250,0.49500,0.00101,0.01015,0.98883
89.30250,0.49500,0.00196,0.01471,0.98333
89.40250,0.49500,0.00385,0.02402,0.97213
89.50250,0.49500,0.00514,0.05076,0.94409
89.60250,0.49500,0.00240,0.05212,0.94548
89.70250,0.49500,0.00042,0.02155,0.97803
89.80250,0.49500,0.00051,0.10278,0.89671
89.90250,0.49500,0.00021,0.30286,0.69693
90.00250,0.49500,0.00013,0.27976,0.72011
90.10250,0.49500,0.00007,0.17855,0.82138
90.20250,0.49500,0.00004,0.06956,0.93040
90.30250,0.49500,0.00001,0.01936,0.98063
90.40250,0.49500,0.00001,0.00655,0.99344
90.50250,0.49500,0.00003,0.00745,0.99253
90.60250,0.49500,0.00015,0.02460,0.97525
90.70250,0.49500,0.00031,0.04286,0.95683
90.80250,0.49500,0.00078,0.07154,0.92768
90.90250,0.49500,0.00047,0.04866,0.95087
91.00250,0.49500,0.00056,0.07091,0.92852
91.10250,0.49500,0.00027,0.02739,0.97233
91.20250,0.49500,0.00027,0.00944,0.99028
91.30250,0.49500,0.00019,0.00323,0.99658
91.40250,0.49500,0.00048,0.00509,0.99443
91.50250,0.49500,0.00030,0.00201,0.99770
91.60250,0.49500,0.00030,0.00194,0.99776
91.70250,0.49500,0.00025,0.00226,0.99748
91.80250,0.49500,0.00013,0.00118,0.99869
91.90250,0.49500,0.00008,0.00111,0.99881
92.00250,0.49500,0.00005,0.00099,0.99896
92.10250,0.49500,0.00003,0.00095,0.99903
92.20250,0.49500,0.00003,0.00119,0.99878
92.30250,0.49500,0.00001,0.00062,0.99937
92.40250,0.49500,0.00000,0.00017,0.99983
92.50250,0.49500,0.00000,0.00013,0.99986
92.60250,0.49500,0.00000,0.00006,0.99994
92.70250,0.49500,0.00000,0.00006,0.99994
92.80250,0.49500,0.00000,0.00006,0.99994
92.90250,0.49500,0.00000,0.00019,0.99981
93.00250,0.49500,0.00001,0.00035,0.99964
93.10250,0.49500,0.00003,0.00084,0.99914
93.20250,0.49500,0.00004,0.00153,0.99843
93.30250,0.49500,0.00005,0.00295,0.99700
93.40250,0.49500,0.00006,0.00447,0.99547
93.50250,0.49500,0.00006,0.00659,0.99335
93.60250,0.49500,0.00008,0.01012,0.98980
93.70250,0.49500,0.00015,0.00926,0.99059
93.80250,0.49500,0.00037,0.01759,0.98204
93.90250,0.49500,0.00075,0.02310,0.97615
94.00250,0.49500,0.00111,0.02535,0.97354
94.10250,0.49500,0.00169,0.05693,0.94138
94.20250,0.49500,0.00157,0.07328,0.92514
94.30250,0.49500,0.00164,0.08966,0.90870
94.40250,0.49500,0.00139,0.07173,0.92688
94.50250,0.49500,0.00063,0.03762,0.96175
94.60250,0.49500,0.00036,0.01549,0.98415
94.70250,0.49500,0.00025,0.00806,0.99168
94.80250,0.49500,0.00019,0.00654,0.99327
94.90250,0.49500,0.00014,0.00575,0.99411
95.00250,0.49500,0.00012,0.00639,0.99350
95.10250,0.49500,0.00011,0.00857,0.99132
95.20250,0.49500,0.00009,0.00965,0.99027
95.30250,0.49500,0.00005,0.00691,0.99304
95.40250,0.49500,0.00007,0.01378,0.98615
95.50250,0.49500,0.00004,0.01233,0.98763
95.60250,0.49500,0.00005,0.01089,0.98906
95.70250,0.49500,0.00005,0.00981,0.99014
95.80250,0.49500,0.00009,0.00986,0.99005
95.90250,0.49500,0.00010,0.00670,0.99320
96.00250,0.49500,0.00008,0.00459,0.99533
96.10250,0.49500,0.00006,0.00424,0.99570
96.20250,0.49500,0.00004,0.00731,0.99266
96.30250,0.49500,0.00003,0.00745,0.99252
96.40250,0.49500,0.00002,0.00403,0.99596
96.50250,0.49500,0.00001,0.00407,0.99592
96.60250,0.49500,0.00001,0.00941,0.99058
96.70250,0.49500,0.00002,0.00872,0.99126
96.80250,0.49500,0.00003,0.01230,0.98767
96.90250,0.49500,0.00003,0.00938,0.99059
97.00250,0.49500,0.00004,0.00520,0.99476
97.10250,0.49500,0.00006,0.00284,0.99710
97.20250,0.49500,0.00012,0.01016,0.98973
97.30250,0.49500,0.00009,0.00849,0.99142
97.40250,0.49500,0.00048,0.08050,0.91902
97.50250,0.49500,0.00060,0.22718,0.77221
97.60250,0.49500,0.00069,0.40736,0.59195
97.70250,0.49500,0.00132,0.33205,0.66664
97.80250,0.49500,0.00146,0.43089,0.56764
97.90250,0.49500,0.00149,0.18767,0.81083
98.00250,0.49500,0.00149,0.13232,0.86619
98.10250,0.49500,0.00069,0.05545,0.94386
98.20250,0.49500,0.00083,0.09987,0.89930
98.30250,0.49500,0.00029,0.07538,0.92433
98.40250,0.49500,0.00015,0.04036,0.95949
98.50250,0.49500,0.00034,0.04924,0.95042
98.60250,0.49500,0.00063,0.03711,0.96225
98.70250,0.49500,0.00160,0.03400,0.96440
98.80250,0.49500,0.00423,0.05611,0.93966
98.90250,0.49500,0.00610,0.03123,0.96268
99.00250,0.49500,0.00794,0.07787,0.91419
99.10250,0.49500,0.00595,0.02765,0.96640
99.20250,0.49500,0.00605,0.03953,0.95442
99.30250,0.49500,0.00543,0.02632,0.96825
99.40250,0.49500,0.00496,0.02172,0.97332
99.50250,0.49500,0.00113,0.01015,0.98872
99.60250,0.49500,0.00109,0.01590,0.98301
99.70250,0.49500,0.00124,0.01828,0.98048
99.80250,0.49500,0.00112,0.02883,0.97005
99.90250,0.49500,0.00090,0.00807,0.99103
100.00250,0.49500,0.00080,0.00930,0.98990
100.10250,0.49500,0.00079,0.01011,0.98910
100.20250,0.49500,0.00064,0.00640,0.99296
100.30250,0.49500,0.00119,0.01577,0.98304
100.40250,0.49500,0.00193,0.10678,0.89130
100.50250,0.49500,0.00465,0.14394,0.85141
100.60250,0.49500,0.00349,0.10044,0.89608
100.70250,0.49500,0.00238,0.11515,0.88247
100.80250,0.49500,0.00161,0.04085,0.95754
100.90250,0.49500,0.00133,0.01086,0.98781
101.00250,0.49500,0.00217,0.01345,0.98438
101.10250,0.49500,0.00545,0.02933,0.96522
101.20250,0.49500,0.00163,0.01543,0.98294
101.30250,0.49500,0.00030,0.02140,0.97830
101.40250,0.49500,0.00003,0.01946,0.98052
101.50250,0.49500,0.00000,0.00705,0.99295
101.60250,0.49500,0.00000,0.00399,0.99601
101.70250,0.49500,0.00001,0.00684,0.99315
101.80250,0.49500,0.00014,0.01448,0.98538
101.90250,0.49500,0.00042,0.00596,0.99362
102.00250,0.49500,0.00257,0.04925,0.94818
102.10250,0.49500,0.00119,0.05308,0.94573
102.20250,0.49500,0.00006,0.00559,0.99436
102.30250,0.49500,0.00004,0.01613,0.98383
102.40250,0.49500,0.00008,0.04218,0.95774
102.50250,0.49500,0.00010,0.00475,0.99515
102.60250,0.49500,0.00061,0.11418,0.88520
102.70250,0.49500,0.00605,0.10738,0.88658
102.80250,0.49500,0.00175,0.01228,0.98597
102.90250,0.49500,0.00591,0.02106,0.97303
103.00250,0.49500,0.00183,0.00207,0.99610
103.10250,0.49500,0.00252,0.00161,0.99587
103.20250,0.49500,0.00308,0.00377,0.99316
103.30250,0.49500,0.00878,0.00836,0.98286
103.40250,0.49500,0.01220,0.02054,0.96727
103.50250,0.49500,0.01000,0.01024,0.97976
103.60250,0.49500,0.00719,0.00777,0.98505
103.70250,0.49500,0.00315,0.00250,0.99435
103.80250,0.49500,0.00130,0.00095,0.99775
103.90250,0.49500,0.00088,0.00103,0.99809
104.00250,0.49500,0.00065,0.00199,0.99736
104.10250,0.49500,0.00072,0.00265,0.99664
104.20250,0.49500,0.00140,0.01164,0.98696
104.30250,0.49500,0.00165,0.00771,0.99064
104.40250,0.49500,0.00343,0.00874,0.98783
104.50250,0.49500,0.00716,0.00916,0.98368
104.60250,0.49500,0.00336,0.00504,0.99159
104.70250,0.49500,0.00348,0.00940,0.98712
104.80250,0.49500,0.00186,0.01314,0.98500
104.90250,0.49500,0.00069,0.00936,0.98995
105.00250,0.49500,0.00096,0.14784,0.85120
105.10250,0.49500,0.00225,0.22031,0.77744
105.20250,0.49500,0.00253,0.36740,0.63007
105.30250,0.49500,0.00144,0.52773,0.47083
105.40250,0.49500,0.00095,0.38241,0.61664
105.50250,0.49500,0.00029,0.19345,0.80626
105.60250,0.49500,0.00015,0.28614,0.71371
105.70250,0.49500,0.00010,0.50595,0.49394
105.80250,0.49500,0.00001,0.04117,0.95882
105.90250,0.49500,0.00000,0.00706,0.99293
106.00250,0.49500,0.00000,0.00052,0.99948
106.10250,0.49500,0.00000,0.00005,0.99995
106.20250,0.49500,0.00000,0.00000,1.00000
106.30250,0.49500,0.00002,0.00009,0.99989
106.40250,0.49500,0.00002,0.00013,0.99985
106.50250,0.49500,0.00003,0.00037,0.99960
106.60250,0.49500,0.00002,0.00015,0.99983
106.70250,0.49500,0.00005,0.00130,0.99866
106.80250,0.49500,0.00007,0.00079,0.99914
106.90250,0.49500,0.00031,0.00215,0.99755
107.00250,0.49500,0.00023,0.00072,0.99906
107.10250,0.49500,0.00045,0.00752,0.99203
107.20250,0.49500,0.00014,0.00302,0.99685
107.30250,0.49500,0.00015,0.00316,0.99669
107.40250,0.49500,0.00010,0.00262,0.99728
107.50250,0.49500,0.00022,0.00458,0.99519
107.60250,0.49500,0.00037,0.01218,0.98745
107.70250,0.49500,0.00076,0.02825,0.97099
107.80250,0.49500,0.00037,0.01157,0.98806
107.90250,0.49500,0.00023,0.00582,0.99395
108.00250,0.49500,0.00010,0.00250,0.99740
108.10250,0.49500,0.00011,0.00251,0.99737
108.20250,0.49500,0.00008,0.00184,0.99808
108.30250,0.49500,0.00019,0.00419,0.99562
108.40250,0.49500,0.00031,0.00858,0.99111
108.50250,0.49500,0.00045,0.01249,0.98706
108.60250,0.49500,0.00044,0.01889,0.98068
108.70250,0.49500,0.00029,0.02944,0.97027
108.80250,0.49500,0.00011,0.02386,0.97603
108.90250,0.49500,0.00004,0.01676,0.98320
109.00250,0.49500,0.00003,0.02757,0.97240
109.10250,0.49500,0.00007,0.03451,0.96542
109.20250,0.49500,0.00016,0.03265,0.96719
109.30250,0.49500,0.00055,0.06245,0.93700
109.40250,0.49500,0.00146,0.11255,0.88599
109.50250,0.49500,0.00181,0.10331,0.89487
109.60250,0.49500,0.00119,0.05534,0.94347
109.70250,0.49500,0.00089,0.06114,0.93797
109.80250,0.49500,0.00072,0.04974,0.94953
109.90250,0.49500,0.00092,0.04266,0.95642
110.00250,0.49500,0.00188,0.07238,0.92573
110.10250,0.49500,0.00149,0.07419,0.92432
110.20250,0.49500,0.00107,0.06816,0.93077
110.30250,0.49500,0.00167,0.13383,0.86450
110.40250,0.49500,0.00111,0.10480,0.89409
110.50250,0.49500,0.00049,0.03386,0.96565
110.60250,0.49500,0.00036,0.01380,0.98584
110.70250,0.49500,0.00058,0.01078,0.98864
110.80250,0.49500,0.00015,0.00297,0.99687
110.90250,0.49500,0.00015,0.00343,0.99642
111.00250,0.49500,0.00028,0.00475,0.99497
111.10250,0.49500,0.00124,0.02734,0.97142
111.20250,0.49500,0.00167,0.05517,0.94317
111.30250,0.49500,0.00794,0.29759,0.69447
111.40250,0.49500,0.01004,0.52083,0.46913
111.50250,0.49500,0.01517,0.66620,0.31862
111.60250,0.49500,0.00856,0.71729,0.27415
111.70250,0.49500,0.00653,0.69241,0.30106
111.80250,0.49500,0.00496,0.51694,0.47810
111.90250,0.49500,0.00070,0.05549,0.94380
112.00250,0.49500,0.00029,0.04012,0.95959
112.10250,0.49500,0.00004,0.00244,0.99753
112.20250,0.49500,0.00003,0.00538,0.99459
112.30250,0.49500,0.00003,0.00833,0.99163
112.40250,0.49500,0.00006,0.02409,0.97585
112.50250,0.49500,0.00016,0.06777,0.93207
112.60250,0.49500,0.00046,0.04649,0.95305
112.70250,0.49500,0.00130,0.04151,0.95719
112.80250,0.49500,0.00315,0.01968,0.97717
112.90250,0.49500,0.00193,0.00862,0.98945
113.00250,0.49500,0.00066,0.00310,0.99624
113.10250,0.49500,0.00018,0.00328,0.99654
113.20250,0.49500,0.00005,0.00268,0.99726
113.30250,0.49500,0.00003,0.00458,0.99540
113.40250,0.49500,0.00005,0.00744,0.99251
113.50250,0.49500,0.00004,0.00667,0.99329
113.60250,0.49500,0.00005,0.01113,0.98882
113.70250,0.49500,0.00006,0.00811,0.99184
113.80250,0.49500,0.00011,0.01000,0.98989
113.90250,0.49500,0.00014,0.01116,0.98870
114.00250,0.49500,0.00042,0.01491,0.98467
114.10250,0.49500,0.00051,0.01741,0.98208
114.20250,0.49500,0.00023,0.00935,0.99042
114.30250,0.49500,0.00014,0.00601,0.99385
114.40250,0.49500,0.00010,0.00547,0.99443
114.50250,0.49500,0.00005,0.00257,0.99738
114.60250,0.49500,0.00008,0.00256,0.99736
114.70250,0.49500,0.00010,0.00271,0.99719
114.80250,0.49500,0.00021,0.00654,0.99325
114.90250,0.49500,0.00040,0.00774,0.99186
115.00250,0.49500,0.00062,0.01376,0.98562
115.10250,0.49500,0.00093,0.02925,0.96982
115.20250,0.49500,0.00122,0.03607,0.96272
115.30250,0.49500,0.00062,0.02192,0.97746
115.40250,0.49500,0.00055,0.02669,0.97276
115.50250,0.49500,0.00086,0.07271,0.92643
115.60250,0.49500,0.00091,0.06428,0.93480
115.70250,0.49500,0.00100,0.06924,0.92977
115.80250,0.49500,0.00152,0.11335,0.88513
115.90250,0.49500,0.00111,0.09979,0.89911
116.00250,0.49500,0.00052,0.07253,0.92695
116.10250,0.49500,0.00058,0.07917,0.92025
116.20250,0.49500,0.00053,0.07300,0.92647
116.30250,0.49500,0.00060,0.05254,0.94686
116.40250,0.49500,0.00056,0.03126,0.96818
116.50250,0.49500,0.00151,0.04374,0.95476
116.60250,0.49500,0.00257,0.05005,0.94739
116.70250,0.49500,0.00222,0.02464,0.97314
116.80250,0.49500,0.00258,0.02902,0.96840
116.90250,0.49500,0.00219,0.02425,0.97356
117.00250,0.49500,0.00191,0.01518,0.98291
117.10250,0.49500,0.00174,0.01690,0.98136
117.20250,0.49500,0.00149,0.01705,0.98146
117.30250,0.49500,0.00102,0.01402,0.98496
117.40250,0.49500,0.00167,0.02726,0.97106
117.50250,0.49500,0.00341,0.02938,0.96721
117.60250,0.49500,0.00564,0.08269,0.91167
117.70250,0.49500,0.00894,0.08296,0.90810
117.80250,0.49500,0.00854,0.05858,0.93289
117.90250,0.49500,0.00362,0.03230,0.96408
118.00250,0.49500,0.00174,0.02149,0.97677
118.10250,0.49500,0.00135,0.01456,0.98409
118.20250,0.49500,0.00065,0.00445,0.99490
118.30250,0.49500,0.00134,0.01060,0.98805
118.40250,0.49500,0.00196,0.02565,0.97239
118.50250,0.49500,0.00085,0.01787,0.98128
118.60250,0.49500,0.00090,0.03472,0.96438
118.70250,0.49500,0.00174,0.09911,0.89914
118.80250,0.49500,0.00098,0.08495,0.91407
118.90250,0.49500,0.00135,0.05827,0.94038
119.00250,0.49500,0.00128,0.03511,0.96361
119.10250,0.49500,0.00178,0.04495,0.95327
119.20250,0.49500,0.00180,0.02701,0.97118
119.30250,0.49500,0.00230,0.02926,0.96844
119.40250,0.49500,0.00378,0.06699,0.92922
119.50250,0.49500,0.00353,0.08167,0.91480
119.60250,0.49500,0.00418,0.03952,0.95630
119.70250,0.49500,0.00328,0.04805,0.94867
119.80250,0.49500,0.00780,0.09499,0.89721
119.90250,0.49500,0.01295,0.10017,0.88688
120.00250,0.49500,0.02064,0.10979,0.86957
120.10250,0.49500,0.02775,0.16920,0.80305
120.20250,0.49500,0.02364,0.11395,0.86241
120.30250,0.49500,0.02562,0.14335,0.83103
120.40250,0.49500,0.02368,0.23067,0.74565
120.50250,0.49500,0.01414,0.27069,0.71517
120.60250,0.49500,0.01057,0.34395,0.64548
120.70250,0.49500,0.00398,0.31140,0.68462
120.80250,0.49500,0.00188,0.25055,0.74756
120.90250,0.49500,0.00083,0.15727,0.84190
