Time (seconds), Duration (seconds),pred_(unlabeled),pred_On,pred_Off,pred_Dimmer,pred_Lighter
0.01000,1.98000,0.99999,0.00000,0.00001,0.00000,0.00000
0.21000,1.98000,0.99999,0.00000,0.00001,0.00000,0.00000
0.41000,1.98000,0.99999,0.00000,0.00001,0.00000,0.00000
0.61000,1.98000,0.99999,0.00000,0.00001,0.00000,0.00000
0.81000,1.98000,0.99999,0.00000,0.00001,0.00000,0.00000
1.01000,1.98000,0.99999,0.00000,0.00001,0.00000,0.00000
1.21000,1.98000,0.99999,0.00000,0.00001,0.00000,0.00000
1.41000,1.98000,0.99999,0.00000,0.00001,0.00000,0.00000
1.61000,1.98000,0.99999,0.00000,0.00001,0.00000,0.00000
1.81000,1.98000,0.99999,0.00000,0.00001,0.00000,0.00000
2.01000,1.98000,0.99999,0.00000,0.00001,0.00000,0.00000
2.21000,1.98000,0.99999,0.00000,0.00001,0.00000,0.00000
2.41000,1.98000,0.99999,0.00000,0.00001,0.00000,0.00000
2.61000,1.98000,0.99999,0.00000,0.00001,0.00000,0.00000
2.81000,1.98000,0.99999,0.00000,0.00001,0.00000,0.00000
3.01000,1.98000,0.99999,0.00000,0.00001,0.00000,0.00000
3.21000,1.98000,0.99999,0.00000,0.00001,0.00000,0.00000
3.41000,1.98000,0.99999,0.00000,0.00001,0.00000,0.00000
3.61000,1.98000,0.99996,0.00000,0.00004,0.00000,0.00000
3.81000,1.98000,0.99998,0.00000,0.00002,0.00000,0.00000
4.01000,1.98000,0.99998,0.00000,0.00002,0.00000,0.00000
4.21000,1.98000,0.99325,0.00000,0.00672,0.00002,0.00002
4.41000,1.98000,0.91849,0.00001,0.08086,0.00029,0.00034
4.61000,1.98000,0.89682,0.00002,0.10225,0.00032,0.00060
4.81000,1.98000,0.84767,0.00003,0.15082,0.00050,0.00098
5.01000,1.98000,0.88319,0.00002,0.11570,0.00035,0.00074
5.21000,1.98000,0.99610,0.00000,0.00387,0.00001,0.00003
5.41000,1.98000,0.99974,0.00000,0.00026,0.00000,0.00000
5.61000,1.98000,0.99977,0.00000,0.00023,0.00000,0.00000
5.81000,1.98000,0.99998,0.00000,0.00002,0.00000,0.00000
6.01000,1.98000,0.99998,0.00000,0.00002,0.00000,0.00000
6.21000,1.98000,0.99998,0.00000,0.00002,0.00000,0.00000
6.41000,1.98000,0.99998,0.00000,0.00002,0.00000,0.00000
6.61000,1.98000,0.99995,0.00000,0.00005,0.00000,0.00000
6.81000,1.98000,0.99997,0.00000,0.00002,0.00000,0.00000
7.01000,1.98000,0.99999,0.00000,0.00001,0.00000,0.00000
7.21000,1.98000,0.99990,0.00000,0.00010,0.00000,0.00000
7.41000,1.98000,0.99955,0.00000,0.00042,0.00000,0.00003
7.61000,1.98000,0.99936,0.00000,0.00059,0.00000,0.00005
7.81000,1.98000,0.99954,0.00000,0.00042,0.00000,0.00004
8.01000,1.98000,0.99990,0.00000,0.00009,0.00000,0.00001
8.21000,1.98000,0.99990,0.00000,0.00009,0.00000,0.00001
8.41000,1.98000,0.99999,0.00000,0.00001,0.00000,0.00000
8.61000,1.98000,0.99997,0.00000,0.00003,0.00000,0.00000
8.81000,1.98000,0.99998,0.00000,0.00002,0.00000,0.00000
9.01000,1.98000,0.99998,0.00000,0.00002,0.00000,0.00000
9.21000,1.98000,0.99999,0.00000,0.00001,0.00000,0.00000
9.41000,1.98000,0.99999,0.00000,0.00001,0.00000,0.00000
9.61000,1.98000,0.99999,0.00000,0.00001,0.00000,0.00000
9.81000,1.98000,0.99999,0.00000,0.00001,0.00000,0.00000
10.01000,1.98000,0.99999,0.00000,0.00001,0.00000,0.00000
10.21000,1.98000,0.99999,0.00000,0.00001,0.00000,0.00000
10.41000,1.98000,0.99999,0.00000,0.00001,0.00000,0.00000
10.61000,1.98000,0.99999,0.00000,0.00001,0.00000,0.00000
10.81000,1.98000,0.99999,0.00000,0.00001,0.00000,0.00000
11.01000,1.98000,0.99999,0.00000,0.00001,0.00000,0.00000
11.21000,1.98000,0.99999,0.00000,0.00001,0.00000,0.00000
11.41000,1.98000,0.99999,0.00000,0.00001,0.00000,0.00000
11.61000,1.98000,0.99999,0.00000,0.00001,0.00000,0.00000
11.81000,1.98000,0.99999,0.00000,0.00001,0.00000,0.00000
12.01000,1.98000,0.99999,0.00000,0.00001,0.00000,0.00000
12.21000,1.98000,0.99999,0.00000,0.00001,0.00000,0.00000
12.41000,1.98000,0.99999,0.00000,0.00001,0.00000,0.00000
12.61000,1.98000,0.99999,0.00000,0.00001,0.00000,0.00000
12.81000,1.98000,0.99999,0.00000,0.00001,0.00000,0.00000
13.01000,1.98000,0.99999,0.00000,0.00001,0.00000,0.00000
13.21000,1.98000,0.99999,0.00000,0.00001,0.00000,0.00000
13.41000,1.98000,0.99999,0.00000,0.00001,0.00000,0.00000
13.61000,1.98000,0.99998,0.00000,0.00002,0.00000,0.00000
13.81000,1.98000,0.99918,0.00000,0.00082,0.00000,0.00000
14.01000,1.98000,0.80524,0.00000,0.19339,0.00011,0.00125
14.21000,1.98000,0.79367,0.00000,0.20446,0.00010,0.00176
14.41000,1.98000,0.73425,0.00001,0.26271,0.00013,0.00290
14.61000,1.98000,0.95990,0.00000,0.03959,0.00002,0.00049
14.81000,1.98000,0.98954,0.00000,0.01036,0.00001,0.00009
15.01000,1.98000,0.99794,0.00000,0.00206,0.00000,0.00000
15.21000,1.98000,0.99960,0.00000,0.00040,0.00000,0.00000
15.41000,1.98000,0.99994,0.00000,0.00006,0.00000,0.00000
15.61000,1.98000,0.99998,0.00000,0.00002,0.00000,0.00000
15.81000,1.98000,0.99999,0.00000,0.00001,0.00000,0.00000
16.01000,1.98000,0.99997,0.00000,0.00003,0.00000,0.00000
16.21000,1.98000,0.99999,0.00000,0.00001,0.00000,0.00000
16.41000,1.98000,0.99996,0.00000,0.00003,0.00000,0.00000
16.61000,1.98000,0.99998,0.00000,0.00002,0.00000,0.00000
16.81000,1.98000,0.99998,0.00000,0.00002,0.00000,0.00000
17.01000,1.98000,0.99997,0.00000,0.00003,0.00000,0.00000
17.21000,1.98000,0.99998,0.00000,0.00002,0.00000,0.00000
17.41000,1.98000,0.99998,0.00000,0.00002,0.00000,0.00000
17.61000,1.98000,0.99999,0.00000,0.00001,0.00000,0.00000
17.81000,1.98000,0.99999,0.00000,0.00001,0.00000,0.00000
18.01000,1.98000,0.99999,0.00000,0.00001,0.00000,0.00000
18.21000,1.98000,0.99998,0.00000,0.00002,0.00000,0.00000
18.41000,1.98000,0.99998,0.00000,0.00002,0.00000,0.00000
18.61000,1.98000,0.99998,0.00000,0.00002,0.00000,0.00000
18.81000,1.98000,0.99999,0.00000,0.00001,0.00000,0.00000
19.01000,1.98000,0.99998,0.00000,0.00002,0.00000,0.00000
19.21000,1.98000,0.99999,0.00000,0.00001,0.00000,0.00000
19.41000,1.98000,0.99998,0.00000,0.00002,0.00000,0.00000
19.61000,1.98000,0.99997,0.00000,0.00003,0.00000,0.00000
19.81000,1.98000,0.99997,0.00000,0.00003,0.00000,0.00000
20.01000,1.98000,0.99996,0.00000,0.00004,0.00000,0.00000
20.21000,1.98000,0.99998,0.00000,0.00002,0.00000,0.00000
20.41000,1.98000,0.99998,0.00000,0.00002,0.00000,0.00000
20.61000,1.98000,0.99999,0.00000,0.00001,0.00000,0.00000
20.81000,1.98000,0.99997,0.00000,0.00003,0.00000,0.00000
21.01000,1.98000,0.99997,0.00000,0.00003,0.00000,0.00000
21.21000,1.98000,0.99999,0.00000,0.00001,0.00000,0.00000
21.41000,1.98000,0.99999,0.00000,0.00001,0.00000,0.00000
21.61000,1.98000,0.99999,0.00000,0.00001,0.00000,0.00000
21.81000,1.98000,0.99999,0.00000,0.00001,0.00000,0.00000
22.01000,1.98000,0.99999,0.00000,0.00001,0.00000,0.00000
22.21000,1.98000,0.99999,0.00000,0.00001,0.00000,0.00000
22.41000,1.98000,0.99999,0.00000,0.00001,0.00000,0.00000
22.61000,1.98000,0.99999,0.00000,0.00001,0.00000,0.00000
22.81000,1.98000,0.99999,0.00000,0.00001,0.00000,0.00000
23.01000,1.98000,0.99999,0.00000,0.00001,0.00000,0.00000
23.21000,1.98000,0.99999,0.00000,0.00001,0.00000,0.00000
23.41000,1.98000,0.99999,0.00000,0.00001,0.00000,0.00000
23.61000,1.98000,0.99998,0.00000,0.00002,0.00000,0.00000
23.81000,1.98000,0.99998,0.00000,0.00002,0.00000,0.00000
24.01000,1.98000,0.99999,0.00000,0.00001,0.00000,0.00000
24.21000,1.98000,0.99999,0.00000,0.00001,0.00000,0.00000
24.41000,1.98000,0.99999,0.00000,0.00001,0.00000,0.00000
24.61000,1.98000,0.99902,0.00000,0.00098,0.00000,0.00000
24.81000,1.98000,0.86673,0.00004,0.13252,0.00031,0.00039
25.01000,1.98000,0.73787,0.00009,0.26013,0.00067,0.00124
25.21000,1.98000,0.70457,0.00011,0.29304,0.00086,0.00142
25.41000,1.98000,0.68163,0.00014,0.31548,0.00113,0.00163
25.61000,1.98000,0.99789,0.00000,0.00211,0.00000,0.00000
25.81000,1.98000,0.99761,0.00000,0.00238,0.00000,0.00000
26.01000,1.98000,0.99926,0.00000,0.00074,0.00000,0.00000
26.21000,1.98000,0.99994,0.00000,0.00006,0.00000,0.00000
26.41000,1.98000,0.99999,0.00000,0.00001,0.00000,0.00000
26.61000,1.98000,0.99999,0.00000,0.00001,0.00000,0.00000
26.81000,1.98000,0.99999,0.00000,0.00001,0.00000,0.00000
27.01000,1.98000,0.99999,0.00000,0.00001,0.00000,0.00000
27.21000,1.98000,0.99998,0.00000,0.00001,0.00000,0.00000
27.41000,1.98000,0.99999,0.00000,0.00001,0.00000,0.00000
27.61000,1.98000,0.99998,0.00000,0.00002,0.00000,0.00000
27.81000,1.98000,0.99998,0.00000,0.00002,0.00000,0.00000
28.01000,1.98000,0.99999,0.00000,0.00001,0.00000,0.00000
28.21000,1.98000,0.99999,0.00000,0.00001,0.00000,0.00000
28.41000,1.98000,0.99997,0.00000,0.00003,0.00000,0.00000
28.61000,1.98000,0.99999,0.00000,0.00001,0.00000,0.00000
28.81000,1.98000,0.99999,0.00000,0.00001,0.00000,0.00000
29.01000,1.98000,0.99998,0.00000,0.00002,0.00000,0.00000
29.21000,1.98000,0.99999,0.00000,0.00001,0.00000,0.00000
29.41000,1.98000,0.99999,0.00000,0.00001,0.00000,0.00000
29.61000,1.98000,0.99999,0.00000,0.00001,0.00000,0.00000
29.81000,1.98000,0.99998,0.00000,0.00002,0.00000,0.00000
30.01000,1.98000,0.99999,0.00000,0.00001,0.00000,0.00000
30.21000,1.98000,0.99999,0.00000,0.00001,0.00000,0.00000
30.41000,1.98000,0.99998,0.00000,0.00002,0.00000,0.00000
30.61000,1.98000,0.99998,0.00000,0.00002,0.00000,0.00000
30.81000,1.98000,0.99997,0.00000,0.00003,0.00000,0.00000
31.01000,1.98000,0.99998,0.00000,0.00002,0.00000,0.00000
31.21000,1.98000,0.99998,0.00000,0.00002,0.00000,0.00000
31.41000,1.98000,0.99997,0.00000,0.00003,0.00000,0.00000
31.61000,1.98000,0.99997,0.00000,0.00003,0.00000,0.00000
31.81000,1.98000,0.99998,0.00000,0.00002,0.00000,0.00000
32.01000,1.98000,0.99998,0.00000,0.00002,0.00000,0.00000
32.21000,1.98000,0.99998,0.00000,0.00002,0.00000,0.00000
32.41000,1.98000,0.99996,0.00000,0.00004,0.00000,0.00000
32.61000,1.98000,0.99992,0.00000,0.00008,0.00000,0.00000
32.81000,1.98000,0.99993,0.00000,0.00007,0.00000,0.00000
33.01000,1.98000,0.99992,0.00000,0.00008,0.00000,0.00000
33.21000,1.98000,0.99994,0.00000,0.00006,0.00000,0.00000
33.41000,1.98000,0.99983,0.00000,0.00016,0.00000,0.00000
33.61000,1.98000,0.99997,0.00000,0.00003,0.00000,0.00000
33.81000,1.98000,0.99999,0.00000,0.00001,0.00000,0.00000
34.01000,1.98000,0.99996,0.00000,0.00004,0.00000,0.00000
34.21000,1.98000,0.99664,0.00000,0.00335,0.00001,0.00001
34.41000,1.98000,0.63027,0.00033,0.36687,0.00146,0.00107
34.61000,1.98000,0.57113,0.00044,0.42523,0.00180,0.00139
34.81000,1.98000,0.59823,0.00035,0.39855,0.00166,0.00120
35.01000,1.98000,0.95159,0.00005,0.04800,0.00020,0.00015
35.21000,1.98000,0.99321,0.00000,0.00677,0.00001,0.00001
35.41000,1.98000,0.99919,0.00000,0.00081,0.00000,0.00000
35.61000,1.98000,0.99992,0.00000,0.00008,0.00000,0.00000
35.81000,1.98000,0.99996,0.00000,0.00004,0.00000,0.00000
36.01000,1.98000,0.99999,0.00000,0.00001,0.00000,0.00000
36.21000,1.98000,0.99999,0.00000,0.00001,0.00000,0.00000
36.41000,1.98000,0.99999,0.00000,0.00001,0.00000,0.00000
36.61000,1.98000,0.99999,0.00000,0.00001,0.00000,0.00000
36.81000,1.98000,0.99999,0.00000,0.00001,0.00000,0.00000
37.01000,1.98000,0.99999,0.00000,0.00001,0.00000,0.00000
37.21000,1.98000,0.99997,0.00000,0.00003,0.00000,0.00000
37.41000,1.98000,0.99997,0.00000,0.00003,0.00000,0.00000
37.61000,1.98000,0.99994,0.00000,0.00006,0.00000,0.00000
37.81000,1.98000,0.99994,0.00000,0.00005,0.00000,0.00000
38.01000,1.98000,0.99993,0.00000,0.00006,0.00000,0.00000
38.21000,1.98000,0.99996,0.00000,0.00004,0.00000,0.00000
38.41000,1.98000,0.99995,0.00000,0.00004,0.00000,0.00000
38.61000,1.98000,0.99993,0.00000,0.00007,0.00000,0.00000
38.81000,1.98000,0.99998,0.00000,0.00002,0.00000,0.00000
39.01000,1.98000,0.99995,0.00000,0.00005,0.00000,0.00000
39.21000,1.98000,0.99995,0.00000,0.00005,0.00000,0.00000
39.41000,1.98000,0.99994,0.00000,0.00006,0.00000,0.00000
39.61000,1.98000,0.99993,0.00000,0.00007,0.00000,0.00000
39.81000,1.98000,0.99991,0.00000,0.00009,0.00000,0.00000
40.01000,1.98000,0.99991,0.00000,0.00009,0.00000,0.00000
40.21000,1.98000,0.99994,0.00000,0.00006,0.00000,0.00000
40.41000,1.98000,0.99994,0.00000,0.00005,0.00000,0.00000
40.61000,1.98000,0.99994,0.00000,0.00006,0.00000,0.00000
40.81000,1.98000,0.99994,0.00000,0.00006,0.00000,0.00000
41.01000,1.98000,0.99995,0.00000,0.00005,0.00000,0.00000
41.21000,1.98000,0.99993,0.00000,0.00006,0.00000,0.00000
41.41000,1.98000,0.99994,0.00000,0.00006,0.00000,0.00000
41.61000,1.98000,0.99980,0.00000,0.00020,0.00000,0.00000
41.81000,1.98000,0.99997,0.00000,0.00003,0.00000,0.00000
42.01000,1.98000,0.99999,0.00000,0.00001,0.00000,0.00000
42.21000,1.98000,0.99993,0.00000,0.00007,0.00000,0.00000
42.41000,1.98000,0.99179,0.00000,0.00813,0.00001,0.00007
42.61000,1.98000,0.81042,0.00004,0.18186,0.00021,0.00748
42.81000,1.98000,0.68720,0.00006,0.30404,0.00045,0.00825
43.01000,1.98000,0.61716,0.00011,0.37493,0.00101,0.00680
43.21000,1.98000,0.97823,0.00001,0.02133,0.00004,0.00039
43.41000,1.98000,0.99680,0.00000,0.00319,0.00000,0.00001
43.61000,1.98000,0.99885,0.00000,0.00115,0.00000,0.00000
43.81000,1.98000,0.99962,0.00000,0.00038,0.00000,0.00000
44.01000,1.98000,0.99998,0.00000,0.00002,0.00000,0.00000
44.21000,1.98000,0.99998,0.00000,0.00002,0.00000,0.00000
44.41000,1.98000,0.99998,0.00000,0.00002,0.00000,0.00000
44.61000,1.98000,0.99999,0.00000,0.00001,0.00000,0.00000
44.81000,1.98000,0.99999,0.00000,0.00001,0.00000,0.00000
45.01000,1.98000,0.99999,0.00000,0.00001,0.00000,0.00000
45.21000,1.98000,0.99999,0.00000,0.00001,0.00000,0.00000
45.41000,1.98000,0.99999,0.00000,0.00001,0.00000,0.00000
45.61000,1.98000,0.99999,0.00000,0.00001,0.00000,0.00000
45.81000,1.98000,0.99999,0.00000,0.00001,0.00000,0.00000
46.01000,1.98000,0.99999,0.00000,0.00001,0.00000,0.00000
46.21000,1.98000,0.99999,0.00000,0.00001,0.00000,0.00000
46.41000,1.98000,0.99999,0.00000,0.00001,0.00000,0.00000
46.61000,1.98000,0.99999,0.00000,0.00001,0.00000,0.00000
46.81000,1.98000,0.99999,0.00000,0.00001,0.00000,0.00000
47.01000,1.98000,0.99999,0.00000,0.00001,0.00000,0.00000
47.21000,1.98000,0.99998,0.00000,0.00002,0.00000,0.00000
47.41000,1.98000,0.99998,0.00000,0.00002,0.00000,0.00000
47.61000,1.98000,0.99997,0.00000,0.00003,0.00000,0.00000
47.81000,1.98000,0.99998,0.00000,0.00002,0.00000,0.00000
48.01000,1.98000,0.99997,0.00000,0.00003,0.00000,0.00000
48.21000,1.98000,0.99998,0.00000,0.00002,0.00000,0.00000
48.41000,1.98000,0.99999,0.00000,0.00001,0.00000,0.00000
48.61000,1.98000,0.99997,0.00000,0.00003,0.00000,0.00000
48.81000,1.98000,0.99999,0.00000,0.00001,0.00000,0.00000
49.01000,1.98000,0.99999,0.00000,0.00001,0.00000,0.00000
49.21000,1.98000,0.99999,0.00000,0.00001,0.00000,0.00000
49.41000,1.98000,0.99999,0.00000,0.00001,0.00000,0.00000
49.61000,1.98000,0.99998,0.00000,0.00002,0.00000,0.00000
49.81000,1.98000,0.99998,0.00000,0.00002,0.00000,0.00000
50.01000,1.98000,0.99992,0.00000,0.00008,0.00000,0.00000
50.21000,1.98000,0.99985,0.00000,0.00015,0.00000,0.00000
50.41000,1.98000,0.99986,0.00000,0.00014,0.00000,0.00000
50.61000,1.98000,0.99965,0.00000,0.00035,0.00000,0.00000
50.81000,1.98000,0.99925,0.00000,0.00074,0.00000,0.00001
51.01000,1.98000,0.99851,0.00000,0.00146,0.00001,0.00002
51.21000,1.98000,0.99941,0.00000,0.00058,0.00000,0.00001
51.41000,1.98000,0.99991,0.00000,0.00009,0.00000,0.00000
51.61000,1.98000,0.99983,0.00000,0.00017,0.00000,0.00000
51.81000,1.98000,0.99990,0.00000,0.00010,0.00000,0.00000
52.01000,1.98000,0.99992,0.00000,0.00008,0.00000,0.00000
52.21000,1.98000,1.00000,0.00000,0.00000,0.00000,0.00000
52.41000,1.98000,0.99998,0.00000,0.00002,0.00000,0.00000
52.61000,1.98000,0.99999,0.00000,0.00001,0.00000,0.00000
52.81000,1.98000,0.99998,0.00000,0.00002,0.00000,0.00000
53.01000,1.98000,0.99675,0.00000,0.00325,0.00000,0.00000
53.21000,1.98000,0.87675,0.00002,0.12269,0.00024,0.00030
53.41000,1.98000,0.81565,0.00003,0.18331,0.00032,0.00068
53.61000,1.98000,0.84173,0.00004,0.15709,0.00038,0.00075
53.81000,1.98000,0.75169,0.00007,0.24639,0.00067,0.00118
54.01000,1.98000,0.98989,0.00000,0.01004,0.00002,0.00005
54.21000,1.98000,0.99898,0.00000,0.00102,0.00000,0.00000
54.41000,1.98000,0.99944,0.00000,0.00056,0.00000,0.00000
54.61000,1.98000,0.99997,0.00000,0.00003,0.00000,0.00000
54.81000,1.98000,0.99999,0.00000,0.00001,0.00000,0.00000
55.01000,1.98000,0.99998,0.00000,0.00002,0.00000,0.00000
55.21000,1.98000,0.99998,0.00000,0.00002,0.00000,0.00000
55.41000,1.98000,0.99998,0.00000,0.00002,0.00000,0.00000
55.61000,1.98000,0.99998,0.00000,0.00002,0.00000,0.00000
55.81000,1.98000,0.99999,0.00000,0.00001,0.00000,0.00000
56.01000,1.98000,0.99998,0.00000,0.00002,0.00000,0.00000
56.21000,1.98000,0.99998,0.00000,0.00002,0.00000,0.00000
56.41000,1.98000,0.99998,0.00000,0.00002,0.00000,0.00000
56.61000,1.98000,0.99997,0.00000,0.00003,0.00000,0.00000
56.81000,1.98000,0.99995,0.00000,0.00004,0.00000,0.00000
57.01000,1.98000,0.99997,0.00000,0.00003,0.00000,0.00000
57.21000,1.98000,0.99996,0.00000,0.00004,0.00000,0.00000
57.41000,1.98000,0.99996,0.00000,0.00004,0.00000,0.00000
57.61000,1.98000,0.99996,0.00000,0.00004,0.00000,0.00000
57.81000,1.98000,0.99996,0.00000,0.00004,0.00000,0.00000
58.01000,1.98000,0.99995,0.00000,0.00005,0.00000,0.00000
58.21000,1.98000,0.99995,0.00000,0.00005,0.00000,0.00000
58.41000,1.98000,0.99994,0.00000,0.00006,0.00000,0.00000
58.61000,1.98000,0.99992,0.00000,0.00008,0.00000,0.00000
58.81000,1.98000,0.99993,0.00000,0.00007,0.00000,0.00000
59.01000,1.98000,0.99990,0.00000,0.00010,0.00000,0.00000
59.21000,1.98000,0.99995,0.00000,0.00005,0.00000,0.00000
59.41000,1.98000,0.99990,0.00000,0.00010,0.00000,0.00000
59.61000,1.98000,0.99975,0.00000,0.00025,0.00000,0.00000
59.81000,1.98000,0.99978,0.00000,0.00022,0.00000,0.00000
60.01000,1.98000,0.99993,0.00000,0.00007,0.00000,0.00000
60.21000,1.98000,0.99995,0.00000,0.00004,0.00000,0.00000
60.41000,1.98000,0.99991,0.00000,0.00009,0.00000,0.00000
60.61000,1.98000,0.99992,0.00000,0.00008,0.00000,0.00000
60.81000,1.98000,0.99998,0.00000,0.00002,0.00000,0.00000
61.01000,1.98000,0.99998,0.00000,0.00002,0.00000,0.00000
61.21000,1.98000,0.99999,0.00000,0.00001,0.00000,0.00000
61.41000,1.98000,0.99999,0.00000,0.00001,0.00000,0.00000
61.61000,1.98000,0.99995,0.00000,0.00005,0.00000,0.00000
61.81000,1.98000,0.98588,0.00000,0.01408,0.00001,0.00003
62.01000,1.98000,0.85327,0.00002,0.14607,0.00017,0.00046
62.21000,1.98000,0.83287,0.00004,0.16628,0.00033,0.00049
62.41000,1.98000,0.82467,0.00005,0.17434,0.00040,0.00054
62.61000,1.98000,0.93973,0.00001,0.05994,0.00009,0.00023
62.81000,1.98000,0.99924,0.00000,0.00076,0.00000,0.00000
63.01000,1.98000,0.99989,0.00000,0.00011,0.00000,0.00000
63.21000,1.98000,0.99954,0.00000,0.00046,0.00000,0.00000
63.41000,1.98000,0.99999,0.00000,0.00001,0.00000,0.00000
63.61000,1.98000,0.99999,0.00000,0.00001,0.00000,0.00000
63.81000,1.98000,0.99998,0.00000,0.00001,0.00000,0.00000
64.01000,1.98000,0.99998,0.00000,0.00002,0.00000,0.00000
64.21000,1.98000,0.99998,0.00000,0.00002,0.00000,0.00000
64.41000,1.98000,0.99999,0.00000,0.00001,0.00000,0.00000
64.61000,1.98000,0.99999,0.00000,0.00001,0.00000,0.00000
64.81000,1.98000,0.99998,0.00000,0.00002,0.00000,0.00000
65.01000,1.98000,0.99997,0.00000,0.00003,0.00000,0.00000
65.21000,1.98000,0.99999,0.00000,0.00001,0.00000,0.00000
65.41000,1.98000,0.99983,0.00000,0.00017,0.00000,0.00000
65.61000,1.98000,0.99987,0.00000,0.00013,0.00000,0.00000
65.81000,1.98000,0.99978,0.00000,0.00021,0.00000,0.00000
66.01000,1.98000,0.99979,0.00000,0.00020,0.00001,0.00000
66.21000,1.98000,0.99983,0.00000,0.00017,0.00001,0.00000
66.41000,1.98000,0.99985,0.00000,0.00014,0.00000,0.00000
66.61000,1.98000,0.99990,0.00000,0.00010,0.00000,0.00000
66.81000,1.98000,0.99998,0.00000,0.00002,0.00000,0.00000
67.01000,1.98000,0.99998,0.00000,0.00001,0.00000,0.00000
67.21000,1.98000,0.99996,0.00000,0.00004,0.00000,0.00000
67.41000,1.98000,0.99994,0.00000,0.00006,0.00000,0.00000
67.61000,1.98000,0.99991,0.00000,0.00009,0.00000,0.00000
67.81000,1.98000,0.99987,0.00000,0.00012,0.00000,0.00000
68.01000,1.98000,0.99984,0.00000,0.00016,0.00000,0.00000
68.21000,1.98000,0.99975,0.00000,0.00025,0.00000,0.00000
68.41000,1.98000,0.99986,0.00000,0.00014,0.00000,0.00000
68.61000,1.98000,0.99990,0.00000,0.00010,0.00000,0.00000
68.81000,1.98000,0.99992,0.00000,0.00008,0.00000,0.00000
69.01000,1.98000,0.99993,0.00000,0.00007,0.00000,0.00000
69.21000,1.98000,0.99991,0.00000,0.00009,0.00000,0.00000
69.41000,1.98000,0.99995,0.00000,0.00005,0.00000,0.00000
69.61000,1.98000,0.99993,0.00000,0.00007,0.00000,0.00000
69.81000,1.98000,0.99998,0.00000,0.00002,0.00000,0.00000
70.01000,1.98000,0.99999,0.00000,0.00001,0.00000,0.00000
70.21000,1.98000,0.99998,0.00000,0.00002,0.00000,0.00000
70.41000,1.98000,0.99993,0.00000,0.00007,0.00000,0.00000
70.61000,1.98000,0.99983,0.00000,0.00017,0.00000,0.00000
70.81000,1.98000,0.97665,0.00001,0.02300,0.00006,0.00029
71.01000,1.98000,0.78950,0.00007,0.20451,0.00062,0.00530
71.21000,1.98000,0.81706,0.00005,0.17656,0.00040,0.00594
71.41000,1.98000,0.85926,0.00005,0.13512,0.00042,0.00516
71.61000,1.98000,0.99154,0.00000,0.00818,0.00001,0.00026
71.81000,1.98000,0.99838,0.00000,0.00161,0.00000,0.00001
72.01000,1.98000,0.99994,0.00000,0.00006,0.00000,0.00000
72.21000,1.98000,0.99992,0.00000,0.00008,0.00000,0.00000
72.41000,1.98000,0.99998,0.00000,0.00002,0.00000,0.00000
72.61000,1.98000,0.99998,0.00000,0.00002,0.00000,0.00000
72.81000,1.98000,0.99998,0.00000,0.00002,0.00000,0.00000
73.01000,1.98000,0.99998,0.00000,0.00002,0.00000,0.00000
73.21000,1.98000,0.99998,0.00000,0.00002,0.00000,0.00000
73.41000,1.98000,0.99999,0.00000,0.00001,0.00000,0.00000
73.61000,1.98000,0.99999,0.00000,0.00001,0.00000,0.00000
73.81000,1.98000,0.99998,0.00000,0.00002,0.00000,0.00000
74.01000,1.98000,0.99998,0.00000,0.00002,0.00000,0.00000
74.21000,1.98000,0.99998,0.00000,0.00002,0.00000,0.00000
74.41000,1.98000,0.99999,0.00000,0.00001,0.00000,0.00000
74.61000,1.98000,0.99999,0.00000,0.00001,0.00000,0.00000
74.81000,1.98000,0.99998,0.00000,0.00002,0.00000,0.00000
75.01000,1.98000,0.99999,0.00000,0.00001,0.00000,0.00000
75.21000,1.98000,0.99999,0.00000,0.00001,0.00000,0.00000
75.41000,1.98000,0.99998,0.00000,0.00002,0.00000,0.00000
75.61000,1.98000,0.99999,0.00000,0.00001,0.00000,0.00000
75.81000,1.98000,0.99999,0.00000,0.00001,0.00000,0.00000
76.01000,1.98000,0.99997,0.00000,0.00003,0.00000,0.00000
76.21000,1.98000,0.99998,0.00000,0.00002,0.00000,0.00000
76.41000,1.98000,0.99999,0.00000,0.00001,0.00000,0.00000
76.61000,1.98000,0.99997,0.00000,0.00003,0.00000,0.00000
76.81000,1.98000,0.99984,0.00000,0.00014,0.00000,0.00002
77.01000,1.98000,0.99980,0.00000,0.00018,0.00000,0.00002
77.21000,1.98000,0.99989,0.00000,0.00010,0.00000,0.00001
77.41000,1.98000,0.99990,0.00000,0.00009,0.00000,0.00001
77.61000,1.98000,0.99975,0.00000,0.00022,0.00000,0.00003
77.81000,1.98000,0.99977,0.00000,0.00019,0.00000,0.00004
78.01000,1.98000,0.99967,0.00000,0.00027,0.00000,0.00006
78.21000,1.98000,0.99942,0.00000,0.00054,0.00000,0.00004
78.41000,1.98000,0.99974,0.00000,0.00025,0.00000,0.00000
78.61000,1.98000,0.99988,0.00000,0.00012,0.00000,0.00000
78.81000,1.98000,0.99973,0.00000,0.00026,0.00000,0.00001
79.01000,1.98000,0.99986,0.00000,0.00013,0.00000,0.00001
79.21000,1.98000,0.99990,0.00000,0.00010,0.00000,0.00000
79.41000,1.98000,0.99994,0.00000,0.00006,0.00000,0.00000
79.61000,1.98000,0.96875,0.00001,0.03100,0.00001,0.00023
79.81000,1.98000,0.67261,0.00015,0.32388,0.00034,0.00302
80.01000,1.98000,0.59768,0.00022,0.39860,0.00067,0.00284
80.21000,1.98000,0.59381,0.00021,0.40278,0.00064,0.00255
80.41000,1.98000,0.96864,0.00002,0.03112,0.00006,0.00017
80.61000,1.98000,0.99928,0.00000,0.00072,0.00000,0.00000
80.81000,1.98000,0.99927,0.00000,0.00073,0.00000,0.00000
81.01000,1.98000,0.99975,0.00000,0.00025,0.00000,0.00000
81.21000,1.98000,0.99999,0.00000,0.00001,0.00000,0.00000
81.41000,1.98000,0.99999,0.00000,0.00001,0.00000,0.00000
81.61000,1.98000,0.99999,0.00000,0.00001,0.00000,0.00000
81.81000,1.98000,0.99999,0.00000,0.00001,0.00000,0.00000
82.01000,1.98000,0.99999,0.00000,0.00001,0.00000,0.00000
82.21000,1.98000,0.99999,0.00000,0.00001,0.00000,0.00000
82.41000,1.98000,0.99999,0.00000,0.00001,0.00000,0.00000
82.61000,1.98000,0.99999,0.00000,0.00001,0.00000,0.00000
82.81000,1.98000,0.99999,0.00000,0.00001,0.00000,0.00000
83.01000,1.98000,0.99999,0.00000,0.00001,0.00000,0.00000
83.21000,1.98000,0.99999,0.00000,0.00001,0.00000,0.00000
83.41000,1.98000,0.99999,0.00000,0.00001,0.00000,0.00000
83.61000,1.98000,0.99999,0.00000,0.00001,0.00000,0.00000
83.81000,1.98000,0.99999,0.00000,0.00001,0.00000,0.00000
84.01000,1.98000,0.99999,0.00000,0.00001,0.00000,0.00000
84.21000,1.98000,0.99999,0.00000,0.00001,0.00000,0.00000
84.41000,1.98000,0.99999,0.00000,0.00001,0.00000,0.00000
84.61000,1.98000,0.99999,0.00000,0.00001,0.00000,0.00000
84.81000,1.98000,0.99999,0.00000,0.00001,0.00000,0.00000
85.01000,1.98000,0.99998,0.00000,0.00002,0.00000,0.00000
85.21000,1.98000,0.99998,0.00000,0.00002,0.00000,0.00000
85.41000,1.98000,0.99998,0.00000,0.00002,0.00000,0.00000
85.61000,1.98000,0.99998,0.00000,0.00002,0.00000,0.00000
85.81000,1.98000,0.99999,0.00000,0.00001,0.00000,0.00000
86.01000,1.98000,0.99993,0.00000,0.00007,0.00000,0.00000
86.21000,1.98000,0.99991,0.00000,0.00009,0.00000,0.00000
86.41000,1.98000,0.99981,0.00000,0.00018,0.00000,0.00000
86.61000,1.98000,0.99996,0.00000,0.00004,0.00000,0.00000
86.81000,1.98000,0.99985,0.00000,0.00015,0.00000,0.00000
87.01000,1.98000,0.99987,0.00000,0.00013,0.00000,0.00000
87.21000,1.98000,0.99939,0.00000,0.00059,0.00000,0.00002
87.41000,1.98000,0.99859,0.00000,0.00136,0.00000,0.00005
87.61000,1.98000,0.99941,0.00000,0.00058,0.00000,0.00001
87.81000,1.98000,0.99954,0.00000,0.00045,0.00000,0.00001
88.01000,1.98000,0.99981,0.00000,0.00018,0.00000,0.00001
88.21000,1.98000,0.99990,0.00000,0.00009,0.00000,0.00001
88.41000,1.98000,0.99996,0.00000,0.00004,0.00000,0.00000
88.61000,1.98000,0.99973,0.00000,0.00026,0.00000,0.00001
88.81000,1.98000,0.88976,0.00006,0.10453,0.00044,0.00521
89.01000,1.98000,0.71352,0.00016,0.27836,0.00220,0.00577
89.21000,1.98000,0.68490,0.00016,0.30672,0.00257,0.00565
89.41000,1.98000,0.77602,0.00011,0.21793,0.00162,0.00432
89.61000,1.98000,0.99546,0.00000,0.00449,0.00001,0.00004
89.81000,1.98000,0.99560,0.00000,0.00437,0.00001,0.00001
90.01000,1.98000,0.99966,0.00000,0.00034,0.00000,0.00000
90.21000,1.98000,0.99989,0.00000,0.00011,0.00000,0.00000
90.41000,1.98000,0.99998,0.00000,0.00002,0.00000,0.00000
90.61000,1.98000,0.99998,0.00000,0.00002,0.00000,0.00000
90.81000,1.98000,0.99998,0.00000,0.00002,0.00000,0.00000
91.01000,1.98000,0.99999,0.00000,0.00001,0.00000,0.00000
91.21000,1.98000,0.99999,0.00000,0.00001,0.00000,0.00000
91.41000,1.98000,0.99999,0.00000,0.00001,0.00000,0.00000
91.61000,1.98000,0.99999,0.00000,0.00001,0.00000,0.00000
91.81000,1.98000,0.99999,0.00000,0.00001,0.00000,0.00000
92.01000,1.98000,0.99999,0.00000,0.00001,0.00000,0.00000
92.21000,1.98000,0.99999,0.00000,0.00001,0.00000,0.00000
92.41000,1.98000,0.99999,0.00000,0.00001,0.00000,0.00000
92.61000,1.98000,0.99999,0.00000,0.00001,0.00000,0.00000
92.81000,1.98000,0.99998,0.00000,0.00002,0.00000,0.00000
93.01000,1.98000,0.99999,0.00000,0.00001,0.00000,0.00000
93.21000,1.98000,0.99999,0.00000,0.00001,0.00000,0.00000
93.41000,1.98000,0.99998,0.00000,0.00002,0.00000,0.00000
93.61000,1.98000,0.99999,0.00000,0.00001,0.00000,0.00000
93.81000,1.98000,0.99998,0.00000,0.00002,0.00000,0.00000
94.01000,1.98000,0.99989,0.00000,0.00011,0.00000,0.00000
94.21000,1.98000,0.99991,0.00000,0.00009,0.00000,0.00000
94.41000,1.98000,0.99996,0.00000,0.00004,0.00000,0.00000
94.61000,1.98000,0.99993,0.00000,0.00007,0.00000,0.00000
94.81000,1.98000,0.99979,0.00000,0.00021,0.00000,0.00000
95.01000,1.98000,0.99994,0.00000,0.00006,0.00000,0.00000
95.21000,1.98000,0.99987,0.00000,0.00013,0.00000,0.00000
95.41000,1.98000,0.99987,0.00000,0.00012,0.00000,0.00000
95.61000,1.98000,0.99981,0.00000,0.00019,0.00000,0.00000
95.81000,1.98000,0.99886,0.00000,0.00111,0.00001,0.00001
96.01000,1.98000,0.99953,0.00000,0.00046,0.00001,0.00000
96.21000,1.98000,0.99948,0.00000,0.00051,0.00001,0.00000
96.41000,1.98000,0.99988,0.00000,0.00012,0.00000,0.00000
96.61000,1.98000,0.99947,0.00000,0.00052,0.00001,0.00000
96.81000,1.98000,0.99966,0.00000,0.00033,0.00001,0.00000
97.01000,1.98000,0.99992,0.00000,0.00007,0.00000,0.00000
97.21000,1.98000,0.99997,0.00000,0.00003,0.00000,0.00000
97.41000,1.98000,0.99977,0.00000,0.00022,0.00000,0.00000
97.61000,1.98000,0.93825,0.00001,0.05902,0.00057,0.00215
97.81000,1.98000,0.94277,0.00001,0.05433,0.00044,0.00245
98.01000,1.98000,0.91676,0.00001,0.07909,0.00070,0.00344
98.21000,1.98000,0.96015,0.00001,0.03756,0.00039,0.00189
98.41000,1.98000,0.99841,0.00000,0.00151,0.00001,0.00007
98.61000,1.98000,0.99980,0.00000,0.00020,0.00000,0.00000
98.81000,1.98000,0.99998,0.00000,0.00002,0.00000,0.00000
99.01000,1.98000,0.99992,0.00000,0.00008,0.00000,0.00000
99.21000,1.98000,0.99999,0.00000,0.00001,0.00000,0.00000
99.41000,1.98000,0.99999,0.00000,0.00001,0.00000,0.00000
99.61000,1.98000,0.99999,0.00000,0.00001,0.00000,0.00000
99.81000,1.98000,0.99999,0.00000,0.00001,0.00000,0.00000
100.01000,1.98000,0.99999,0.00000,0.00001,0.00000,0.00000
100.21000,1.98000,0.99999,0.00000,0.00001,0.00000,0.00000
100.41000,1.98000,0.99999,0.00000,0.00001,0.00000,0.00000
100.61000,1.98000,0.99999,0.00000,0.00001,0.00000,0.00000
100.81000,1.98000,0.99999,0.00000,0.00001,0.00000,0.00000
101.01000,1.98000,0.99998,0.00000,0.00002,0.00000,0.00000
101.21000,1.98000,0.99999,0.00000,0.00001,0.00000,0.00000
101.41000,1.98000,0.99999,0.00000,0.00001,0.00000,0.00000
101.61000,1.98000,0.99998,0.00000,0.00002,0.00000,0.00000
101.81000,1.98000,0.99998,0.00000,0.00002,0.00000,0.00000
102.01000,1.98000,0.99997,0.00000,0.00003,0.00000,0.00000
102.21000,1.98000,0.99996,0.00000,0.00004,0.00000,0.00000
102.41000,1.98000,0.99997,0.00000,0.00003,0.00000,0.00000
102.61000,1.98000,0.99999,0.00000,0.00001,0.00000,0.00000
102.81000,1.98000,0.99997,0.00000,0.00003,0.00000,0.00000
103.01000,1.98000,0.99999,0.00000,0.00001,0.00000,0.00000
103.21000,1.98000,0.99998,0.00000,0.00002,0.00000,0.00000
103.41000,1.98000,0.99998,0.00000,0.00001,0.00000,0.00000
103.61000,1.98000,0.99998,0.00000,0.00002,0.00000,0.00000
103.81000,1.98000,0.99996,0.00000,0.00004,0.00000,0.00000
104.01000,1.98000,0.99995,0.00000,0.00005,0.00000,0.00000
104.21000,1.98000,0.99995,0.00000,0.00005,0.00000,0.00000
104.41000,1.98000,0.99996,0.00000,0.00004,0.00000,0.00000
104.61000,1.98000,0.99992,0.00000,0.00008,0.00000,0.00000
104.81000,1.98000,0.99995,0.00000,0.00005,0.00000,0.00000
105.01000,1.98000,0.99996,0.00000,0.00004,0.00000,0.00000
105.21000,1.98000,0.99999,0.00000,0.00001,0.00000,0.00000
105.41000,1.98000,0.99996,0.00000,0.00004,0.00000,0.00000
105.61000,1.98000,0.99998,0.00000,0.00002,0.00000,0.00000
105.81000,1.98000,0.99994,0.00000,0.00005,0.00000,0.00000
106.01000,1.98000,0.99978,0.00000,0.00019,0.00000,0.00002
106.21000,1.98000,0.98944,0.00000,0.00687,0.00001,0.00368
106.41000,1.98000,0.91710,0.00000,0.04454,0.00003,0.03834
106.61000,1.98000,0.91767,0.00000,0.04197,0.00003,0.04032
106.81000,1.98000,0.89591,0.00000,0.06396,0.00004,0.04009
107.01000,1.98000,0.99833,0.00000,0.00128,0.00000,0.00039
107.21000,1.98000,0.99923,0.00000,0.00071,0.00000,0.00005
107.41000,1.98000,0.99958,0.00000,0.00041,0.00000,0.00001
107.61000,1.98000,0.99999,0.00000,0.00001,0.00000,0.00000
107.81000,1.98000,0.99999,0.00000,0.00001,0.00000,0.00000
108.01000,1.98000,0.99999,0.00000,0.00001,0.00000,0.00000
108.21000,1.98000,0.99999,0.00000,0.00001,0.00000,0.00000
108.41000,1.98000,0.99999,0.00000,0.00001,0.00000,0.00000
108.61000,1.98000,0.99999,0.00000,0.00001,0.00000,0.00000
108.81000,1.98000,0.99999,0.00000,0.00001,0.00000,0.00000
109.01000,1.98000,0.99998,0.00000,0.00002,0.00000,0.00000
109.21000,1.98000,0.99999,0.00000,0.00001,0.00000,0.00000
109.41000,1.98000,0.99999,0.00000,0.00001,0.00000,0.00000
109.61000,1.98000,0.99999,0.00000,0.00001,0.00000,0.00000
109.81000,1.98000,0.99998,0.00000,0.00002,0.00000,0.00000
110.01000,1.98000,0.99998,0.00000,0.00002,0.00000,0.00000
110.21000,1.98000,0.99998,0.00000,0.00002,0.00000,0.00000
110.41000,1.98000,0.99998,0.00000,0.00002,0.00000,0.00000
110.61000,1.98000,0.99998,0.00000,0.00002,0.00000,0.00000
110.81000,1.98000,0.99997,0.00000,0.00003,0.00000,0.00000
111.01000,1.98000,0.99999,0.00000,0.00001,0.00000,0.00000
111.21000,1.98000,0.99997,0.00000,0.00003,0.00000,0.00000
111.41000,1.98000,0.99998,0.00000,0.00002,0.00000,0.00000
111.61000,1.98000,0.99998,0.00000,0.00001,0.00000,0.00000
111.81000,1.98000,0.99998,0.00000,0.00002,0.00000,0.00000
112.01000,1.98000,0.99997,0.00000,0.00003,0.00000,0.00000
112.21000,1.98000,0.99998,0.00000,0.00002,0.00000,0.00000
112.41000,1.98000,0.99997,0.00000,0.00003,0.00000,0.00000
112.61000,1.98000,0.99994,0.00000,0.00006,0.00000,0.00000
112.81000,1.98000,0.99998,0.00000,0.00002,0.00000,0.00000
113.01000,1.98000,0.99989,0.00000,0.00011,0.00000,0.00000
113.21000,1.98000,0.99996,0.00000,0.00004,0.00000,0.00000
113.41000,1.98000,0.99995,0.00000,0.00005,0.00000,0.00000
113.61000,1.98000,0.99996,0.00000,0.00004,0.00000,0.00000
113.81000,1.98000,0.99985,0.00000,0.00015,0.00000,0.00000
114.01000,1.98000,0.99985,0.00000,0.00015,0.00000,0.00000
114.21000,1.98000,0.99993,0.00000,0.00007,0.00000,0.00000
114.41000,1.98000,0.99990,0.00000,0.00010,0.00000,0.00000
114.61000,1.98000,0.99999,0.00000,0.00001,0.00000,0.00000
114.81000,1.98000,0.99997,0.00000,0.00003,0.00000,0.00000
115.01000,1.98000,0.99998,0.00000,0.00002,0.00000,0.00000
115.21000,1.98000,0.99999,0.00000,0.00001,0.00000,0.00000
115.41000,1.98000,0.99996,0.00000,0.00004,0.00000,0.00000
115.61000,1.98000,1.00000,0.00000,0.00000,0.00000,0.00000
115.81000,1.98000,1.00000,0.00000,0.00000,0.00000,0.00000
116.01000,1.98000,0.99980,0.00000,0.00020,0.00000,0.00000
116.21000,1.98000,0.99928,0.00000,0.00070,0.00000,0.00002
116.41000,1.98000,0.95510,0.00000,0.03861,0.00007,0.00622
116.61000,1.98000,0.88634,0.00000,0.08712,0.00015,0.02638
116.81000,1.98000,0.87758,0.00000,0.09055,0.00014,0.03171
117.01000,1.98000,0.99620,0.00000,0.00271,0.00000,0.00109
117.21000,1.98000,0.99977,0.00000,0.00019,0.00000,0.00004
117.41000,1.98000,0.99974,0.00000,0.00025,0.00000,0.00001
117.61000,1.98000,0.99990,0.00000,0.00010,0.00000,0.00000
117.81000,1.98000,0.99995,0.00000,0.00005,0.00000,0.00000
118.01000,1.98000,0.99998,0.00000,0.00002,0.00000,0.00000
118.21000,1.98000,0.99998,0.00000,0.00002,0.00000,0.00000
118.41000,1.98000,0.99998,0.00000,0.00002,0.00000,0.00000
118.61000,1.98000,0.99998,0.00000,0.00002,0.00000,0.00000
118.81000,1.98000,0.99998,0.00000,0.00002,0.00000,0.00000
119.01000,1.98000,0.99998,0.00000,0.00002,0.00000,0.00000
119.21000,1.98000,0.99999,0.00000,0.00001,0.00000,0.00000
119.41000,1.98000,0.99998,0.00000,0.00002,0.00000,0.00000
119.61000,1.98000,0.99998,0.00000,0.00002,0.00000,0.00000
119.81000,1.98000,0.99997,0.00000,0.00003,0.00000,0.00000
120.01000,1.98000,0.99997,0.00000,0.00003,0.00000,0.00000
120.21000,1.98000,0.99998,0.00000,0.00002,0.00000,0.00000
120.41000,1.98000,0.99996,0.00000,0.00004,0.00000,0.00000
120.61000,1.98000,0.99994,0.00000,0.00005,0.00000,0.00000
120.81000,1.98000,0.99997,0.00000,0.00003,0.00000,0.00000
121.01000,1.98000,0.99995,0.00000,0.00005,0.00000,0.00000
121.21000,1.98000,0.99999,0.00000,0.00001,0.00000,0.00000
121.41000,1.98000,0.99995,0.00000,0.00005,0.00000,0.00000
121.61000,1.98000,0.99994,0.00000,0.00006,0.00000,0.00000
121.81000,1.98000,0.99981,0.00000,0.00019,0.00000,0.00000
122.01000,1.98000,0.99986,0.00000,0.00013,0.00000,0.00000
122.21000,1.98000,0.99993,0.00000,0.00007,0.00000,0.00000
122.41000,1.98000,0.99990,0.00000,0.00010,0.00000,0.00000
122.61000,1.98000,0.99988,0.00000,0.00012,0.00000,0.00000
122.81000,1.98000,0.99996,0.00000,0.00004,0.00000,0.00000
123.01000,1.98000,0.99998,0.00000,0.00002,0.00000,0.00000
123.21000,1.98000,0.99999,0.00000,0.00001,0.00000,0.00000
123.41000,1.98000,0.99999,0.00000,0.00001,0.00000,0.00000
123.61000,1.98000,0.99947,0.00000,0.00052,0.00001,0.00000
123.81000,1.98000,0.98472,0.00001,0.01440,0.00046,0.00041
124.01000,1.98000,0.95830,0.00002,0.03887,0.00142,0.00140
124.21000,1.98000,0.92265,0.00002,0.07221,0.00224,0.00288
124.41000,1.98000,0.95556,0.00002,0.04067,0.00137,0.00238
124.61000,1.98000,0.95462,0.00002,0.04164,0.00143,0.00228
124.81000,1.98000,0.99974,0.00000,0.00025,0.00000,0.00001
125.01000,1.98000,0.99968,0.00000,0.00032,0.00000,0.00000
125.21000,1.98000,0.99977,0.00000,0.00022,0.00000,0.00000
125.41000,1.98000,0.99999,0.00000,0.00001,0.00000,0.00000
125.61000,1.98000,0.99998,0.00000,0.00002,0.00000,0.00000
125.81000,1.98000,0.99996,0.00000,0.00004,0.00000,0.00000
126.01000,1.98000,0.99998,0.00000,0.00002,0.00000,0.00000
126.21000,1.98000,0.99994,0.00000,0.00006,0.00000,0.00000
126.41000,1.98000,0.99993,0.00000,0.00007,0.00000,0.00000
126.61000,1.98000,0.99985,0.00000,0.00015,0.00000,0.00000
126.81000,1.98000,0.99990,0.00000,0.00010,0.00000,0.00000
127.01000,1.98000,0.99988,0.00000,0.00012,0.00000,0.00000
127.21000,1.98000,0.99992,0.00000,0.00008,0.00000,0.00000
127.41000,1.98000,0.99999,0.00000,0.00001,0.00000,0.00000
127.61000,1.98000,0.99998,0.00000,0.00002,0.00000,0.00000
127.81000,1.98000,0.99996,0.00000,0.00004,0.00000,0.00000
128.00999,1.98001,0.99996,0.00000,0.00004,0.00000,0.00000
128.21001,1.98000,0.99995,0.00000,0.00005,0.00000,0.00000
128.41000,1.98000,0.99995,0.00000,0.00005,0.00000,0.00000
128.61000,1.98000,0.99988,0.00000,0.00012,0.00000,0.00000
128.81000,1.98000,0.99984,0.00000,0.00015,0.00000,0.00000
129.00999,1.98001,0.99989,0.00000,0.00011,0.00000,0.00000
129.21001,1.98000,0.99989,0.00000,0.00011,0.00000,0.00000
129.41000,1.98000,0.99995,0.00000,0.00005,0.00000,0.00000
129.61000,1.98000,0.99991,0.00000,0.00009,0.00000,0.00000
129.81000,1.98000,0.99969,0.00000,0.00030,0.00000,0.00000
130.00999,1.98001,0.99996,0.00000,0.00004,0.00000,0.00000
130.21001,1.98000,0.99993,0.00000,0.00007,0.00000,0.00000
130.41000,1.98000,0.99991,0.00000,0.00009,0.00000,0.00000
130.61000,1.98000,0.93063,0.00001,0.06808,0.00012,0.00118
130.81000,1.98000,0.73910,0.00003,0.25296,0.00064,0.00727
131.00999,1.98001,0.67636,0.00004,0.31371,0.00087,0.00902
131.21001,1.98000,0.80579,0.00004,0.18776,0.00079,0.00563
131.41000,1.98000,0.97465,0.00000,0.02469,0.00008,0.00058
131.61000,1.98000,0.99954,0.00000,0.00045,0.00000,0.00000
131.81000,1.98000,0.99926,0.00000,0.00074,0.00000,0.00000
132.00999,1.98001,0.99973,0.00000,0.00027,0.00000,0.00000
132.21001,1.98000,0.99999,0.00000,0.00001,0.00000,0.00000
132.41000,1.98000,0.99999,0.00000,0.00001,0.00000,0.00000
132.61000,1.98000,0.99999,0.00000,0.00001,0.00000,0.00000
132.81000,1.98000,0.99999,0.00000,0.00001,0.00000,0.00000
133.00999,1.98001,0.99999,0.00000,0.00001,0.00000,0.00000
133.21001,1.98000,0.99999,0.00000,0.00001,0.00000,0.00000
133.41000,1.98000,0.99999,0.00000,0.00001,0.00000,0.00000
133.61000,1.98000,0.99999,0.00000,0.00001,0.00000,0.00000
133.81000,1.98000,0.99999,0.00000,0.00001,0.00000,0.00000
134.00999,1.98001,0.99999,0.00000,0.00001,0.00000,0.00000
134.21001,1.98000,0.99997,0.00000,0.00003,0.00000,0.00000
134.41000,1.98000,0.99996,0.00000,0.00004,0.00000,0.00000
134.61000,1.98000,0.99991,0.00000,0.00009,0.00000,0.00000
134.81000,1.98000,0.99985,0.00000,0.00015,0.00000,0.00000
135.00999,1.98001,0.99970,0.00000,0.00030,0.00000,0.00000
135.21001,1.98000,0.99991,0.00000,0.00009,0.00000,0.00000
