Time (seconds), Duration (seconds),pred_(unlabeled),pred_empty_box,pred_table
0.00250,0.49500,0.03800,0.96121,0.00079
0.10250,0.49500,0.01663,0.98282,0.00056
0.20250,0.49500,0.02318,0.96594,0.01088
0.30250,0.49500,0.01661,0.98231,0.00107
0.40250,0.49500,0.01456,0.97112,0.01432
0.50250,0.49500,0.02527,0.97322,0.00152
0.60250,0.49500,0.02255,0.97571,0.00174
0.70250,0.49500,0.02756,0.96652,0.00592
0.80250,0.49500,0.02352,0.96872,0.00776
0.90250,0.49500,0.00796,0.98641,0.00563
1.00250,0.49500,0.00824,0.96897,0.02279
1.10250,0.49500,0.00595,0.95733,0.03672
1.20250,0.49500,0.02269,0.91857,0.05875
1.30250,0.49500,0.02265,0.88634,0.09101
1.40250,0.49500,0.04722,0.92220,0.03059
1.50250,0.49500,0.04830,0.90689,0.04481
1.60250,0.49500,0.04917,0.94143,0.00940
1.70250,0.49500,0.03871,0.95844,0.00285
1.80250,0.49500,0.02748,0.96435,0.00817
1.90250,0.49500,0.03909,0.95833,0.00258
2.00250,0.49500,0.04980,0.93091,0.01930
2.10250,0.49500,0.09758,0.86934,0.03308
2.20250,0.49500,0.05726,0.82670,0.11604
2.30250,0.49500,0.14176,0.68211,0.17614
2.40250,0.49500,0.09742,0.70970,0.19288
2.50250,0.49500,0.04708,0.90033,0.05259
2.60250,0.49500,0.07091,0.85738,0.07171
2.70250,0.49500,0.03025,0.96137,0.00839
2.80250,0.49500,0.02173,0.96908,0.00919
2.90250,0.49500,0.01848,0.95798,0.02354
3.00250,0.49500,0.02401,0.95980,0.01618
3.10250,0.49500,0.03073,0.95464,0.01463
3.20250,0.49500,0.04144,0.95195,0.00661
3.30250,0.49500,0.03813,0.95989,0.00198
3.40250,0.49500,0.01854,0.97878,0.00267
3.50250,0.49500,0.00783,0.99182,0.00035
3.60250,0.49500,0.00665,0.99286,0.00049
3.70250,0.49500,0.01561,0.98182,0.00257
3.80250,0.49500,0.05688,0.92987,0.01325
3.90250,0.49500,0.20077,0.77946,0.01978
4.00250,0.49500,0.14808,0.84895,0.00297
4.10250,0.49500,0.10029,0.88938,0.01033
4.20250,0.49500,0.06024,0.93878,0.00098
4.30250,0.49500,0.08195,0.91069,0.00737
4.40250,0.49500,0.08412,0.87864,0.03723
4.50250,0.49500,0.17713,0.66954,0.15333
4.60250,0.49500,0.10532,0.82111,0.07357
4.70250,0.49500,0.13660,0.81460,0.04880
4.80250,0.49500,0.08479,0.91079,0.00442
4.90250,0.49500,0.02734,0.97146,0.00121
5.00250,0.49500,0.01649,0.98268,0.00083
5.10250,0.49500,0.00993,0.98552,0.00455
5.20250,0.49500,0.03529,0.96406,0.00066
5.30250,0.49500,0.01663,0.98182,0.00155
5.40250,0.49500,0.01811,0.98061,0.00128
5.50250,0.49500,0.00715,0.99199,0.00086
5.60250,0.49500,0.01291,0.98331,0.00378
5.70250,0.49500,0.02170,0.97532,0.00298
5.80250,0.49500,0.03287,0.95283,0.01430
5.90250,0.49500,0.08048,0.80467,0.11485
6.00250,0.49500,0.12396,0.82558,0.05046
6.10250,0.49500,0.11076,0.87796,0.01128
6.20250,0.49500,0.06565,0.90255,0.03180
6.30250,0.49500,0.03946,0.94842,0.01213
6.40250,0.49500,0.03955,0.95901,0.00144
6.50250,0.49500,0.08468,0.91139,0.00393
6.60250,0.49500,0.06889,0.89407,0.03704
6.70250,0.49500,0.06318,0.93097,0.00585
6.80250,0.49500,0.09820,0.84310,0.05870
6.90250,0.49500,0.12406,0.76560,0.11034
7.00250,0.49500,0.12547,0.84877,0.02576
7.10250,0.49500,0.20243,0.78742,0.01016
7.20250,0.49500,0.16818,0.80113,0.03069
7.30250,0.49500,0.13408,0.79904,0.06688
7.40250,0.49500,0.13951,0.85505,0.00544
7.50250,0.49500,0.05238,0.94474,0.00288
7.60250,0.49500,0.03353,0.96051,0.00596
7.70250,0.49500,0.00906,0.98973,0.00121
7.80250,0.49500,0.01092,0.98762,0.00146
7.90250,0.49500,0.01054,0.97932,0.01014
8.00250,0.49500,0.01254,0.96355,0.02390
8.10250,0.49500,0.01865,0.97655,0.00480
8.20250,0.49500,0.01295,0.98302,0.00403
8.30250,0.49500,0.00791,0.97370,0.01839
8.40250,0.49500,0.03336,0.88945,0.07719
8.50250,0.49500,0.06205,0.59788,0.34007
8.60250,0.49500,0.21906,0.57352,0.20742
8.70250,0.49500,0.10415,0.50596,0.38989
8.80250,0.49500,0.18951,0.58975,0.22073
8.90250,0.49500,0.10187,0.87663,0.02150
9.00250,0.49500,0.07335,0.92268,0.00396
9.10250,0.49500,0.27104,0.72266,0.00630
9.20250,0.49500,0.36305,0.63693,0.00002
9.30250,0.49500,0.68059,0.31940,0.00001
9.40250,0.49500,0.85774,0.14226,0.00000
9.50250,0.49500,0.71702,0.28298,0.00000
9.60250,0.49500,0.98251,0.01731,0.00019
9.70250,0.49500,0.98743,0.01257,0.00000
9.80250,0.49500,1.00000,0.00000,0.00000
9.90250,0.49500,1.00000,0.00000,0.00000
10.00250,0.49500,0.99993,0.00007,0.00000
10.10250,0.49500,0.99945,0.00055,0.00000
10.20250,0.49500,1.00000,0.00000,0.00000
10.30250,0.49500,0.99985,0.00015,0.00000
10.40250,0.49500,1.00000,0.00000,0.00000
10.50250,0.49500,1.00000,0.00000,0.00000
10.60250,0.49500,0.98167,0.01833,0.00000
10.70250,0.49500,0.99119,0.00881,0.00000
10.80250,0.49500,0.99995,0.00005,0.00000
10.90250,0.49500,0.99874,0.00126,0.00000
11.00250,0.49500,0.99919,0.00081,0.00000
11.10250,0.49500,0.98515,0.01482,0.00002
11.20250,0.49500,0.98370,0.01544,0.00086
11.30250,0.49500,0.66079,0.33920,0.00001
11.40250,0.49500,0.81299,0.18701,0.00001
11.50250,0.49500,0.99303,0.00684,0.00013
11.60250,0.49500,0.99995,0.00005,0.00000
11.70250,0.49500,0.99853,0.00145,0.00002
11.80250,0.49500,0.94928,0.04479,0.00593
11.90250,0.49500,0.95562,0.04294,0.00143
12.00250,0.49500,0.87439,0.08369,0.04192
12.10250,0.49500,0.94467,0.05255,0.00279
12.20250,0.49500,0.90130,0.09103,0.00767
12.30250,0.49500,0.76844,0.23155,0.00000
12.40250,0.49500,0.99915,0.00078,0.00008
12.50250,0.49500,0.99615,0.00385,0.00000
12.60250,0.49500,0.99786,0.00214,0.00000
12.70250,0.49500,0.80689,0.19311,0.00000
12.80250,0.49500,0.76165,0.23835,0.00000
12.90250,0.49500,0.33720,0.66280,0.00000
13.00250,0.49500,0.72554,0.27446,0.00000
13.10250,0.49500,0.20441,0.79559,0.00000
13.20250,0.49500,0.33955,0.66045,0.00000
13.30250,0.49500,0.30691,0.69309,0.00000
13.40250,0.49500,0.42366,0.57634,0.00000
13.50250,0.49500,0.94068,0.05932,0.00000
13.60250,0.49500,0.98637,0.01363,0.00000
13.70250,0.49500,0.10885,0.89115,0.00000
13.80250,0.49500,0.11219,0.88781,0.00000
13.90250,0.49500,0.08445,0.91555,0.00000
14.00250,0.49500,0.04215,0.95785,0.00000
14.10250,0.49500,0.41794,0.58206,0.00000
14.20250,0.49500,0.11160,0.88840,0.00000
14.30250,0.49500,0.15247,0.84753,0.00000
14.40250,0.49500,0.25141,0.74859,0.00000
14.50250,0.49500,0.12989,0.87011,0.00000
14.60250,0.49500,0.13360,0.86640,0.00000
14.70250,0.49500,0.15223,0.84777,0.00000
14.80250,0.49500,0.11484,0.88516,0.00000
14.90250,0.49500,0.28808,0.71192,0.00000
15.00250,0.49500,0.24815,0.75185,0.00000
15.10250,0.49500,0.15699,0.84301,0.00000
15.20250,0.49500,0.11867,0.88133,0.00000
15.30250,0.49500,0.10884,0.89116,0.00000
15.40250,0.49500,0.14828,0.85172,0.00000
15.50250,0.49500,0.23608,0.76392,0.00000
15.60250,0.49500,0.20600,0.79400,0.00000
15.70250,0.49500,0.15505,0.84495,0.00000
15.80250,0.49500,0.13834,0.86166,0.00000
15.90250,0.49500,0.25618,0.74382,0.00000
16.00250,0.49500,0.12717,0.87283,0.00000
16.10250,0.49500,0.21342,0.78658,0.00000
16.20250,0.49500,0.15048,0.84952,0.00000
16.30250,0.49500,0.17671,0.82329,0.00000
16.40250,0.49500,0.13739,0.86261,0.00000
16.50250,0.49500,0.18181,0.81819,0.00000
16.60250,0.49500,0.18050,0.81950,0.00000
16.70250,0.49500,0.15017,0.84983,0.00000
16.80250,0.49500,0.17037,0.82963,0.00000
16.90250,0.49500,0.20503,0.79497,0.00000
17.00250,0.49500,0.12681,0.87319,0.00000
17.10250,0.49500,0.24189,0.75811,0.00000
17.20250,0.49500,0.18655,0.81345,0.00000
17.30250,0.49500,0.18830,0.81170,0.00000
17.40250,0.49500,0.17146,0.82854,0.00000
17.50250,0.49500,0.15902,0.84098,0.00000
17.60250,0.49500,0.17951,0.82049,0.00000
17.70250,0.49500,0.21549,0.78451,0.00000
17.80250,0.49500,0.17748,0.82252,0.00000
17.90250,0.49500,0.24073,0.75927,0.00000
18.00250,0.49500,0.22430,0.77570,0.00000
18.10250,0.49500,0.22129,0.77871,0.00000
18.20250,0.49500,0.25460,0.74540,0.00000
18.30250,0.49500,0.30154,0.69846,0.00000
18.40250,0.49500,0.25733,0.74267,0.00000
18.50250,0.49500,0.21250,0.78750,0.00000
18.60250,0.49500,0.16338,0.83662,0.00000
18.70250,0.49500,0.13067,0.86933,0.00000
18.80250,0.49500,0.14881,0.85119,0.00000
18.90250,0.49500,0.18534,0.81466,0.00000
19.00250,0.49500,0.17857,0.82143,0.00000
19.10250,0.49500,0.21499,0.78501,0.00000
19.20250,0.49500,0.17727,0.82273,0.00000
19.30250,0.49500,0.20634,0.79366,0.00000
19.40250,0.49500,0.30621,0.69379,0.00000
19.50250,0.49500,0.23558,0.76442,0.00000
19.60250,0.49500,0.24001,0.75999,0.00000
19.70250,0.49500,0.19808,0.80192,0.00000
19.80250,0.49500,0.27168,0.72832,0.00000
19.90250,0.49500,0.25114,0.74886,0.00000
20.00250,0.49500,0.22167,0.77833,0.00000
20.10250,0.49500,0.24985,0.75015,0.00000
20.20250,0.49500,0.22867,0.77133,0.00001
20.30250,0.49500,0.20829,0.79171,0.00000
20.40250,0.49500,0.19046,0.80954,0.00000
20.50250,0.49500,0.19463,0.80537,0.00000
20.60250,0.49500,0.22041,0.77959,0.00000
20.70250,0.49500,0.08219,0.91781,0.00000
20.80250,0.49500,0.11751,0.88249,0.00000
20.90250,0.49500,0.11412,0.88587,0.00000
21.00250,0.49500,0.12128,0.87872,0.00000
21.10250,0.49500,0.11538,0.88462,0.00000
21.20250,0.49500,0.19328,0.80672,0.00000
21.30250,0.49500,0.15024,0.84975,0.00000
21.40250,0.49500,0.08009,0.91991,0.00000
21.50250,0.49500,0.16372,0.83628,0.00000
21.60250,0.49500,0.09968,0.90032,0.00000
21.70250,0.49500,0.12412,0.87588,0.00000
21.80250,0.49500,0.24293,0.75707,0.00000
21.90250,0.49500,0.38666,0.61334,0.00000
22.00250,0.49500,0.26748,0.73252,0.00000
22.10250,0.49500,0.33457,0.66543,0.00000
22.20250,0.49500,0.28569,0.71431,0.00000
22.30250,0.49500,0.32476,0.67524,0.00000
22.40250,0.49500,0.51487,0.48513,0.00000
22.50250,0.49500,0.26050,0.73950,0.00000
22.60250,0.49500,0.14469,0.85531,0.00000
22.70250,0.49500,0.14673,0.85327,0.00000
22.80250,0.49500,0.11499,0.88501,0.00000
22.90250,0.49500,0.35273,0.64727,0.00000
23.00250,0.49500,0.19547,0.80453,0.00000
23.10250,0.49500,0.06996,0.93004,0.00000
23.20250,0.49500,0.05234,0.94763,0.00002
23.30250,0.49500,0.07928,0.92072,0.00000
23.40250,0.49500,0.20219,0.79780,0.00001
23.50250,0.49500,0.15288,0.84708,0.00004
23.60250,0.49500,0.22660,0.77340,0.00000
23.70250,0.49500,0.15820,0.84180,0.00000
23.80250,0.49500,0.02237,0.97763,0.00000
23.90250,0.49500,0.03291,0.96705,0.00004
24.00250,0.49500,0.04336,0.95661,0.00003
24.10250,0.49500,0.03793,0.96203,0.00004
24.20250,0.49500,0.01203,0.98794,0.00003
24.30250,0.49500,0.05141,0.94856,0.00003
24.40250,0.49500,0.06970,0.93030,0.00001
24.50250,0.49500,0.18823,0.81177,0.00000
24.60250,0.49500,0.17131,0.82867,0.00002
24.70250,0.49500,0.22262,0.77737,0.00000
24.80250,0.49500,0.07051,0.92949,0.00000
24.90250,0.49500,0.20350,0.79649,0.00000
25.00250,0.49500,0.21838,0.78162,0.00000
25.10250,0.49500,0.17091,0.82909,0.00000
25.20250,0.49500,0.16740,0.83260,0.00000
25.30250,0.49500,0.10608,0.89392,0.00000
25.40250,0.49500,0.12831,0.87168,0.00000
25.50250,0.49500,0.10535,0.89465,0.00000
25.60250,0.49500,0.25970,0.74030,0.00000
25.70250,0.49500,0.23813,0.76187,0.00000
25.80250,0.49500,0.31690,0.68310,0.00000
25.90250,0.49500,0.33599,0.66401,0.00000
26.00250,0.49500,0.44032,0.55968,0.00000
26.10250,0.49500,0.48898,0.51102,0.00000
26.20250,0.49500,0.50298,0.49702,0.00000
26.30250,0.49500,0.87463,0.12537,0.00000
26.40250,0.49500,0.78430,0.21570,0.00000
26.50250,0.49500,0.99639,0.00361,0.00000
26.60250,0.49500,0.99981,0.00019,0.00000
26.70250,0.49500,0.99042,0.00958,0.00000
26.80250,0.49500,1.00000,0.00000,0.00000
26.90250,0.49500,1.00000,0.00000,0.00000
27.00250,0.49500,0.99989,0.00010,0.00001
27.10250,0.49500,0.99977,0.00023,0.00000
27.20250,0.49500,0.99983,0.00017,0.00000
27.30250,0.49500,0.99729,0.00271,0.00000
27.40250,0.49500,0.99526,0.00471,0.00003
27.50250,0.49500,0.98380,0.01618,0.00001
27.60250,0.49500,0.92540,0.07361,0.00099
27.70250,0.49500,0.86763,0.13204,0.00033
27.80250,0.49500,0.82164,0.17636,0.00200
27.90250,0.49500,0.79267,0.20445,0.00289
28.00250,0.49500,0.78568,0.21427,0.00004
28.10250,0.49500,0.82581,0.15133,0.02287
28.20250,0.49500,0.72663,0.15689,0.11648
28.30250,0.49500,0.48974,0.25772,0.25254
28.40250,0.49500,0.47023,0.52152,0.00825
28.50250,0.49500,0.32897,0.66371,0.00733
28.60250,0.49500,0.31959,0.67995,0.00046
28.70250,0.49500,0.27922,0.72023,0.00055
28.80250,0.49500,0.35836,0.64091,0.00073
28.90250,0.49500,0.39867,0.59776,0.00357
29.00250,0.49500,0.67074,0.32717,0.00209
29.10250,0.49500,0.39527,0.59432,0.01041
29.20250,0.49500,0.52150,0.47106,0.00744
29.30250,0.49500,0.33213,0.66675,0.00112
29.40250,0.49500,0.48692,0.51151,0.00157
29.50250,0.49500,0.48616,0.50033,0.01352
29.60250,0.49500,0.23685,0.75146,0.01170
29.70250,0.49500,0.36707,0.63181,0.00112
29.80250,0.49500,0.31393,0.68421,0.00187
29.90250,0.49500,0.14401,0.84953,0.00647
30.00250,0.49500,0.25082,0.68328,0.06590
30.10250,0.49500,0.15603,0.57030,0.27366
30.20250,0.49500,0.20083,0.60476,0.19440
30.30250,0.49500,0.25534,0.64605,0.09861
30.40250,0.49500,0.28099,0.59657,0.12244
30.50250,0.49500,0.17717,0.50347,0.31936
30.60250,0.49500,0.07794,0.16767,0.75439
30.70250,0.49500,0.10622,0.28784,0.60594
30.80250,0.49500,0.09133,0.76869,0.13998
30.90250,0.49500,0.30571,0.52887,0.16543
31.00250,0.49500,0.14817,0.76303,0.08880
31.10250,0.49500,0.07450,0.81769,0.10781
31.20250,0.49500,0.10476,0.75660,0.13864
31.30250,0.49500,0.12815,0.80779,0.06406
31.40250,0.49500,0.15380,0.76787,0.07833
31.50250,0.49500,0.27950,0.63868,0.08182
31.60250,0.49500,0.18248,0.69039,0.12712
31.70250,0.49500,0.30440,0.60234,0.09326
31.80250,0.49500,0.32856,0.64921,0.02224
31.90250,0.49500,0.15374,0.83121,0.01505
32.00250,0.49500,0.14294,0.83519,0.02187
32.10250,0.49500,0.06538,0.82792,0.10670
32.20250,0.49500,0.09899,0.74885,0.15216
32.30250,0.49500,0.10880,0.55699,0.33421
32.40250,0.49500,0.22358,0.51640,0.26001
32.50250,0.49500,0.16765,0.39000,0.44234
32.60250,0.49500,0.10256,0.60816,0.28928
32.70250,0.49500,0.05291,0.33102,0.61607
32.80250,0.49500,0.04406,0.34699,0.60895
32.90250,0.49500,0.05460,0.37740,0.56800
33.00250,0.49500,0.03468,0.40925,0.55607
33.10250,0.49500,0.07777,0.56614,0.35609
33.20250,0.49500,0.04834,0.48155,0.47011
33.30250,0.49500,0.09659,0.34151,0.56189
33.40250,0.49500,0.10370,0.45282,0.44348
33.50250,0.49500,0.15942,0.50315,0.33743
33.60250,0.49500,0.04193,0.82440,0.13367
33.70250,0.49500,0.05016,0.87843,0.07140
33.80250,0.49500,0.03830,0.80735,0.15434
33.90250,0.49500,0.06364,0.69455,0.24181
34.00250,0.49500,0.06298,0.74984,0.18718
34.10250,0.49500,0.06689,0.74004,0.19308
34.20250,0.49500,0.05466,0.86583,0.07950
34.30250,0.49500,0.04715,0.90001,0.05284
34.40250,0.49500,0.06276,0.88197,0.05527
34.50250,0.49500,0.04599,0.81316,0.14085
34.60250,0.49500,0.09525,0.79576,0.10900
34.70250,0.49500,0.06531,0.74929,0.18540
34.80250,0.49500,0.03810,0.81163,0.15026
34.90250,0.49500,0.04459,0.90215,0.05326
35.00250,0.49500,0.07400,0.76497,0.16103
35.10250,0.49500,0.04800,0.83733,0.11467
35.20250,0.49500,0.05826,0.79699,0.14475
35.30250,0.49500,0.08091,0.77839,0.14069
35.40250,0.49500,0.10632,0.71360,0.18008
35.50250,0.49500,0.10329,0.82072,0.07599
35.60250,0.49500,0.15952,0.79602,0.04446
35.70250,0.49500,0.13098,0.76481,0.10421
35.80250,0.49500,0.08722,0.77931,0.13347
35.90250,0.49500,0.06325,0.71479,0.22196
36.00250,0.49500,0.07443,0.82367,0.10190
36.10250,0.49500,0.04974,0.94766,0.00260
36.20250,0.49500,0.04798,0.95124,0.00078
36.30250,0.49500,0.10534,0.89359,0.00107
36.40250,0.49500,0.03756,0.96094,0.00150
36.50250,0.49500,0.08841,0.90633,0.00526
36.60250,0.49500,0.33696,0.59668,0.06636
36.70250,0.49500,0.22325,0.58450,0.19224
36.80250,0.49500,0.20293,0.78506,0.01201
36.90250,0.49500,0.10364,0.88670,0.00966
37.00250,0.49500,0.29710,0.69070,0.01220
37.10250,0.49500,0.45912,0.48115,0.05973
37.20250,0.49500,0.16258,0.41730,0.42012
37.30250,0.49500,0.19648,0.56709,0.23643
37.40250,0.49500,0.12400,0.64140,0.23459
37.50250,0.49500,0.10050,0.63912,0.26038
37.60250,0.49500,0.11509,0.80086,0.08405
37.70250,0.49500,0.26927,0.69799,0.03274
37.80250,0.49500,0.35536,0.48344,0.16120
37.90250,0.49500,0.24669,0.74334,0.00997
38.00250,0.49500,0.38862,0.60819,0.00319
38.10250,0.49500,0.25716,0.73618,0.00666
38.20250,0.49500,0.35617,0.64000,0.00384
38.30250,0.49500,0.06439,0.93180,0.00381
38.40250,0.49500,0.24941,0.73677,0.01382
38.50250,0.49500,0.07845,0.91534,0.00621
38.60250,0.49500,0.13079,0.86140,0.00781
38.70250,0.49500,0.38280,0.61323,0.00397
38.80250,0.49500,0.06172,0.93423,0.00405
38.90250,0.49500,0.15235,0.81482,0.03282
39.00250,0.49500,0.29352,0.70068,0.00580
39.10250,0.49500,0.27204,0.72384,0.00412
39.20250,0.49500,0.35043,0.64050,0.00906
39.30250,0.49500,0.24871,0.74427,0.00701
39.40250,0.49500,0.35428,0.62430,0.02142
39.50250,0.49500,0.65762,0.28609,0.05630
39.60250,0.49500,0.58310,0.24048,0.17642
39.70250,0.49500,0.70723,0.28951,0.00326
39.80250,0.49500,0.93083,0.06814,0.00103
39.90250,0.49500,0.87151,0.12841,0.00008
40.00250,0.49500,0.70212,0.29786,0.00002
40.10250,0.49500,0.93530,0.06469,0.00000
40.20250,0.49500,0.96020,0.03980,0.00000
40.30250,0.49500,0.48552,0.51448,0.00000
40.40250,0.49500,0.69197,0.30803,0.00000
40.50250,0.49500,0.89828,0.10171,0.00000
40.60250,0.49500,0.76599,0.23401,0.00000
40.70250,0.49500,0.46285,0.53715,0.00000
40.80250,0.49500,0.44670,0.55330,0.00000
40.90250,0.49500,0.35080,0.64920,0.00000
41.00250,0.49500,0.13313,0.86687,0.00000
41.10250,0.49500,0.07470,0.92530,0.00000
41.20250,0.49500,0.03576,0.96424,0.00000
41.30250,0.49500,0.04557,0.95443,0.00000
41.40250,0.49500,0.01405,0.98595,0.00000
41.50250,0.49500,0.02355,0.97645,0.00000
41.60250,0.49500,0.07086,0.92914,0.00000
41.70250,0.49500,0.06391,0.93609,0.00000
41.80250,0.49500,0.07163,0.92837,0.00000
41.90250,0.49500,0.06043,0.93957,0.00000
42.00250,0.49500,0.12207,0.87793,0.00000
42.10250,0.49500,0.09660,0.90340,0.00000
42.20250,0.49500,0.18692,0.81308,0.00000
42.30250,0.49500,0.11674,0.88326,0.00000
42.40250,0.49500,0.12042,0.87958,0.00000
42.50250,0.49500,0.10410,0.89590,0.00000
42.60250,0.49500,0.13678,0.86322,0.00000
42.70250,0.49500,0.09942,0.90058,0.00000
42.80250,0.49500,0.11678,0.88322,0.00000
42.90250,0.49500,0.05896,0.94104,0.00000
43.00250,0.49500,0.09214,0.90786,0.00000
43.10250,0.49500,0.12731,0.87269,0.00000
43.20250,0.49500,0.10852,0.89148,0.00000
43.30250,0.49500,0.08003,0.91997,0.00000
43.40250,0.49500,0.04218,0.95782,0.00000
43.50250,0.49500,0.02365,0.97635,0.00000
43.60250,0.49500,0.02373,0.97627,0.00000
43.70250,0.49500,0.03195,0.96805,0.00000
43.80250,0.49500,0.04688,0.95312,0.00000
43.90250,0.49500,0.02183,0.97817,0.00000
44.00250,0.49500,0.02217,0.97783,0.00000
44.10250,0.49500,0.02152,0.97848,0.00000
44.20250,0.49500,0.01382,0.98618,0.00000
44.30250,0.49500,0.02250,0.97750,0.00000
44.40250,0.49500,0.02210,0.97790,0.00000
44.50250,0.49500,0.01655,0.98345,0.00000
44.60250,0.49500,0.03185,0.96815,0.00000
44.70250,0.49500,0.01773,0.98227,0.00000
44.80250,0.49500,0.02798,0.97202,0.00000
44.90250,0.49500,0.01847,0.98153,0.00000
45.00250,0.49500,0.01485,0.98515,0.00000
45.10250,0.49500,0.00617,0.99383,0.00000
45.20250,0.49500,0.01305,0.98695,0.00000
45.30250,0.49500,0.02042,0.97958,0.00000
45.40250,0.49500,0.04130,0.95870,0.00000
45.50250,0.49500,0.05506,0.94494,0.00000
45.60250,0.49500,0.04686,0.95314,0.00000
45.70250,0.49500,0.02565,0.97435,0.00000
45.80250,0.49500,0.04069,0.95931,0.00000
45.90250,0.49500,0.01628,0.98372,0.00000
46.00250,0.49500,0.02853,0.97147,0.00000
46.10250,0.49500,0.01406,0.98594,0.00000
46.20250,0.49500,0.02218,0.97782,0.00000
46.30250,0.49500,0.01737,0.98263,0.00000
46.40250,0.49500,0.01364,0.98636,0.00000
46.50250,0.49500,0.02041,0.97959,0.00000
46.60250,0.49500,0.00539,0.99461,0.00000
46.70250,0.49500,0.00429,0.99571,0.00000
46.80250,0.49500,0.00387,0.99613,0.00000
46.90250,0.49500,0.00593,0.99407,0.00000
47.00250,0.49500,0.00597,0.99403,0.00000
47.10250,0.49500,0.00748,0.99252,0.00000
47.20250,0.49500,0.00734,0.99266,0.00000
47.30250,0.49500,0.01065,0.98935,0.00000
47.40250,0.49500,0.01807,0.98193,0.00000
47.50250,0.49500,0.01509,0.98491,0.00000
47.60250,0.49500,0.01488,0.98511,0.00000
47.70250,0.49500,0.01618,0.98382,0.00000
47.80250,0.49500,0.01265,0.98735,0.00000
47.90250,0.49500,0.01254,0.98746,0.00000
48.00250,0.49500,0.01416,0.98584,0.00000
48.10250,0.49500,0.02014,0.97986,0.00000
48.20250,0.49500,0.02629,0.97371,0.00000
48.30250,0.49500,0.02604,0.97396,0.00000
48.40250,0.49500,0.01546,0.98454,0.00000
48.50250,0.49500,0.01200,0.98800,0.00000
48.60250,0.49500,0.01138,0.98862,0.00000
48.70250,0.49500,0.01421,0.98579,0.00000
48.80250,0.49500,0.00872,0.99128,0.00000
48.90250,0.49500,0.01050,0.98950,0.00000
49.00250,0.49500,0.00652,0.99348,0.00000
49.10250,0.49500,0.00927,0.99073,0.00000
49.20250,0.49500,0.01771,0.98229,0.00000
49.30250,0.49500,0.01039,0.98961,0.00000
49.40250,0.49500,0.02557,0.97443,0.00000
49.50250,0.49500,0.00768,0.99232,0.00000
49.60250,0.49500,0.01153,0.98847,0.00000
49.70250,0.49500,0.01636,0.98364,0.00000
49.80250,0.49500,0.01031,0.98969,0.00000
49.90250,0.49500,0.01924,0.98076,0.00000
50.00250,0.49500,0.01721,0.98279,0.00000
50.10250,0.49500,0.01865,0.98135,0.00000
50.20250,0.49500,0.01215,0.98785,0.00000
50.30250,0.49500,0.02054,0.97946,0.00000
50.40250,0.49500,0.01382,0.98618,0.00000
50.50250,0.49500,0.02662,0.97338,0.00000
50.60250,0.49500,0.02035,0.97965,0.00000
50.70250,0.49500,0.02935,0.97065,0.00000
50.80250,0.49500,0.02045,0.97955,0.00000
50.90250,0.49500,0.04499,0.95501,0.00000
51.00250,0.49500,0.01549,0.98451,0.00000
51.10250,0.49500,0.03951,0.96049,0.00000
51.20250,0.49500,0.03095,0.96905,0.00000
51.30250,0.49500,0.02998,0.97002,0.00000
51.40250,0.49500,0.02642,0.97358,0.00000
51.50250,0.49500,0.02259,0.97741,0.00000
51.60250,0.49500,0.00939,0.99061,0.00000
51.70250,0.49500,0.00537,0.99463,0.00000
51.80250,0.49500,0.01400,0.98600,0.00000
51.90250,0.49500,0.02695,0.97305,0.00000
52.00250,0.49500,0.02398,0.97602,0.00000
52.10250,0.49500,0.04390,0.95610,0.00000
52.20250,0.49500,0.07008,0.92992,0.00000
52.30250,0.49500,0.07676,0.92324,0.00000
52.40250,0.49500,0.08834,0.91166,0.00000
52.50250,0.49500,0.06616,0.93384,0.00000
52.60250,0.49500,0.01782,0.98218,0.00000
52.70250,0.49500,0.00751,0.99249,0.00000
52.80250,0.49500,0.00459,0.99541,0.00000
52.90250,0.49500,0.00822,0.99178,0.00000
53.00250,0.49500,0.00663,0.99337,0.00000
53.10250,0.49500,0.00522,0.99478,0.00000
53.20250,0.49500,0.00505,0.99495,0.00000
53.30250,0.49500,0.00497,0.99503,0.00000
53.40250,0.49500,0.00745,0.99254,0.00000
53.50250,0.49500,0.02839,0.97161,0.00000
53.60250,0.49500,0.05690,0.94310,0.00000
53.70250,0.49500,0.03364,0.96636,0.00000
53.80250,0.49500,0.01688,0.98312,0.00000
53.90250,0.49500,0.00428,0.99572,0.00000
54.00250,0.49500,0.00185,0.99815,0.00000
54.10250,0.49500,0.00192,0.99808,0.00000
54.20250,0.49500,0.00240,0.99760,0.00000
54.30250,0.49500,0.00365,0.99635,0.00000
54.40250,0.49500,0.00823,0.99177,0.00000
54.50250,0.49500,0.00374,0.99626,0.00000
54.60250,0.49500,0.00996,0.99003,0.00000
54.70250,0.49500,0.00544,0.99456,0.00000
54.80250,0.49500,0.00503,0.99497,0.00000
54.90250,0.49500,0.00591,0.99409,0.00000
55.00250,0.49500,0.00393,0.99607,0.00000
55.10250,0.49500,0.00238,0.99762,0.00000
55.20250,0.49500,0.00614,0.99386,0.00000
55.30250,0.49500,0.00797,0.99203,0.00000
55.40250,0.49500,0.00917,0.99083,0.00000
55.50250,0.49500,0.01634,0.98366,0.00000
55.60250,0.49500,0.01425,0.98575,0.00000
55.70250,0.49500,0.02341,0.97658,0.00001
55.80250,0.49500,0.03099,0.96900,0.00000
55.90250,0.49500,0.02439,0.97560,0.00001
56.00250,0.49500,0.00944,0.99056,0.00000
56.10250,0.49500,0.00558,0.99442,0.00000
56.20250,0.49500,0.00230,0.99770,0.00000
56.30250,0.49500,0.00292,0.99708,0.00000
56.40250,0.49500,0.00502,0.99498,0.00000
56.50250,0.49500,0.00625,0.99375,0.00000
56.60250,0.49500,0.00581,0.99419,0.00000
56.70250,0.49500,0.00537,0.99463,0.00000
56.80250,0.49500,0.00377,0.99623,0.00000
56.90250,0.49500,0.00257,0.99743,0.00000
57.00250,0.49500,0.00198,0.99802,0.00000
57.10250,0.49500,0.00250,0.99750,0.00000
57.20250,0.49500,0.00240,0.99760,0.00000
57.30250,0.49500,0.00380,0.99620,0.00000
57.40250,0.49500,0.00373,0.99627,0.00000
57.50250,0.49500,0.00350,0.99650,0.00000
57.60250,0.49500,0.00337,0.99663,0.00000
57.70250,0.49500,0.00310,0.99690,0.00000
57.80250,0.49500,0.00281,0.99719,0.00000
57.90250,0.49500,0.00337,0.99663,0.00000
58.00250,0.49500,0.00438,0.99562,0.00000
58.10250,0.49500,0.00506,0.99494,0.00000
58.20250,0.49500,0.00604,0.99396,0.00000
58.30250,0.49500,0.00589,0.99411,0.00000
58.40250,0.49500,0.00465,0.99535,0.00000
58.50250,0.49500,0.00329,0.99671,0.00000
58.60250,0.49500,0.00276,0.99724,0.00000
58.70250,0.49500,0.00260,0.99740,0.00000
58.80250,0.49500,0.00249,0.99751,0.00000
58.90250,0.49500,0.00183,0.99817,0.00000
59.00250,0.49500,0.00118,0.99882,0.00000
59.10250,0.49500,0.00118,0.99882,0.00000
59.20250,0.49500,0.00332,0.99668,0.00000
59.30250,0.49500,0.00252,0.99748,0.00000
59.40250,0.49500,0.00693,0.99307,0.00000
59.50250,0.49500,0.00466,0.99534,0.00000
59.60250,0.49500,0.00716,0.99284,0.00000
59.70250,0.49500,0.00796,0.99204,0.00000
59.80250,0.49500,0.00523,0.99477,0.00000
59.90250,0.49500,0.00390,0.99610,0.00000
60.00250,0.49500,0.00215,0.99785,0.00000
60.10250,0.49500,0.00403,0.99597,0.00000
60.20250,0.49500,0.00607,0.99393,0.00000
60.30250,0.49500,0.01052,0.98948,0.00000
60.40250,0.49500,0.00853,0.99147,0.00000
60.50250,0.49500,0.00634,0.99366,0.00000
60.60250,0.49500,0.00395,0.99604,0.00000
60.70250,0.49500,0.00611,0.99389,0.00000
60.80250,0.49500,0.00466,0.99534,0.00000
60.90250,0.49500,0.00463,0.99537,0.00000
61.00250,0.49500,0.00329,0.99671,0.00000
61.10250,0.49500,0.00358,0.99642,0.00000
61.20250,0.49500,0.00434,0.99566,0.00000
61.30250,0.49500,0.00737,0.99263,0.00000
61.40250,0.49500,0.00724,0.99276,0.00000
61.50250,0.49500,0.00806,0.99194,0.00000
61.60250,0.49500,0.00588,0.99412,0.00000
61.70250,0.49500,0.00612,0.99388,0.00000
61.80250,0.49500,0.00599,0.99401,0.00000
61.90250,0.49500,0.00705,0.99295,0.00000
62.00250,0.49500,0.00612,0.99388,0.00000
62.10250,0.49500,0.01141,0.98859,0.00000
62.20250,0.49500,0.01343,0.98657,0.00000
62.30250,0.49500,0.01583,0.98417,0.00000
62.40250,0.49500,0.01714,0.98286,0.00000
62.50250,0.49500,0.01434,0.98566,0.00000
62.60250,0.49500,0.01984,0.98016,0.00000
62.70250,0.49500,0.02016,0.97984,0.00000
62.80250,0.49500,0.02736,0.97264,0.00000
62.90250,0.49500,0.07870,0.92130,0.00000
63.00250,0.49500,0.03161,0.96839,0.00000
63.10250,0.49500,0.16077,0.83923,0.00000
63.20250,0.49500,0.16574,0.83426,0.00000
63.30250,0.49500,0.24631,0.75369,0.00000
63.40250,0.49500,0.85461,0.14539,0.00000
63.50250,0.49500,0.58752,0.41243,0.00005
63.60250,0.49500,0.78347,0.21623,0.00030
63.70250,0.49500,0.96835,0.01517,0.01648
63.80250,0.49500,0.44297,0.06958,0.48745
63.90250,0.49500,0.91784,0.05116,0.03100
64.00250,0.49500,0.99877,0.00107,0.00016
64.10250,0.49500,0.89109,0.10866,0.00026
64.20250,0.49500,0.40964,0.59036,0.00000
64.30250,0.49500,0.21848,0.78152,0.00000
64.40250,0.49500,0.10618,0.89382,0.00000
64.50250,0.49500,0.53887,0.46113,0.00000
64.60250,0.49500,0.51924,0.48076,0.00000
64.70250,0.49500,0.14590,0.85410,0.00000
64.80250,0.49500,0.45815,0.54185,0.00000
64.90250,0.49500,0.22737,0.77263,0.00000
65.00250,0.49500,0.19693,0.80307,0.00000
65.10250,0.49500,0.56296,0.43704,0.00000
65.20250,0.49500,0.48399,0.51601,0.00000
65.30250,0.49500,0.34155,0.65845,0.00000
65.40250,0.49500,0.48495,0.51505,0.00000
65.50250,0.49500,0.98842,0.01158,0.00000
65.60250,0.49500,0.51064,0.48936,0.00000
65.70250,0.49500,0.65735,0.34265,0.00000
65.80250,0.49500,0.99754,0.00246,0.00000
65.90250,0.49500,0.80499,0.19501,0.00000
66.00250,0.49500,0.55135,0.44865,0.00000
66.10250,0.49500,0.24342,0.75658,0.00000
66.20250,0.49500,0.01923,0.98077,0.00000
66.30250,0.49500,0.05213,0.94787,0.00000
66.40250,0.49500,0.09586,0.90414,0.00000
66.50250,0.49500,0.08677,0.91322,0.00000
66.60250,0.49500,0.01790,0.98210,0.00000
66.70250,0.49500,0.06275,0.93722,0.00003
66.80250,0.49500,0.10560,0.89429,0.00011
66.90250,0.49500,0.08272,0.91657,0.00071
67.00250,0.49500,0.12812,0.87183,0.00005
67.10250,0.49500,0.17697,0.80204,0.02099
67.20250,0.49500,0.08802,0.91046,0.00152
67.30250,0.49500,0.08403,0.91580,0.00016
67.40250,0.49500,0.09083,0.90914,0.00003
67.50250,0.49500,0.05085,0.94915,0.00000
67.60250,0.49500,0.04864,0.95136,0.00000
67.70250,0.49500,0.08094,0.91905,0.00001
67.80250,0.49500,0.10540,0.89460,0.00000
67.90250,0.49500,0.10668,0.89324,0.00008
68.00250,0.49500,0.09815,0.90185,0.00000
68.10250,0.49500,0.07006,0.92993,0.00001
68.20250,0.49500,0.07010,0.92989,0.00001
68.30250,0.49500,0.08255,0.91735,0.00010
68.40250,0.49500,0.02708,0.97292,0.00000
68.50250,0.49500,0.04224,0.95776,0.00000
68.60250,0.49500,0.04487,0.95513,0.00000
68.70250,0.49500,0.04440,0.95560,0.00001
68.80250,0.49500,0.02410,0.97588,0.00002
68.90250,0.49500,0.03799,0.96195,0.00006
69.00250,0.49500,0.02831,0.97167,0.00002
69.10250,0.49500,0.03037,0.96963,0.00000
69.20250,0.49500,0.01733,0.98267,0.00000
69.30250,0.49500,0.01482,0.98517,0.00001
69.40250,0.49500,0.01184,0.98815,0.00001
69.50250,0.49500,0.01239,0.98759,0.00002
69.60250,0.49500,0.01735,0.98265,0.00001
69.70250,0.49500,0.02461,0.97538,0.00001
69.80250,0.49500,0.01964,0.98032,0.00003
69.90250,0.49500,0.01251,0.98748,0.00001
70.00250,0.49500,0.01534,0.98464,0.00002
70.10250,0.49500,0.01598,0.98401,0.00002
70.20250,0.49500,0.02132,0.97851,0.00017
70.30250,0.49500,0.01241,0.98748,0.00011
70.40250,0.49500,0.01880,0.98086,0.00034
70.50250,0.49500,0.01303,0.98687,0.00010
70.60250,0.49500,0.01733,0.98264,0.00004
70.70250,0.49500,0.01208,0.98791,0.00002
70.80250,0.49500,0.01435,0.98488,0.00077
70.90250,0.49500,0.02199,0.97684,0.00117
71.00250,0.49500,0.01659,0.97712,0.00629
71.10250,0.49500,0.02184,0.97791,0.00025
71.20250,0.49500,0.01518,0.98468,0.00014
71.30250,0.49500,0.01581,0.98418,0.00002
71.40250,0.49500,0.00607,0.99393,0.00000
71.50250,0.49500,0.00706,0.99293,0.00001
71.60250,0.49500,0.00939,0.99061,0.00001
71.70250,0.49500,0.00835,0.99164,0.00001
71.80250,0.49500,0.01218,0.98781,0.00001
71.90250,0.49500,0.01074,0.98923,0.00003
72.00250,0.49500,0.01191,0.98802,0.00007
72.10250,0.49500,0.00835,0.99159,0.00006
72.20250,0.49500,0.00600,0.99400,0.00000
72.30250,0.49500,0.01422,0.98571,0.00006
72.40250,0.49500,0.01933,0.98054,0.00013
72.50250,0.49500,0.01118,0.98879,0.00002
72.60250,0.49500,0.01432,0.98542,0.00026
72.70250,0.49500,0.01446,0.98532,0.00022
72.80250,0.49500,0.00805,0.99183,0.00012
72.90250,0.49500,0.00854,0.99143,0.00003
73.00250,0.49500,0.00596,0.99393,0.00010
73.10250,0.49500,0.01127,0.98863,0.00010
73.20250,0.49500,0.00945,0.99031,0.00024
73.30250,0.49500,0.00701,0.99281,0.00018
73.40250,0.49500,0.01406,0.98562,0.00032
73.50250,0.49500,0.01142,0.98806,0.00052
73.60250,0.49500,0.01168,0.98690,0.00142
73.70250,0.49500,0.01934,0.97920,0.00145
73.80250,0.49500,0.01414,0.98468,0.00118
73.90250,0.49500,0.00962,0.99034,0.00003
74.00250,0.49500,0.00714,0.99285,0.00000
74.10250,0.49500,0.01030,0.98967,0.00003
74.20250,0.49500,0.00657,0.99342,0.00001
74.30250,0.49500,0.00644,0.99356,0.00000
74.40250,0.49500,0.01105,0.98891,0.00004
74.50250,0.49500,0.01791,0.98150,0.00060
74.60250,0.49500,0.02178,0.97773,0.00049
74.70250,0.49500,0.02804,0.97136,0.00060
74.80250,0.49500,0.02929,0.96769,0.00302
74.90250,0.49500,0.05399,0.94085,0.00516
75.00250,0.49500,0.04267,0.95509,0.00224
75.10250,0.49500,0.03165,0.96776,0.00059
75.20250,0.49500,0.02634,0.97245,0.00121
75.30250,0.49500,0.03497,0.96419,0.00084
75.40250,0.49500,0.01299,0.98689,0.00012
75.50250,0.49500,0.01984,0.98012,0.00004
75.60250,0.49500,0.02240,0.97758,0.00002
75.70250,0.49500,0.01255,0.98745,0.00000
75.80250,0.49500,0.00755,0.99243,0.00003
75.90250,0.49500,0.00588,0.99411,0.00000
76.00250,0.49500,0.00446,0.99554,0.00001
76.10250,0.49500,0.00625,0.99375,0.00000
76.20250,0.49500,0.01507,0.98486,0.00006
76.30250,0.49500,0.00472,0.99527,0.00001
76.40250,0.49500,0.00736,0.99263,0.00000
76.50250,0.49500,0.00415,0.99584,0.00000
76.60250,0.49500,0.00686,0.99313,0.00000
76.70250,0.49500,0.01155,0.98845,0.00000
76.80250,0.49500,0.01836,0.98163,0.00000
76.90250,0.49500,0.02199,0.97801,0.00001
77.00250,0.49500,0.04527,0.95463,0.00010
77.10250,0.49500,0.05641,0.94281,0.00079
77.20250,0.49500,0.03837,0.96015,0.00148
77.30250,0.49500,0.04069,0.95909,0.00021
77.40250,0.49500,0.03255,0.96717,0.00028
77.50250,0.49500,0.04658,0.95277,0.00064
77.60250,0.49500,0.04973,0.94300,0.00727
77.70250,0.49500,0.02106,0.97861,0.00033
77.80250,0.49500,0.02405,0.97571,0.00024
77.90250,0.49500,0.04323,0.95466,0.00211
78.00250,0.49500,0.01862,0.98114,0.00025
78.10250,0.49500,0.02853,0.97102,0.00045
78.20250,0.49500,0.03764,0.96121,0.00115
78.30250,0.49500,0.04015,0.95048,0.00936
78.40250,0.49500,0.03563,0.96300,0.00136
78.50250,0.49500,0.02769,0.97089,0.00142
78.60250,0.49500,0.03699,0.96072,0.00229
78.70250,0.49500,0.03194,0.96322,0.00484
78.80250,0.49500,0.04900,0.94289,0.00811
78.90250,0.49500,0.04327,0.94959,0.00714
79.00250,0.49500,0.04250,0.95145,0.00605
79.10250,0.49500,0.02404,0.97549,0.00047
79.20250,0.49500,0.01349,0.98599,0.00052
79.30250,0.49500,0.02292,0.97605,0.00104
79.40250,0.49500,0.00982,0.99005,0.00012
79.50250,0.49500,0.00618,0.99377,0.00005
79.60250,0.49500,0.01040,0.98952,0.00008
79.70250,0.49500,0.00447,0.99549,0.00003
79.80250,0.49500,0.00321,0.99678,0.00001
79.90250,0.49500,0.00498,0.99502,0.00000
80.00250,0.49500,0.00206,0.99794,0.00000
80.10250,0.49500,0.00225,0.99775,0.00000
80.20250,0.49500,0.00446,0.99554,0.00000
80.30250,0.49500,0.00344,0.99656,0.00000
80.40250,0.49500,0.00449,0.99551,0.00000
80.50250,0.49500,0.01874,0.98119,0.00008
80.60250,0.49500,0.01359,0.98636,0.00005
80.70250,0.49500,0.01387,0.98610,0.00003
80.80250,0.49500,0.00606,0.99394,0.00000
80.90250,0.49500,0.00505,0.99491,0.00004
81.00250,0.49500,0.00299,0.99701,0.00001
81.10250,0.49500,0.00200,0.99800,0.00000
81.20250,0.49500,0.00259,0.99741,0.00000
81.30250,0.49500,0.00475,0.99523,0.00002
81.40250,0.49500,0.00530,0.99468,0.00001
81.50250,0.49500,0.01962,0.97875,0.00163
81.60250,0.49500,0.03242,0.94881,0.01877
81.70250,0.49500,0.05297,0.91908,0.02795
81.80250,0.49500,0.04782,0.93769,0.01449
81.90250,0.49500,0.07541,0.92235,0.00224
82.00250,0.49500,0.10499,0.89112,0.00389
82.10250,0.49500,0.14667,0.84172,0.01160
82.20250,0.49500,0.21031,0.76865,0.02105
82.30250,0.49500,0.16594,0.25987,0.57420
82.40250,0.49500,0.19944,0.61248,0.18808
82.50250,0.49500,0.27088,0.70743,0.02169
82.60250,0.49500,0.63268,0.36344,0.00388
82.70250,0.49500,0.67206,0.32794,0.00000
82.80250,0.49500,0.89312,0.10688,0.00000
82.90250,0.49500,0.97817,0.02179,0.00004
83.00250,0.49500,0.78321,0.21679,0.00000
83.10250,0.49500,0.58795,0.41205,0.00000
83.20250,0.49500,0.99873,0.00127,0.00000
83.30250,0.49500,0.99999,0.00001,0.00000
83.40250,0.49500,0.91291,0.08709,0.00000
83.50250,0.49500,0.85071,0.14929,0.00000
83.60250,0.49500,0.36202,0.63798,0.00000
83.70250,0.49500,0.99994,0.00006,0.00000
83.80250,0.49500,1.00000,0.00000,0.00000
83.90250,0.49500,0.99957,0.00043,0.00000
84.00250,0.49500,0.99998,0.00002,0.00000
84.10250,0.49500,0.99758,0.00242,0.00000
84.20250,0.49500,0.27623,0.72377,0.00000
84.30250,0.49500,0.29425,0.70575,0.00000
84.40250,0.49500,0.54730,0.45270,0.00000
84.50250,0.49500,0.29875,0.70125,0.00000
84.60250,0.49500,0.29993,0.70007,0.00000
84.70250,0.49500,0.27626,0.72373,0.00000
84.80250,0.49500,0.27144,0.72855,0.00000
84.90250,0.49500,0.11143,0.88853,0.00004
85.00250,0.49500,0.30230,0.69759,0.00011
85.10250,0.49500,0.07941,0.91998,0.00061
85.20250,0.49500,0.05946,0.94028,0.00026
85.30250,0.49500,0.04177,0.95814,0.00009
85.40250,0.49500,0.01459,0.98533,0.00008
85.50250,0.49500,0.00360,0.99561,0.00079
85.60250,0.49500,0.00286,0.99618,0.00096
85.70250,0.49500,0.01731,0.98067,0.00202
85.80250,0.49500,0.03669,0.96266,0.00064
85.90250,0.49500,0.05291,0.94693,0.00016
86.00250,0.49500,0.02103,0.97893,0.00004
86.10250,0.49500,0.01070,0.98919,0.00011
86.20250,0.49500,0.01344,0.98633,0.00023
86.30250,0.49500,0.00421,0.99558,0.00021
86.40250,0.49500,0.00581,0.99343,0.00076
86.50250,0.49500,0.00383,0.99609,0.00007
86.60250,0.49500,0.00493,0.99502,0.00005
86.70250,0.49500,0.00142,0.99795,0.00063
86.80250,0.49500,0.00822,0.99151,0.00027
86.90250,0.49500,0.01054,0.98936,0.00009
87.00250,0.49500,0.05287,0.94705,0.00007
87.10250,0.49500,0.02606,0.97372,0.00022
87.20250,0.49500,0.00963,0.98990,0.00047
87.30250,0.49500,0.01217,0.98709,0.00074
87.40250,0.49500,0.00677,0.99252,0.00070
87.50250,0.49500,0.00572,0.99330,0.00098
87.60250,0.49500,0.00146,0.99844,0.00010
87.70250,0.49500,0.00204,0.99742,0.00054
87.80250,0.49500,0.00065,0.99895,0.00041
87.90250,0.49500,0.00535,0.99337,0.00128
88.00250,0.49500,0.00290,0.99619,0.00091
88.10250,0.49500,0.00395,0.99538,0.00068
88.20250,0.49500,0.00267,0.99667,0.00066
88.30250,0.49500,0.00230,0.99716,0.00054
88.40250,0.49500,0.00191,0.99706,0.00103
88.50250,0.49500,0.00203,0.99729,0.00068
88.60250,0.49500,0.00333,0.99651,0.00016
88.70250,0.49500,0.00342,0.99647,0.00011
88.80250,0.49500,0.00473,0.99520,0.00008
88.90250,0.49500,0.00154,0.99838,0.00008
89.00250,0.49500,0.00280,0.99701,0.00020
89.10250,0.49500,0.00175,0.99818,0.00007
89.20250,0.49500,0.00166,0.99826,0.00008
89.30250,0.49500,0.00071,0.99923,0.00006
89.40250,0.49500,0.00061,0.99930,0.00009
89.50250,0.49500,0.00181,0.99817,0.00002
89.60250,0.49500,0.00137,0.99852,0.00011
89.70250,0.49500,0.00270,0.99727,0.00003
89.80250,0.49500,0.00289,0.99709,0.00002
89.90250,0.49500,0.00444,0.99552,0.00004
90.00250,0.49500,0.00442,0.99529,0.00029
90.10250,0.49500,0.00474,0.99518,0.00008
90.20250,0.49500,0.00271,0.99725,0.00005
90.30250,0.49500,0.00941,0.99057,0.00002
90.40250,0.49500,0.00839,0.99138,0.00023
90.50250,0.49500,0.00654,0.99221,0.00125
90.60250,0.49500,0.00509,0.99427,0.00063
90.70250,0.49500,0.00496,0.99474,0.00031
90.80250,0.49500,0.00231,0.99735,0.00034
90.90250,0.49500,0.00156,0.99838,0.00006
91.00250,0.49500,0.00130,0.99861,0.00010
91.10250,0.49500,0.00112,0.99877,0.00012
91.20250,0.49500,0.00064,0.99923,0.00013
91.30250,0.49500,0.00101,0.99882,0.00017
91.40250,0.49500,0.00116,0.99830,0.00054
91.50250,0.49500,0.00086,0.99886,0.00028
91.60250,0.49500,0.00090,0.99903,0.00007
91.70250,0.49500,0.00076,0.99917,0.00007
91.80250,0.49500,0.00039,0.99941,0.00020
91.90250,0.49500,0.00037,0.99957,0.00005
92.00250,0.49500,0.00063,0.99934,0.00004
92.10250,0.49500,0.00038,0.99954,0.00008
92.20250,0.49500,0.00027,0.99968,0.00005
92.30250,0.49500,0.00026,0.99964,0.00009
92.40250,0.49500,0.00026,0.99962,0.00012
92.50250,0.49500,0.00021,0.99960,0.00019
92.60250,0.49500,0.00075,0.99914,0.00011
92.70250,0.49500,0.00068,0.99918,0.00013
92.80250,0.49500,0.00059,0.99933,0.00007
92.90250,0.49500,0.00092,0.99895,0.00013
93.00250,0.49500,0.00143,0.99853,0.00005
93.10250,0.49500,0.00475,0.99506,0.00019
93.20250,0.49500,0.00548,0.99425,0.00027
93.30250,0.49500,0.00525,0.99455,0.00020
93.40250,0.49500,0.00312,0.99586,0.00102
93.50250,0.49500,0.00182,0.99768,0.00051
93.60250,0.49500,0.00159,0.99840,0.00002
93.70250,0.49500,0.00076,0.99900,0.00024
93.80250,0.49500,0.00143,0.99846,0.00011
93.90250,0.49500,0.00106,0.99885,0.00009
94.00250,0.49500,0.00131,0.99858,0.00011
94.10250,0.49500,0.00091,0.99854,0.00056
94.20250,0.49500,0.00061,0.99924,0.00015
94.30250,0.49500,0.00069,0.99926,0.00006
94.40250,0.49500,0.00039,0.99935,0.00026
94.50250,0.49500,0.00042,0.99941,0.00017
94.60250,0.49500,0.00079,0.99902,0.00019
94.70250,0.49500,0.00120,0.99858,0.00022
94.80250,0.49500,0.00141,0.99836,0.00023
94.90250,0.49500,0.00129,0.99791,0.00080
95.00250,0.49500,0.00088,0.99830,0.00081
95.10250,0.49500,0.00153,0.99755,0.00092
95.20250,0.49500,0.00047,0.99883,0.00070
95.30250,0.49500,0.00078,0.99791,0.00131
95.40250,0.49500,0.00066,0.99867,0.00068
95.50250,0.49500,0.00060,0.99906,0.00034
95.60250,0.49500,0.00056,0.99922,0.00022
95.70250,0.49500,0.00074,0.99898,0.00027
95.80250,0.49500,0.00036,0.99936,0.00028
95.90250,0.49500,0.00031,0.99946,0.00023
96.00250,0.49500,0.00058,0.99927,0.00015
96.10250,0.49500,0.00031,0.99949,0.00019
96.20250,0.49500,0.00040,0.99921,0.00039
96.30250,0.49500,0.00050,0.99923,0.00028
96.40250,0.49500,0.00140,0.99803,0.00058
96.50250,0.49500,0.00066,0.99867,0.00066
96.60250,0.49500,0.00108,0.99788,0.00104
96.70250,0.49500,0.00098,0.99858,0.00044
96.80250,0.49500,0.00165,0.99793,0.00042
96.90250,0.49500,0.00100,0.99878,0.00022
97.00250,0.49500,0.00169,0.99797,0.00034
97.10250,0.49500,0.00056,0.99906,0.00038
97.20250,0.49500,0.00042,0.99935,0.00024
97.30250,0.49500,0.00066,0.99923,0.00011
97.40250,0.49500,0.00087,0.99908,0.00005
97.50250,0.49500,0.00084,0.99909,0.00007
97.60250,0.49500,0.00061,0.99934,0.00004
97.70250,0.49500,0.00197,0.99796,0.00007
97.80250,0.49500,0.00100,0.99863,0.00036
97.90250,0.49500,0.00101,0.99866,0.00033
98.00250,0.49500,0.00056,0.99917,0.00027
98.10250,0.49500,0.00038,0.99948,0.00015
98.20250,0.49500,0.00036,0.99957,0.00008
98.30250,0.49500,0.00033,0.99958,0.00009
98.40250,0.49500,0.00135,0.99861,0.00005
98.50250,0.49500,0.00060,0.99935,0.00006
98.60250,0.49500,0.00062,0.99928,0.00010
98.70250,0.49500,0.00056,0.99938,0.00006
98.80250,0.49500,0.00055,0.99936,0.00009
98.90250,0.49500,0.00053,0.99930,0.00017
99.00250,0.49500,0.00058,0.99933,0.00010
99.10250,0.49500,0.00044,0.99934,0.00022
99.20250,0.49500,0.00034,0.99941,0.00024
99.30250,0.49500,0.00097,0.99893,0.00010
99.40250,0.49500,0.00026,0.99955,0.00019
99.50250,0.49500,0.00037,0.99939,0.00024
99.60250,0.49500,0.00032,0.99942,0.00025
99.70250,0.49500,0.00069,0.99916,0.00016
99.80250,0.49500,0.00086,0.99886,0.00029
99.90250,0.49500,0.00099,0.99887,0.00014
100.00250,0.49500,0.00079,0.99915,0.00006
100.10250,0.49500,0.00394,0.99596,0.00010
100.20250,0.49500,0.00409,0.99588,0.00003
100.30250,0.49500,0.00631,0.99328,0.00041
100.40250,0.49500,0.00552,0.99441,0.00008
100.50250,0.49500,0.02793,0.97176,0.00031
100.60250,0.49500,0.02154,0.97842,0.00004
100.70250,0.49500,0.04703,0.95289,0.00008
100.80250,0.49500,0.00979,0.99008,0.00013
100.90250,0.49500,0.00841,0.99112,0.00047
101.00250,0.49500,0.00678,0.99314,0.00008
101.10250,0.49500,0.00192,0.99781,0.00027
101.20250,0.49500,0.00950,0.99048,0.00002
101.30250,0.49500,0.00656,0.99305,0.00040
101.40250,0.49500,0.01811,0.98179,0.00010
101.50250,0.49500,0.01154,0.98797,0.00050
101.60250,0.49500,0.01380,0.98619,0.00001
101.70250,0.49500,0.02118,0.97835,0.00046
101.80250,0.49500,0.00365,0.99629,0.00005
101.90250,0.49500,0.00057,0.99934,0.00010
102.00250,0.49500,0.00155,0.99834,0.00011
102.10250,0.49500,0.00068,0.99930,0.00002
102.20250,0.49500,0.00132,0.99866,0.00002
102.30250,0.49500,0.00125,0.99871,0.00004
102.40250,0.49500,0.00073,0.99921,0.00006
102.50250,0.49500,0.00102,0.99874,0.00024
102.60250,0.49500,0.00053,0.99905,0.00042
102.70250,0.49500,0.00223,0.99758,0.00019
102.80250,0.49500,0.00093,0.99898,0.00009
102.90250,0.49500,0.00201,0.99795,0.00005
103.00250,0.49500,0.00163,0.99836,0.00002
103.10250,0.49500,0.00363,0.99634,0.00003
103.20250,0.49500,0.00196,0.99802,0.00002
103.30250,0.49500,0.00196,0.99797,0.00006
103.40250,0.49500,0.00475,0.99515,0.00010
103.50250,0.49500,0.00054,0.99938,0.00008
103.60250,0.49500,0.00069,0.99919,0.00012
103.70250,0.49500,0.00127,0.99853,0.00020
103.80250,0.49500,0.00203,0.99794,0.00003
103.90250,0.49500,0.00130,0.99857,0.00013
104.00250,0.49500,0.00115,0.99879,0.00006
104.10250,0.49500,0.00092,0.99894,0.00014
104.20250,0.49500,0.00059,0.99922,0.00019
104.30250,0.49500,0.00060,0.99931,0.00009
104.40250,0.49500,0.00046,0.99935,0.00019
104.50250,0.49500,0.00157,0.99832,0.00011
104.60250,0.49500,0.00426,0.99562,0.00013
104.70250,0.49500,0.00468,0.99499,0.00033
104.80250,0.49500,0.00725,0.99232,0.00043
104.90250,0.49500,0.00338,0.99648,0.00014
105.00250,0.49500,0.00729,0.99254,0.00016
105.10250,0.49500,0.00055,0.99936,0.00009
105.20250,0.49500,0.00134,0.99862,0.00004
105.30250,0.49500,0.00073,0.99921,0.00006
105.40250,0.49500,0.00066,0.99919,0.00016
105.50250,0.49500,0.00032,0.99961,0.00007
105.60250,0.49500,0.00026,0.99959,0.00015
105.70250,0.49500,0.00086,0.99908,0.00006
105.80250,0.49500,0.00115,0.99882,0.00003
105.90250,0.49500,0.00155,0.99837,0.00008
106.00250,0.49500,0.00082,0.99916,0.00002
106.10250,0.49500,0.00042,0.99949,0.00009
106.20250,0.49500,0.00078,0.99911,0.00011
106.30250,0.49500,0.00069,0.99920,0.00011
106.40250,0.49500,0.00086,0.99901,0.00012
106.50250,0.49500,0.00031,0.99944,0.00025
106.60250,0.49500,0.00082,0.99910,0.00008
106.70250,0.49500,0.00057,0.99931,0.00012
106.80250,0.49500,0.00131,0.99859,0.00010
106.90250,0.49500,0.89627,0.10373,0.00000
107.00250,0.49500,0.65231,0.34769,0.00000
107.10250,0.49500,0.33127,0.66873,0.00000
107.20250,0.49500,0.11005,0.88995,0.00000
107.30250,0.49500,0.50352,0.49648,0.00000
107.40250,0.49500,0.43989,0.56011,0.00000
107.50250,0.49500,0.14933,0.85067,0.00000
107.60250,0.49500,0.17416,0.82584,0.00000
107.70250,0.49500,0.31271,0.68729,0.00000
107.80250,0.49500,0.32647,0.67353,0.00000
107.90250,0.49500,0.99706,0.00294,0.00000
108.00250,0.49500,1.00000,0.00000,0.00000
108.10250,0.49500,0.99936,0.00064,0.00000
108.20250,0.49500,0.99966,0.00034,0.00000
108.30250,0.49500,1.00000,0.00000,0.00000
108.40250,0.49500,1.00000,0.00000,0.00000
108.50250,0.49500,0.99999,0.00001,0.00000
108.60250,0.49500,0.99999,0.00001,0.00000
108.70250,0.49500,1.00000,0.00000,0.00000
108.80250,0.49500,0.99998,0.00002,0.00000
108.90250,0.49500,0.18352,0.81648,0.00000
109.00250,0.49500,0.95697,0.04303,0.00000
109.10250,0.49500,0.88387,0.11613,0.00000
109.20250,0.49500,0.07882,0.92118,0.00000
109.30250,0.49500,0.14566,0.85434,0.00000
109.40250,0.49500,0.12655,0.87345,0.00000
109.50250,0.49500,0.04658,0.95342,0.00000
109.60250,0.49500,0.06699,0.93301,0.00000
109.70250,0.49500,0.06467,0.93533,0.00000
109.80250,0.49500,0.04514,0.95486,0.00000
109.90250,0.49500,0.07236,0.92764,0.00000
110.00250,0.49500,0.03976,0.96024,0.00000
110.10250,0.49500,0.03537,0.96463,0.00000
110.20250,0.49500,0.07307,0.92693,0.00000
110.30250,0.49500,0.13993,0.86007,0.00000
110.40250,0.49500,0.22712,0.77288,0.00000
110.50250,0.49500,0.12993,0.87007,0.00000
110.60250,0.49500,0.16121,0.83879,0.00000
110.70250,0.49500,0.22533,0.77467,0.00000
110.80250,0.49500,0.19703,0.80297,0.00000
110.90250,0.49500,0.20513,0.79487,0.00000
111.00250,0.49500,0.18401,0.81599,0.00000
111.10250,0.49500,0.18452,0.81548,0.00000
111.20250,0.49500,0.12525,0.87475,0.00000
111.30250,0.49500,0.09197,0.90803,0.00000
111.40250,0.49500,0.04842,0.95158,0.00000
111.50250,0.49500,0.08018,0.91982,0.00000
111.60250,0.49500,0.02146,0.97854,0.00000
111.70250,0.49500,0.02837,0.97163,0.00000
111.80250,0.49500,0.04955,0.95045,0.00000
111.90250,0.49500,0.04661,0.95339,0.00000
112.00250,0.49500,0.07081,0.92919,0.00000
112.10250,0.49500,0.03130,0.96870,0.00000
112.20250,0.49500,0.02508,0.97492,0.00000
112.30250,0.49500,0.01893,0.98107,0.00000
112.40250,0.49500,0.01656,0.98344,0.00000
112.50250,0.49500,0.02833,0.97167,0.00000
112.60250,0.49500,0.02388,0.97612,0.00000
112.70250,0.49500,0.01609,0.98391,0.00000
112.80250,0.49500,0.01192,0.98808,0.00000
112.90250,0.49500,0.01639,0.98361,0.00000
113.00250,0.49500,0.01398,0.98602,0.00000
113.10250,0.49500,0.02209,0.97791,0.00000
113.20250,0.49500,0.03048,0.96952,0.00000
113.30250,0.49500,0.00627,0.99373,0.00000
113.40250,0.49500,0.00861,0.99139,0.00000
113.50250,0.49500,0.00781,0.99219,0.00000
113.60250,0.49500,0.00597,0.99403,0.00000
113.70250,0.49500,0.00756,0.99244,0.00000
113.80250,0.49500,0.00409,0.99591,0.00000
113.90250,0.49500,0.00574,0.99426,0.00000
114.00250,0.49500,0.00589,0.99411,0.00000
114.10250,0.49500,0.00977,0.99023,0.00000
114.20250,0.49500,0.01043,0.98957,0.00000
114.30250,0.49500,0.01267,0.98733,0.00000
114.40250,0.49500,0.01609,0.98391,0.00000
114.50250,0.49500,0.00864,0.99136,0.00000
114.60250,0.49500,0.00638,0.99362,0.00000
114.70250,0.49500,0.00900,0.99100,0.00000
114.80250,0.49500,0.00574,0.99426,0.00000
114.90250,0.49500,0.00468,0.99532,0.00000
115.00250,0.49500,0.00529,0.99472,0.00000
115.10250,0.49500,0.00353,0.99647,0.00000
115.20250,0.49500,0.00647,0.99353,0.00000
115.30250,0.49500,0.00823,0.99177,0.00000
115.40250,0.49500,0.00956,0.99044,0.00000
115.50250,0.49500,0.01111,0.98889,0.00000
115.60250,0.49500,0.00364,0.99636,0.00000
115.70250,0.49500,0.00400,0.99600,0.00000
115.80250,0.49500,0.00289,0.99711,0.00000
115.90250,0.49500,0.00461,0.99539,0.00000
116.00250,0.49500,0.00467,0.99533,0.00000
116.10250,0.49500,0.00449,0.99551,0.00000
116.20250,0.49500,0.00579,0.99421,0.00000
116.30250,0.49500,0.00289,0.99711,0.00000
116.40250,0.49500,0.00599,0.99401,0.00000
116.50250,0.49500,0.00520,0.99480,0.00000
116.60250,0.49500,0.00753,0.99247,0.00000
116.70250,0.49500,0.00489,0.99511,0.00000
116.80250,0.49500,0.00627,0.99373,0.00000
116.90250,0.49500,0.00646,0.99354,0.00000
117.00250,0.49500,0.00818,0.99182,0.00000
117.10250,0.49500,0.00661,0.99339,0.00000
117.20250,0.49500,0.00345,0.99655,0.00000
117.30250,0.49500,0.01124,0.98876,0.00000
117.40250,0.49500,0.00758,0.99242,0.00000
117.50250,0.49500,0.01614,0.98386,0.00000
117.60250,0.49500,0.00782,0.99218,0.00000
117.70250,0.49500,0.01249,0.98751,0.00000
117.80250,0.49500,0.01071,0.98929,0.00000
117.90250,0.49500,0.01378,0.98622,0.00000
118.00250,0.49500,0.01464,0.98536,0.00000
118.10250,0.49500,0.01717,0.98283,0.00000
118.20250,0.49500,0.01535,0.98465,0.00000
118.30250,0.49500,0.02318,0.97682,0.00000
118.40250,0.49500,0.02702,0.97298,0.00000
118.50250,0.49500,0.04445,0.95555,0.00000
118.60250,0.49500,0.02098,0.97902,0.00000
118.70250,0.49500,0.01075,0.98925,0.00000
118.80250,0.49500,0.01845,0.98155,0.00000
118.90250,0.49500,0.02029,0.97971,0.00000
119.00250,0.49500,0.01500,0.98500,0.00000
119.10250,0.49500,0.01253,0.98747,0.00000
119.20250,0.49500,0.01131,0.98869,0.00000
119.30250,0.49500,0.00760,0.99240,0.00000
119.40250,0.49500,0.00965,0.99035,0.00000
119.50250,0.49500,0.00654,0.99346,0.00000
119.60250,0.49500,0.00605,0.99395,0.00000
119.70250,0.49500,0.01545,0.98455,0.00000
119.80250,0.49500,0.01169,0.98831,0.00000
119.90250,0.49500,0.02396,0.97604,0.00000
120.00250,0.49500,0.02349,0.97651,0.00000
120.10250,0.49500,0.02283,0.97717,0.00000
120.20250,0.49500,0.03269,0.96731,0.00000
120.30250,0.49500,0.02060,0.97940,0.00000
120.40250,0.49500,0.01626,0.98374,0.00000
120.50250,0.49500,0.01554,0.98446,0.00000
120.60250,0.49500,0.01488,0.98512,0.00000
120.70250,0.49500,0.01474,0.98526,0.00000
120.80250,0.49500,0.01529,0.98471,0.00000
120.90250,0.49500,0.00643,0.99357,0.00000
121.00250,0.49500,0.01350,0.98650,0.00000
121.10250,0.49500,0.00902,0.99098,0.00000
121.20250,0.49500,0.00920,0.99080,0.00000
121.30250,0.49500,0.00935,0.99065,0.00000
121.40250,0.49500,0.01203,0.98797,0.00000
121.50250,0.49500,0.01244,0.98756,0.00000
121.60250,0.49500,0.01654,0.98346,0.00000
121.70250,0.49500,0.02525,0.97475,0.00000
121.80250,0.49500,0.01563,0.98437,0.00000
121.90250,0.49500,0.01804,0.98196,0.00000
122.00250,0.49500,0.01523,0.98477,0.00000
122.10250,0.49500,0.01268,0.98732,0.00000
122.20250,0.49500,0.00649,0.99351,0.00000
122.30250,0.49500,0.00880,0.99120,0.00000
122.40250,0.49500,0.00940,0.99060,0.00000
122.50250,0.49500,0.00732,0.99268,0.00000
122.60250,0.49500,0.01369,0.98631,0.00000
122.70250,0.49500,0.00573,0.99427,0.00000
122.80250,0.49500,0.01427,0.98573,0.00000
122.90250,0.49500,0.00785,0.99215,0.00000
123.00250,0.49500,0.01247,0.98753,0.00000
123.10250,0.49500,0.00747,0.99253,0.00000
123.20250,0.49500,0.00505,0.99495,0.00000
123.30250,0.49500,0.01155,0.98845,0.00000
123.40250,0.49500,0.00557,0.99443,0.00000
123.50250,0.49500,0.01198,0.98802,0.00000
123.60250,0.49500,0.00543,0.99457,0.00000
123.70250,0.49500,0.02985,0.97015,0.00000
123.80250,0.49500,0.01436,0.98564,0.00000
123.90250,0.49500,0.03232,0.96768,0.00000
124.00250,0.49500,0.01877,0.98123,0.00000
124.10250,0.49500,0.02992,0.97008,0.00000
124.20250,0.49500,0.01292,0.98708,0.00000
124.30250,0.49500,0.01506,0.98494,0.00000
124.40250,0.49500,0.03687,0.96313,0.00000
124.50250,0.49500,0.01923,0.98076,0.00000
124.60250,0.49500,0.06759,0.93241,0.00000
124.70250,0.49500,0.04159,0.95841,0.00000
124.80250,0.49500,0.04074,0.95926,0.00000
124.90250,0.49500,0.02267,0.97733,0.00000
125.00250,0.49500,0.02346,0.97654,0.00000
125.10250,0.49500,0.01262,0.98738,0.00000
125.20250,0.49500,0.01164,0.98836,0.00000
125.30250,0.49500,0.01189,0.98811,0.00000
125.40250,0.49500,0.01978,0.98022,0.00000
125.50250,0.49500,0.01016,0.98984,0.00000
125.60250,0.49500,0.00568,0.99432,0.00000
125.70250,0.49500,0.00431,0.99569,0.00000
125.80250,0.49500,0.00519,0.99481,0.00000
125.90250,0.49500,0.00862,0.99138,0.00000
126.00250,0.49500,0.00360,0.99640,0.00000
126.10250,0.49500,0.01440,0.98560,0.00000
126.20250,0.49500,0.00536,0.99464,0.00000
126.30250,0.49500,0.01075,0.98925,0.00000
126.40250,0.49500,0.00481,0.99519,0.00000
126.50250,0.49500,0.00822,0.99178,0.00000
126.60250,0.49500,0.02213,0.97787,0.00000
126.70250,0.49500,0.09134,0.90866,0.00000
126.80250,0.49500,0.17457,0.82543,0.00000
126.90250,0.49500,0.11380,0.88620,0.00000
127.00250,0.49500,0.17830,0.82170,0.00000
127.10250,0.49500,0.19346,0.80654,0.00000
127.20250,0.49500,0.92686,0.07314,0.00000
127.30250,0.49500,0.99996,0.00004,0.00000
127.40250,0.49500,0.94571,0.05429,0.00000
127.50250,0.49500,0.99938,0.00062,0.00000
127.60250,0.49500,1.00000,0.00000,0.00000
127.70250,0.49500,0.94909,0.05091,0.00000
127.80250,0.49500,0.98401,0.01599,0.00000
127.90250,0.49501,0.98981,0.01019,0.00000
128.00250,0.49500,0.99414,0.00586,0.00000
128.10249,0.49501,0.98085,0.01915,0.00000
128.20250,0.49500,1.00000,0.00000,0.00000
128.30251,0.49500,1.00000,0.00000,0.00000
128.40250,0.49501,0.96026,0.03974,0.00000
128.50250,0.49500,0.75896,0.24104,0.00000
128.60249,0.49501,0.26216,0.73784,0.00000
128.70250,0.49500,0.30853,0.69147,0.00000
128.80251,0.49500,0.54539,0.45461,0.00000
128.90250,0.49501,0.63636,0.36363,0.00001
129.00250,0.49500,0.41146,0.58854,0.00000
129.10249,0.49501,0.16121,0.83878,0.00001
129.20250,0.49500,0.57668,0.42332,0.00000
129.30251,0.49500,0.92763,0.07237,0.00000
129.40250,0.49501,0.22704,0.77296,0.00000
129.50250,0.49500,0.11381,0.88619,0.00000
129.60249,0.49501,0.64120,0.35880,0.00000
129.70250,0.49500,0.11035,0.88965,0.00000
129.80251,0.49500,0.44565,0.55435,0.00000
129.90250,0.49501,0.16490,0.83510,0.00000
130.00250,0.49500,0.08089,0.91911,0.00000
130.10249,0.49501,0.14926,0.85074,0.00000
130.20250,0.49500,0.81137,0.18863,0.00000
130.30251,0.49500,0.26024,0.73976,0.00000
130.40250,0.49501,0.22795,0.77205,0.00000
130.50250,0.49500,0.22739,0.77261,0.00000
130.60249,0.49501,0.09352,0.90648,0.00000
130.70250,0.49500,0.64364,0.35635,0.00000
130.80251,0.49500,0.75875,0.24125,0.00000
130.90250,0.49501,0.57414,0.42586,0.00000
131.00250,0.49500,0.39535,0.60465,0.00000
131.10249,0.49501,0.16698,0.83302,0.00000
131.20250,0.49500,0.17125,0.82875,0.00000
131.30251,0.49500,0.32711,0.67289,0.00000
131.40250,0.49501,0.43879,0.56121,0.00000
131.50250,0.49500,0.48426,0.51574,0.00000
131.60249,0.49501,0.09737,0.90263,0.00000
131.70250,0.49500,0.05537,0.94460,0.00003
131.80251,0.49500,0.06600,0.93398,0.00002
131.90250,0.49501,0.23433,0.76566,0.00001
132.00250,0.49500,0.38350,0.61650,0.00000
132.10249,0.49501,0.17229,0.82771,0.00000
132.20250,0.49500,0.05604,0.94394,0.00001
132.30251,0.49500,0.06810,0.93183,0.00008
132.40250,0.49501,0.20903,0.79095,0.00001
132.50250,0.49500,0.10970,0.89029,0.00001
132.60249,0.49501,0.06469,0.93531,0.00000
132.70250,0.49500,0.00414,0.99585,0.00001
132.80251,0.49500,0.00101,0.99897,0.00002
132.90250,0.49501,0.00553,0.99445,0.00002
133.00250,0.49500,0.03443,0.96555,0.00002
133.10249,0.49501,0.02519,0.97480,0.00001
133.20250,0.49500,0.06397,0.93603,0.00001
133.30251,0.49500,0.05550,0.94449,0.00001
133.40250,0.49501,0.01790,0.98209,0.00001
133.50250,0.49500,0.02515,0.97483,0.00002
133.60249,0.49501,0.01068,0.98932,0.00001
133.70250,0.49500,0.00398,0.99601,0.00001
133.80251,0.49500,0.00074,0.99926,0.00000
133.90250,0.49501,0.00048,0.99951,0.00001
134.00250,0.49500,0.00067,0.99932,0.00001
134.10249,0.49501,0.00078,0.99921,0.00001
134.20250,0.49500,0.00196,0.99803,0.00001
134.30251,0.49500,0.00110,0.99889,0.00001
134.40250,0.49501,0.00247,0.99752,0.00001
134.50250,0.49500,0.00116,0.99882,0.00002
134.60249,0.49501,0.00073,0.99926,0.00000
134.70250,0.49500,0.00076,0.99924,0.00001
134.80251,0.49500,0.00025,0.99975,0.00001
134.90250,0.49501,0.00026,0.99974,0.00000
135.00250,0.49500,0.00009,0.99990,0.00001
135.10249,0.49501,0.00019,0.99980,0.00001
135.20250,0.49500,0.00032,0.99967,0.00001
135.30251,0.49500,0.00077,0.99922,0.00001
135.40250,0.49501,0.00176,0.99823,0.00001
135.50250,0.49500,0.00163,0.99836,0.00001
135.60249,0.49501,0.00072,0.99927,0.00001
135.70250,0.49500,0.00073,0.99927,0.00001
135.80251,0.49500,0.00135,0.99864,0.00001
135.90250,0.49501,0.00028,0.99971,0.00001
136.00250,0.49500,0.00054,0.99945,0.00001
136.10249,0.49501,0.00026,0.99973,0.00001
136.20250,0.49500,0.00014,0.99985,0.00000
136.30251,0.49500,0.00014,0.99985,0.00001
136.40250,0.49501,0.00008,0.99991,0.00000
136.50250,0.49500,0.00005,0.99994,0.00001
136.60249,0.49501,0.00013,0.99986,0.00000
136.70250,0.49500,0.00013,0.99986,0.00000
136.80251,0.49500,0.00020,0.99979,0.00001
136.90250,0.49501,0.00021,0.99979,0.00000
137.00250,0.49500,0.00025,0.99975,0.00001
137.10249,0.49501,0.00056,0.99942,0.00002
137.20250,0.49500,0.00031,0.99968,0.00001
137.30251,0.49500,0.00109,0.99891,0.00000
137.40250,0.49501,0.00017,0.99982,0.00002
137.50250,0.49500,0.00021,0.99979,0.00001
137.60249,0.49501,0.00015,0.99985,0.00001
137.70250,0.49500,0.00029,0.99970,0.00001
137.80251,0.49500,0.00014,0.99985,0.00001
137.90250,0.49501,0.00012,0.99986,0.00001
138.00250,0.49500,0.00022,0.99977,0.00001
138.10249,0.49501,0.00051,0.99947,0.00002
138.20250,0.49500,0.00013,0.99986,0.00001
138.30251,0.49500,0.00028,0.99969,0.00003
138.40250,0.49501,0.00010,0.99989,0.00001
138.50250,0.49500,0.00033,0.99966,0.00001
138.60249,0.49501,0.00024,0.99975,0.00001
138.70250,0.49500,0.00122,0.99877,0.00001
138.80251,0.49500,0.00082,0.99917,0.00001
138.90250,0.49501,0.00045,0.99955,0.00000
139.00250,0.49500,0.00052,0.99948,0.00000
139.10249,0.49501,0.00027,0.99973,0.00001
139.20250,0.49500,0.00010,0.99989,0.00001
139.30251,0.49500,0.00026,0.99974,0.00001
139.40250,0.49501,0.00011,0.99988,0.00001
139.50250,0.49500,0.00011,0.99988,0.00001
139.60249,0.49501,0.00044,0.99953,0.00003
139.70250,0.49500,0.00017,0.99982,0.00001
139.80251,0.49500,0.00034,0.99964,0.00002
139.90250,0.49501,0.00038,0.99961,0.00001
140.00250,0.49500,0.00046,0.99954,0.00001
140.10249,0.49501,0.00030,0.99969,0.00001
140.20250,0.49500,0.00033,0.99965,0.00002
140.30251,0.49500,0.00033,0.99966,0.00001
140.40250,0.49501,0.00021,0.99978,0.00001
140.50250,0.49500,0.00037,0.99963,0.00001
140.60249,0.49501,0.00013,0.99986,0.00000
140.70250,0.49500,0.00011,0.99988,0.00001
140.80251,0.49500,0.00012,0.99987,0.00001
140.90250,0.49501,0.00009,0.99990,0.00001
141.00250,0.49500,0.00014,0.99985,0.00000
141.10249,0.49501,0.00009,0.99990,0.00001
141.20250,0.49500,0.00036,0.99963,0.00000
141.30251,0.49500,0.00054,0.99943,0.00003
141.40250,0.49501,0.00048,0.99951,0.00001
141.50250,0.49500,0.00033,0.99966,0.00001
141.60249,0.49501,0.00112,0.99887,0.00000
141.70250,0.49500,0.00029,0.99971,0.00000
141.80251,0.49500,0.00018,0.99981,0.00001
141.90250,0.49501,0.00027,0.99972,0.00001
142.00250,0.49500,0.00022,0.99974,0.00004
142.10249,0.49501,0.00303,0.99696,0.00002
142.20250,0.49500,0.00568,0.99430,0.00003
142.30251,0.49500,0.02507,0.97491,0.00001
142.40250,0.49501,0.02350,0.97639,0.00011
142.50250,0.49500,0.02524,0.97468,0.00008
142.60249,0.49501,0.01571,0.98416,0.00013
142.70250,0.49500,0.01902,0.98096,0.00002
142.80251,0.49500,0.00537,0.99462,0.00001
142.90250,0.49501,0.00152,0.99848,0.00001
143.00250,0.49500,0.00129,0.99869,0.00002
143.10249,0.49501,0.00063,0.99936,0.00001
143.20250,0.49500,0.00219,0.99780,0.00001
143.30251,0.49500,0.00051,0.99949,0.00001
143.40250,0.49501,0.00021,0.99977,0.00002
143.50250,0.49500,0.00070,0.99929,0.00001
143.60249,0.49501,0.00020,0.99979,0.00001
143.70250,0.49500,0.00167,0.99829,0.00004
143.80251,0.49500,0.00058,0.99940,0.00002
143.90250,0.49501,0.00110,0.99890,0.00001
144.00250,0.49500,0.00024,0.99974,0.00001
144.10249,0.49501,0.00012,0.99987,0.00001
144.20250,0.49500,0.00018,0.99981,0.00001
144.30251,0.49500,0.00052,0.99948,0.00000
144.40250,0.49501,0.00063,0.99935,0.00003
144.50250,0.49500,0.00027,0.99971,0.00002
144.60249,0.49501,0.00059,0.99937,0.00004
144.70250,0.49500,0.00013,0.99986,0.00001
144.80251,0.49500,0.00028,0.99972,0.00000
144.90250,0.49501,0.00016,0.99984,0.00000
145.00250,0.49500,0.00017,0.99982,0.00001
145.10249,0.49501,0.00010,0.99990,0.00000
145.20250,0.49500,0.00054,0.99945,0.00001
145.30251,0.49500,0.00040,0.99960,0.00001
145.40250,0.49501,0.00086,0.99913,0.00001
145.50250,0.49500,0.00008,0.99991,0.00001
145.60249,0.49501,0.00005,0.99994,0.00001
145.70250,0.49500,0.00044,0.99954,0.00002
145.80251,0.49500,0.00022,0.99977,0.00001
145.90250,0.49501,0.00098,0.99901,0.00001
146.00250,0.49500,0.00030,0.99970,0.00000
146.10249,0.49501,0.00095,0.99904,0.00001
146.20250,0.49500,0.00007,0.99992,0.00000
146.30251,0.49500,0.00048,0.99951,0.00001
146.40250,0.49501,0.00046,0.99953,0.00001
146.50250,0.49500,0.00084,0.99915,0.00001
146.60249,0.49501,0.00024,0.99974,0.00002
146.70250,0.49500,0.00028,0.99970,0.00002
146.80251,0.49500,0.00020,0.99978,0.00003
146.90250,0.49501,0.00025,0.99974,0.00002
147.00250,0.49500,0.00027,0.99972,0.00001
147.10249,0.49501,0.00013,0.99986,0.00001
147.20250,0.49500,0.00014,0.99983,0.00003
147.30251,0.49500,0.00017,0.99981,0.00002
147.40250,0.49501,0.00016,0.99981,0.00003
147.50250,0.49500,0.00010,0.99989,0.00001
147.60249,0.49501,0.00018,0.99981,0.00001
147.70250,0.49500,0.00009,0.99990,0.00001
147.80251,0.49500,0.00023,0.99977,0.00001
147.90250,0.49501,0.00011,0.99988,0.00001
148.00250,0.49500,0.00022,0.99976,0.00001
148.10249,0.49501,0.00065,0.99933,0.00001
148.20250,0.49500,0.00140,0.99854,0.00007
148.30251,0.49500,0.00200,0.99795,0.00004
148.40250,0.49501,0.02156,0.97840,0.00004
148.50250,0.49500,0.09356,0.90642,0.00001
148.60249,0.49501,0.06356,0.93641,0.00002
148.70250,0.49500,0.25741,0.74259,0.00000
148.80251,0.49500,0.26695,0.73305,0.00000
148.90250,0.49501,0.96158,0.03842,0.00000
149.00250,0.49500,0.81811,0.18189,0.00000
149.10249,0.49501,0.57975,0.42025,0.00000
149.20250,0.49500,0.98556,0.01444,0.00000
149.30251,0.49500,0.96845,0.03155,0.00000
149.40250,0.49501,0.99995,0.00005,0.00000
149.50250,0.49500,1.00000,0.00000,0.00000
149.60249,0.49501,0.99997,0.00003,0.00000
149.70250,0.49500,0.99838,0.00162,0.00000
149.80251,0.49500,0.99633,0.00367,0.00000
149.90250,0.49501,0.68595,0.31400,0.00005
150.00250,0.49500,0.99976,0.00024,0.00000
150.10249,0.49501,0.99927,0.00069,0.00004
150.20250,0.49500,0.98064,0.01936,0.00000
150.30251,0.49500,0.61145,0.38855,0.00000
150.40250,0.49501,0.92328,0.07672,0.00000
150.50250,0.49500,0.98580,0.01419,0.00000
150.60249,0.49501,0.49265,0.50735,0.00000
150.70250,0.49500,0.26107,0.73893,0.00000
150.80251,0.49500,0.35859,0.64141,0.00000
150.90250,0.49501,0.26976,0.73024,0.00000
151.00250,0.49500,0.35146,0.64854,0.00000
151.10249,0.49501,0.99276,0.00724,0.00000
151.20250,0.49500,0.99159,0.00841,0.00000
151.30251,0.49500,0.99931,0.00069,0.00000
151.40250,0.49501,1.00000,0.00000,0.00000
151.50250,0.49500,0.99741,0.00258,0.00001
151.60249,0.49501,0.99999,0.00001,0.00000
151.70250,0.49500,0.98504,0.01496,0.00000
151.80251,0.49500,0.95191,0.04809,0.00000
151.90250,0.49501,0.20164,0.79836,0.00000
152.00250,0.49500,0.38076,0.61924,0.00000
152.10249,0.49501,0.71600,0.28340,0.00060
152.20250,0.49500,0.89504,0.10493,0.00003
152.30251,0.49500,0.72621,0.26668,0.00711
152.40250,0.49501,0.54388,0.45579,0.00033
152.50250,0.49500,0.74528,0.24865,0.00606
152.60249,0.49501,0.23555,0.59640,0.16804
152.70250,0.49500,0.32022,0.61003,0.06975
152.80251,0.49500,0.41219,0.54179,0.04602
152.90250,0.49501,0.15199,0.83338,0.01463
153.00250,0.49500,0.11051,0.88760,0.00189
153.10249,0.49501,0.26486,0.73198,0.00317
153.20250,0.49500,0.27234,0.69817,0.02949
153.30251,0.49500,0.25874,0.66172,0.07954
153.40250,0.49501,0.19706,0.59022,0.21272
153.50250,0.49500,0.18633,0.43570,0.37798
153.60249,0.49501,0.08145,0.90935,0.00919
153.70250,0.49500,0.04477,0.95297,0.00226
153.80251,0.49500,0.02923,0.96997,0.00080
153.90250,0.49501,0.02069,0.97757,0.00173
154.00250,0.49500,0.06231,0.89849,0.03920
154.10249,0.49501,0.04139,0.09538,0.86324
154.20250,0.49500,0.03784,0.03265,0.92950
154.30251,0.49500,0.17575,0.30651,0.51773
154.40250,0.49501,0.17328,0.67713,0.14959
154.50250,0.49500,0.13534,0.72825,0.13641
154.60249,0.49501,0.07697,0.91180,0.01124
154.70250,0.49500,0.21927,0.66241,0.11833
154.80251,0.49500,0.22643,0.47301,0.30056
154.90250,0.49501,0.13842,0.40932,0.45226
155.00250,0.49500,0.08289,0.80368,0.11344
155.10249,0.49501,0.05797,0.72690,0.21513
155.20250,0.49500,0.09540,0.33671,0.56789
155.30251,0.49500,0.09048,0.39110,0.51842
155.40250,0.49501,0.07342,0.18503,0.74156
155.50250,0.49500,0.02649,0.03146,0.94204
155.60249,0.49501,0.04717,0.05242,0.90041
155.70250,0.49500,0.02375,0.01721,0.95905
155.80251,0.49500,0.02672,0.01752,0.95576
155.90250,0.49501,0.02106,0.02748,0.95147
156.00250,0.49500,0.02138,0.02776,0.95085
156.10249,0.49501,0.01486,0.01339,0.97175
156.20250,0.49500,0.01695,0.00612,0.97693
156.30251,0.49500,0.00821,0.00183,0.98996
156.40250,0.49501,0.00929,0.00161,0.98910
156.50250,0.49500,0.02876,0.00509,0.96614
156.60249,0.49501,0.02184,0.00252,0.97564
156.70250,0.49500,0.00887,0.00192,0.98921
156.80251,0.49500,0.00570,0.00266,0.99163
156.90250,0.49501,0.00508,0.00255,0.99237
157.00250,0.49500,0.00716,0.00073,0.99210
157.10249,0.49501,0.01075,0.00228,0.98698
157.20250,0.49500,0.04260,0.01625,0.94115
157.30251,0.49500,0.10480,0.02715,0.86805
157.40250,0.49501,0.17237,0.10754,0.72009
157.50250,0.49500,0.20927,0.75236,0.03838
157.60249,0.49501,0.17428,0.74459,0.08113
157.70250,0.49500,0.22230,0.60185,0.17586
157.80251,0.49500,0.10857,0.76308,0.12836
157.90250,0.49501,0.27626,0.60851,0.11523
158.00250,0.49500,0.11471,0.48978,0.39551
158.10249,0.49501,0.08646,0.68701,0.22653
158.20250,0.49500,0.06644,0.76660,0.16696
158.30251,0.49500,0.05577,0.35684,0.58739
