Time (seconds), Duration (seconds),pred_(unlabeled),pred_On,pred_Off,pred_Dimmer,pred_Lighter
0.01000,1.98000,0.99989,0.00000,0.00000,0.00011,0.00000
0.21000,1.98000,0.99993,0.00000,0.00000,0.00007,0.00000
0.41000,1.98000,0.99994,0.00000,0.00000,0.00006,0.00000
0.61000,1.98000,0.99991,0.00000,0.00000,0.00009,0.00000
0.81000,1.98000,0.99983,0.00000,0.00000,0.00017,0.00000
1.01000,1.98000,0.99934,0.00000,0.00000,0.00066,0.00000
1.21000,1.98000,0.99980,0.00000,0.00000,0.00020,0.00000
1.41000,1.98000,0.99975,0.00000,0.00000,0.00025,0.00000
1.61000,1.98000,0.99980,0.00000,0.00000,0.00020,0.00000
1.81000,1.98000,0.99779,0.00000,0.00000,0.00219,0.00001
2.01000,1.98000,0.99946,0.00000,0.00000,0.00054,0.00001
2.21000,1.98000,0.99990,0.00000,0.00000,0.00010,0.00000
2.41000,1.98000,0.99892,0.00000,0.00000,0.00107,0.00001
2.61000,1.98000,0.98619,0.00000,0.00000,0.01375,0.00006
2.81000,1.98000,0.97601,0.00000,0.00000,0.02392,0.00007
3.01000,1.98000,0.96734,0.00000,0.00000,0.03257,0.00009
3.21000,1.98000,0.94544,0.00000,0.00000,0.05443,0.00013
3.41000,1.98000,0.97361,0.00000,0.00000,0.02634,0.00005
3.61000,1.98000,0.98391,0.00000,0.00000,0.01604,0.00005
3.81000,1.98000,0.99176,0.00000,0.00000,0.00822,0.00002
4.01000,1.98000,0.99851,0.00000,0.00000,0.00149,0.00000
4.21000,1.98000,0.99753,0.00000,0.00000,0.00247,0.00000
4.41000,1.98000,0.99871,0.00000,0.00000,0.00129,0.00000
4.61000,1.98000,0.99954,0.00000,0.00000,0.00046,0.00000
4.81000,1.98000,0.99911,0.00000,0.00000,0.00088,0.00000
5.01000,1.98000,0.99921,0.00000,0.00000,0.00079,0.00000
5.21000,1.98000,0.99965,0.00000,0.00000,0.00034,0.00000
5.41000,1.98000,0.99974,0.00000,0.00000,0.00026,0.00000
5.61000,1.98000,0.99995,0.00000,0.00000,0.00004,0.00000
5.81000,1.98000,0.99995,0.00000,0.00000,0.00005,0.00000
6.01000,1.98000,0.99969,0.00000,0.00000,0.00026,0.00006
6.21000,1.98000,0.99986,0.00000,0.00000,0.00010,0.00004
6.41000,1.98000,0.99966,0.00000,0.00000,0.00025,0.00009
6.61000,1.98000,0.99985,0.00000,0.00000,0.00010,0.00005
6.81000,1.98000,0.99955,0.00000,0.00000,0.00024,0.00021
7.01000,1.98000,0.99913,0.00000,0.00000,0.00066,0.00021
7.21000,1.98000,0.99934,0.00000,0.00000,0.00054,0.00012
7.41000,1.98000,0.99974,0.00000,0.00000,0.00022,0.00004
7.61000,1.98000,0.99998,0.00000,0.00000,0.00002,0.00000
7.81000,1.98000,0.99958,0.00000,0.00000,0.00040,0.00002
8.01000,1.98000,0.99985,0.00000,0.00000,0.00015,0.00001
8.21000,1.98000,0.99975,0.00000,0.00000,0.00024,0.00001
8.41000,1.98000,0.99988,0.00000,0.00000,0.00012,0.00000
8.61000,1.98000,0.99963,0.00000,0.00000,0.00037,0.00000
8.81000,1.98000,0.99967,0.00000,0.00000,0.00033,0.00000
9.01000,1.98000,0.99985,0.00000,0.00000,0.00015,0.00000
9.21000,1.98000,0.99994,0.00000,0.00000,0.00006,0.00000
9.41000,1.98000,0.99992,0.00000,0.00000,0.00008,0.00000
9.61000,1.98000,0.99996,0.00000,0.00000,0.00004,0.00000
9.81000,1.98000,0.99995,0.00003,0.00000,0.00002,0.00000
10.01000,1.98000,0.99767,0.00223,0.00000,0.00010,0.00000
10.21000,1.98000,0.75257,0.24146,0.00000,0.00589,0.00008
10.41000,1.98000,0.65773,0.33309,0.00001,0.00900,0.00017
10.61000,1.98000,0.55843,0.42960,0.00002,0.01168,0.00028
10.81000,1.98000,0.58964,0.40472,0.00001,0.00542,0.00021
11.01000,1.98000,0.75532,0.24454,0.00000,0.00011,0.00003
11.21000,1.98000,0.92312,0.07688,0.00000,0.00000,0.00000
11.41000,1.98000,0.97515,0.02485,0.00000,0.00000,0.00000
11.61000,1.98000,0.94738,0.05261,0.00000,0.00000,0.00000
11.81000,1.98000,0.61101,0.38896,0.00001,0.00002,0.00000
12.01000,1.98000,0.55117,0.44825,0.00001,0.00054,0.00002
12.21000,1.98000,0.55832,0.44101,0.00002,0.00062,0.00003
12.41000,1.98000,0.54662,0.45265,0.00001,0.00070,0.00002
12.61000,1.98000,0.82415,0.17584,0.00000,0.00001,0.00000
12.81000,1.98000,0.93269,0.06731,0.00000,0.00000,0.00000
13.01000,1.98000,0.97156,0.02844,0.00000,0.00000,0.00000
13.21000,1.98000,0.94520,0.05480,0.00000,0.00000,0.00000
13.41000,1.98000,0.85498,0.14502,0.00000,0.00000,0.00000
13.61000,1.98000,0.51388,0.48597,0.00002,0.00013,0.00001
13.81000,1.98000,0.62057,0.37920,0.00005,0.00016,0.00002
14.01000,1.98000,0.57006,0.42980,0.00002,0.00010,0.00001
14.21000,1.98000,0.54721,0.45256,0.00003,0.00019,0.00002
14.41000,1.98000,0.88381,0.11616,0.00002,0.00001,0.00000
14.61000,1.98000,0.94798,0.05199,0.00001,0.00002,0.00000
14.81000,1.98000,0.99712,0.00282,0.00000,0.00005,0.00000
15.01000,1.98000,0.99995,0.00001,0.00000,0.00004,0.00000
15.21000,1.98000,0.99997,0.00001,0.00000,0.00002,0.00000
15.41000,1.98000,0.99941,0.00047,0.00000,0.00011,0.00000
15.61000,1.98000,0.98766,0.01233,0.00000,0.00001,0.00000
15.81000,1.98000,0.58399,0.41480,0.00001,0.00116,0.00004
16.01000,1.98000,0.66542,0.33361,0.00001,0.00090,0.00005
16.21000,1.98000,0.59412,0.40456,0.00002,0.00124,0.00006
16.41000,1.98000,0.74051,0.25933,0.00000,0.00012,0.00003
16.61000,1.98000,0.69074,0.30881,0.00003,0.00034,0.00008
16.81000,1.98000,0.74421,0.25550,0.00004,0.00021,0.00004
17.01000,1.98000,0.84550,0.15442,0.00001,0.00005,0.00002
17.21000,1.98000,0.99007,0.00982,0.00000,0.00010,0.00001
17.41000,1.98000,0.95465,0.04532,0.00001,0.00002,0.00001
17.61000,1.98000,0.83298,0.16681,0.00004,0.00014,0.00003
17.81000,1.98000,0.59966,0.39968,0.00019,0.00044,0.00004
18.01000,1.98000,0.44410,0.55406,0.00014,0.00165,0.00005
18.21000,1.98000,0.51119,0.48773,0.00016,0.00089,0.00003
18.41000,1.98000,0.57052,0.42563,0.00005,0.00377,0.00004
18.61000,1.98000,0.72322,0.27383,0.00003,0.00289,0.00002
18.81000,1.98000,0.96627,0.03303,0.00000,0.00070,0.00000
19.01000,1.98000,0.99799,0.00197,0.00000,0.00004,0.00000
19.21000,1.98000,0.99982,0.00017,0.00000,0.00001,0.00000
19.41000,1.98000,0.99996,0.00000,0.00000,0.00004,0.00000
19.61000,1.98000,0.99997,0.00000,0.00000,0.00002,0.00000
19.81000,1.98000,0.99934,0.00047,0.00000,0.00019,0.00000
20.01000,1.98000,0.95976,0.03712,0.00000,0.00311,0.00002
20.21000,1.98000,0.79231,0.19313,0.00001,0.01446,0.00010
20.41000,1.98000,0.77886,0.20524,0.00001,0.01577,0.00012
20.61000,1.98000,0.76823,0.21579,0.00001,0.01585,0.00012
20.81000,1.98000,0.79556,0.18971,0.00001,0.01461,0.00011
21.01000,1.98000,0.99401,0.00542,0.00000,0.00057,0.00000
21.21000,1.98000,0.99989,0.00005,0.00000,0.00007,0.00000
21.41000,1.98000,0.99987,0.00000,0.00000,0.00013,0.00000
21.61000,1.98000,0.99970,0.00000,0.00000,0.00030,0.00000
21.81000,1.98000,0.99998,0.00000,0.00000,0.00002,0.00000
22.01000,1.98000,0.99995,0.00000,0.00000,0.00005,0.00000
22.21000,1.98000,0.99938,0.00033,0.00000,0.00029,0.00000
22.41000,1.98000,0.92385,0.07546,0.00000,0.00068,0.00001
22.61000,1.98000,0.63396,0.36213,0.00002,0.00384,0.00006
22.81000,1.98000,0.59921,0.39583,0.00003,0.00485,0.00007
23.01000,1.98000,0.63369,0.36177,0.00002,0.00446,0.00006
23.21000,1.98000,0.68005,0.31578,0.00002,0.00410,0.00005
23.41000,1.98000,0.94882,0.05039,0.00000,0.00078,0.00001
23.61000,1.98000,0.99910,0.00086,0.00000,0.00003,0.00000
23.81000,1.98000,0.99987,0.00006,0.00000,0.00007,0.00000
24.01000,1.98000,0.99981,0.00015,0.00000,0.00004,0.00000
24.21000,1.98000,0.99988,0.00011,0.00000,0.00001,0.00000
24.41000,1.98000,0.99670,0.00328,0.00000,0.00002,0.00000
24.61000,1.98000,0.75349,0.24483,0.00000,0.00167,0.00001
24.81000,1.98000,0.73322,0.26499,0.00001,0.00177,0.00002
25.01000,1.98000,0.71446,0.28362,0.00001,0.00189,0.00002
25.21000,1.98000,0.72098,0.27718,0.00001,0.00182,0.00002
25.41000,1.98000,0.76082,0.23746,0.00000,0.00170,0.00001
25.61000,1.98000,0.99626,0.00370,0.00000,0.00004,0.00000
25.81000,1.98000,0.99942,0.00058,0.00000,0.00000,0.00000
26.01000,1.98000,0.99934,0.00064,0.00000,0.00002,0.00000
26.21000,1.98000,0.99847,0.00152,0.00000,0.00001,0.00000
26.41000,1.98000,0.99293,0.00706,0.00000,0.00002,0.00000
26.61000,1.98000,0.68330,0.31565,0.00001,0.00102,0.00001
26.81000,1.98000,0.68066,0.31814,0.00001,0.00118,0.00001
27.01000,1.98000,0.68298,0.31587,0.00001,0.00113,0.00001
27.21000,1.98000,0.68661,0.31222,0.00001,0.00115,0.00001
27.41000,1.98000,0.75933,0.23976,0.00001,0.00089,0.00001
27.61000,1.98000,0.99088,0.00909,0.00000,0.00003,0.00000
27.81000,1.98000,0.99980,0.00019,0.00000,0.00001,0.00000
28.01000,1.98000,0.99994,0.00000,0.00000,0.00006,0.00000
28.21000,1.98000,0.99998,0.00000,0.00000,0.00002,0.00000
28.41000,1.98000,0.99996,0.00001,0.00000,0.00003,0.00000
28.61000,1.98000,0.99962,0.00037,0.00000,0.00001,0.00000
28.81000,1.98000,0.88726,0.11251,0.00000,0.00023,0.00000
29.01000,1.98000,0.66739,0.33191,0.00000,0.00068,0.00002
29.21000,1.98000,0.62271,0.37679,0.00000,0.00048,0.00002
29.41000,1.98000,0.61405,0.38560,0.00000,0.00032,0.00002
29.61000,1.98000,0.62286,0.37685,0.00000,0.00025,0.00003
29.81000,1.98000,0.97859,0.02139,0.00000,0.00001,0.00000
30.01000,1.98000,0.99165,0.00835,0.00000,0.00000,0.00000
30.21000,1.98000,0.99970,0.00028,0.00000,0.00001,0.00000
30.41000,1.98000,0.99997,0.00002,0.00000,0.00001,0.00000
30.61000,1.98000,0.99999,0.00000,0.00000,0.00001,0.00000
30.81000,1.98000,0.99997,0.00002,0.00000,0.00001,0.00000
31.01000,1.98000,0.99749,0.00249,0.00000,0.00002,0.00000
31.21000,1.98000,0.88627,0.11334,0.00001,0.00036,0.00002
31.41000,1.98000,0.66514,0.33201,0.00007,0.00269,0.00009
31.61000,1.98000,0.61144,0.38334,0.00012,0.00499,0.00011
31.81000,1.98000,0.71945,0.27776,0.00007,0.00266,0.00006
32.01000,1.98000,0.77640,0.22164,0.00004,0.00189,0.00003
32.21000,1.98000,0.81061,0.18683,0.00002,0.00252,0.00002
32.41000,1.98000,0.99236,0.00738,0.00000,0.00026,0.00000
32.61000,1.98000,0.99969,0.00012,0.00000,0.00019,0.00000
32.81000,1.98000,0.99951,0.00000,0.00000,0.00049,0.00000
33.01000,1.98000,0.99997,0.00000,0.00000,0.00003,0.00000
33.21000,1.98000,0.99990,0.00000,0.00000,0.00010,0.00000
33.41000,1.98000,0.99974,0.00021,0.00000,0.00005,0.00000
33.61000,1.98000,0.99448,0.00552,0.00000,0.00000,0.00000
33.81000,1.98000,0.66496,0.33462,0.00001,0.00039,0.00001
34.01000,1.98000,0.62131,0.37800,0.00003,0.00064,0.00002
34.21000,1.98000,0.62237,0.37718,0.00003,0.00041,0.00001
34.41000,1.98000,0.58614,0.41329,0.00004,0.00052,0.00002
34.61000,1.98000,0.61270,0.38675,0.00003,0.00051,0.00002
34.81000,1.98000,0.98307,0.01691,0.00000,0.00001,0.00000
35.01000,1.98000,0.99287,0.00713,0.00000,0.00000,0.00000
35.21000,1.98000,0.99409,0.00591,0.00000,0.00000,0.00000
35.41000,1.98000,0.98727,0.01273,0.00000,0.00000,0.00000
35.61000,1.98000,0.74141,0.25755,0.00002,0.00101,0.00002
35.81000,1.98000,0.67248,0.32556,0.00005,0.00188,0.00003
36.01000,1.98000,0.69893,0.29897,0.00003,0.00204,0.00003
36.21000,1.98000,0.72799,0.26960,0.00002,0.00235,0.00003
36.41000,1.98000,0.72623,0.27155,0.00002,0.00217,0.00003
36.61000,1.98000,0.85543,0.14321,0.00001,0.00133,0.00002
36.81000,1.98000,0.99948,0.00050,0.00000,0.00001,0.00000
37.01000,1.98000,0.99988,0.00012,0.00000,0.00000,0.00000
37.21000,1.98000,0.99990,0.00010,0.00000,0.00000,0.00000
37.41000,1.98000,0.99998,0.00001,0.00000,0.00001,0.00000
37.61000,1.98000,0.99909,0.00091,0.00000,0.00000,0.00000
37.81000,1.98000,0.80264,0.19717,0.00001,0.00018,0.00000
38.01000,1.98000,0.63818,0.36129,0.00003,0.00050,0.00001
38.21000,1.98000,0.61247,0.38697,0.00003,0.00052,0.00001
38.41000,1.98000,0.60107,0.39834,0.00003,0.00055,0.00001
38.61000,1.98000,0.72606,0.27362,0.00002,0.00030,0.00001
38.81000,1.98000,0.99250,0.00749,0.00000,0.00000,0.00000
39.01000,1.98000,0.99958,0.00042,0.00000,0.00000,0.00000
39.21000,1.98000,0.99994,0.00003,0.00000,0.00003,0.00000
39.41000,1.98000,0.99954,0.00000,0.00000,0.00045,0.00000
39.61000,1.98000,0.99863,0.00000,0.00000,0.00137,0.00000
39.81000,1.98000,0.99960,0.00000,0.00000,0.00040,0.00000
40.01000,1.98000,0.99840,0.00063,0.00000,0.00096,0.00001
40.21000,1.98000,0.94306,0.05606,0.00000,0.00086,0.00002
40.41000,1.98000,0.48715,0.50627,0.00009,0.00635,0.00014
40.61000,1.98000,0.40109,0.59238,0.00015,0.00623,0.00015
40.81000,1.98000,0.41188,0.58283,0.00023,0.00492,0.00014
41.01000,1.98000,0.54436,0.44407,0.00026,0.01104,0.00026
41.21000,1.98000,0.68199,0.30462,0.00011,0.01305,0.00023
41.41000,1.98000,0.83375,0.15759,0.00005,0.00850,0.00011
41.61000,1.98000,0.99912,0.00075,0.00000,0.00012,0.00000
41.81000,1.98000,0.99976,0.00017,0.00000,0.00007,0.00000
42.01000,1.98000,0.99998,0.00000,0.00000,0.00002,0.00000
42.21000,1.98000,0.99997,0.00002,0.00000,0.00001,0.00000
42.41000,1.98000,0.99933,0.00062,0.00000,0.00005,0.00000
42.61000,1.98000,0.95368,0.04601,0.00000,0.00031,0.00001
42.81000,1.98000,0.73755,0.26118,0.00001,0.00124,0.00002
43.01000,1.98000,0.62543,0.37244,0.00002,0.00207,0.00005
43.21000,1.98000,0.59209,0.40614,0.00003,0.00170,0.00005
43.41000,1.98000,0.58977,0.40902,0.00003,0.00114,0.00004
43.61000,1.98000,0.97938,0.02058,0.00000,0.00004,0.00000
43.81000,1.98000,0.99836,0.00159,0.00000,0.00005,0.00000
44.01000,1.98000,0.99986,0.00000,0.00000,0.00014,0.00000
44.21000,1.98000,0.99995,0.00000,0.00000,0.00005,0.00000
44.41000,1.98000,0.99999,0.00000,0.00000,0.00001,0.00000
44.61000,1.98000,0.99983,0.00010,0.00000,0.00007,0.00000
44.81000,1.98000,0.99921,0.00076,0.00000,0.00003,0.00000
45.01000,1.98000,0.85314,0.14578,0.00000,0.00104,0.00003
45.21000,1.98000,0.89107,0.10878,0.00000,0.00013,0.00002
45.41000,1.98000,0.78419,0.21526,0.00003,0.00042,0.00010
45.61000,1.98000,0.64582,0.35327,0.00006,0.00074,0.00011
45.81000,1.98000,0.59794,0.40060,0.00012,0.00118,0.00017
46.01000,1.98000,0.93995,0.05998,0.00002,0.00004,0.00001
46.21000,1.98000,0.99070,0.00928,0.00001,0.00001,0.00000
46.41000,1.98000,0.99961,0.00028,0.00000,0.00010,0.00000
46.61000,1.98000,0.99993,0.00000,0.00000,0.00007,0.00000
46.81000,1.98000,0.99996,0.00000,0.00000,0.00004,0.00000
47.01000,1.98000,1.00000,0.00000,0.00000,0.00000,0.00000
47.21000,1.98000,0.99997,0.00001,0.00000,0.00002,0.00000
47.41000,1.98000,0.99804,0.00192,0.00000,0.00003,0.00000
47.61000,1.98000,0.98025,0.01973,0.00000,0.00001,0.00000
47.81000,1.98000,0.68018,0.31969,0.00001,0.00011,0.00001
48.01000,1.98000,0.61562,0.38420,0.00002,0.00016,0.00001
48.21000,1.98000,0.51967,0.47988,0.00004,0.00038,0.00003
48.41000,1.98000,0.50697,0.49256,0.00003,0.00041,0.00003
48.61000,1.98000,0.63467,0.36485,0.00004,0.00041,0.00003
48.81000,1.98000,0.97168,0.02829,0.00000,0.00003,0.00000
49.01000,1.98000,0.99715,0.00281,0.00000,0.00004,0.00000
49.21000,1.98000,0.99982,0.00018,0.00000,0.00000,0.00000
49.41000,1.98000,0.99318,0.00682,0.00000,0.00000,0.00000
49.61000,1.98000,0.99803,0.00197,0.00000,0.00000,0.00000
49.81000,1.98000,0.77130,0.22861,0.00007,0.00003,0.00000
50.01000,1.98000,0.56090,0.43888,0.00010,0.00012,0.00000
50.21000,1.98000,0.49328,0.50635,0.00015,0.00022,0.00001
50.41000,1.98000,0.53654,0.46311,0.00010,0.00024,0.00001
50.61000,1.98000,0.53321,0.46646,0.00008,0.00024,0.00001
50.81000,1.98000,0.81378,0.18611,0.00003,0.00008,0.00000
51.01000,1.98000,0.99347,0.00653,0.00000,0.00000,0.00000
51.21000,1.98000,0.99990,0.00009,0.00000,0.00001,0.00000
51.41000,1.98000,0.99998,0.00001,0.00000,0.00001,0.00000
51.61000,1.98000,0.99998,0.00000,0.00000,0.00002,0.00000
51.81000,1.98000,0.99980,0.00019,0.00000,0.00000,0.00000
52.01000,1.98000,0.89916,0.10071,0.00001,0.00012,0.00000
52.21000,1.98000,0.67325,0.32610,0.00010,0.00054,0.00001
52.41000,1.98000,0.66899,0.33036,0.00011,0.00053,0.00001
52.61000,1.98000,0.66288,0.33643,0.00013,0.00055,0.00002
52.81000,1.98000,0.66592,0.33340,0.00013,0.00054,0.00002
53.01000,1.98000,0.71158,0.28779,0.00011,0.00051,0.00001
53.21000,1.98000,0.99129,0.00871,0.00000,0.00001,0.00000
53.41000,1.98000,0.99717,0.00283,0.00000,0.00000,0.00000
53.61000,1.98000,0.99746,0.00254,0.00000,0.00000,0.00000
53.81000,1.98000,0.99958,0.00042,0.00000,0.00000,0.00000
54.01000,1.98000,0.83996,0.15914,0.00004,0.00083,0.00003
54.21000,1.98000,0.77057,0.22841,0.00007,0.00091,0.00004
54.41000,1.98000,0.65308,0.34575,0.00011,0.00101,0.00005
54.61000,1.98000,0.60075,0.39798,0.00015,0.00107,0.00006
54.81000,1.98000,0.56472,0.43407,0.00020,0.00093,0.00008
55.01000,1.98000,0.87075,0.12877,0.00007,0.00038,0.00004
55.21000,1.98000,0.98851,0.01145,0.00001,0.00003,0.00000
55.41000,1.98000,0.99989,0.00008,0.00000,0.00003,0.00000
55.61000,1.98000,0.99995,0.00000,0.00000,0.00005,0.00000
55.81000,1.98000,0.99998,0.00000,0.00000,0.00002,0.00000
56.01000,1.98000,0.99971,0.00028,0.00000,0.00001,0.00000
56.21000,1.98000,0.99716,0.00282,0.00000,0.00001,0.00000
56.41000,1.98000,0.75125,0.24770,0.00003,0.00097,0.00005
56.61000,1.98000,0.65518,0.34284,0.00007,0.00182,0.00009
56.81000,1.98000,0.59142,0.40629,0.00010,0.00207,0.00012
57.01000,1.98000,0.62966,0.36926,0.00008,0.00091,0.00008
57.21000,1.98000,0.66538,0.33394,0.00015,0.00047,0.00007
57.41000,1.98000,0.91478,0.08517,0.00003,0.00001,0.00001
57.61000,1.98000,0.92964,0.07030,0.00005,0.00001,0.00000
57.81000,1.98000,0.99446,0.00552,0.00002,0.00000,0.00000
58.01000,1.98000,0.99992,0.00007,0.00000,0.00001,0.00000
58.21000,1.98000,0.99992,0.00000,0.00000,0.00008,0.00000
58.41000,1.98000,0.99983,0.00000,0.00000,0.00017,0.00000
58.61000,1.98000,0.99982,0.00000,0.00000,0.00018,0.00000
58.81000,1.98000,0.99994,0.00000,0.00000,0.00006,0.00000
59.01000,1.98000,0.99993,0.00000,0.00000,0.00007,0.00000
59.21000,1.98000,0.99864,0.00135,0.00000,0.00001,0.00000
59.41000,1.98000,0.99696,0.00304,0.00000,0.00000,0.00000
59.61000,1.98000,0.89448,0.10550,0.00000,0.00002,0.00000
59.81000,1.98000,0.73756,0.26225,0.00002,0.00017,0.00001
60.01000,1.98000,0.68164,0.31813,0.00002,0.00020,0.00001
60.21000,1.98000,0.63856,0.36112,0.00005,0.00026,0.00002
60.41000,1.98000,0.62205,0.37767,0.00006,0.00020,0.00002
60.61000,1.98000,0.85449,0.14543,0.00003,0.00004,0.00001
60.81000,1.98000,0.98717,0.01283,0.00000,0.00000,0.00000
61.01000,1.98000,0.99619,0.00381,0.00000,0.00000,0.00000
61.21000,1.98000,0.99998,0.00000,0.00000,0.00002,0.00000
61.41000,1.98000,0.99994,0.00000,0.00000,0.00006,0.00000
61.61000,1.98000,0.99996,0.00000,0.00000,0.00004,0.00000
61.81000,1.98000,0.99990,0.00000,0.00000,0.00010,0.00000
62.01000,1.98000,0.99922,0.00072,0.00000,0.00006,0.00000
62.21000,1.98000,0.99031,0.00968,0.00000,0.00001,0.00000
62.41000,1.98000,0.80263,0.19725,0.00002,0.00010,0.00000
62.61000,1.98000,0.56485,0.43458,0.00009,0.00046,0.00001
62.81000,1.98000,0.54157,0.45778,0.00009,0.00055,0.00002
63.01000,1.98000,0.53591,0.46326,0.00008,0.00073,0.00002
63.21000,1.98000,0.56731,0.43184,0.00008,0.00075,0.00002
63.41000,1.98000,0.98024,0.01973,0.00000,0.00003,0.00000
63.61000,1.98000,0.99873,0.00127,0.00000,0.00001,0.00000
63.81000,1.98000,0.99999,0.00000,0.00000,0.00001,0.00000
64.01000,1.98000,1.00000,0.00000,0.00000,0.00000,0.00000
64.21000,1.98000,0.99996,0.00000,0.00000,0.00004,0.00000
64.41000,1.98000,0.99998,0.00000,0.00000,0.00002,0.00000
64.61000,1.98000,0.99977,0.00022,0.00000,0.00001,0.00000
64.81000,1.98000,0.97177,0.02814,0.00000,0.00009,0.00000
65.01000,1.98000,0.67769,0.32047,0.00002,0.00180,0.00002
65.21000,1.98000,0.66283,0.33519,0.00002,0.00192,0.00003
65.41000,1.98000,0.63797,0.35998,0.00003,0.00200,0.00003
65.61000,1.98000,0.64080,0.35708,0.00003,0.00207,0.00003
65.81000,1.98000,0.96826,0.03159,0.00000,0.00014,0.00000
66.01000,1.98000,0.99945,0.00054,0.00000,0.00001,0.00000
66.21000,1.98000,0.99997,0.00001,0.00000,0.00002,0.00000
66.41000,1.98000,0.99994,0.00000,0.00000,0.00006,0.00000
66.61000,1.98000,0.99998,0.00000,0.00000,0.00002,0.00000
66.81000,1.98000,0.99999,0.00000,0.00000,0.00001,0.00000
67.01000,1.98000,0.99993,0.00006,0.00000,0.00000,0.00000
67.21000,1.98000,0.98744,0.01251,0.00000,0.00005,0.00000
67.41000,1.98000,0.84267,0.15705,0.00000,0.00028,0.00001
67.61000,1.98000,0.71064,0.28873,0.00001,0.00060,0.00002
67.81000,1.98000,0.62091,0.37816,0.00003,0.00087,0.00003
68.01000,1.98000,0.60103,0.39802,0.00003,0.00090,0.00003
68.21000,1.98000,0.89264,0.10730,0.00001,0.00005,0.00000
68.41000,1.98000,0.97812,0.02186,0.00000,0.00002,0.00000
68.61000,1.98000,0.99899,0.00097,0.00000,0.00004,0.00000
68.81000,1.98000,0.99988,0.00000,0.00000,0.00012,0.00000
69.01000,1.98000,0.99988,0.00000,0.00000,0.00012,0.00000
69.21000,1.98000,0.99973,0.00000,0.00000,0.00027,0.00000
69.41000,1.98000,0.99979,0.00000,0.00000,0.00021,0.00000
69.61000,1.98000,0.99985,0.00000,0.00000,0.00015,0.00000
69.81000,1.98000,0.99980,0.00008,0.00000,0.00011,0.00000
70.01000,1.98000,0.99674,0.00326,0.00000,0.00000,0.00000
70.21000,1.98000,0.73632,0.26342,0.00001,0.00024,0.00000
70.41000,1.98000,0.67355,0.32611,0.00001,0.00033,0.00000
70.61000,1.98000,0.58297,0.41652,0.00002,0.00049,0.00001
70.81000,1.98000,0.58326,0.41620,0.00002,0.00052,0.00001
71.01000,1.98000,0.64087,0.35863,0.00001,0.00047,0.00001
71.21000,1.98000,0.97297,0.02702,0.00000,0.00002,0.00000
71.41000,1.98000,0.99891,0.00109,0.00000,0.00000,0.00000
71.61000,1.98000,0.99999,0.00000,0.00000,0.00001,0.00000
71.81000,1.98000,0.99998,0.00000,0.00000,0.00002,0.00000
72.01000,1.98000,0.99997,0.00000,0.00000,0.00003,0.00000
72.21000,1.98000,0.99998,0.00000,0.00000,0.00002,0.00000
72.41000,1.98000,0.99998,0.00000,0.00000,0.00002,0.00000
72.61000,1.98000,0.99997,0.00000,0.00000,0.00003,0.00000
72.81000,1.98000,0.99997,0.00000,0.00000,0.00003,0.00000
73.01000,1.98000,0.99995,0.00004,0.00000,0.00002,0.00000
73.21000,1.98000,0.96531,0.03428,0.00000,0.00041,0.00000
73.41000,1.98000,0.82358,0.17507,0.00000,0.00133,0.00001
73.61000,1.98000,0.74595,0.25161,0.00001,0.00240,0.00003
73.81000,1.98000,0.71811,0.27929,0.00001,0.00256,0.00003
74.01000,1.98000,0.73310,0.26436,0.00001,0.00250,0.00003
74.21000,1.98000,0.79967,0.19829,0.00001,0.00201,0.00002
74.41000,1.98000,0.99887,0.00111,0.00000,0.00002,0.00000
74.61000,1.98000,0.99996,0.00003,0.00000,0.00001,0.00000
74.81000,1.98000,0.99998,0.00000,0.00000,0.00002,0.00000
75.01000,1.98000,0.99998,0.00000,0.00000,0.00002,0.00000
75.21000,1.98000,1.00000,0.00000,0.00000,0.00000,0.00000
75.41000,1.98000,0.99967,0.00033,0.00000,0.00000,0.00000
75.61000,1.98000,0.85898,0.14091,0.00001,0.00010,0.00000
75.81000,1.98000,0.67617,0.32351,0.00004,0.00027,0.00001
76.01000,1.98000,0.67416,0.32551,0.00004,0.00028,0.00001
76.21000,1.98000,0.67583,0.32383,0.00004,0.00029,0.00001
76.41000,1.98000,0.67559,0.32408,0.00004,0.00028,0.00001
76.61000,1.98000,0.84348,0.15634,0.00002,0.00015,0.00000
76.81000,1.98000,0.99821,0.00179,0.00000,0.00000,0.00000
77.01000,1.98000,0.99990,0.00010,0.00000,0.00000,0.00000
77.21000,1.98000,0.99999,0.00000,0.00000,0.00001,0.00000
77.41000,1.98000,0.99998,0.00000,0.00000,0.00002,0.00000
77.61000,1.98000,0.99998,0.00000,0.00000,0.00002,0.00000
77.81000,1.98000,0.99995,0.00000,0.00000,0.00005,0.00000
78.01000,1.98000,0.99993,0.00005,0.00000,0.00002,0.00000
78.21000,1.98000,0.99004,0.00994,0.00000,0.00002,0.00000
78.41000,1.98000,0.68678,0.31249,0.00003,0.00069,0.00001
78.61000,1.98000,0.64748,0.35160,0.00004,0.00086,0.00002
78.81000,1.98000,0.64770,0.35137,0.00004,0.00088,0.00002
79.01000,1.98000,0.66199,0.33712,0.00004,0.00084,0.00002
79.21000,1.98000,0.72161,0.27766,0.00003,0.00070,0.00001
79.41000,1.98000,0.99423,0.00575,0.00000,0.00002,0.00000
79.61000,1.98000,0.99963,0.00037,0.00000,0.00000,0.00000
79.81000,1.98000,0.99999,0.00000,0.00000,0.00001,0.00000
80.01000,1.98000,0.99999,0.00000,0.00000,0.00001,0.00000
80.21000,1.98000,0.99999,0.00000,0.00000,0.00001,0.00000
80.41000,1.98000,0.99974,0.00025,0.00000,0.00000,0.00000
80.61000,1.98000,0.86133,0.13848,0.00000,0.00019,0.00000
80.81000,1.98000,0.63272,0.36661,0.00001,0.00065,0.00001
81.01000,1.98000,0.62547,0.37381,0.00002,0.00069,0.00001
81.21000,1.98000,0.63410,0.36523,0.00002,0.00064,0.00001
81.41000,1.98000,0.63260,0.36672,0.00002,0.00065,0.00001
81.61000,1.98000,0.91482,0.08502,0.00000,0.00015,0.00000
81.81000,1.98000,0.99857,0.00143,0.00000,0.00001,0.00000
82.01000,1.98000,0.99997,0.00003,0.00000,0.00000,0.00000
82.21000,1.98000,0.99998,0.00000,0.00000,0.00002,0.00000
82.41000,1.98000,0.99998,0.00000,0.00000,0.00002,0.00000
82.61000,1.98000,0.99998,0.00000,0.00000,0.00002,0.00000
82.81000,1.98000,0.99998,0.00000,0.00000,0.00002,0.00000
83.01000,1.98000,0.99992,0.00007,0.00000,0.00001,0.00000
83.21000,1.98000,0.98745,0.01254,0.00000,0.00001,0.00000
83.41000,1.98000,0.63143,0.36778,0.00002,0.00075,0.00001
83.61000,1.98000,0.62488,0.37427,0.00003,0.00081,0.00002
83.81000,1.98000,0.62455,0.37462,0.00003,0.00078,0.00002
84.01000,1.98000,0.62822,0.37101,0.00003,0.00073,0.00002
84.21000,1.98000,0.78711,0.21261,0.00002,0.00025,0.00001
84.41000,1.98000,0.98860,0.01139,0.00000,0.00001,0.00000
84.61000,1.98000,0.99852,0.00147,0.00000,0.00001,0.00000
84.81000,1.98000,0.99997,0.00001,0.00000,0.00002,0.00000
85.01000,1.98000,0.99994,0.00000,0.00000,0.00006,0.00000
85.21000,1.98000,0.99973,0.00024,0.00000,0.00003,0.00000
85.41000,1.98000,0.99330,0.00670,0.00000,0.00001,0.00000
85.61000,1.98000,0.63531,0.36358,0.00013,0.00092,0.00005
85.81000,1.98000,0.62176,0.37661,0.00027,0.00128,0.00008
86.01000,1.98000,0.62604,0.37235,0.00023,0.00132,0.00006
86.21000,1.98000,0.66548,0.33294,0.00011,0.00143,0.00004
86.41000,1.98000,0.71769,0.28098,0.00006,0.00124,0.00003
86.61000,1.98000,0.98890,0.01106,0.00000,0.00004,0.00000
86.81000,1.98000,0.99723,0.00277,0.00000,0.00000,0.00000
87.01000,1.98000,0.99743,0.00256,0.00000,0.00000,0.00000
87.21000,1.98000,0.99115,0.00884,0.00000,0.00000,0.00000
87.41000,1.98000,0.98064,0.01900,0.00000,0.00035,0.00001
87.61000,1.98000,0.72535,0.27049,0.00004,0.00406,0.00006
87.81000,1.98000,0.64953,0.34390,0.00007,0.00640,0.00010
88.01000,1.98000,0.66101,0.33315,0.00006,0.00569,0.00009
88.21000,1.98000,0.65844,0.33566,0.00006,0.00575,0.00009
88.41000,1.98000,0.90308,0.09461,0.00001,0.00227,0.00003
88.61000,1.98000,0.99900,0.00096,0.00000,0.00004,0.00000
88.81000,1.98000,0.99985,0.00003,0.00000,0.00012,0.00000
89.01000,1.98000,0.99986,0.00000,0.00000,0.00014,0.00000
89.21000,1.98000,0.99998,0.00000,0.00000,0.00002,0.00000
89.41000,1.98000,0.99994,0.00000,0.00000,0.00006,0.00000
89.61000,1.98000,0.99996,0.00001,0.00000,0.00003,0.00000
89.81000,1.98000,0.99291,0.00652,0.00000,0.00056,0.00000
90.01000,1.98000,0.79275,0.20457,0.00005,0.00258,0.00004
90.21000,1.98000,0.62996,0.36656,0.00020,0.00320,0.00008
90.41000,1.98000,0.59823,0.39756,0.00033,0.00377,0.00010
90.61000,1.98000,0.63445,0.36144,0.00033,0.00368,0.00010
90.81000,1.98000,0.61056,0.38463,0.00041,0.00428,0.00012
91.01000,1.98000,0.90914,0.08925,0.00009,0.00149,0.00003
91.21000,1.98000,0.99935,0.00064,0.00000,0.00001,0.00000
91.41000,1.98000,0.99941,0.00058,0.00000,0.00000,0.00000
91.61000,1.98000,1.00000,0.00000,0.00000,0.00000,0.00000
91.81000,1.98000,0.99990,0.00009,0.00000,0.00001,0.00000
92.01000,1.98000,0.99910,0.00086,0.00000,0.00004,0.00000
92.21000,1.98000,0.85139,0.14603,0.00000,0.00251,0.00006
92.41000,1.98000,0.64261,0.34980,0.00001,0.00734,0.00024
92.61000,1.98000,0.56558,0.42416,0.00003,0.00981,0.00042
92.81000,1.98000,0.52862,0.46121,0.00002,0.00974,0.00040
93.01000,1.98000,0.87295,0.12476,0.00001,0.00218,0.00011
93.21000,1.98000,0.99762,0.00221,0.00000,0.00016,0.00000
93.41000,1.98000,0.99983,0.00006,0.00000,0.00011,0.00000
93.61000,1.98000,0.99993,0.00000,0.00000,0.00007,0.00000
93.81000,1.98000,0.99999,0.00000,0.00000,0.00001,0.00000
94.01000,1.98000,0.99999,0.00000,0.00000,0.00001,0.00000
94.21000,1.98000,0.99991,0.00004,0.00000,0.00004,0.00000
94.41000,1.98000,0.99705,0.00294,0.00000,0.00001,0.00000
94.61000,1.98000,0.71717,0.28271,0.00000,0.00012,0.00000
94.81000,1.98000,0.57281,0.42704,0.00002,0.00013,0.00001
95.01000,1.98000,0.49648,0.50329,0.00002,0.00020,0.00001
95.21000,1.98000,0.71763,0.28236,0.00000,0.00001,0.00000
95.41000,1.98000,0.97249,0.02751,0.00000,0.00000,0.00000
95.61000,1.98000,0.94650,0.05348,0.00001,0.00001,0.00000
95.81000,1.98000,0.95097,0.04880,0.00011,0.00009,0.00002
96.01000,1.98000,0.97933,0.01979,0.00071,0.00012,0.00004
96.21000,1.98000,0.98816,0.01050,0.00089,0.00040,0.00006
96.41000,1.98000,0.97683,0.00040,0.00007,0.02020,0.00250
96.61000,1.98000,0.93654,0.00027,0.00007,0.05709,0.00604
96.81000,1.98000,0.95381,0.00014,0.00003,0.04307,0.00295
97.01000,1.98000,0.99984,0.00000,0.00000,0.00015,0.00000
97.21000,1.98000,0.99999,0.00000,0.00000,0.00001,0.00000
97.41000,1.98000,1.00000,0.00000,0.00000,0.00000,0.00000
97.61000,1.98000,1.00000,0.00000,0.00000,0.00000,0.00000
97.81000,1.98000,1.00000,0.00000,0.00000,0.00000,0.00000
98.01000,1.98000,1.00000,0.00000,0.00000,0.00000,0.00000
98.21000,1.98000,1.00000,0.00000,0.00000,0.00000,0.00000
98.41000,1.98000,1.00000,0.00000,0.00000,0.00000,0.00000
98.61000,1.98000,1.00000,0.00000,0.00000,0.00000,0.00000
98.81000,1.98000,0.99999,0.00000,0.00000,0.00001,0.00000
99.01000,1.98000,0.99900,0.00090,0.00000,0.00010,0.00000
99.21000,1.98000,0.86297,0.12958,0.00005,0.00715,0.00025
99.41000,1.98000,0.66970,0.31526,0.00007,0.01460,0.00038
99.61000,1.98000,0.59606,0.38292,0.00012,0.02026,0.00065
99.81000,1.98000,0.52271,0.45300,0.00014,0.02346,0.00069
100.01000,1.98000,0.65539,0.32839,0.00017,0.01538,0.00067
100.21000,1.98000,0.99334,0.00620,0.00001,0.00043,0.00001
100.41000,1.98000,0.99982,0.00004,0.00000,0.00014,0.00000
100.61000,1.98000,0.99994,0.00000,0.00000,0.00006,0.00000
100.81000,1.98000,0.99995,0.00000,0.00000,0.00005,0.00000
101.01000,1.98000,1.00000,0.00000,0.00000,0.00000,0.00000
101.21000,1.98000,0.99999,0.00000,0.00000,0.00001,0.00000
101.41000,1.98000,0.99999,0.00000,0.00000,0.00001,0.00000
101.61000,1.98000,1.00000,0.00000,0.00000,0.00000,0.00000
101.81000,1.98000,1.00000,0.00000,0.00000,0.00000,0.00000
102.01000,1.98000,0.99992,0.00008,0.00000,0.00000,0.00000
102.21000,1.98000,0.99869,0.00131,0.00000,0.00000,0.00000
102.41000,1.98000,0.71792,0.28201,0.00000,0.00007,0.00000
102.61000,1.98000,0.65350,0.34639,0.00001,0.00009,0.00001
102.81000,1.98000,0.59230,0.40758,0.00002,0.00010,0.00000
103.01000,1.98000,0.58555,0.41422,0.00002,0.00021,0.00001
103.21000,1.98000,0.89504,0.10490,0.00001,0.00005,0.00000
103.41000,1.98000,0.99445,0.00554,0.00000,0.00000,0.00000
103.61000,1.98000,0.99992,0.00007,0.00000,0.00001,0.00000
103.81000,1.98000,0.99997,0.00000,0.00000,0.00003,0.00000
104.01000,1.98000,0.99998,0.00000,0.00000,0.00002,0.00000
104.21000,1.98000,0.99997,0.00000,0.00000,0.00003,0.00000
104.41000,1.98000,0.99997,0.00000,0.00000,0.00003,0.00000
104.61000,1.98000,0.99998,0.00000,0.00000,0.00002,0.00000
104.81000,1.98000,0.99996,0.00000,0.00000,0.00004,0.00000
105.01000,1.98000,0.99998,0.00000,0.00000,0.00002,0.00000
105.21000,1.98000,0.99976,0.00021,0.00000,0.00002,0.00000
105.41000,1.98000,0.99328,0.00671,0.00000,0.00001,0.00000
105.61000,1.98000,0.61632,0.38246,0.00002,0.00119,0.00002
105.81000,1.98000,0.52625,0.47195,0.00003,0.00174,0.00003
106.01000,1.98000,0.50199,0.49610,0.00004,0.00184,0.00003
106.21000,1.98000,0.49693,0.50108,0.00004,0.00192,0.00003
106.41000,1.98000,0.86722,0.13233,0.00001,0.00043,0.00001
106.61000,1.98000,0.99617,0.00381,0.00000,0.00001,0.00000
106.81000,1.98000,0.99992,0.00006,0.00000,0.00002,0.00000
107.01000,1.98000,0.99998,0.00000,0.00000,0.00002,0.00000
107.21000,1.98000,0.99999,0.00000,0.00000,0.00001,0.00000
107.41000,1.98000,0.99999,0.00000,0.00000,0.00001,0.00000
107.61000,1.98000,0.99998,0.00000,0.00000,0.00002,0.00000
107.81000,1.98000,0.99990,0.00008,0.00000,0.00002,0.00000
108.01000,1.98000,0.97955,0.02042,0.00000,0.00004,0.00000
108.21000,1.98000,0.67812,0.32072,0.00001,0.00113,0.00002
108.41000,1.98000,0.59755,0.40093,0.00002,0.00147,0.00002
108.61000,1.98000,0.57823,0.42035,0.00003,0.00136,0.00002
108.81000,1.98000,0.58509,0.41343,0.00003,0.00143,0.00002
109.01000,1.98000,0.97049,0.02945,0.00000,0.00006,0.00000
109.21000,1.98000,0.99924,0.00075,0.00000,0.00001,0.00000
109.41000,1.98000,0.99997,0.00001,0.00000,0.00002,0.00000
109.61000,1.98000,0.99993,0.00000,0.00000,0.00007,0.00000
109.81000,1.98000,0.99998,0.00000,0.00000,0.00002,0.00000
110.01000,1.98000,0.99998,0.00000,0.00000,0.00002,0.00000
110.21000,1.98000,0.99988,0.00009,0.00000,0.00003,0.00000
110.41000,1.98000,0.98599,0.01398,0.00000,0.00003,0.00000
110.61000,1.98000,0.68037,0.31823,0.00002,0.00135,0.00002
110.81000,1.98000,0.61782,0.38042,0.00004,0.00170,0.00003
111.01000,1.98000,0.64110,0.35733,0.00004,0.00151,0.00002
111.21000,1.98000,0.63874,0.35976,0.00003,0.00145,0.00002
111.41000,1.98000,0.79568,0.20347,0.00002,0.00082,0.00001
111.61000,1.98000,0.99513,0.00486,0.00000,0.00001,0.00000
111.81000,1.98000,0.99990,0.00009,0.00000,0.00001,0.00000
112.01000,1.98000,0.99998,0.00000,0.00000,0.00002,0.00000
112.21000,1.98000,0.99999,0.00000,0.00000,0.00001,0.00000
112.41000,1.98000,0.99997,0.00000,0.00000,0.00002,0.00000
112.61000,1.98000,0.99959,0.00041,0.00000,0.00000,0.00000
112.81000,1.98000,0.94496,0.05504,0.00000,0.00000,0.00000
113.01000,1.98000,0.53460,0.46527,0.00003,0.00010,0.00000
113.21000,1.98000,0.54218,0.45773,0.00003,0.00006,0.00000
113.41000,1.98000,0.50973,0.49014,0.00003,0.00009,0.00000
113.61000,1.98000,0.54636,0.45353,0.00003,0.00008,0.00000
113.81000,1.98000,0.86537,0.13460,0.00001,0.00002,0.00000
114.01000,1.98000,0.98189,0.01810,0.00000,0.00000,0.00000
114.21000,1.98000,0.99930,0.00070,0.00000,0.00000,0.00000
114.41000,1.98000,0.99999,0.00000,0.00000,0.00001,0.00000
114.61000,1.98000,0.99997,0.00000,0.00000,0.00003,0.00000
114.81000,1.98000,0.99998,0.00000,0.00000,0.00002,0.00000
115.01000,1.98000,0.99999,0.00000,0.00000,0.00001,0.00000
115.21000,1.98000,0.99990,0.00008,0.00000,0.00002,0.00000
115.41000,1.98000,0.98947,0.01048,0.00000,0.00005,0.00000
115.61000,1.98000,0.74460,0.25438,0.00001,0.00100,0.00001
115.81000,1.98000,0.64648,0.35206,0.00003,0.00141,0.00002
116.01000,1.98000,0.62525,0.37320,0.00003,0.00150,0.00002
116.21000,1.98000,0.63161,0.36693,0.00003,0.00140,0.00002
116.41000,1.98000,0.71383,0.28507,0.00002,0.00106,0.00002
116.61000,1.98000,0.99053,0.00945,0.00000,0.00002,0.00000
116.81000,1.98000,0.99979,0.00020,0.00000,0.00001,0.00000
117.01000,1.98000,0.99998,0.00000,0.00000,0.00002,0.00000
117.21000,1.98000,0.99999,0.00000,0.00000,0.00001,0.00000
117.41000,1.98000,0.99999,0.00000,0.00000,0.00001,0.00000
117.61000,1.98000,0.99998,0.00000,0.00000,0.00002,0.00000
117.81000,1.98000,0.99989,0.00009,0.00000,0.00001,0.00000
118.01000,1.98000,0.99287,0.00713,0.00000,0.00000,0.00000
118.21000,1.98000,0.59616,0.40354,0.00002,0.00027,0.00001
118.41000,1.98000,0.53081,0.46882,0.00003,0.00033,0.00001
118.61000,1.98000,0.53064,0.46898,0.00003,0.00034,0.00001
118.81000,1.98000,0.58305,0.41663,0.00002,0.00028,0.00001
119.01000,1.98000,0.83128,0.16859,0.00001,0.00012,0.00000
119.21000,1.98000,0.99447,0.00553,0.00000,0.00000,0.00000
119.41000,1.98000,0.99992,0.00007,0.00000,0.00001,0.00000
119.61000,1.98000,0.99997,0.00000,0.00000,0.00003,0.00000
119.81000,1.98000,0.99999,0.00000,0.00000,0.00001,0.00000
120.01000,1.98000,0.99998,0.00000,0.00000,0.00002,0.00000
120.21000,1.98000,0.99999,0.00000,0.00000,0.00001,0.00000
120.41000,1.98000,0.99999,0.00000,0.00000,0.00001,0.00000
120.61000,1.98000,0.99989,0.00000,0.00000,0.00011,0.00000
120.81000,1.98000,0.99859,0.00000,0.00000,0.00140,0.00001
121.01000,1.98000,0.99876,0.00000,0.00000,0.00122,0.00001
121.21000,1.98000,0.99971,0.00000,0.00000,0.00027,0.00002
121.41000,1.98000,0.99956,0.00001,0.00000,0.00038,0.00006
121.61000,1.98000,0.99525,0.00010,0.00001,0.00357,0.00107
121.81000,1.98000,0.96268,0.00030,0.00010,0.02829,0.00863
122.01000,1.98000,0.98524,0.00008,0.00010,0.00839,0.00619
122.21000,1.98000,0.99295,0.00001,0.00008,0.00493,0.00204
122.41000,1.98000,0.98616,0.00000,0.00001,0.01089,0.00294
122.61000,1.98000,0.97983,0.00000,0.00000,0.01802,0.00215
122.81000,1.98000,0.99432,0.00000,0.00000,0.00477,0.00090
123.01000,1.98000,0.99984,0.00000,0.00000,0.00013,0.00002
