Time (seconds), Duration (seconds),pred_(unlabeled),pred_On,pred_Off,pred_Dimmer,pred_Lighter
0.01000,1.98000,1.00000,0.00000,0.00000,0.00000,0.00000
0.21000,1.98000,1.00000,0.00000,0.00000,0.00000,0.00000
0.41000,1.98000,0.99994,0.00000,0.00000,0.00006,0.00000
0.61000,1.98000,0.99918,0.00000,0.00000,0.00081,0.00001
0.81000,1.98000,0.97154,0.00000,0.00000,0.02538,0.00308
1.01000,1.98000,0.83128,0.00003,0.00001,0.04156,0.12713
1.21000,1.98000,0.71029,0.00005,0.00002,0.01128,0.27835
1.41000,1.98000,0.67676,0.00008,0.00003,0.00200,0.32113
1.61000,1.98000,0.70372,0.00008,0.00005,0.00041,0.29574
1.81000,1.98000,0.94565,0.00001,0.00002,0.00001,0.05431
2.01000,1.98000,0.99918,0.00000,0.00000,0.00000,0.00082
2.21000,1.98000,0.99971,0.00000,0.00000,0.00000,0.00029
2.41000,1.98000,0.99986,0.00000,0.00000,0.00000,0.00014
2.61000,1.98000,0.99991,0.00000,0.00000,0.00000,0.00009
2.81000,1.98000,0.99997,0.00000,0.00000,0.00000,0.00002
3.01000,1.98000,0.99999,0.00000,0.00000,0.00000,0.00001
3.21000,1.98000,0.99999,0.00000,0.00000,0.00000,0.00001
3.41000,1.98000,0.99998,0.00000,0.00000,0.00000,0.00002
3.61000,1.98000,0.99996,0.00000,0.00000,0.00000,0.00004
3.81000,1.98000,0.99974,0.00000,0.00000,0.00000,0.00026
4.01000,1.98000,0.99919,0.00000,0.00001,0.00000,0.00080
4.21000,1.98000,0.99892,0.00000,0.00001,0.00000,0.00107
4.41000,1.98000,0.99901,0.00000,0.00001,0.00000,0.00098
4.61000,1.98000,0.99917,0.00000,0.00000,0.00000,0.00082
4.81000,1.98000,0.99964,0.00000,0.00000,0.00000,0.00036
5.01000,1.98000,0.99982,0.00000,0.00000,0.00000,0.00018
5.21000,1.98000,0.99994,0.00000,0.00000,0.00000,0.00006
5.41000,1.98000,0.99993,0.00000,0.00000,0.00000,0.00007
5.61000,1.98000,0.99995,0.00000,0.00000,0.00000,0.00005
5.81000,1.98000,0.99995,0.00000,0.00000,0.00000,0.00005
6.01000,1.98000,0.99992,0.00000,0.00000,0.00000,0.00008
6.21000,1.98000,0.99992,0.00000,0.00000,0.00000,0.00008
6.41000,1.98000,0.99991,0.00000,0.00000,0.00000,0.00009
6.61000,1.98000,0.99994,0.00000,0.00000,0.00000,0.00006
6.81000,1.98000,0.99995,0.00000,0.00000,0.00000,0.00005
7.01000,1.98000,0.99997,0.00000,0.00000,0.00000,0.00003
7.21000,1.98000,0.99999,0.00000,0.00000,0.00000,0.00001
7.41000,1.98000,0.99999,0.00000,0.00000,0.00000,0.00001
7.61000,1.98000,1.00000,0.00000,0.00000,0.00000,0.00000
7.81000,1.98000,1.00000,0.00000,0.00000,0.00000,0.00000
8.01000,1.98000,1.00000,0.00000,0.00000,0.00000,0.00000
8.21000,1.98000,1.00000,0.00000,0.00000,0.00000,0.00000
8.41000,1.98000,1.00000,0.00000,0.00000,0.00000,0.00000
8.61000,1.98000,1.00000,0.00000,0.00000,0.00000,0.00000
8.81000,1.98000,1.00000,0.00000,0.00000,0.00000,0.00000
9.01000,1.98000,1.00000,0.00000,0.00000,0.00000,0.00000
9.21000,1.98000,0.99984,0.00000,0.00000,0.00015,0.00001
9.41000,1.98000,0.96635,0.00002,0.00000,0.02201,0.01162
9.61000,1.98000,0.82226,0.00013,0.00006,0.02293,0.15462
9.81000,1.98000,0.70991,0.00020,0.00012,0.00777,0.28201
10.01000,1.98000,0.65305,0.00022,0.00018,0.00184,0.34471
10.21000,1.98000,0.66481,0.00020,0.00023,0.00049,0.33426
10.41000,1.98000,0.91697,0.00003,0.00013,0.00002,0.08285
10.61000,1.98000,0.99837,0.00000,0.00001,0.00000,0.00162
10.81000,1.98000,0.99979,0.00000,0.00000,0.00000,0.00020
11.01000,1.98000,0.99989,0.00000,0.00000,0.00000,0.00011
11.21000,1.98000,0.99995,0.00000,0.00000,0.00000,0.00005
11.41000,1.98000,0.99994,0.00000,0.00000,0.00000,0.00006
11.61000,1.98000,0.99996,0.00000,0.00000,0.00000,0.00004
11.81000,1.98000,0.99997,0.00000,0.00000,0.00000,0.00003
12.01000,1.98000,0.99997,0.00000,0.00000,0.00000,0.00002
12.21000,1.98000,0.99998,0.00000,0.00000,0.00000,0.00002
12.41000,1.98000,0.99999,0.00000,0.00000,0.00000,0.00001
12.61000,1.98000,0.99999,0.00000,0.00000,0.00000,0.00001
12.81000,1.98000,0.99998,0.00000,0.00000,0.00000,0.00001
13.01000,1.98000,0.99999,0.00000,0.00000,0.00000,0.00001
13.21000,1.98000,0.99999,0.00000,0.00000,0.00000,0.00001
13.41000,1.98000,0.99999,0.00000,0.00000,0.00000,0.00001
13.61000,1.98000,0.99997,0.00000,0.00000,0.00000,0.00003
13.81000,1.98000,0.99986,0.00000,0.00000,0.00000,0.00014
14.01000,1.98000,0.99564,0.00001,0.00005,0.00000,0.00430
14.21000,1.98000,0.99508,0.00001,0.00004,0.00000,0.00487
14.41000,1.98000,0.99041,0.00001,0.00004,0.00000,0.00955
14.61000,1.98000,0.98030,0.00001,0.00002,0.00000,0.01967
14.81000,1.98000,0.97882,0.00000,0.00002,0.00000,0.02115
15.01000,1.98000,0.98396,0.00000,0.00001,0.00000,0.01602
15.21000,1.98000,0.99677,0.00000,0.00001,0.00000,0.00322
15.41000,1.98000,0.99863,0.00000,0.00000,0.00000,0.00137
15.61000,1.98000,0.99966,0.00000,0.00000,0.00000,0.00034
15.81000,1.98000,0.99981,0.00000,0.00000,0.00000,0.00019
16.01000,1.98000,0.99996,0.00000,0.00000,0.00000,0.00004
16.21000,1.98000,0.99999,0.00000,0.00000,0.00000,0.00001
16.41000,1.98000,1.00000,0.00000,0.00000,0.00000,0.00000
16.61000,1.98000,1.00000,0.00000,0.00000,0.00000,0.00000
16.81000,1.98000,1.00000,0.00000,0.00000,0.00000,0.00000
17.01000,1.98000,1.00000,0.00000,0.00000,0.00000,0.00000
17.21000,1.98000,1.00000,0.00000,0.00000,0.00000,0.00000
17.41000,1.98000,1.00000,0.00000,0.00000,0.00000,0.00000
17.61000,1.98000,1.00000,0.00000,0.00000,0.00000,0.00000
17.81000,1.98000,1.00000,0.00000,0.00000,0.00000,0.00000
18.01000,1.98000,1.00000,0.00000,0.00000,0.00000,0.00000
18.21000,1.98000,1.00000,0.00000,0.00000,0.00000,0.00000
18.41000,1.98000,1.00000,0.00000,0.00000,0.00000,0.00000
18.61000,1.98000,1.00000,0.00000,0.00000,0.00000,0.00000
18.81000,1.98000,1.00000,0.00000,0.00000,0.00000,0.00000
19.01000,1.98000,0.99978,0.00000,0.00000,0.00021,0.00001
19.21000,1.98000,0.99494,0.00000,0.00000,0.00489,0.00018
19.41000,1.98000,0.83657,0.00028,0.00004,0.08008,0.08303
19.61000,1.98000,0.73305,0.00050,0.00013,0.02995,0.23638
19.81000,1.98000,0.65724,0.00075,0.00020,0.00893,0.33288
20.01000,1.98000,0.65967,0.00087,0.00025,0.00206,0.33715
20.21000,1.98000,0.85724,0.00027,0.00018,0.00021,0.14210
20.41000,1.98000,0.99803,0.00000,0.00001,0.00000,0.00196
20.61000,1.98000,0.99962,0.00000,0.00000,0.00000,0.00038
20.81000,1.98000,0.99953,0.00000,0.00000,0.00000,0.00047
21.01000,1.98000,0.99966,0.00000,0.00001,0.00000,0.00034
21.21000,1.98000,0.99985,0.00000,0.00000,0.00000,0.00014
21.41000,1.98000,0.99987,0.00000,0.00000,0.00000,0.00013
21.61000,1.98000,0.99990,0.00000,0.00000,0.00000,0.00010
21.81000,1.98000,0.99966,0.00000,0.00000,0.00000,0.00034
22.01000,1.98000,0.99956,0.00000,0.00000,0.00000,0.00044
22.21000,1.98000,0.99968,0.00000,0.00000,0.00000,0.00032
22.41000,1.98000,0.99928,0.00000,0.00000,0.00000,0.00071
22.61000,1.98000,0.99966,0.00000,0.00000,0.00000,0.00034
22.81000,1.98000,0.99934,0.00000,0.00001,0.00000,0.00065
23.01000,1.98000,0.98063,0.00000,0.00009,0.00000,0.01929
23.21000,1.98000,0.98070,0.00000,0.00006,0.00000,0.01924
23.41000,1.98000,0.98464,0.00000,0.00004,0.00000,0.01532
23.61000,1.98000,0.98162,0.00000,0.00004,0.00000,0.01834
23.81000,1.98000,0.97981,0.00000,0.00004,0.00000,0.02014
24.01000,1.98000,0.98308,0.00000,0.00004,0.00000,0.01687
24.21000,1.98000,0.98221,0.00000,0.00003,0.00001,0.01775
24.41000,1.98000,0.99744,0.00000,0.00001,0.00000,0.00255
24.61000,1.98000,0.99958,0.00000,0.00000,0.00000,0.00042
24.81000,1.98000,0.99981,0.00000,0.00000,0.00000,0.00019
25.01000,1.98000,0.99995,0.00000,0.00000,0.00000,0.00005
25.21000,1.98000,0.99999,0.00000,0.00000,0.00000,0.00001
25.41000,1.98000,1.00000,0.00000,0.00000,0.00000,0.00000
25.61000,1.98000,1.00000,0.00000,0.00000,0.00000,0.00000
25.81000,1.98000,1.00000,0.00000,0.00000,0.00000,0.00000
26.01000,1.98000,1.00000,0.00000,0.00000,0.00000,0.00000
26.21000,1.98000,1.00000,0.00000,0.00000,0.00000,0.00000
26.41000,1.98000,1.00000,0.00000,0.00000,0.00000,0.00000
26.61000,1.98000,1.00000,0.00000,0.00000,0.00000,0.00000
26.81000,1.98000,1.00000,0.00000,0.00000,0.00000,0.00000
27.01000,1.98000,1.00000,0.00000,0.00000,0.00000,0.00000
27.21000,1.98000,1.00000,0.00000,0.00000,0.00000,0.00000
27.41000,1.98000,1.00000,0.00000,0.00000,0.00000,0.00000
27.61000,1.98000,1.00000,0.00000,0.00000,0.00000,0.00000
27.81000,1.98000,1.00000,0.00000,0.00000,0.00000,0.00000
28.01000,1.98000,1.00000,0.00000,0.00000,0.00000,0.00000
28.21000,1.98000,0.99997,0.00000,0.00000,0.00003,0.00000
28.41000,1.98000,0.99949,0.00000,0.00000,0.00050,0.00001
28.61000,1.98000,0.97466,0.00000,0.00000,0.02398,0.00136
28.81000,1.98000,0.88616,0.00005,0.00001,0.05664,0.05715
29.01000,1.98000,0.71525,0.00014,0.00004,0.01949,0.26508
29.21000,1.98000,0.64527,0.00021,0.00007,0.00451,0.34994
29.41000,1.98000,0.67373,0.00022,0.00010,0.00092,0.32503
29.61000,1.98000,0.91536,0.00004,0.00006,0.00007,0.08447
29.81000,1.98000,0.99894,0.00000,0.00000,0.00000,0.00106
30.01000,1.98000,0.99974,0.00000,0.00000,0.00000,0.00026
30.21000,1.98000,0.99988,0.00000,0.00000,0.00000,0.00012
30.41000,1.98000,0.99992,0.00000,0.00000,0.00000,0.00008
30.61000,1.98000,0.99996,0.00000,0.00000,0.00000,0.00003
30.81000,1.98000,0.99998,0.00000,0.00000,0.00000,0.00001
31.01000,1.98000,0.99998,0.00000,0.00000,0.00000,0.00002
31.21000,1.98000,0.99996,0.00000,0.00000,0.00000,0.00004
31.41000,1.98000,0.99990,0.00000,0.00000,0.00000,0.00010
31.61000,1.98000,0.99983,0.00000,0.00000,0.00000,0.00016
31.81000,1.98000,0.99973,0.00000,0.00000,0.00000,0.00027
32.01000,1.98000,0.99935,0.00000,0.00000,0.00000,0.00065
32.21000,1.98000,0.99893,0.00000,0.00000,0.00000,0.00106
32.41000,1.98000,0.99867,0.00000,0.00000,0.00000,0.00133
32.61000,1.98000,0.99636,0.00000,0.00001,0.00000,0.00363
32.81000,1.98000,0.99321,0.00000,0.00001,0.00000,0.00679
33.01000,1.98000,0.99659,0.00000,0.00001,0.00000,0.00341
33.21000,1.98000,0.99662,0.00000,0.00001,0.00000,0.00337
33.41000,1.98000,0.99687,0.00000,0.00000,0.00000,0.00312
33.61000,1.98000,0.99817,0.00000,0.00000,0.00000,0.00183
33.81000,1.98000,0.99823,0.00000,0.00000,0.00000,0.00176
34.01000,1.98000,0.99644,0.00000,0.00001,0.00000,0.00355
34.21000,1.98000,0.98538,0.00000,0.00002,0.00000,0.01459
34.41000,1.98000,0.98614,0.00000,0.00003,0.00000,0.01383
34.61000,1.98000,0.98202,0.00000,0.00003,0.00000,0.01795
34.81000,1.98000,0.98890,0.00000,0.00001,0.00001,0.01108
35.01000,1.98000,0.99633,0.00000,0.00000,0.00001,0.00366
35.21000,1.98000,0.99941,0.00000,0.00000,0.00001,0.00058
35.41000,1.98000,0.99997,0.00000,0.00000,0.00000,0.00003
35.61000,1.98000,1.00000,0.00000,0.00000,0.00000,0.00000
35.81000,1.98000,1.00000,0.00000,0.00000,0.00000,0.00000
36.01000,1.98000,1.00000,0.00000,0.00000,0.00000,0.00000
36.21000,1.98000,1.00000,0.00000,0.00000,0.00000,0.00000
36.41000,1.98000,1.00000,0.00000,0.00000,0.00000,0.00000
36.61000,1.98000,1.00000,0.00000,0.00000,0.00000,0.00000
36.81000,1.98000,1.00000,0.00000,0.00000,0.00000,0.00000
37.01000,1.98000,1.00000,0.00000,0.00000,0.00000,0.00000
37.21000,1.98000,1.00000,0.00000,0.00000,0.00000,0.00000
37.41000,1.98000,1.00000,0.00000,0.00000,0.00000,0.00000
37.61000,1.98000,1.00000,0.00000,0.00000,0.00000,0.00000
37.81000,1.98000,1.00000,0.00000,0.00000,0.00000,0.00000
38.01000,1.98000,1.00000,0.00000,0.00000,0.00000,0.00000
38.21000,1.98000,1.00000,0.00000,0.00000,0.00000,0.00000
38.41000,1.98000,0.99999,0.00000,0.00000,0.00001,0.00000
38.61000,1.98000,0.99960,0.00000,0.00000,0.00040,0.00000
38.81000,1.98000,0.98972,0.00000,0.00000,0.00987,0.00041
39.01000,1.98000,0.88460,0.00015,0.00001,0.04793,0.06731
39.21000,1.98000,0.64665,0.00047,0.00007,0.01872,0.33409
39.41000,1.98000,0.57340,0.00053,0.00011,0.00503,0.42093
39.61000,1.98000,0.60869,0.00044,0.00014,0.00112,0.38960
39.81000,1.98000,0.79019,0.00019,0.00013,0.00013,0.20935
40.01000,1.98000,0.99714,0.00000,0.00002,0.00000,0.00285
40.21000,1.98000,0.99972,0.00000,0.00000,0.00000,0.00028
40.41000,1.98000,0.99988,0.00000,0.00000,0.00000,0.00012
40.61000,1.98000,0.99991,0.00000,0.00000,0.00000,0.00009
40.81000,1.98000,0.99997,0.00000,0.00000,0.00000,0.00003
41.01000,1.98000,0.99996,0.00000,0.00000,0.00000,0.00004
41.21000,1.98000,0.99994,0.00000,0.00000,0.00000,0.00006
41.41000,1.98000,0.99992,0.00000,0.00000,0.00000,0.00008
41.61000,1.98000,0.99983,0.00000,0.00000,0.00000,0.00017
41.81000,1.98000,0.99985,0.00000,0.00000,0.00000,0.00015
42.01000,1.98000,0.99983,0.00000,0.00000,0.00000,0.00017
42.21000,1.98000,0.99973,0.00000,0.00001,0.00000,0.00026
42.41000,1.98000,0.99898,0.00000,0.00004,0.00000,0.00098
42.61000,1.98000,0.99892,0.00000,0.00004,0.00000,0.00104
42.81000,1.98000,0.99931,0.00000,0.00004,0.00000,0.00064
43.01000,1.98000,0.99440,0.00001,0.00016,0.00000,0.00543
43.21000,1.98000,0.99175,0.00004,0.00025,0.00001,0.00795
43.41000,1.98000,0.99623,0.00004,0.00011,0.00002,0.00359
43.61000,1.98000,0.99900,0.00001,0.00003,0.00002,0.00093
43.81000,1.98000,0.99986,0.00000,0.00000,0.00001,0.00012
44.01000,1.98000,0.99996,0.00000,0.00000,0.00001,0.00003
44.21000,1.98000,0.99996,0.00000,0.00000,0.00003,0.00002
44.41000,1.98000,0.99999,0.00000,0.00000,0.00001,0.00000
44.61000,1.98000,1.00000,0.00000,0.00000,0.00000,0.00000
44.81000,1.98000,1.00000,0.00000,0.00000,0.00000,0.00000
45.01000,1.98000,1.00000,0.00000,0.00000,0.00000,0.00000
45.21000,1.98000,1.00000,0.00000,0.00000,0.00000,0.00000
45.41000,1.98000,1.00000,0.00000,0.00000,0.00000,0.00000
45.61000,1.98000,1.00000,0.00000,0.00000,0.00000,0.00000
45.81000,1.98000,1.00000,0.00000,0.00000,0.00000,0.00000
46.01000,1.98000,1.00000,0.00000,0.00000,0.00000,0.00000
46.21000,1.98000,1.00000,0.00000,0.00000,0.00000,0.00000
46.41000,1.98000,1.00000,0.00000,0.00000,0.00000,0.00000
46.61000,1.98000,1.00000,0.00000,0.00000,0.00000,0.00000
46.81000,1.98000,1.00000,0.00000,0.00000,0.00000,0.00000
47.01000,1.98000,1.00000,0.00000,0.00000,0.00000,0.00000
47.21000,1.98000,1.00000,0.00000,0.00000,0.00000,0.00000
47.41000,1.98000,0.99999,0.00000,0.00000,0.00001,0.00000
47.61000,1.98000,0.99996,0.00000,0.00000,0.00003,0.00000
47.81000,1.98000,0.99979,0.00000,0.00000,0.00017,0.00004
48.01000,1.98000,0.99902,0.00000,0.00000,0.00079,0.00018
48.21000,1.98000,0.99233,0.00000,0.00000,0.00404,0.00362
48.41000,1.98000,0.75003,0.00001,0.00000,0.03149,0.21847
48.61000,1.98000,0.59526,0.00002,0.00000,0.00753,0.39719
48.81000,1.98000,0.58361,0.00002,0.00000,0.00145,0.41491
49.01000,1.98000,0.67915,0.00003,0.00000,0.00033,0.32049
49.21000,1.98000,0.93152,0.00001,0.00000,0.00003,0.06844
49.41000,1.98000,0.99294,0.00000,0.00000,0.00000,0.00705
49.61000,1.98000,0.99878,0.00000,0.00000,0.00000,0.00122
49.81000,1.98000,0.99978,0.00000,0.00000,0.00000,0.00022
50.01000,1.98000,0.99991,0.00000,0.00000,0.00000,0.00009
50.21000,1.98000,0.99993,0.00000,0.00000,0.00000,0.00007
50.41000,1.98000,0.99992,0.00000,0.00000,0.00000,0.00007
50.61000,1.98000,0.99996,0.00000,0.00000,0.00000,0.00003
50.81000,1.98000,0.99995,0.00000,0.00000,0.00000,0.00005
51.01000,1.98000,0.99988,0.00000,0.00000,0.00000,0.00012
51.21000,1.98000,0.99976,0.00000,0.00000,0.00000,0.00024
51.41000,1.98000,0.99980,0.00000,0.00000,0.00000,0.00020
51.61000,1.98000,0.99949,0.00000,0.00000,0.00000,0.00051
51.81000,1.98000,0.99941,0.00000,0.00000,0.00000,0.00059
52.01000,1.98000,0.99972,0.00000,0.00000,0.00000,0.00027
52.21000,1.98000,0.99363,0.00000,0.00002,0.00000,0.00635
52.41000,1.98000,0.99147,0.00000,0.00002,0.00000,0.00851
52.61000,1.98000,0.99401,0.00000,0.00002,0.00000,0.00597
52.81000,1.98000,0.99591,0.00000,0.00002,0.00000,0.00407
53.01000,1.98000,0.99668,0.00000,0.00001,0.00000,0.00331
53.21000,1.98000,0.99749,0.00000,0.00000,0.00000,0.00250
53.41000,1.98000,0.99437,0.00000,0.00001,0.00000,0.00562
53.61000,1.98000,0.98919,0.00000,0.00001,0.00000,0.01080
53.81000,1.98000,0.99585,0.00000,0.00001,0.00000,0.00414
54.01000,1.98000,0.99677,0.00000,0.00000,0.00000,0.00322
54.21000,1.98000,0.99786,0.00000,0.00000,0.00001,0.00213
54.41000,1.98000,0.99865,0.00000,0.00000,0.00001,0.00133
54.61000,1.98000,0.99951,0.00000,0.00000,0.00001,0.00049
54.81000,1.98000,0.99990,0.00000,0.00000,0.00000,0.00010
55.01000,1.98000,0.99999,0.00000,0.00000,0.00000,0.00000
55.21000,1.98000,1.00000,0.00000,0.00000,0.00000,0.00000
55.41000,1.98000,1.00000,0.00000,0.00000,0.00000,0.00000
55.61000,1.98000,1.00000,0.00000,0.00000,0.00000,0.00000
55.81000,1.98000,1.00000,0.00000,0.00000,0.00000,0.00000
56.01000,1.98000,1.00000,0.00000,0.00000,0.00000,0.00000
56.21000,1.98000,0.99997,0.00000,0.00000,0.00003,0.00000
56.41000,1.98000,0.99998,0.00000,0.00000,0.00002,0.00000
56.61000,1.98000,0.99998,0.00000,0.00000,0.00002,0.00000
56.81000,1.98000,0.99997,0.00000,0.00000,0.00003,0.00000
57.01000,1.98000,0.99979,0.00000,0.00000,0.00016,0.00005
57.21000,1.98000,0.99975,0.00000,0.00000,0.00018,0.00007
57.41000,1.98000,0.99530,0.00000,0.00000,0.00396,0.00074
57.61000,1.98000,0.99037,0.00000,0.00000,0.00694,0.00270
57.81000,1.98000,0.74856,0.00006,0.00000,0.09414,0.15723
58.01000,1.98000,0.60451,0.00006,0.00000,0.03122,0.36421
58.21000,1.98000,0.47402,0.00009,0.00001,0.00694,0.51893
58.41000,1.98000,0.48939,0.00012,0.00001,0.00129,0.50919
58.61000,1.98000,0.86022,0.00002,0.00001,0.00008,0.13966
58.81000,1.98000,0.99144,0.00000,0.00000,0.00000,0.00855
59.01000,1.98000,0.99874,0.00000,0.00000,0.00000,0.00126
59.21000,1.98000,0.99969,0.00000,0.00000,0.00000,0.00031
59.41000,1.98000,0.99989,0.00000,0.00000,0.00000,0.00011
59.61000,1.98000,0.99991,0.00000,0.00000,0.00000,0.00008
59.81000,1.98000,0.99995,0.00000,0.00000,0.00000,0.00005
60.01000,1.98000,0.99997,0.00000,0.00000,0.00000,0.00003
60.21000,1.98000,0.99998,0.00000,0.00000,0.00000,0.00002
60.41000,1.98000,0.99993,0.00000,0.00000,0.00000,0.00007
60.61000,1.98000,0.99992,0.00000,0.00000,0.00000,0.00008
60.81000,1.98000,0.99986,0.00000,0.00000,0.00000,0.00014
61.01000,1.98000,0.99974,0.00000,0.00002,0.00000,0.00024
61.21000,1.98000,0.99562,0.00001,0.00005,0.00000,0.00433
61.41000,1.98000,0.99242,0.00002,0.00004,0.00000,0.00751
61.61000,1.98000,0.99098,0.00001,0.00002,0.00000,0.00898
61.81000,1.98000,0.98881,0.00002,0.00002,0.00000,0.01115
62.01000,1.98000,0.96432,0.00012,0.00004,0.00001,0.03551
62.21000,1.98000,0.97038,0.00014,0.00005,0.00004,0.02939
62.41000,1.98000,0.97893,0.00004,0.00005,0.00003,0.02095
62.61000,1.98000,0.96800,0.00001,0.00006,0.00007,0.03186
62.81000,1.98000,0.99168,0.00000,0.00001,0.00002,0.00829
63.01000,1.98000,0.99666,0.00000,0.00000,0.00002,0.00332
63.21000,1.98000,0.99940,0.00000,0.00000,0.00001,0.00059
63.41000,1.98000,0.99999,0.00000,0.00000,0.00000,0.00001
63.61000,1.98000,1.00000,0.00000,0.00000,0.00000,0.00000
63.81000,1.98000,1.00000,0.00000,0.00000,0.00000,0.00000
64.01000,1.98000,1.00000,0.00000,0.00000,0.00000,0.00000
64.21000,1.98000,1.00000,0.00000,0.00000,0.00000,0.00000
64.41000,1.98000,1.00000,0.00000,0.00000,0.00000,0.00000
64.61000,1.98000,1.00000,0.00000,0.00000,0.00000,0.00000
64.81000,1.98000,1.00000,0.00000,0.00000,0.00000,0.00000
65.01000,1.98000,1.00000,0.00000,0.00000,0.00000,0.00000
65.21000,1.98000,1.00000,0.00000,0.00000,0.00000,0.00000
65.41000,1.98000,1.00000,0.00000,0.00000,0.00000,0.00000
65.61000,1.98000,1.00000,0.00000,0.00000,0.00000,0.00000
65.81000,1.98000,1.00000,0.00000,0.00000,0.00000,0.00000
66.01000,1.98000,1.00000,0.00000,0.00000,0.00000,0.00000
66.21000,1.98000,1.00000,0.00000,0.00000,0.00000,0.00000
66.41000,1.98000,1.00000,0.00000,0.00000,0.00000,0.00000
66.61000,1.98000,1.00000,0.00000,0.00000,0.00000,0.00000
66.81000,1.98000,1.00000,0.00000,0.00000,0.00000,0.00000
67.01000,1.98000,1.00000,0.00000,0.00000,0.00000,0.00000
67.21000,1.98000,1.00000,0.00000,0.00000,0.00000,0.00000
67.41000,1.98000,1.00000,0.00000,0.00000,0.00000,0.00000
67.61000,1.98000,1.00000,0.00000,0.00000,0.00000,0.00000
67.81000,1.98000,1.00000,0.00000,0.00000,0.00000,0.00000
68.01000,1.98000,0.99999,0.00000,0.00000,0.00001,0.00000
68.21000,1.98000,0.99994,0.00000,0.00000,0.00005,0.00001
68.41000,1.98000,0.99950,0.00000,0.00000,0.00045,0.00004
68.61000,1.98000,0.98954,0.00000,0.00000,0.00891,0.00155
68.81000,1.98000,0.70824,0.00046,0.00001,0.08952,0.20177
69.01000,1.98000,0.54967,0.00065,0.00006,0.02680,0.42282
69.21000,1.98000,0.47420,0.00052,0.00009,0.00601,0.51918
69.41000,1.98000,0.55758,0.00030,0.00010,0.00094,0.44109
69.61000,1.98000,0.97898,0.00001,0.00006,0.00001,0.02094
69.81000,1.98000,0.99570,0.00000,0.00000,0.00000,0.00430
70.01000,1.98000,0.99949,0.00000,0.00000,0.00000,0.00051
70.21000,1.98000,0.99990,0.00000,0.00000,0.00000,0.00010
70.41000,1.98000,0.99995,0.00000,0.00000,0.00000,0.00005
70.61000,1.98000,0.99998,0.00000,0.00000,0.00000,0.00002
70.81000,1.98000,0.99999,0.00000,0.00000,0.00000,0.00001
71.01000,1.98000,0.99999,0.00000,0.00000,0.00000,0.00001
71.21000,1.98000,0.99999,0.00000,0.00000,0.00000,0.00001
71.41000,1.98000,0.99999,0.00000,0.00000,0.00000,0.00001
71.61000,1.98000,0.99999,0.00000,0.00000,0.00000,0.00001
71.81000,1.98000,0.99999,0.00000,0.00000,0.00000,0.00001
72.01000,1.98000,0.99999,0.00000,0.00000,0.00000,0.00001
72.21000,1.98000,0.99999,0.00000,0.00000,0.00000,0.00001
72.41000,1.98000,0.99999,0.00000,0.00000,0.00000,0.00001
72.61000,1.98000,0.99998,0.00000,0.00000,0.00000,0.00002
72.81000,1.98000,0.99996,0.00000,0.00000,0.00000,0.00004
73.01000,1.98000,0.99977,0.00000,0.00001,0.00000,0.00022
73.21000,1.98000,0.99937,0.00000,0.00002,0.00000,0.00061
73.41000,1.98000,0.99672,0.00000,0.00004,0.00000,0.00324
73.61000,1.98000,0.99484,0.00000,0.00004,0.00000,0.00512
73.81000,1.98000,0.99138,0.00000,0.00004,0.00000,0.00858
74.01000,1.98000,0.99278,0.00000,0.00002,0.00000,0.00720
74.21000,1.98000,0.99349,0.00000,0.00002,0.00000,0.00649
74.41000,1.98000,0.99685,0.00000,0.00001,0.00000,0.00314
74.61000,1.98000,0.99865,0.00000,0.00000,0.00000,0.00134
74.81000,1.98000,0.99958,0.00000,0.00000,0.00000,0.00041
75.01000,1.98000,0.99989,0.00000,0.00000,0.00000,0.00011
75.21000,1.98000,0.99998,0.00000,0.00000,0.00000,0.00002
75.41000,1.98000,1.00000,0.00000,0.00000,0.00000,0.00000
75.61000,1.98000,1.00000,0.00000,0.00000,0.00000,0.00000
75.81000,1.98000,1.00000,0.00000,0.00000,0.00000,0.00000
76.01000,1.98000,1.00000,0.00000,0.00000,0.00000,0.00000
76.21000,1.98000,1.00000,0.00000,0.00000,0.00000,0.00000
76.41000,1.98000,1.00000,0.00000,0.00000,0.00000,0.00000
76.61000,1.98000,1.00000,0.00000,0.00000,0.00000,0.00000
76.81000,1.98000,1.00000,0.00000,0.00000,0.00000,0.00000
77.01000,1.98000,0.99999,0.00000,0.00000,0.00001,0.00000
77.21000,1.98000,0.99977,0.00000,0.00000,0.00022,0.00001
77.41000,1.98000,0.99545,0.00000,0.00000,0.00443,0.00011
77.61000,1.98000,0.87110,0.00024,0.00000,0.09831,0.03034
77.81000,1.98000,0.67458,0.00114,0.00008,0.06217,0.26203
78.01000,1.98000,0.50111,0.00078,0.00021,0.01256,0.48533
78.21000,1.98000,0.49115,0.00055,0.00028,0.00301,0.50501
78.41000,1.98000,0.74539,0.00014,0.00024,0.00021,0.25402
78.61000,1.98000,0.99121,0.00000,0.00006,0.00000,0.00873
78.81000,1.98000,0.99907,0.00000,0.00000,0.00000,0.00093
79.01000,1.98000,0.99987,0.00000,0.00000,0.00000,0.00013
79.21000,1.98000,0.99994,0.00000,0.00000,0.00000,0.00006
79.41000,1.98000,0.99997,0.00000,0.00000,0.00000,0.00003
79.61000,1.98000,0.99999,0.00000,0.00000,0.00000,0.00001
79.81000,1.98000,0.99999,0.00000,0.00000,0.00000,0.00001
80.01000,1.98000,0.99999,0.00000,0.00000,0.00000,0.00001
80.21000,1.98000,0.99997,0.00000,0.00000,0.00000,0.00003
80.41000,1.98000,0.99995,0.00000,0.00000,0.00000,0.00005
80.61000,1.98000,0.99987,0.00000,0.00000,0.00000,0.00013
80.81000,1.98000,0.99971,0.00000,0.00000,0.00000,0.00028
81.01000,1.98000,0.99975,0.00000,0.00000,0.00000,0.00025
81.21000,1.98000,0.99967,0.00000,0.00000,0.00000,0.00033
81.41000,1.98000,0.99885,0.00000,0.00000,0.00000,0.00115
81.61000,1.98000,0.99885,0.00000,0.00000,0.00000,0.00115
81.81000,1.98000,0.99884,0.00000,0.00000,0.00000,0.00115
82.01000,1.98000,0.99848,0.00000,0.00001,0.00000,0.00151
82.21000,1.98000,0.99555,0.00000,0.00002,0.00000,0.00444
82.41000,1.98000,0.99421,0.00000,0.00001,0.00000,0.00577
82.61000,1.98000,0.99117,0.00000,0.00001,0.00000,0.00882
82.81000,1.98000,0.99107,0.00000,0.00001,0.00000,0.00892
83.01000,1.98000,0.98414,0.00000,0.00001,0.00001,0.01584
83.21000,1.98000,0.98794,0.00000,0.00000,0.00003,0.01203
83.41000,1.98000,0.99800,0.00000,0.00000,0.00005,0.00196
83.61000,1.98000,0.99979,0.00000,0.00000,0.00005,0.00015
83.81000,1.98000,0.99995,0.00000,0.00000,0.00004,0.00001
84.01000,1.98000,0.99998,0.00000,0.00000,0.00002,0.00000
84.21000,1.98000,0.99999,0.00000,0.00000,0.00001,0.00000
84.41000,1.98000,0.99999,0.00000,0.00000,0.00001,0.00000
84.61000,1.98000,1.00000,0.00000,0.00000,0.00000,0.00000
84.81000,1.98000,0.99999,0.00000,0.00000,0.00001,0.00000
85.01000,1.98000,0.99998,0.00000,0.00000,0.00002,0.00000
85.21000,1.98000,0.99925,0.00000,0.00000,0.00074,0.00000
85.41000,1.98000,0.99146,0.00000,0.00000,0.00848,0.00006
85.61000,1.98000,0.89578,0.00001,0.00000,0.09379,0.01042
85.81000,1.98000,0.70816,0.00014,0.00000,0.09986,0.19183
86.01000,1.98000,0.58018,0.00022,0.00001,0.03088,0.38871
86.21000,1.98000,0.64545,0.00025,0.00001,0.00559,0.34870
86.41000,1.98000,0.89278,0.00008,0.00002,0.00040,0.10672
86.61000,1.98000,0.95445,0.00002,0.00001,0.00005,0.04547
86.81000,1.98000,0.99944,0.00000,0.00000,0.00000,0.00056
87.01000,1.98000,0.99976,0.00000,0.00000,0.00000,0.00024
87.21000,1.98000,0.99975,0.00000,0.00000,0.00000,0.00025
87.41000,1.98000,0.99931,0.00000,0.00001,0.00000,0.00068
87.61000,1.98000,0.99947,0.00000,0.00001,0.00000,0.00052
87.81000,1.98000,0.99923,0.00000,0.00001,0.00000,0.00076
88.01000,1.98000,0.99889,0.00000,0.00001,0.00000,0.00110
88.21000,1.98000,0.99905,0.00000,0.00001,0.00000,0.00094
88.41000,1.98000,0.99944,0.00000,0.00001,0.00000,0.00055
88.61000,1.98000,0.99949,0.00000,0.00001,0.00000,0.00050
88.81000,1.98000,0.99984,0.00000,0.00000,0.00000,0.00016
89.01000,1.98000,0.99996,0.00000,0.00000,0.00000,0.00004
89.21000,1.98000,0.99997,0.00000,0.00000,0.00000,0.00003
89.41000,1.98000,0.99996,0.00000,0.00000,0.00000,0.00004
89.61000,1.98000,0.99996,0.00000,0.00000,0.00000,0.00004
89.81000,1.98000,0.99982,0.00000,0.00000,0.00000,0.00018
90.01000,1.98000,0.99936,0.00000,0.00000,0.00000,0.00063
90.21000,1.98000,0.99504,0.00000,0.00002,0.00000,0.00494
90.41000,1.98000,0.99276,0.00000,0.00001,0.00000,0.00722
90.61000,1.98000,0.98674,0.00000,0.00001,0.00000,0.01325
90.81000,1.98000,0.98739,0.00000,0.00001,0.00000,0.01260
91.01000,1.98000,0.97369,0.00000,0.00002,0.00002,0.02628
91.21000,1.98000,0.97215,0.00000,0.00001,0.00002,0.02782
91.41000,1.98000,0.96342,0.00000,0.00001,0.00013,0.03644
91.61000,1.98000,0.95664,0.00000,0.00000,0.00065,0.04271
91.81000,1.98000,0.98862,0.00000,0.00000,0.00086,0.01051
92.01000,1.98000,0.99675,0.00000,0.00000,0.00143,0.00183
92.21000,1.98000,0.99873,0.00000,0.00000,0.00101,0.00026
92.41000,1.98000,0.99961,0.00000,0.00000,0.00037,0.00002
92.61000,1.98000,0.99990,0.00000,0.00000,0.00009,0.00000
92.81000,1.98000,0.99997,0.00000,0.00000,0.00003,0.00000
93.01000,1.98000,1.00000,0.00000,0.00000,0.00000,0.00000
93.21000,1.98000,1.00000,0.00000,0.00000,0.00000,0.00000
93.41000,1.98000,1.00000,0.00000,0.00000,0.00000,0.00000
93.61000,1.98000,1.00000,0.00000,0.00000,0.00000,0.00000
93.81000,1.98000,1.00000,0.00000,0.00000,0.00000,0.00000
94.01000,1.98000,1.00000,0.00000,0.00000,0.00000,0.00000
94.21000,1.98000,1.00000,0.00000,0.00000,0.00000,0.00000
94.41000,1.98000,1.00000,0.00000,0.00000,0.00000,0.00000
94.61000,1.98000,1.00000,0.00000,0.00000,0.00000,0.00000
94.81000,1.98000,1.00000,0.00000,0.00000,0.00000,0.00000
95.01000,1.98000,1.00000,0.00000,0.00000,0.00000,0.00000
95.21000,1.98000,1.00000,0.00000,0.00000,0.00000,0.00000
95.41000,1.98000,1.00000,0.00000,0.00000,0.00000,0.00000
95.61000,1.98000,1.00000,0.00000,0.00000,0.00000,0.00000
95.81000,1.98000,1.00000,0.00000,0.00000,0.00000,0.00000
96.01000,1.98000,1.00000,0.00000,0.00000,0.00000,0.00000
96.21000,1.98000,1.00000,0.00000,0.00000,0.00000,0.00000
96.41000,1.98000,1.00000,0.00000,0.00000,0.00000,0.00000
96.61000,1.98000,1.00000,0.00000,0.00000,0.00000,0.00000
96.81000,1.98000,1.00000,0.00000,0.00000,0.00000,0.00000
97.01000,1.98000,1.00000,0.00000,0.00000,0.00000,0.00000
97.21000,1.98000,1.00000,0.00000,0.00000,0.00000,0.00000
97.41000,1.98000,1.00000,0.00000,0.00000,0.00000,0.00000
97.61000,1.98000,1.00000,0.00000,0.00000,0.00000,0.00000
97.81000,1.98000,0.99999,0.00000,0.00000,0.00001,0.00000
98.01000,1.98000,0.99999,0.00000,0.00000,0.00001,0.00000
98.21000,1.98000,0.99998,0.00000,0.00000,0.00002,0.00000
98.41000,1.98000,0.99967,0.00000,0.00000,0.00032,0.00001
98.61000,1.98000,0.99373,0.00000,0.00000,0.00612,0.00016
98.81000,1.98000,0.93275,0.00001,0.00000,0.05319,0.01406
99.01000,1.98000,0.75082,0.00009,0.00000,0.03650,0.21260
99.21000,1.98000,0.52902,0.00009,0.00001,0.00756,0.46332
99.41000,1.98000,0.57367,0.00005,0.00001,0.00091,0.42536
99.61000,1.98000,0.61872,0.00005,0.00002,0.00029,0.38092
99.81000,1.98000,0.97766,0.00000,0.00001,0.00001,0.02232
100.01000,1.98000,0.99930,0.00000,0.00000,0.00000,0.00070
100.21000,1.98000,0.99965,0.00000,0.00000,0.00000,0.00035
100.41000,1.98000,0.99838,0.00000,0.00000,0.00000,0.00162
100.61000,1.98000,0.99915,0.00000,0.00001,0.00000,0.00085
100.81000,1.98000,0.99941,0.00000,0.00001,0.00000,0.00058
101.01000,1.98000,0.99925,0.00000,0.00001,0.00000,0.00074
101.21000,1.98000,0.99857,0.00000,0.00002,0.00000,0.00141
101.41000,1.98000,0.99948,0.00000,0.00001,0.00000,0.00052
101.61000,1.98000,0.99928,0.00000,0.00001,0.00000,0.00072
101.81000,1.98000,0.99799,0.00000,0.00001,0.00000,0.00200
102.01000,1.98000,0.99903,0.00000,0.00000,0.00000,0.00097
102.21000,1.98000,0.99747,0.00000,0.00001,0.00000,0.00251
102.41000,1.98000,0.99678,0.00000,0.00001,0.00000,0.00321
102.61000,1.98000,0.99550,0.00000,0.00001,0.00000,0.00448
102.81000,1.98000,0.99217,0.00000,0.00002,0.00000,0.00781
103.01000,1.98000,0.98479,0.00000,0.00003,0.00000,0.01518
103.21000,1.98000,0.99275,0.00000,0.00002,0.00000,0.00723
103.41000,1.98000,0.99088,0.00000,0.00002,0.00000,0.00910
103.61000,1.98000,0.99207,0.00000,0.00002,0.00000,0.00791
103.81000,1.98000,0.99863,0.00000,0.00000,0.00000,0.00136
104.01000,1.98000,0.99962,0.00000,0.00000,0.00000,0.00038
104.21000,1.98000,0.99993,0.00000,0.00000,0.00000,0.00007
104.41000,1.98000,0.99999,0.00000,0.00000,0.00000,0.00000
104.61000,1.98000,1.00000,0.00000,0.00000,0.00000,0.00000
104.81000,1.98000,1.00000,0.00000,0.00000,0.00000,0.00000
105.01000,1.98000,1.00000,0.00000,0.00000,0.00000,0.00000
105.21000,1.98000,1.00000,0.00000,0.00000,0.00000,0.00000
105.41000,1.98000,1.00000,0.00000,0.00000,0.00000,0.00000
105.61000,1.98000,1.00000,0.00000,0.00000,0.00000,0.00000
105.81000,1.98000,1.00000,0.00000,0.00000,0.00000,0.00000
106.01000,1.98000,1.00000,0.00000,0.00000,0.00000,0.00000
106.21000,1.98000,1.00000,0.00000,0.00000,0.00000,0.00000
106.41000,1.98000,1.00000,0.00000,0.00000,0.00000,0.00000
106.61000,1.98000,1.00000,0.00000,0.00000,0.00000,0.00000
106.81000,1.98000,1.00000,0.00000,0.00000,0.00000,0.00000
107.01000,1.98000,1.00000,0.00000,0.00000,0.00000,0.00000
107.21000,1.98000,1.00000,0.00000,0.00000,0.00000,0.00000
107.41000,1.98000,1.00000,0.00000,0.00000,0.00000,0.00000
107.61000,1.98000,1.00000,0.00000,0.00000,0.00000,0.00000
107.81000,1.98000,1.00000,0.00000,0.00000,0.00000,0.00000
108.01000,1.98000,1.00000,0.00000,0.00000,0.00000,0.00000
108.21000,1.98000,1.00000,0.00000,0.00000,0.00000,0.00000
108.41000,1.98000,1.00000,0.00000,0.00000,0.00000,0.00000
108.61000,1.98000,1.00000,0.00000,0.00000,0.00000,0.00000
108.81000,1.98000,1.00000,0.00000,0.00000,0.00000,0.00000
109.01000,1.98000,1.00000,0.00000,0.00000,0.00000,0.00000
109.21000,1.98000,0.99992,0.00000,0.00000,0.00008,0.00000
109.41000,1.98000,0.99915,0.00000,0.00000,0.00084,0.00001
109.61000,1.98000,0.95608,0.00000,0.00000,0.03625,0.00767
109.81000,1.98000,0.78978,0.00002,0.00000,0.04252,0.16767
110.01000,1.98000,0.66385,0.00002,0.00001,0.00758,0.32855
110.21000,1.98000,0.58671,0.00002,0.00001,0.00134,0.41192
110.41000,1.98000,0.66928,0.00002,0.00001,0.00021,0.33048
110.61000,1.98000,0.94949,0.00000,0.00001,0.00001,0.05049
110.81000,1.98000,0.99917,0.00000,0.00000,0.00000,0.00083
111.01000,1.98000,0.99975,0.00000,0.00000,0.00000,0.00025
111.21000,1.98000,0.99990,0.00000,0.00000,0.00000,0.00010
111.41000,1.98000,0.99994,0.00000,0.00000,0.00000,0.00005
111.61000,1.98000,0.99997,0.00000,0.00000,0.00000,0.00003
111.81000,1.98000,0.99998,0.00000,0.00000,0.00000,0.00002
112.01000,1.98000,0.99999,0.00000,0.00000,0.00000,0.00001
112.21000,1.98000,0.99999,0.00000,0.00000,0.00000,0.00001
112.41000,1.98000,0.99999,0.00000,0.00000,0.00000,0.00001
112.61000,1.98000,0.99998,0.00000,0.00000,0.00000,0.00002
112.81000,1.98000,0.99987,0.00000,0.00000,0.00000,0.00013
113.01000,1.98000,0.99886,0.00000,0.00001,0.00000,0.00113
113.21000,1.98000,0.99891,0.00000,0.00001,0.00000,0.00108
113.41000,1.98000,0.99859,0.00000,0.00001,0.00000,0.00140
113.61000,1.98000,0.99754,0.00000,0.00001,0.00000,0.00245
113.81000,1.98000,0.99631,0.00000,0.00001,0.00000,0.00368
114.01000,1.98000,0.99455,0.00000,0.00001,0.00000,0.00544
114.21000,1.98000,0.99635,0.00000,0.00000,0.00000,0.00365
114.41000,1.98000,0.99896,0.00000,0.00000,0.00000,0.00104
114.61000,1.98000,0.99904,0.00000,0.00000,0.00000,0.00096
114.81000,1.98000,0.99927,0.00000,0.00000,0.00000,0.00073
115.01000,1.98000,0.99678,0.00000,0.00000,0.00000,0.00322
115.21000,1.98000,0.99331,0.00000,0.00000,0.00000,0.00669
115.41000,1.98000,0.99540,0.00000,0.00000,0.00000,0.00460
115.61000,1.98000,0.99573,0.00000,0.00000,0.00000,0.00426
115.81000,1.98000,0.99738,0.00000,0.00000,0.00001,0.00261
116.01000,1.98000,0.99804,0.00000,0.00000,0.00002,0.00194
116.21000,1.98000,0.99949,0.00000,0.00000,0.00002,0.00049
116.41000,1.98000,0.99992,0.00000,0.00000,0.00001,0.00006
116.61000,1.98000,0.99999,0.00000,0.00000,0.00000,0.00000
116.81000,1.98000,1.00000,0.00000,0.00000,0.00000,0.00000
117.01000,1.98000,1.00000,0.00000,0.00000,0.00000,0.00000
117.21000,1.98000,0.99999,0.00000,0.00000,0.00001,0.00000
117.41000,1.98000,0.99998,0.00000,0.00000,0.00002,0.00000
117.61000,1.98000,0.99951,0.00000,0.00000,0.00045,0.00004
117.81000,1.98000,0.99471,0.00000,0.00000,0.00481,0.00049
118.01000,1.98000,0.81704,0.00011,0.00000,0.07793,0.10492
118.21000,1.98000,0.62404,0.00022,0.00001,0.02552,0.35021
118.41000,1.98000,0.51149,0.00018,0.00001,0.00553,0.48279
118.61000,1.98000,0.54630,0.00013,0.00001,0.00116,0.45239
118.81000,1.98000,0.90161,0.00005,0.00002,0.00006,0.09827
119.01000,1.98000,0.97817,0.00000,0.00001,0.00001,0.02181
119.21000,1.98000,0.99957,0.00000,0.00000,0.00000,0.00043
119.41000,1.98000,0.99991,0.00000,0.00000,0.00000,0.00009
119.61000,1.98000,0.99994,0.00000,0.00000,0.00000,0.00006
119.81000,1.98000,0.99996,0.00000,0.00000,0.00000,0.00004
120.01000,1.98000,0.99997,0.00000,0.00000,0.00000,0.00002
120.21000,1.98000,0.99988,0.00000,0.00000,0.00000,0.00012
120.41000,1.98000,0.99983,0.00000,0.00000,0.00000,0.00016
120.61000,1.98000,0.99979,0.00000,0.00000,0.00000,0.00021
120.81000,1.98000,0.99983,0.00000,0.00000,0.00000,0.00016
121.01000,1.98000,0.99978,0.00000,0.00000,0.00000,0.00021
121.21000,1.98000,0.99976,0.00000,0.00000,0.00000,0.00023
121.41000,1.98000,0.99983,0.00000,0.00000,0.00000,0.00017
121.61000,1.98000,0.99977,0.00000,0.00000,0.00000,0.00023
121.81000,1.98000,0.99994,0.00000,0.00000,0.00000,0.00006
122.01000,1.98000,0.99994,0.00000,0.00000,0.00000,0.00006
122.21000,1.98000,0.99949,0.00000,0.00001,0.00000,0.00050
122.41000,1.98000,0.99905,0.00000,0.00001,0.00000,0.00094
122.61000,1.98000,0.99831,0.00000,0.00001,0.00000,0.00168
122.81000,1.98000,0.99488,0.00000,0.00002,0.00000,0.00510
123.01000,1.98000,0.99434,0.00000,0.00003,0.00000,0.00563
123.21000,1.98000,0.99608,0.00000,0.00001,0.00000,0.00390
123.41000,1.98000,0.99001,0.00000,0.00003,0.00000,0.00996
