Time (seconds), Duration (seconds),pred_(unlabeled),pred_On,pred_Off,pred_Dimmer,pred_Lighter
0.01000,1.98000,0.99940,0.00000,0.00000,0.00060,0.00000
0.21000,1.98000,0.99949,0.00000,0.00000,0.00051,0.00000
0.41000,1.98000,0.99939,0.00000,0.00000,0.00061,0.00000
0.61000,1.98000,0.99965,0.00000,0.00000,0.00034,0.00000
0.81000,1.98000,0.99998,0.00000,0.00000,0.00002,0.00000
1.01000,1.98000,0.99998,0.00000,0.00000,0.00001,0.00001
1.21000,1.98000,1.00000,0.00000,0.00000,0.00000,0.00000
1.41000,1.98000,1.00000,0.00000,0.00000,0.00000,0.00000
1.61000,1.98000,1.00000,0.00000,0.00000,0.00000,0.00000
1.81000,1.98000,1.00000,0.00000,0.00000,0.00000,0.00000
2.01000,1.98000,0.99999,0.00000,0.00001,0.00000,0.00000
2.21000,1.98000,0.99998,0.00001,0.00001,0.00000,0.00000
2.41000,1.98000,0.99999,0.00000,0.00000,0.00000,0.00000
2.61000,1.98000,0.99995,0.00001,0.00004,0.00000,0.00000
2.81000,1.98000,0.99995,0.00002,0.00002,0.00000,0.00001
3.01000,1.98000,0.99992,0.00003,0.00002,0.00001,0.00001
3.21000,1.98000,0.99956,0.00000,0.00001,0.00020,0.00022
3.41000,1.98000,0.99996,0.00000,0.00000,0.00001,0.00002
3.61000,1.98000,0.99953,0.00001,0.00000,0.00031,0.00016
3.81000,1.98000,0.99799,0.00000,0.00000,0.00175,0.00026
4.01000,1.98000,0.99701,0.00000,0.00000,0.00264,0.00035
4.21000,1.98000,0.99866,0.00000,0.00000,0.00116,0.00018
4.41000,1.98000,0.99951,0.00000,0.00000,0.00042,0.00007
4.61000,1.98000,0.99973,0.00000,0.00000,0.00015,0.00013
4.81000,1.98000,0.99976,0.00000,0.00000,0.00005,0.00019
5.01000,1.98000,0.99999,0.00000,0.00000,0.00000,0.00001
5.21000,1.98000,0.99999,0.00001,0.00000,0.00000,0.00000
5.41000,1.98000,0.99999,0.00001,0.00000,0.00000,0.00000
5.61000,1.98000,0.99997,0.00003,0.00000,0.00000,0.00000
5.81000,1.98000,0.99997,0.00003,0.00000,0.00000,0.00000
6.01000,1.98000,0.99970,0.00028,0.00002,0.00000,0.00000
6.21000,1.98000,0.99999,0.00000,0.00001,0.00000,0.00000
6.41000,1.98000,0.99999,0.00001,0.00000,0.00000,0.00000
6.61000,1.98000,0.99985,0.00015,0.00000,0.00000,0.00000
6.81000,1.98000,0.99982,0.00017,0.00001,0.00000,0.00000
7.01000,1.98000,0.99972,0.00020,0.00006,0.00000,0.00002
7.21000,1.98000,0.99990,0.00005,0.00003,0.00000,0.00002
7.41000,1.98000,0.99997,0.00000,0.00000,0.00000,0.00002
7.61000,1.98000,0.99997,0.00001,0.00000,0.00000,0.00002
7.81000,1.98000,0.99989,0.00004,0.00000,0.00000,0.00007
8.01000,1.98000,0.99999,0.00000,0.00000,0.00000,0.00001
8.21000,1.98000,0.99999,0.00000,0.00000,0.00000,0.00000
8.41000,1.98000,0.99999,0.00000,0.00000,0.00000,0.00001
8.61000,1.98000,0.99886,0.00000,0.00000,0.00000,0.00114
8.81000,1.98000,0.97570,0.00000,0.00000,0.00004,0.02426
9.01000,1.98000,0.97114,0.00001,0.00001,0.00014,0.02870
9.21000,1.98000,0.86677,0.00002,0.00007,0.00019,0.13296
9.41000,1.98000,0.87893,0.00000,0.00003,0.00001,0.12102
9.61000,1.98000,0.91905,0.00000,0.00003,0.00000,0.08092
9.81000,1.98000,0.97484,0.00000,0.00004,0.00000,0.02512
10.01000,1.98000,0.99052,0.00000,0.00002,0.00000,0.00945
10.21000,1.98000,0.99436,0.00000,0.00004,0.00000,0.00560
10.41000,1.98000,0.99856,0.00000,0.00002,0.00000,0.00142
10.61000,1.98000,0.99993,0.00000,0.00007,0.00000,0.00001
10.81000,1.98000,0.99999,0.00000,0.00000,0.00000,0.00001
11.01000,1.98000,0.99965,0.00000,0.00002,0.00002,0.00032
11.21000,1.98000,0.99978,0.00000,0.00000,0.00006,0.00015
11.41000,1.98000,0.99999,0.00000,0.00000,0.00000,0.00001
11.61000,1.98000,0.99999,0.00000,0.00000,0.00001,0.00001
11.81000,1.98000,0.99896,0.00000,0.00001,0.00070,0.00032
12.01000,1.98000,0.99963,0.00000,0.00002,0.00018,0.00016
12.21000,1.98000,0.99958,0.00000,0.00002,0.00019,0.00022
12.41000,1.98000,0.99970,0.00000,0.00001,0.00004,0.00024
12.61000,1.98000,0.99973,0.00000,0.00001,0.00003,0.00023
12.81000,1.98000,0.99993,0.00000,0.00000,0.00000,0.00007
13.01000,1.98000,0.99968,0.00000,0.00000,0.00004,0.00028
13.21000,1.98000,0.99985,0.00000,0.00000,0.00001,0.00014
13.41000,1.98000,0.99998,0.00000,0.00000,0.00000,0.00002
13.61000,1.98000,0.98090,0.00000,0.00000,0.00233,0.01676
13.81000,1.98000,0.97248,0.00001,0.00000,0.00162,0.02589
14.01000,1.98000,0.95319,0.00013,0.00001,0.00438,0.04228
14.21000,1.98000,0.96206,0.00044,0.00000,0.00251,0.03498
14.41000,1.98000,0.98163,0.00034,0.00000,0.00047,0.01756
14.61000,1.98000,0.98052,0.00096,0.00000,0.00041,0.01810
14.81000,1.98000,0.98537,0.00120,0.00000,0.00028,0.01314
15.01000,1.98000,0.98057,0.01004,0.00000,0.00028,0.00911
15.21000,1.98000,0.98203,0.00892,0.00000,0.00042,0.00862
15.41000,1.98000,0.97692,0.01472,0.00001,0.00073,0.00763
15.61000,1.98000,0.92778,0.07202,0.00000,0.00002,0.00018
15.81000,1.98000,0.98759,0.01238,0.00000,0.00000,0.00002
16.01000,1.98000,0.99891,0.00108,0.00000,0.00000,0.00001
16.21000,1.98000,0.99988,0.00010,0.00000,0.00000,0.00002
16.41000,1.98000,0.99998,0.00001,0.00000,0.00000,0.00001
16.61000,1.98000,0.99999,0.00000,0.00000,0.00000,0.00000
16.81000,1.98000,0.99998,0.00000,0.00000,0.00000,0.00002
17.01000,1.98000,0.99999,0.00000,0.00000,0.00000,0.00001
17.21000,1.98000,0.99995,0.00000,0.00000,0.00000,0.00005
17.41000,1.98000,0.99999,0.00000,0.00000,0.00000,0.00001
17.61000,1.98000,0.99993,0.00000,0.00000,0.00000,0.00007
17.81000,1.98000,0.99883,0.00000,0.00000,0.00010,0.00107
18.01000,1.98000,0.99976,0.00000,0.00000,0.00002,0.00022
18.21000,1.98000,0.99744,0.00000,0.00000,0.00002,0.00253
18.41000,1.98000,0.98103,0.00000,0.00000,0.00012,0.01885
18.61000,1.98000,0.95905,0.00000,0.00006,0.00056,0.04032
18.81000,1.98000,0.84618,0.00000,0.00048,0.00066,0.15268
19.01000,1.98000,0.75391,0.00000,0.00010,0.00039,0.24561
19.21000,1.98000,0.82916,0.00000,0.00008,0.00014,0.17061
19.41000,1.98000,0.87895,0.00001,0.00039,0.00013,0.12052
19.61000,1.98000,0.89049,0.00001,0.00008,0.00003,0.10939
19.81000,1.98000,0.94870,0.00001,0.00007,0.00000,0.05122
20.01000,1.98000,0.96877,0.00012,0.00039,0.00001,0.03072
20.21000,1.98000,0.99867,0.00119,0.00001,0.00000,0.00012
20.41000,1.98000,0.99847,0.00111,0.00000,0.00000,0.00042
20.61000,1.98000,0.99964,0.00025,0.00000,0.00000,0.00011
20.81000,1.98000,0.99892,0.00094,0.00000,0.00005,0.00009
21.01000,1.98000,0.99834,0.00098,0.00000,0.00059,0.00008
21.21000,1.98000,0.99382,0.00014,0.00000,0.00597,0.00007
21.41000,1.98000,0.99720,0.00002,0.00000,0.00277,0.00002
21.61000,1.98000,0.99788,0.00000,0.00000,0.00211,0.00001
21.81000,1.98000,0.99851,0.00000,0.00000,0.00149,0.00000
22.01000,1.98000,0.99587,0.00000,0.00000,0.00412,0.00001
22.21000,1.98000,0.98733,0.00000,0.00000,0.01264,0.00002
22.41000,1.98000,0.99177,0.00000,0.00000,0.00821,0.00001
22.61000,1.98000,0.99493,0.00000,0.00000,0.00506,0.00001
22.81000,1.98000,0.99066,0.00000,0.00000,0.00931,0.00003
23.01000,1.98000,0.92244,0.00000,0.00000,0.07733,0.00023
23.21000,1.98000,0.90145,0.00000,0.00000,0.09823,0.00032
23.41000,1.98000,0.91617,0.00000,0.00000,0.08167,0.00216
23.61000,1.98000,0.94484,0.00000,0.00000,0.04265,0.01250
23.81000,1.98000,0.90597,0.00019,0.00001,0.05183,0.04200
24.01000,1.98000,0.84972,0.00038,0.00006,0.04506,0.10478
24.21000,1.98000,0.73530,0.00047,0.00021,0.02114,0.24288
24.41000,1.98000,0.62176,0.00023,0.00044,0.00804,0.36953
24.61000,1.98000,0.64065,0.00011,0.00086,0.00180,0.35659
24.81000,1.98000,0.68851,0.00022,0.00193,0.00099,0.30835
25.01000,1.98000,0.83201,0.00047,0.00096,0.00023,0.16633
25.21000,1.98000,0.95799,0.00064,0.00923,0.00007,0.03208
25.41000,1.98000,0.99487,0.00104,0.00293,0.00000,0.00116
25.61000,1.98000,0.99842,0.00007,0.00030,0.00000,0.00120
25.81000,1.98000,0.99813,0.00009,0.00031,0.00000,0.00147
26.01000,1.98000,0.99557,0.00007,0.00004,0.00001,0.00431
26.21000,1.98000,0.99948,0.00007,0.00001,0.00000,0.00044
26.41000,1.98000,0.99962,0.00008,0.00007,0.00000,0.00022
26.61000,1.98000,0.99949,0.00004,0.00008,0.00001,0.00037
26.81000,1.98000,0.99976,0.00001,0.00005,0.00000,0.00018
27.01000,1.98000,0.99963,0.00000,0.00000,0.00000,0.00036
27.21000,1.98000,0.99947,0.00000,0.00000,0.00000,0.00052
27.41000,1.98000,0.99876,0.00001,0.00000,0.00001,0.00121
27.61000,1.98000,0.99963,0.00000,0.00000,0.00000,0.00037
27.81000,1.98000,0.99880,0.00003,0.00000,0.00008,0.00110
28.01000,1.98000,0.99754,0.00006,0.00000,0.00132,0.00108
28.21000,1.98000,0.99842,0.00001,0.00000,0.00118,0.00039
28.41000,1.98000,0.99937,0.00002,0.00000,0.00029,0.00032
28.61000,1.98000,0.97350,0.02472,0.00000,0.00121,0.00056
28.81000,1.98000,0.88255,0.11059,0.00001,0.00447,0.00238
29.01000,1.98000,0.74011,0.24193,0.00003,0.01161,0.00632
29.21000,1.98000,0.90908,0.06554,0.00011,0.01122,0.01406
29.41000,1.98000,0.96925,0.00933,0.00009,0.00802,0.01331
29.61000,1.98000,0.97048,0.00594,0.00008,0.01057,0.01292
29.81000,1.98000,0.97516,0.00541,0.00014,0.00765,0.01164
30.01000,1.98000,0.98755,0.00233,0.00030,0.00265,0.00717
30.21000,1.98000,0.99951,0.00001,0.00001,0.00017,0.00029
30.41000,1.98000,0.99703,0.00008,0.00109,0.00042,0.00139
30.61000,1.98000,0.99884,0.00000,0.00005,0.00037,0.00075
30.81000,1.98000,0.99846,0.00000,0.00003,0.00108,0.00043
31.01000,1.98000,0.99994,0.00000,0.00001,0.00003,0.00002
31.21000,1.98000,0.99985,0.00000,0.00011,0.00001,0.00002
31.41000,1.98000,0.99975,0.00000,0.00020,0.00001,0.00004
31.61000,1.98000,0.99991,0.00000,0.00009,0.00000,0.00000
31.81000,1.98000,0.99998,0.00000,0.00002,0.00000,0.00000
32.01000,1.98000,0.99998,0.00000,0.00002,0.00000,0.00000
32.21000,1.98000,0.99997,0.00002,0.00000,0.00000,0.00000
32.41000,1.98000,0.99974,0.00025,0.00000,0.00000,0.00000
32.61000,1.98000,0.99743,0.00257,0.00000,0.00000,0.00000
32.81000,1.98000,0.99953,0.00047,0.00000,0.00000,0.00000
33.01000,1.98000,0.99826,0.00172,0.00000,0.00001,0.00001
33.21000,1.98000,0.99829,0.00081,0.00000,0.00067,0.00023
33.41000,1.98000,0.95855,0.00345,0.00000,0.03353,0.00447
33.61000,1.98000,0.92990,0.00936,0.00001,0.03374,0.02699
33.81000,1.98000,0.86731,0.00650,0.00001,0.02172,0.10447
34.01000,1.98000,0.88486,0.00254,0.00001,0.01455,0.09804
34.21000,1.98000,0.95119,0.00446,0.00000,0.00512,0.03923
34.41000,1.98000,0.96670,0.00536,0.00000,0.00220,0.02575
34.61000,1.98000,0.99079,0.00600,0.00000,0.00020,0.00301
34.81000,1.98000,0.99549,0.00396,0.00001,0.00002,0.00053
35.01000,1.98000,0.99600,0.00396,0.00004,0.00000,0.00000
35.21000,1.98000,0.98856,0.01140,0.00003,0.00000,0.00000
35.41000,1.98000,0.99374,0.00625,0.00001,0.00000,0.00000
35.61000,1.98000,0.99571,0.00429,0.00001,0.00000,0.00000
35.81000,1.98000,0.99681,0.00319,0.00001,0.00000,0.00000
36.01000,1.98000,0.99995,0.00005,0.00000,0.00000,0.00000
36.21000,1.98000,0.99999,0.00000,0.00000,0.00000,0.00000
36.41000,1.98000,0.99999,0.00000,0.00001,0.00000,0.00000
36.61000,1.98000,0.99998,0.00000,0.00002,0.00000,0.00000
36.81000,1.98000,0.99993,0.00001,0.00005,0.00000,0.00000
37.01000,1.98000,0.99997,0.00001,0.00001,0.00001,0.00000
37.21000,1.98000,0.99985,0.00001,0.00000,0.00013,0.00001
37.41000,1.98000,0.99826,0.00000,0.00000,0.00172,0.00002
37.61000,1.98000,0.99814,0.00000,0.00000,0.00184,0.00002
37.81000,1.98000,0.99953,0.00000,0.00000,0.00045,0.00002
38.01000,1.98000,0.96700,0.00006,0.00000,0.03171,0.00123
38.21000,1.98000,0.90697,0.00035,0.00000,0.08488,0.00779
38.41000,1.98000,0.85291,0.00204,0.00003,0.12055,0.02447
38.61000,1.98000,0.85397,0.00123,0.00015,0.08182,0.06284
38.81000,1.98000,0.89292,0.00135,0.00032,0.04228,0.06313
39.01000,1.98000,0.90905,0.00081,0.00049,0.01361,0.07604
39.21000,1.98000,0.92423,0.00007,0.00108,0.00205,0.07256
39.41000,1.98000,0.97489,0.00001,0.00225,0.00010,0.02275
39.61000,1.98000,0.97920,0.00001,0.00328,0.00005,0.01746
39.81000,1.98000,0.99009,0.00001,0.00475,0.00001,0.00515
40.01000,1.98000,0.99915,0.00002,0.00002,0.00000,0.00081
40.21000,1.98000,0.99941,0.00000,0.00000,0.00000,0.00058
40.41000,1.98000,0.99984,0.00000,0.00000,0.00000,0.00015
40.61000,1.98000,0.99989,0.00000,0.00000,0.00000,0.00011
40.81000,1.98000,0.99845,0.00000,0.00000,0.00015,0.00140
41.01000,1.98000,0.99952,0.00000,0.00000,0.00005,0.00044
41.21000,1.98000,0.99921,0.00000,0.00000,0.00017,0.00062
41.41000,1.98000,0.99884,0.00000,0.00000,0.00040,0.00076
41.61000,1.98000,0.99876,0.00000,0.00000,0.00062,0.00062
41.81000,1.98000,0.99826,0.00000,0.00000,0.00126,0.00048
42.01000,1.98000,0.99802,0.00000,0.00000,0.00174,0.00023
42.21000,1.98000,0.99874,0.00000,0.00000,0.00112,0.00014
42.41000,1.98000,0.99877,0.00000,0.00000,0.00072,0.00052
42.61000,1.98000,0.98929,0.00000,0.00000,0.00216,0.00854
42.81000,1.98000,0.97243,0.00000,0.00000,0.00673,0.02083
43.01000,1.98000,0.92596,0.00004,0.00000,0.02113,0.05286
43.21000,1.98000,0.82719,0.00007,0.00002,0.04666,0.12606
43.41000,1.98000,0.69628,0.00004,0.00007,0.02600,0.27761
43.61000,1.98000,0.65222,0.00001,0.00021,0.00739,0.34016
43.81000,1.98000,0.68822,0.00001,0.00070,0.00143,0.30964
44.01000,1.98000,0.85947,0.00002,0.00080,0.00012,0.13959
44.21000,1.98000,0.98331,0.00000,0.00103,0.00001,0.01564
44.41000,1.98000,0.99907,0.00001,0.00070,0.00000,0.00021
44.61000,1.98000,0.99991,0.00000,0.00006,0.00000,0.00003
44.81000,1.98000,0.99997,0.00000,0.00002,0.00000,0.00001
45.01000,1.98000,0.99999,0.00000,0.00001,0.00000,0.00000
45.21000,1.98000,1.00000,0.00000,0.00000,0.00000,0.00000
45.41000,1.98000,0.99998,0.00000,0.00002,0.00000,0.00000
45.61000,1.98000,0.99992,0.00000,0.00008,0.00000,0.00000
45.81000,1.98000,0.99996,0.00000,0.00004,0.00000,0.00000
46.01000,1.98000,0.99995,0.00000,0.00005,0.00000,0.00000
46.21000,1.98000,0.99994,0.00000,0.00006,0.00000,0.00000
46.41000,1.98000,0.99999,0.00000,0.00001,0.00000,0.00000
46.61000,1.98000,0.99993,0.00000,0.00007,0.00000,0.00000
46.81000,1.98000,0.99997,0.00000,0.00003,0.00000,0.00000
47.01000,1.98000,0.99997,0.00000,0.00002,0.00000,0.00000
47.21000,1.98000,1.00000,0.00000,0.00000,0.00000,0.00000
47.41000,1.98000,0.99994,0.00001,0.00000,0.00000,0.00005
47.61000,1.98000,0.98835,0.00009,0.00004,0.00021,0.01131
47.81000,1.98000,0.95557,0.00132,0.00003,0.00223,0.04085
48.01000,1.98000,0.88012,0.00053,0.00001,0.00249,0.11685
48.21000,1.98000,0.82345,0.00005,0.00001,0.00056,0.17593
48.41000,1.98000,0.91453,0.00006,0.00000,0.00026,0.08515
48.61000,1.98000,0.96612,0.00018,0.00000,0.00005,0.03366
48.81000,1.98000,0.93516,0.00739,0.00005,0.00016,0.05725
49.01000,1.98000,0.95181,0.01135,0.00013,0.00007,0.03664
49.21000,1.98000,0.99724,0.00165,0.00010,0.00000,0.00101
49.41000,1.98000,0.99988,0.00003,0.00009,0.00000,0.00001
49.61000,1.98000,0.99998,0.00001,0.00001,0.00000,0.00000
49.81000,1.98000,0.99993,0.00005,0.00001,0.00000,0.00000
50.01000,1.98000,0.99996,0.00004,0.00000,0.00000,0.00000
50.21000,1.98000,0.99998,0.00002,0.00000,0.00000,0.00000
50.41000,1.98000,0.99999,0.00000,0.00000,0.00000,0.00000
50.61000,1.98000,0.99999,0.00000,0.00000,0.00000,0.00001
50.81000,1.98000,0.99988,0.00000,0.00000,0.00005,0.00007
51.01000,1.98000,0.99983,0.00000,0.00000,0.00005,0.00011
51.21000,1.98000,0.99948,0.00000,0.00000,0.00012,0.00039
51.41000,1.98000,0.99982,0.00000,0.00000,0.00007,0.00011
51.61000,1.98000,0.99959,0.00000,0.00000,0.00026,0.00015
51.81000,1.98000,0.99990,0.00000,0.00000,0.00006,0.00004
52.01000,1.98000,0.99991,0.00000,0.00000,0.00005,0.00004
52.21000,1.98000,0.99992,0.00000,0.00000,0.00005,0.00003
52.41000,1.98000,1.00000,0.00000,0.00000,0.00000,0.00000
52.61000,1.98000,0.99897,0.00000,0.00000,0.00086,0.00017
52.81000,1.98000,0.99453,0.00000,0.00000,0.00461,0.00086
53.01000,1.98000,0.91909,0.00001,0.00000,0.05278,0.02812
53.21000,1.98000,0.85713,0.00002,0.00000,0.03186,0.11099
53.41000,1.98000,0.74236,0.00005,0.00001,0.01645,0.24114
53.61000,1.98000,0.85344,0.00019,0.00000,0.00410,0.14227
53.81000,1.98000,0.93457,0.00017,0.00000,0.00052,0.06474
54.01000,1.98000,0.97824,0.00069,0.00000,0.00008,0.02098
54.21000,1.98000,0.99606,0.00002,0.00000,0.00001,0.00390
54.41000,1.98000,0.99900,0.00000,0.00000,0.00000,0.00099
54.61000,1.98000,0.99987,0.00000,0.00000,0.00000,0.00013
54.81000,1.98000,0.99935,0.00001,0.00000,0.00000,0.00063
55.01000,1.98000,0.99989,0.00000,0.00000,0.00000,0.00011
55.21000,1.98000,0.99997,0.00000,0.00000,0.00000,0.00003
55.41000,1.98000,0.99998,0.00000,0.00000,0.00000,0.00002
55.61000,1.98000,0.99995,0.00000,0.00000,0.00000,0.00005
55.81000,1.98000,0.99974,0.00000,0.00000,0.00001,0.00025
56.01000,1.98000,0.99915,0.00000,0.00000,0.00024,0.00061
56.21000,1.98000,0.99931,0.00000,0.00000,0.00048,0.00021
56.41000,1.98000,0.99971,0.00000,0.00000,0.00025,0.00004
56.61000,1.98000,0.99964,0.00000,0.00000,0.00035,0.00001
56.81000,1.98000,0.99910,0.00000,0.00000,0.00089,0.00001
57.01000,1.98000,0.99837,0.00000,0.00000,0.00162,0.00001
57.21000,1.98000,0.99970,0.00000,0.00000,0.00030,0.00000
57.41000,1.98000,0.99944,0.00000,0.00000,0.00056,0.00000
57.61000,1.98000,0.99785,0.00000,0.00000,0.00214,0.00001
57.81000,1.98000,0.99520,0.00000,0.00000,0.00399,0.00081
58.01000,1.98000,0.98672,0.00001,0.00000,0.00400,0.00928
58.21000,1.98000,0.96846,0.00013,0.00000,0.00733,0.02408
58.41000,1.98000,0.85458,0.00049,0.00003,0.01004,0.13485
58.61000,1.98000,0.68843,0.00008,0.00007,0.00249,0.30893
58.81000,1.98000,0.71878,0.00002,0.00007,0.00023,0.28090
59.01000,1.98000,0.86627,0.00001,0.00009,0.00002,0.13362
59.21000,1.98000,0.96631,0.00000,0.00021,0.00000,0.03348
59.41000,1.98000,0.95515,0.00000,0.00109,0.00001,0.04375
59.61000,1.98000,0.99542,0.00000,0.00025,0.00000,0.00434
59.81000,1.98000,0.99996,0.00000,0.00000,0.00000,0.00004
60.01000,1.98000,0.99991,0.00000,0.00000,0.00000,0.00008
60.21000,1.98000,0.99947,0.00000,0.00000,0.00000,0.00052
60.41000,1.98000,0.99988,0.00000,0.00000,0.00000,0.00012
60.61000,1.98000,0.99995,0.00000,0.00000,0.00000,0.00005
60.81000,1.98000,0.99997,0.00000,0.00000,0.00000,0.00003
61.01000,1.98000,0.99999,0.00000,0.00000,0.00000,0.00001
61.21000,1.98000,1.00000,0.00000,0.00000,0.00000,0.00000
61.41000,1.98000,0.99998,0.00000,0.00000,0.00000,0.00002
61.61000,1.98000,1.00000,0.00000,0.00000,0.00000,0.00000
61.81000,1.98000,0.99999,0.00000,0.00000,0.00000,0.00000
62.01000,1.98000,1.00000,0.00000,0.00000,0.00000,0.00000
62.21000,1.98000,1.00000,0.00000,0.00000,0.00000,0.00000
62.41000,1.98000,0.99994,0.00002,0.00000,0.00000,0.00004
62.61000,1.98000,0.99949,0.00016,0.00000,0.00016,0.00020
62.81000,1.98000,0.99921,0.00024,0.00000,0.00040,0.00015
63.01000,1.98000,0.99902,0.00022,0.00000,0.00028,0.00048
63.21000,1.98000,0.97237,0.00871,0.00001,0.00730,0.01160
63.41000,1.98000,0.95180,0.00624,0.00016,0.01349,0.02831
63.61000,1.98000,0.87902,0.01153,0.00011,0.05708,0.05226
63.81000,1.98000,0.80135,0.00786,0.00025,0.10053,0.09001
64.01000,1.98000,0.70260,0.00098,0.00108,0.05530,0.24003
64.21000,1.98000,0.62856,0.00033,0.00330,0.03493,0.33289
64.41000,1.98000,0.64478,0.00014,0.00602,0.02278,0.32628
64.61000,1.98000,0.96406,0.00001,0.00309,0.00236,0.03048
64.81000,1.98000,0.99814,0.00000,0.00039,0.00022,0.00125
65.01000,1.98000,0.99955,0.00000,0.00018,0.00001,0.00025
65.21000,1.98000,0.99994,0.00000,0.00001,0.00000,0.00005
65.41000,1.98000,0.99999,0.00000,0.00000,0.00000,0.00001
65.61000,1.98000,1.00000,0.00000,0.00000,0.00000,0.00000
65.81000,1.98000,1.00000,0.00000,0.00000,0.00000,0.00000
66.01000,1.98000,1.00000,0.00000,0.00000,0.00000,0.00000
66.21000,1.98000,1.00000,0.00000,0.00000,0.00000,0.00000
66.41000,1.98000,1.00000,0.00000,0.00000,0.00000,0.00000
66.61000,1.98000,1.00000,0.00000,0.00000,0.00000,0.00000
66.81000,1.98000,0.99999,0.00000,0.00000,0.00000,0.00001
67.01000,1.98000,0.99999,0.00000,0.00000,0.00000,0.00001
67.21000,1.98000,0.99998,0.00000,0.00000,0.00000,0.00001
67.41000,1.98000,0.99994,0.00005,0.00000,0.00000,0.00001
67.61000,1.98000,0.99934,0.00065,0.00000,0.00000,0.00001
67.81000,1.98000,0.99926,0.00074,0.00000,0.00000,0.00000
68.01000,1.98000,0.99836,0.00164,0.00000,0.00000,0.00000
68.21000,1.98000,0.98686,0.01313,0.00000,0.00000,0.00000
68.41000,1.98000,0.98188,0.01810,0.00000,0.00000,0.00002
68.61000,1.98000,0.95292,0.04699,0.00000,0.00000,0.00009
68.81000,1.98000,0.98758,0.01171,0.00000,0.00000,0.00070
69.01000,1.98000,0.99389,0.00367,0.00000,0.00000,0.00243
69.21000,1.98000,0.99517,0.00247,0.00000,0.00000,0.00236
69.41000,1.98000,0.99487,0.00042,0.00001,0.00022,0.00448
69.61000,1.98000,0.99694,0.00005,0.00004,0.00019,0.00278
69.81000,1.98000,0.99956,0.00001,0.00001,0.00004,0.00038
70.01000,1.98000,0.99983,0.00000,0.00001,0.00004,0.00012
70.21000,1.98000,0.98825,0.00000,0.00376,0.00308,0.00491
70.41000,1.98000,0.99972,0.00000,0.00006,0.00010,0.00012
70.61000,1.98000,0.99980,0.00000,0.00006,0.00009,0.00006
70.81000,1.98000,0.99948,0.00000,0.00011,0.00033,0.00008
71.01000,1.98000,0.99985,0.00000,0.00004,0.00009,0.00002
71.21000,1.98000,0.99996,0.00000,0.00002,0.00000,0.00001
71.41000,1.98000,0.99997,0.00000,0.00003,0.00000,0.00000
71.61000,1.98000,0.99998,0.00000,0.00002,0.00000,0.00000
71.81000,1.98000,0.99999,0.00000,0.00001,0.00000,0.00000
72.01000,1.98000,1.00000,0.00000,0.00000,0.00000,0.00000
72.21000,1.98000,1.00000,0.00000,0.00000,0.00000,0.00000
72.41000,1.98000,1.00000,0.00000,0.00000,0.00000,0.00000
72.61000,1.98000,1.00000,0.00000,0.00000,0.00000,0.00000
72.81000,1.98000,1.00000,0.00000,0.00000,0.00000,0.00000
73.01000,1.98000,1.00000,0.00000,0.00000,0.00000,0.00000
73.21000,1.98000,0.99999,0.00000,0.00000,0.00000,0.00001
73.41000,1.98000,1.00000,0.00000,0.00000,0.00000,0.00000
73.61000,1.98000,0.99954,0.00000,0.00000,0.00005,0.00040
73.81000,1.98000,0.97730,0.00000,0.00000,0.00983,0.01286
74.01000,1.98000,0.89214,0.00007,0.00004,0.04966,0.05810
74.21000,1.98000,0.73190,0.00026,0.00026,0.14793,0.11965
74.41000,1.98000,0.66696,0.00005,0.00002,0.05742,0.27555
74.61000,1.98000,0.50870,0.00006,0.00006,0.01479,0.47639
74.81000,1.98000,0.65190,0.00016,0.00019,0.00429,0.34346
75.01000,1.98000,0.83093,0.00101,0.00074,0.00135,0.16598
75.21000,1.98000,0.92537,0.00257,0.00111,0.00045,0.07050
75.41000,1.98000,0.96076,0.01798,0.00099,0.00008,0.02019
75.61000,1.98000,0.99918,0.00074,0.00006,0.00000,0.00003
75.81000,1.98000,0.99895,0.00099,0.00005,0.00000,0.00001
76.01000,1.98000,0.99989,0.00011,0.00001,0.00000,0.00000
76.21000,1.98000,0.99996,0.00004,0.00000,0.00000,0.00000
76.41000,1.98000,0.99998,0.00002,0.00000,0.00000,0.00000
76.61000,1.98000,0.99997,0.00003,0.00000,0.00000,0.00000
76.81000,1.98000,0.99997,0.00003,0.00000,0.00000,0.00000
77.01000,1.98000,0.99998,0.00000,0.00000,0.00000,0.00001
77.21000,1.98000,0.99993,0.00000,0.00000,0.00003,0.00005
77.41000,1.98000,0.99997,0.00000,0.00000,0.00001,0.00002
77.61000,1.98000,0.99990,0.00000,0.00000,0.00005,0.00005
77.81000,1.98000,0.99999,0.00000,0.00000,0.00000,0.00000
78.01000,1.98000,0.99995,0.00000,0.00000,0.00004,0.00001
78.21000,1.98000,0.98776,0.00000,0.00000,0.01214,0.00010
78.41000,1.98000,0.84489,0.00001,0.00000,0.14941,0.00569
78.61000,1.98000,0.65604,0.00017,0.00001,0.28828,0.05550
78.81000,1.98000,0.67056,0.00028,0.00003,0.14410,0.18504
79.01000,1.98000,0.83000,0.00214,0.00002,0.04722,0.12061
79.21000,1.98000,0.91778,0.00556,0.00001,0.00492,0.07173
79.41000,1.98000,0.93489,0.01475,0.00001,0.00114,0.04922
79.61000,1.98000,0.98729,0.00595,0.00001,0.00005,0.00671
79.81000,1.98000,0.98450,0.01190,0.00001,0.00004,0.00355
80.01000,1.98000,0.95283,0.04612,0.00004,0.00002,0.00099
80.21000,1.98000,0.99822,0.00178,0.00000,0.00000,0.00000
80.41000,1.98000,0.99946,0.00054,0.00000,0.00000,0.00000
80.61000,1.98000,0.99996,0.00004,0.00000,0.00000,0.00000
80.81000,1.98000,0.99999,0.00001,0.00000,0.00000,0.00000
81.01000,1.98000,0.99999,0.00001,0.00000,0.00000,0.00000
81.21000,1.98000,0.99999,0.00000,0.00000,0.00000,0.00000
81.41000,1.98000,1.00000,0.00000,0.00000,0.00000,0.00000
81.61000,1.98000,0.99999,0.00000,0.00001,0.00000,0.00000
81.81000,1.98000,1.00000,0.00000,0.00000,0.00000,0.00000
82.01000,1.98000,0.99999,0.00000,0.00000,0.00000,0.00001
82.21000,1.98000,0.99989,0.00000,0.00000,0.00000,0.00011
82.41000,1.98000,0.99992,0.00000,0.00000,0.00000,0.00008
82.61000,1.98000,0.99951,0.00000,0.00000,0.00000,0.00049
82.81000,1.98000,0.99944,0.00000,0.00000,0.00001,0.00055
83.01000,1.98000,0.99883,0.00000,0.00000,0.00016,0.00101
83.21000,1.98000,0.99487,0.00001,0.00002,0.00235,0.00275
83.41000,1.98000,0.98987,0.00001,0.00001,0.00514,0.00498
83.61000,1.98000,0.99728,0.00000,0.00000,0.00070,0.00201
83.81000,1.98000,0.99885,0.00001,0.00003,0.00078,0.00033
84.01000,1.98000,0.99723,0.00000,0.00001,0.00097,0.00179
84.21000,1.98000,0.97324,0.00017,0.00002,0.01154,0.01501
84.41000,1.98000,0.94729,0.00014,0.00007,0.01498,0.03752
84.61000,1.98000,0.88877,0.00006,0.00009,0.01103,0.10004
84.81000,1.98000,0.94205,0.00064,0.00007,0.00105,0.05619
85.01000,1.98000,0.95469,0.00135,0.00001,0.00251,0.04143
85.21000,1.98000,0.95710,0.00407,0.00002,0.00290,0.03590
85.41000,1.98000,0.94392,0.00870,0.00009,0.00440,0.04288
85.61000,1.98000,0.92776,0.00821,0.00021,0.00534,0.05849
85.81000,1.98000,0.98115,0.00393,0.00016,0.00060,0.01416
86.01000,1.98000,0.99289,0.00564,0.00008,0.00004,0.00135
86.21000,1.98000,0.99270,0.00624,0.00002,0.00011,0.00094
86.41000,1.98000,0.99519,0.00399,0.00000,0.00022,0.00060
86.61000,1.98000,0.99921,0.00041,0.00000,0.00004,0.00034
86.81000,1.98000,0.99920,0.00005,0.00000,0.00003,0.00072
87.01000,1.98000,0.99968,0.00000,0.00000,0.00001,0.00031
87.21000,1.98000,0.99915,0.00000,0.00000,0.00007,0.00078
87.41000,1.98000,0.99860,0.00000,0.00000,0.00023,0.00117
87.61000,1.98000,0.99877,0.00000,0.00000,0.00003,0.00120
87.81000,1.98000,0.95971,0.00000,0.00000,0.00053,0.03975
88.01000,1.98000,0.89542,0.00001,0.00001,0.00183,0.10273
88.21000,1.98000,0.84088,0.00000,0.00006,0.00090,0.15815
88.41000,1.98000,0.91431,0.00001,0.00012,0.00010,0.08546
88.61000,1.98000,0.95325,0.00006,0.00047,0.00017,0.04605
88.81000,1.98000,0.99082,0.00015,0.00038,0.00057,0.00809
89.01000,1.98000,0.99235,0.00021,0.00074,0.00255,0.00415
89.21000,1.98000,0.97768,0.00163,0.00182,0.01122,0.00766
89.41000,1.98000,0.99912,0.00012,0.00041,0.00012,0.00023
89.61000,1.98000,0.99963,0.00036,0.00000,0.00000,0.00000
89.81000,1.98000,0.99988,0.00011,0.00001,0.00000,0.00000
90.01000,1.98000,0.99995,0.00003,0.00000,0.00001,0.00000
90.21000,1.98000,0.99999,0.00000,0.00000,0.00000,0.00000
90.41000,1.98000,0.99999,0.00000,0.00000,0.00000,0.00000
90.61000,1.98000,0.99999,0.00000,0.00000,0.00000,0.00000
90.81000,1.98000,1.00000,0.00000,0.00000,0.00000,0.00000
91.01000,1.98000,0.99998,0.00000,0.00000,0.00000,0.00002
91.21000,1.98000,0.99991,0.00000,0.00000,0.00002,0.00008
91.41000,1.98000,0.99993,0.00000,0.00000,0.00001,0.00006
91.61000,1.98000,0.99937,0.00000,0.00000,0.00025,0.00037
91.81000,1.98000,0.99973,0.00000,0.00000,0.00007,0.00020
92.01000,1.98000,0.99993,0.00000,0.00000,0.00001,0.00006
92.21000,1.98000,0.99927,0.00000,0.00000,0.00024,0.00049
92.41000,1.98000,0.99922,0.00000,0.00000,0.00041,0.00037
92.61000,1.98000,0.99993,0.00000,0.00000,0.00001,0.00006
92.81000,1.98000,0.99849,0.00000,0.00000,0.00079,0.00072
93.01000,1.98000,0.99916,0.00000,0.00000,0.00060,0.00024
93.21000,1.98000,0.98043,0.00042,0.00000,0.01720,0.00195
93.41000,1.98000,0.98713,0.00026,0.00000,0.00692,0.00570
93.61000,1.98000,0.97054,0.00149,0.00000,0.00753,0.02044
93.81000,1.98000,0.92016,0.00253,0.00000,0.00922,0.06809
94.01000,1.98000,0.87391,0.00311,0.00000,0.00778,0.11520
94.21000,1.98000,0.75080,0.00169,0.00001,0.00347,0.24402
94.41000,1.98000,0.86589,0.00325,0.00001,0.00145,0.12940
94.61000,1.98000,0.89254,0.00562,0.00001,0.00275,0.09908
94.81000,1.98000,0.96962,0.00657,0.00000,0.00018,0.02362
95.01000,1.98000,0.99439,0.00158,0.00000,0.00002,0.00401
95.21000,1.98000,0.99983,0.00000,0.00000,0.00000,0.00017
95.41000,1.98000,0.99998,0.00000,0.00000,0.00000,0.00001
95.61000,1.98000,0.99995,0.00000,0.00000,0.00000,0.00005
95.81000,1.98000,0.99999,0.00000,0.00000,0.00000,0.00001
96.01000,1.98000,1.00000,0.00000,0.00000,0.00000,0.00000
96.21000,1.98000,1.00000,0.00000,0.00000,0.00000,0.00000
96.41000,1.98000,1.00000,0.00000,0.00000,0.00000,0.00000
96.61000,1.98000,0.99998,0.00000,0.00000,0.00000,0.00002
96.81000,1.98000,0.99997,0.00000,0.00000,0.00000,0.00003
97.01000,1.98000,0.99999,0.00000,0.00000,0.00000,0.00001
97.21000,1.98000,0.99995,0.00000,0.00000,0.00000,0.00005
97.41000,1.98000,0.99986,0.00000,0.00000,0.00002,0.00011
97.61000,1.98000,0.99962,0.00000,0.00000,0.00014,0.00024
97.81000,1.98000,0.99485,0.00000,0.00000,0.00432,0.00083
98.01000,1.98000,0.98857,0.00000,0.00000,0.01085,0.00058
98.21000,1.98000,0.99831,0.00000,0.00000,0.00079,0.00090
98.41000,1.98000,0.98557,0.00011,0.00000,0.00240,0.01192
98.61000,1.98000,0.96537,0.00372,0.00002,0.00251,0.02838
98.81000,1.98000,0.88820,0.00367,0.00042,0.00351,0.10420
99.01000,1.98000,0.83983,0.00596,0.00044,0.00462,0.14914
99.21000,1.98000,0.77537,0.00292,0.00097,0.00252,0.21821
99.41000,1.98000,0.80805,0.00064,0.00156,0.00174,0.18801
99.61000,1.98000,0.85719,0.00017,0.00345,0.00358,0.13563
99.81000,1.98000,0.98118,0.00000,0.00183,0.00220,0.01478
100.01000,1.98000,0.99952,0.00000,0.00023,0.00015,0.00009
100.21000,1.98000,0.99897,0.00000,0.00047,0.00051,0.00005
100.41000,1.98000,0.99985,0.00000,0.00004,0.00010,0.00001
100.61000,1.98000,0.99469,0.00000,0.00002,0.00521,0.00009
100.81000,1.98000,0.99731,0.00000,0.00001,0.00264,0.00004
101.01000,1.98000,0.99966,0.00000,0.00000,0.00034,0.00000
101.21000,1.98000,0.99983,0.00000,0.00000,0.00017,0.00000
101.41000,1.98000,0.99972,0.00000,0.00000,0.00027,0.00000
101.61000,1.98000,0.99998,0.00000,0.00001,0.00002,0.00000
101.81000,1.98000,0.99993,0.00000,0.00006,0.00000,0.00001
102.01000,1.98000,0.99999,0.00000,0.00001,0.00000,0.00000
102.21000,1.98000,0.99998,0.00000,0.00002,0.00000,0.00001
102.41000,1.98000,0.99991,0.00000,0.00002,0.00000,0.00007
102.61000,1.98000,0.99958,0.00000,0.00020,0.00001,0.00021
102.81000,1.98000,0.99894,0.00000,0.00035,0.00005,0.00066
103.01000,1.98000,0.99930,0.00000,0.00029,0.00000,0.00040
103.21000,1.98000,0.99590,0.00000,0.00059,0.00018,0.00333
103.41000,1.98000,0.94827,0.00001,0.01785,0.00490,0.02898
103.61000,1.98000,0.90738,0.00002,0.02557,0.00441,0.06261
103.81000,1.98000,0.93097,0.00003,0.00960,0.00299,0.05641
104.01000,1.98000,0.91292,0.00007,0.00242,0.00280,0.08180
104.21000,1.98000,0.91463,0.00020,0.00094,0.00052,0.08370
104.41000,1.98000,0.90767,0.00921,0.00031,0.00290,0.07991
104.61000,1.98000,0.95090,0.01270,0.00012,0.00102,0.03526
104.81000,1.98000,0.99427,0.00475,0.00008,0.00001,0.00088
105.01000,1.98000,0.97985,0.02003,0.00001,0.00000,0.00011
105.21000,1.98000,0.99998,0.00001,0.00000,0.00000,0.00001
105.41000,1.98000,0.99995,0.00005,0.00000,0.00000,0.00000
105.61000,1.98000,0.99997,0.00003,0.00000,0.00000,0.00000
105.81000,1.98000,0.99608,0.00391,0.00000,0.00000,0.00001
106.01000,1.98000,0.99545,0.00453,0.00000,0.00000,0.00001
106.21000,1.98000,0.99874,0.00125,0.00000,0.00000,0.00001
106.41000,1.98000,0.99973,0.00024,0.00000,0.00001,0.00003
106.61000,1.98000,0.99987,0.00006,0.00000,0.00003,0.00004
106.81000,1.98000,0.99991,0.00001,0.00000,0.00005,0.00003
107.01000,1.98000,0.99998,0.00000,0.00000,0.00001,0.00001
107.21000,1.98000,1.00000,0.00000,0.00000,0.00000,0.00000
107.41000,1.98000,1.00000,0.00000,0.00000,0.00000,0.00000
107.61000,1.98000,0.99862,0.00001,0.00000,0.00103,0.00035
107.81000,1.98000,0.99465,0.00002,0.00000,0.00346,0.00187
108.01000,1.98000,0.97323,0.00090,0.00002,0.01862,0.00722
108.21000,1.98000,0.95030,0.00138,0.00011,0.01700,0.03120
108.41000,1.98000,0.95268,0.00141,0.00034,0.00781,0.03776
108.61000,1.98000,0.97533,0.00477,0.00027,0.00160,0.01803
108.81000,1.98000,0.97877,0.01745,0.00030,0.00019,0.00329
109.01000,1.98000,0.98943,0.00770,0.00058,0.00006,0.00223
109.21000,1.98000,0.99677,0.00265,0.00008,0.00001,0.00049
109.41000,1.98000,0.99938,0.00014,0.00046,0.00000,0.00002
109.61000,1.98000,1.00000,0.00000,0.00000,0.00000,0.00000
109.81000,1.98000,0.99992,0.00008,0.00000,0.00000,0.00000
110.01000,1.98000,0.99985,0.00015,0.00000,0.00000,0.00000
110.21000,1.98000,0.99992,0.00008,0.00000,0.00000,0.00000
110.41000,1.98000,0.99994,0.00005,0.00000,0.00000,0.00000
110.61000,1.98000,0.99998,0.00002,0.00000,0.00000,0.00000
110.81000,1.98000,0.99993,0.00005,0.00000,0.00000,0.00001
111.01000,1.98000,0.99997,0.00001,0.00000,0.00000,0.00003
111.21000,1.98000,0.99978,0.00001,0.00000,0.00000,0.00021
111.41000,1.98000,0.99958,0.00000,0.00000,0.00003,0.00039
111.61000,1.98000,0.99917,0.00000,0.00000,0.00040,0.00043
111.81000,1.98000,0.99965,0.00000,0.00000,0.00024,0.00010
112.01000,1.98000,0.99982,0.00000,0.00000,0.00016,0.00002
112.21000,1.98000,0.99988,0.00000,0.00000,0.00011,0.00001
112.41000,1.98000,0.99999,0.00000,0.00000,0.00000,0.00000
112.61000,1.98000,1.00000,0.00000,0.00000,0.00000,0.00000
112.81000,1.98000,0.99875,0.00000,0.00000,0.00122,0.00002
113.01000,1.98000,0.95856,0.00000,0.00000,0.04103,0.00041
113.21000,1.98000,0.74402,0.00021,0.00000,0.24595,0.00982
113.41000,1.98000,0.76187,0.00058,0.00001,0.18159,0.05595
113.61000,1.98000,0.89427,0.00403,0.00002,0.04244,0.05925
113.81000,1.98000,0.92882,0.04261,0.00002,0.00350,0.02505
114.01000,1.98000,0.80946,0.18036,0.00001,0.00066,0.00950
114.21000,1.98000,0.94274,0.05477,0.00001,0.00010,0.00238
114.41000,1.98000,0.99636,0.00252,0.00000,0.00002,0.00110
114.61000,1.98000,0.98980,0.00771,0.00000,0.00004,0.00244
114.81000,1.98000,0.99823,0.00170,0.00000,0.00000,0.00007
115.01000,1.98000,0.99974,0.00022,0.00000,0.00000,0.00004
115.21000,1.98000,0.99996,0.00003,0.00000,0.00000,0.00002
115.41000,1.98000,0.99998,0.00000,0.00000,0.00000,0.00001
115.61000,1.98000,0.99992,0.00000,0.00000,0.00000,0.00008
115.81000,1.98000,0.99984,0.00000,0.00000,0.00003,0.00013
116.01000,1.98000,0.99979,0.00000,0.00000,0.00010,0.00011
116.21000,1.98000,0.99985,0.00000,0.00000,0.00010,0.00006
116.41000,1.98000,0.99970,0.00000,0.00000,0.00026,0.00004
116.61000,1.98000,0.99971,0.00000,0.00000,0.00027,0.00002
116.81000,1.98000,0.99939,0.00000,0.00000,0.00057,0.00004
117.01000,1.98000,0.99696,0.00000,0.00000,0.00297,0.00007
117.21000,1.98000,0.99107,0.00000,0.00000,0.00886,0.00008
117.41000,1.98000,0.99701,0.00000,0.00000,0.00295,0.00004
117.61000,1.98000,0.99713,0.00000,0.00000,0.00265,0.00021
117.81000,1.98000,0.99199,0.00000,0.00000,0.00446,0.00355
118.01000,1.98000,0.98570,0.00051,0.00000,0.00555,0.00824
118.21000,1.98000,0.97714,0.00321,0.00001,0.00434,0.01530
118.41000,1.98000,0.96680,0.00107,0.00020,0.00162,0.03031
118.61000,1.98000,0.96048,0.00048,0.00119,0.00107,0.03678
118.81000,1.98000,0.98160,0.00074,0.00331,0.00106,0.01329
119.01000,1.98000,0.98460,0.00023,0.01113,0.00019,0.00385
119.21000,1.98000,0.98493,0.00003,0.01418,0.00004,0.00082
119.41000,1.98000,0.99406,0.00002,0.00587,0.00000,0.00005
119.61000,1.98000,0.99965,0.00000,0.00034,0.00000,0.00000
119.81000,1.98000,0.99996,0.00000,0.00003,0.00000,0.00000
120.01000,1.98000,0.99993,0.00000,0.00007,0.00000,0.00000
120.21000,1.98000,0.99994,0.00000,0.00006,0.00000,0.00000
120.41000,1.98000,0.99997,0.00000,0.00003,0.00000,0.00000
120.61000,1.98000,0.99981,0.00013,0.00006,0.00000,0.00000
120.81000,1.98000,0.99977,0.00019,0.00003,0.00000,0.00000
121.01000,1.98000,0.99969,0.00015,0.00016,0.00000,0.00000
121.21000,1.98000,0.99983,0.00013,0.00004,0.00000,0.00000
121.41000,1.98000,0.99952,0.00042,0.00005,0.00000,0.00000
121.61000,1.98000,0.99972,0.00027,0.00001,0.00000,0.00000
121.81000,1.98000,0.99946,0.00049,0.00000,0.00002,0.00004
122.01000,1.98000,0.97854,0.01499,0.00001,0.00474,0.00172
122.21000,1.98000,0.98158,0.00069,0.00000,0.01685,0.00088
122.41000,1.98000,0.98164,0.00007,0.00000,0.01791,0.00038
122.61000,1.98000,0.98939,0.00001,0.00000,0.01051,0.00010
122.81000,1.98000,0.99598,0.00000,0.00000,0.00401,0.00001
