Time (seconds), Duration (seconds),pred_(unlabeled),pred_On,pred_Off,pred_Dimmer,pred_Lighter
0.01000,1.98000,0.99999,0.00000,0.00000,0.00000,0.00001
0.21000,1.98000,0.99999,0.00000,0.00000,0.00000,0.00001
0.41000,1.98000,0.99999,0.00000,0.00000,0.00000,0.00001
0.61000,1.98000,0.99999,0.00000,0.00000,0.00000,0.00001
0.81000,1.98000,0.99999,0.00000,0.00000,0.00000,0.00001
1.01000,1.98000,0.99999,0.00000,0.00000,0.00000,0.00001
1.21000,1.98000,0.99999,0.00000,0.00000,0.00000,0.00001
1.41000,1.98000,0.99999,0.00000,0.00000,0.00000,0.00001
1.61000,1.98000,0.99999,0.00000,0.00000,0.00000,0.00001
1.81000,1.98000,0.99999,0.00000,0.00000,0.00000,0.00001
2.01000,1.98000,0.99998,0.00000,0.00000,0.00000,0.00001
2.21000,1.98000,0.99998,0.00000,0.00000,0.00000,0.00001
2.41000,1.98000,0.99998,0.00000,0.00000,0.00000,0.00001
2.61000,1.98000,0.99999,0.00000,0.00000,0.00000,0.00001
2.81000,1.98000,1.00000,0.00000,0.00000,0.00000,0.00000
3.01000,1.98000,1.00000,0.00000,0.00000,0.00000,0.00000
3.21000,1.98000,1.00000,0.00000,0.00000,0.00000,0.00000
3.41000,1.98000,0.99965,0.00001,0.00007,0.00023,0.00004
3.61000,1.98000,0.78597,0.00042,0.15829,0.05027,0.00505
3.81000,1.98000,0.79468,0.00021,0.12063,0.06562,0.01886
4.01000,1.98000,0.99956,0.00003,0.00001,0.00002,0.00038
4.21000,1.98000,0.99988,0.00000,0.00001,0.00000,0.00011
4.41000,1.98000,0.99985,0.00000,0.00000,0.00000,0.00014
4.61000,1.98000,0.99990,0.00000,0.00000,0.00000,0.00010
4.81000,1.98000,0.99999,0.00000,0.00000,0.00000,0.00001
5.01000,1.98000,1.00000,0.00000,0.00000,0.00000,0.00000
5.21000,1.98000,1.00000,0.00000,0.00000,0.00000,0.00000
5.41000,1.98000,1.00000,0.00000,0.00000,0.00000,0.00000
5.61000,1.98000,1.00000,0.00000,0.00000,0.00000,0.00000
5.81000,1.98000,0.99999,0.00000,0.00000,0.00000,0.00000
6.01000,1.98000,0.99999,0.00000,0.00000,0.00000,0.00001
6.21000,1.98000,0.99999,0.00000,0.00000,0.00000,0.00000
6.41000,1.98000,0.99999,0.00000,0.00000,0.00000,0.00000
6.61000,1.98000,0.99999,0.00000,0.00000,0.00000,0.00001
6.81000,1.98000,0.99999,0.00000,0.00000,0.00000,0.00000
7.01000,1.98000,0.99999,0.00000,0.00000,0.00000,0.00001
7.21000,1.98000,0.99999,0.00000,0.00000,0.00000,0.00001
7.41000,1.98000,0.99999,0.00000,0.00000,0.00000,0.00001
7.61000,1.98000,0.99999,0.00000,0.00000,0.00000,0.00000
7.81000,1.98000,1.00000,0.00000,0.00000,0.00000,0.00000
8.01000,1.98000,0.99999,0.00000,0.00000,0.00000,0.00000
8.21000,1.98000,0.99999,0.00000,0.00000,0.00000,0.00000
8.41000,1.98000,0.99999,0.00000,0.00000,0.00000,0.00001
8.61000,1.98000,0.99999,0.00000,0.00000,0.00000,0.00001
8.81000,1.98000,0.99999,0.00000,0.00000,0.00000,0.00001
9.01000,1.98000,0.99999,0.00000,0.00000,0.00000,0.00000
9.21000,1.98000,0.99999,0.00000,0.00000,0.00000,0.00000
9.41000,1.98000,1.00000,0.00000,0.00000,0.00000,0.00000
9.61000,1.98000,0.99999,0.00000,0.00000,0.00000,0.00000
9.81000,1.98000,0.99999,0.00000,0.00000,0.00000,0.00000
10.01000,1.98000,1.00000,0.00000,0.00000,0.00000,0.00000
10.21000,1.98000,1.00000,0.00000,0.00000,0.00000,0.00000
10.41000,1.98000,1.00000,0.00000,0.00000,0.00000,0.00000
10.61000,1.98000,1.00000,0.00000,0.00000,0.00000,0.00000
10.81000,1.98000,1.00000,0.00000,0.00000,0.00000,0.00000
11.01000,1.98000,1.00000,0.00000,0.00000,0.00000,0.00000
11.21000,1.98000,0.99978,0.00000,0.00018,0.00002,0.00002
11.41000,1.98000,0.84321,0.00005,0.15279,0.00223,0.00172
11.61000,1.98000,0.08849,0.00002,0.90553,0.00370,0.00226
11.81000,1.98000,0.99667,0.00000,0.00310,0.00003,0.00019
12.01000,1.98000,0.99999,0.00000,0.00000,0.00000,0.00001
12.21000,1.98000,0.99995,0.00000,0.00000,0.00000,0.00005
12.41000,1.98000,0.99992,0.00000,0.00000,0.00000,0.00008
12.61000,1.98000,0.99998,0.00000,0.00000,0.00000,0.00002
12.81000,1.98000,0.99999,0.00000,0.00000,0.00000,0.00001
13.01000,1.98000,0.99999,0.00000,0.00000,0.00000,0.00001
13.21000,1.98000,0.99999,0.00000,0.00000,0.00000,0.00001
13.41000,1.98000,0.99999,0.00000,0.00000,0.00000,0.00001
13.61000,1.98000,1.00000,0.00000,0.00000,0.00000,0.00000
13.81000,1.98000,1.00000,0.00000,0.00000,0.00000,0.00000
14.01000,1.98000,0.99999,0.00000,0.00000,0.00000,0.00000
14.21000,1.98000,0.99999,0.00000,0.00000,0.00000,0.00000
14.41000,1.98000,0.99999,0.00000,0.00000,0.00000,0.00000
14.61000,1.98000,0.99999,0.00000,0.00000,0.00000,0.00001
14.81000,1.98000,0.99999,0.00000,0.00000,0.00000,0.00001
15.01000,1.98000,0.99999,0.00000,0.00000,0.00000,0.00001
15.21000,1.98000,0.99999,0.00000,0.00000,0.00000,0.00001
15.41000,1.98000,0.99999,0.00000,0.00000,0.00000,0.00001
15.61000,1.98000,0.99999,0.00000,0.00000,0.00000,0.00001
15.81000,1.98000,0.99999,0.00000,0.00000,0.00000,0.00001
16.01000,1.98000,0.99999,0.00000,0.00000,0.00000,0.00001
16.21000,1.98000,0.99999,0.00000,0.00000,0.00000,0.00001
16.41000,1.98000,0.99999,0.00000,0.00000,0.00000,0.00001
16.61000,1.98000,0.99999,0.00000,0.00000,0.00000,0.00001
16.81000,1.98000,0.99999,0.00000,0.00000,0.00000,0.00000
17.01000,1.98000,0.99999,0.00000,0.00000,0.00000,0.00000
17.21000,1.98000,1.00000,0.00000,0.00000,0.00000,0.00000
17.41000,1.98000,1.00000,0.00000,0.00000,0.00000,0.00000
17.61000,1.98000,1.00000,0.00000,0.00000,0.00000,0.00000
17.81000,1.98000,1.00000,0.00000,0.00000,0.00000,0.00000
18.01000,1.98000,1.00000,0.00000,0.00000,0.00000,0.00000
18.21000,1.98000,1.00000,0.00000,0.00000,0.00000,0.00000
18.41000,1.98000,0.99998,0.00000,0.00002,0.00000,0.00000
18.61000,1.98000,0.93134,0.00011,0.06707,0.00101,0.00048
18.81000,1.98000,0.01745,0.00005,0.97828,0.00347,0.00076
19.01000,1.98000,0.98555,0.00002,0.01418,0.00006,0.00019
19.21000,1.98000,0.99991,0.00000,0.00004,0.00000,0.00005
19.41000,1.98000,0.99998,0.00000,0.00000,0.00000,0.00002
19.61000,1.98000,0.99993,0.00000,0.00000,0.00000,0.00007
19.81000,1.98000,0.99999,0.00000,0.00000,0.00000,0.00001
20.01000,1.98000,0.99998,0.00000,0.00000,0.00000,0.00001
20.21000,1.98000,0.99999,0.00000,0.00000,0.00000,0.00001
20.41000,1.98000,0.99999,0.00000,0.00000,0.00000,0.00001
20.61000,1.98000,0.99999,0.00000,0.00000,0.00000,0.00001
20.81000,1.98000,0.99999,0.00000,0.00000,0.00000,0.00001
21.01000,1.98000,0.99999,0.00000,0.00000,0.00000,0.00001
21.21000,1.98000,0.99999,0.00000,0.00000,0.00000,0.00001
21.41000,1.98000,0.99999,0.00000,0.00000,0.00000,0.00001
21.61000,1.98000,0.99999,0.00000,0.00000,0.00000,0.00001
21.81000,1.98000,0.99999,0.00000,0.00000,0.00000,0.00001
22.01000,1.98000,0.99999,0.00000,0.00000,0.00000,0.00001
22.21000,1.98000,0.99998,0.00000,0.00000,0.00000,0.00002
22.41000,1.98000,0.99998,0.00000,0.00000,0.00000,0.00002
22.61000,1.98000,0.99998,0.00000,0.00000,0.00000,0.00002
22.81000,1.98000,0.99998,0.00000,0.00000,0.00000,0.00002
23.01000,1.98000,0.99997,0.00000,0.00000,0.00000,0.00003
23.21000,1.98000,0.99997,0.00000,0.00000,0.00000,0.00002
23.41000,1.98000,0.99996,0.00000,0.00000,0.00000,0.00004
23.61000,1.98000,0.99991,0.00000,0.00000,0.00002,0.00007
23.81000,1.98000,0.99993,0.00000,0.00000,0.00001,0.00006
24.01000,1.98000,0.99993,0.00000,0.00000,0.00001,0.00006
24.21000,1.98000,0.99993,0.00000,0.00000,0.00000,0.00006
24.41000,1.98000,0.99998,0.00000,0.00000,0.00000,0.00001
24.61000,1.98000,0.99999,0.00000,0.00000,0.00000,0.00001
24.81000,1.98000,0.99998,0.00000,0.00000,0.00000,0.00002
25.01000,1.98000,0.99999,0.00000,0.00000,0.00000,0.00001
25.21000,1.98000,1.00000,0.00000,0.00000,0.00000,0.00000
25.41000,1.98000,1.00000,0.00000,0.00000,0.00000,0.00000
25.61000,1.98000,1.00000,0.00000,0.00000,0.00000,0.00000
25.81000,1.98000,1.00000,0.00000,0.00000,0.00000,0.00000
26.01000,1.98000,1.00000,0.00000,0.00000,0.00000,0.00000
26.21000,1.98000,1.00000,0.00000,0.00000,0.00000,0.00000
26.41000,1.98000,1.00000,0.00000,0.00000,0.00000,0.00000
26.61000,1.98000,0.99998,0.00000,0.00002,0.00000,0.00000
26.81000,1.98000,0.98135,0.00001,0.01780,0.00037,0.00047
27.01000,1.98000,0.06705,0.00003,0.92577,0.00507,0.00209
27.21000,1.98000,0.76540,0.00001,0.23195,0.00092,0.00171
27.41000,1.98000,0.99970,0.00000,0.00027,0.00000,0.00003
27.61000,1.98000,0.99994,0.00000,0.00000,0.00000,0.00006
27.81000,1.98000,0.99987,0.00000,0.00000,0.00000,0.00013
28.01000,1.98000,0.99997,0.00000,0.00000,0.00000,0.00003
28.21000,1.98000,1.00000,0.00000,0.00000,0.00000,0.00000
28.41000,1.98000,1.00000,0.00000,0.00000,0.00000,0.00000
28.61000,1.98000,1.00000,0.00000,0.00000,0.00000,0.00000
28.81000,1.98000,1.00000,0.00000,0.00000,0.00000,0.00000
29.01000,1.98000,1.00000,0.00000,0.00000,0.00000,0.00000
29.21000,1.98000,1.00000,0.00000,0.00000,0.00000,0.00000
29.41000,1.98000,1.00000,0.00000,0.00000,0.00000,0.00000
29.61000,1.98000,1.00000,0.00000,0.00000,0.00000,0.00000
29.81000,1.98000,1.00000,0.00000,0.00000,0.00000,0.00000
30.01000,1.98000,1.00000,0.00000,0.00000,0.00000,0.00000
30.21000,1.98000,1.00000,0.00000,0.00000,0.00000,0.00000
30.41000,1.98000,1.00000,0.00000,0.00000,0.00000,0.00000
30.61000,1.98000,0.99999,0.00000,0.00000,0.00000,0.00000
30.81000,1.98000,0.99999,0.00000,0.00000,0.00000,0.00001
31.01000,1.98000,0.99999,0.00000,0.00000,0.00000,0.00001
31.21000,1.98000,0.99999,0.00000,0.00000,0.00000,0.00001
31.41000,1.98000,0.99999,0.00000,0.00000,0.00000,0.00001
31.61000,1.98000,0.99998,0.00000,0.00000,0.00000,0.00001
31.81000,1.98000,0.99998,0.00000,0.00000,0.00000,0.00002
32.01000,1.98000,0.99998,0.00000,0.00000,0.00000,0.00002
32.21000,1.98000,0.99998,0.00000,0.00000,0.00000,0.00002
32.41000,1.98000,0.99999,0.00000,0.00000,0.00000,0.00001
32.61000,1.98000,0.99999,0.00000,0.00000,0.00000,0.00001
32.81000,1.98000,0.99998,0.00000,0.00000,0.00000,0.00001
33.01000,1.98000,0.99999,0.00000,0.00000,0.00000,0.00001
33.21000,1.98000,0.99999,0.00000,0.00000,0.00000,0.00001
33.41000,1.98000,0.99999,0.00000,0.00000,0.00000,0.00001
33.61000,1.98000,1.00000,0.00000,0.00000,0.00000,0.00000
33.81000,1.98000,0.99999,0.00000,0.00000,0.00000,0.00000
34.01000,1.98000,1.00000,0.00000,0.00000,0.00000,0.00000
34.21000,1.98000,1.00000,0.00000,0.00000,0.00000,0.00000
34.41000,1.98000,1.00000,0.00000,0.00000,0.00000,0.00000
34.61000,1.98000,1.00000,0.00000,0.00000,0.00000,0.00000
34.81000,1.98000,0.99995,0.00000,0.00003,0.00001,0.00001
35.01000,1.98000,0.97277,0.00001,0.02567,0.00081,0.00074
35.21000,1.98000,0.04264,0.00003,0.94837,0.00693,0.00204
35.41000,1.98000,0.98750,0.00001,0.01163,0.00027,0.00059
35.61000,1.98000,0.99984,0.00000,0.00011,0.00000,0.00005
35.81000,1.98000,0.99993,0.00000,0.00003,0.00000,0.00004
36.01000,1.98000,0.99996,0.00000,0.00000,0.00000,0.00004
36.21000,1.98000,0.99998,0.00000,0.00000,0.00000,0.00002
36.41000,1.98000,0.99999,0.00000,0.00000,0.00000,0.00000
36.61000,1.98000,0.99999,0.00000,0.00000,0.00000,0.00000
36.81000,1.98000,0.99999,0.00000,0.00000,0.00000,0.00000
37.01000,1.98000,0.99999,0.00000,0.00000,0.00000,0.00000
37.21000,1.98000,0.99999,0.00000,0.00000,0.00000,0.00001
37.41000,1.98000,0.99999,0.00000,0.00000,0.00000,0.00001
37.61000,1.98000,0.99999,0.00000,0.00000,0.00000,0.00001
37.81000,1.98000,0.99999,0.00000,0.00000,0.00000,0.00001
38.01000,1.98000,0.99999,0.00000,0.00000,0.00000,0.00001
38.21000,1.98000,0.99998,0.00000,0.00000,0.00000,0.00001
38.41000,1.98000,0.99997,0.00000,0.00000,0.00000,0.00003
38.61000,1.98000,0.99997,0.00000,0.00000,0.00000,0.00003
38.81000,1.98000,0.99995,0.00000,0.00000,0.00000,0.00004
39.01000,1.98000,0.99996,0.00000,0.00000,0.00000,0.00004
39.21000,1.98000,0.99999,0.00000,0.00000,0.00000,0.00001
39.41000,1.98000,0.99999,0.00000,0.00000,0.00000,0.00001
39.61000,1.98000,0.99999,0.00000,0.00000,0.00000,0.00001
39.81000,1.98000,0.99999,0.00000,0.00000,0.00000,0.00001
40.01000,1.98000,0.99999,0.00000,0.00000,0.00000,0.00001
40.21000,1.98000,0.99999,0.00000,0.00000,0.00000,0.00000
40.41000,1.98000,1.00000,0.00000,0.00000,0.00000,0.00000
40.61000,1.98000,1.00000,0.00000,0.00000,0.00000,0.00000
40.81000,1.98000,1.00000,0.00000,0.00000,0.00000,0.00000
41.01000,1.98000,1.00000,0.00000,0.00000,0.00000,0.00000
41.21000,1.98000,1.00000,0.00000,0.00000,0.00000,0.00000
41.41000,1.98000,1.00000,0.00000,0.00000,0.00000,0.00000
41.61000,1.98000,1.00000,0.00000,0.00000,0.00000,0.00000
41.81000,1.98000,1.00000,0.00000,0.00000,0.00000,0.00000
42.01000,1.98000,1.00000,0.00000,0.00000,0.00000,0.00000
42.21000,1.98000,1.00000,0.00000,0.00000,0.00000,0.00000
42.41000,1.98000,1.00000,0.00000,0.00000,0.00000,0.00000
42.61000,1.98000,1.00000,0.00000,0.00000,0.00000,0.00000
42.81000,1.98000,0.99967,0.00001,0.00027,0.00002,0.00002
43.01000,1.98000,0.29398,0.00039,0.69639,0.00658,0.00266
43.21000,1.98000,0.24280,0.00083,0.74900,0.00610,0.00127
43.41000,1.98000,0.99879,0.00001,0.00103,0.00001,0.00016
43.61000,1.98000,0.99996,0.00000,0.00003,0.00000,0.00002
43.81000,1.98000,0.99998,0.00000,0.00001,0.00000,0.00001
44.01000,1.98000,0.99998,0.00000,0.00000,0.00000,0.00002
44.21000,1.98000,0.99992,0.00000,0.00000,0.00000,0.00007
44.41000,1.98000,0.99993,0.00000,0.00000,0.00001,0.00006
44.61000,1.98000,0.99994,0.00000,0.00000,0.00001,0.00006
44.81000,1.98000,0.99995,0.00000,0.00000,0.00000,0.00004
45.01000,1.98000,0.99996,0.00000,0.00000,0.00000,0.00004
45.21000,1.98000,0.99995,0.00000,0.00000,0.00000,0.00004
45.41000,1.98000,0.99994,0.00000,0.00000,0.00001,0.00005
45.61000,1.98000,0.99992,0.00000,0.00000,0.00001,0.00007
45.81000,1.98000,0.99992,0.00000,0.00000,0.00001,0.00008
46.01000,1.98000,0.99991,0.00000,0.00000,0.00001,0.00008
46.21000,1.98000,0.99991,0.00000,0.00000,0.00001,0.00008
46.41000,1.98000,0.99991,0.00000,0.00000,0.00001,0.00008
46.61000,1.98000,0.99993,0.00000,0.00000,0.00001,0.00006
46.81000,1.98000,0.99992,0.00000,0.00000,0.00001,0.00007
47.01000,1.98000,0.99990,0.00000,0.00000,0.00001,0.00009
47.21000,1.98000,0.99993,0.00000,0.00000,0.00000,0.00007
47.41000,1.98000,0.99998,0.00000,0.00000,0.00000,0.00002
47.61000,1.98000,0.99999,0.00000,0.00000,0.00000,0.00000
47.81000,1.98000,0.99999,0.00000,0.00000,0.00000,0.00000
48.01000,1.98000,1.00000,0.00000,0.00000,0.00000,0.00000
48.21000,1.98000,1.00000,0.00000,0.00000,0.00000,0.00000
48.41000,1.98000,1.00000,0.00000,0.00000,0.00000,0.00000
48.61000,1.98000,1.00000,0.00000,0.00000,0.00000,0.00000
48.81000,1.98000,0.99999,0.00000,0.00000,0.00000,0.00000
49.01000,1.98000,1.00000,0.00000,0.00000,0.00000,0.00000
49.21000,1.98000,1.00000,0.00000,0.00000,0.00000,0.00000
49.41000,1.98000,1.00000,0.00000,0.00000,0.00000,0.00000
49.61000,1.98000,1.00000,0.00000,0.00000,0.00000,0.00000
49.81000,1.98000,1.00000,0.00000,0.00000,0.00000,0.00000
50.01000,1.98000,1.00000,0.00000,0.00000,0.00000,0.00000
50.21000,1.98000,1.00000,0.00000,0.00000,0.00000,0.00000
50.41000,1.98000,1.00000,0.00000,0.00000,0.00000,0.00000
50.61000,1.98000,0.99998,0.00000,0.00001,0.00000,0.00001
50.81000,1.98000,0.97980,0.00002,0.01900,0.00070,0.00048
51.01000,1.98000,0.11487,0.00007,0.87426,0.00870,0.00210
51.21000,1.98000,0.99334,0.00001,0.00618,0.00025,0.00021
51.41000,1.98000,0.99986,0.00000,0.00005,0.00000,0.00009
51.61000,1.98000,0.99977,0.00000,0.00003,0.00000,0.00020
51.81000,1.98000,0.99981,0.00000,0.00001,0.00000,0.00018
52.01000,1.98000,0.99992,0.00000,0.00000,0.00000,0.00008
52.21000,1.98000,0.99997,0.00000,0.00000,0.00000,0.00003
52.41000,1.98000,0.99998,0.00000,0.00000,0.00000,0.00002
52.61000,1.98000,0.99998,0.00000,0.00000,0.00000,0.00002
52.81000,1.98000,0.99998,0.00000,0.00000,0.00000,0.00002
53.01000,1.98000,0.99998,0.00000,0.00000,0.00000,0.00002
53.21000,1.98000,0.99998,0.00000,0.00000,0.00000,0.00001
53.41000,1.98000,0.99998,0.00000,0.00000,0.00000,0.00001
53.61000,1.98000,0.99998,0.00000,0.00000,0.00000,0.00001
53.81000,1.98000,0.99998,0.00000,0.00000,0.00000,0.00002
54.01000,1.98000,0.99998,0.00000,0.00000,0.00000,0.00002
54.21000,1.98000,0.99998,0.00000,0.00000,0.00000,0.00001
54.41000,1.98000,0.99998,0.00000,0.00000,0.00000,0.00002
54.61000,1.98000,0.99998,0.00000,0.00000,0.00000,0.00002
54.81000,1.98000,0.99998,0.00000,0.00000,0.00000,0.00001
55.01000,1.98000,0.99998,0.00000,0.00000,0.00000,0.00001
55.21000,1.98000,0.99998,0.00000,0.00000,0.00000,0.00001
55.41000,1.98000,0.99998,0.00000,0.00000,0.00000,0.00002
55.61000,1.98000,0.99998,0.00000,0.00000,0.00000,0.00002
55.81000,1.98000,0.99998,0.00000,0.00000,0.00000,0.00002
56.01000,1.98000,0.99997,0.00000,0.00000,0.00000,0.00003
56.21000,1.98000,0.99998,0.00000,0.00000,0.00000,0.00001
56.41000,1.98000,0.99999,0.00000,0.00000,0.00000,0.00001
56.61000,1.98000,1.00000,0.00000,0.00000,0.00000,0.00000
56.81000,1.98000,1.00000,0.00000,0.00000,0.00000,0.00000
57.01000,1.98000,1.00000,0.00000,0.00000,0.00000,0.00000
57.21000,1.98000,1.00000,0.00000,0.00000,0.00000,0.00000
57.41000,1.98000,1.00000,0.00000,0.00000,0.00000,0.00000
57.61000,1.98000,1.00000,0.00000,0.00000,0.00000,0.00000
57.81000,1.98000,1.00000,0.00000,0.00000,0.00000,0.00000
58.01000,1.98000,1.00000,0.00000,0.00000,0.00000,0.00000
58.21000,1.98000,1.00000,0.00000,0.00000,0.00000,0.00000
58.41000,1.98000,1.00000,0.00000,0.00000,0.00000,0.00000
58.61000,1.98000,1.00000,0.00000,0.00000,0.00000,0.00000
58.81000,1.98000,1.00000,0.00000,0.00000,0.00000,0.00000
59.01000,1.98000,1.00000,0.00000,0.00000,0.00000,0.00000
59.21000,1.98000,0.99999,0.00000,0.00001,0.00000,0.00000
59.41000,1.98000,0.99358,0.00001,0.00621,0.00009,0.00011
59.61000,1.98000,0.09734,0.00006,0.89879,0.00246,0.00135
59.81000,1.98000,0.86214,0.00005,0.13623,0.00068,0.00090
60.01000,1.98000,0.99941,0.00000,0.00011,0.00000,0.00048
60.21000,1.98000,0.99985,0.00000,0.00000,0.00000,0.00015
60.41000,1.98000,0.99973,0.00000,0.00000,0.00000,0.00027
60.61000,1.98000,0.99985,0.00000,0.00000,0.00000,0.00015
60.81000,1.98000,1.00000,0.00000,0.00000,0.00000,0.00000
61.01000,1.98000,1.00000,0.00000,0.00000,0.00000,0.00000
61.21000,1.98000,0.99999,0.00000,0.00000,0.00000,0.00000
61.41000,1.98000,0.99999,0.00000,0.00000,0.00000,0.00000
61.61000,1.98000,0.99999,0.00000,0.00000,0.00000,0.00000
61.81000,1.98000,0.99999,0.00000,0.00000,0.00000,0.00000
62.01000,1.98000,0.99999,0.00000,0.00000,0.00000,0.00001
62.21000,1.98000,0.99999,0.00000,0.00000,0.00000,0.00001
62.41000,1.98000,0.99999,0.00000,0.00000,0.00000,0.00001
62.61000,1.98000,0.99999,0.00000,0.00000,0.00000,0.00001
62.81000,1.98000,0.99999,0.00000,0.00000,0.00000,0.00001
63.01000,1.98000,0.99999,0.00000,0.00000,0.00000,0.00001
63.21000,1.98000,0.99999,0.00000,0.00000,0.00000,0.00001
63.41000,1.98000,0.99999,0.00000,0.00000,0.00000,0.00000
63.61000,1.98000,1.00000,0.00000,0.00000,0.00000,0.00000
63.81000,1.98000,0.99999,0.00000,0.00000,0.00000,0.00000
64.01000,1.98000,1.00000,0.00000,0.00000,0.00000,0.00000
64.21000,1.98000,1.00000,0.00000,0.00000,0.00000,0.00000
64.41000,1.98000,1.00000,0.00000,0.00000,0.00000,0.00000
64.61000,1.98000,1.00000,0.00000,0.00000,0.00000,0.00000
64.81000,1.98000,1.00000,0.00000,0.00000,0.00000,0.00000
65.01000,1.98000,1.00000,0.00000,0.00000,0.00000,0.00000
65.21000,1.98000,0.99860,0.00000,0.00132,0.00002,0.00005
65.41000,1.98000,0.12797,0.00007,0.86811,0.00171,0.00214
65.61000,1.98000,0.80073,0.00024,0.18532,0.00029,0.01342
65.81000,1.98000,0.99921,0.00003,0.00010,0.00000,0.00067
66.01000,1.98000,0.99969,0.00000,0.00000,0.00000,0.00030
66.21000,1.98000,0.99967,0.00000,0.00000,0.00000,0.00033
66.41000,1.98000,0.99993,0.00000,0.00000,0.00000,0.00007
66.61000,1.98000,1.00000,0.00000,0.00000,0.00000,0.00000
66.81000,1.98000,0.99999,0.00000,0.00000,0.00000,0.00001
67.01000,1.98000,0.99999,0.00000,0.00000,0.00000,0.00001
67.21000,1.98000,0.99999,0.00000,0.00000,0.00000,0.00001
67.41000,1.98000,0.99999,0.00000,0.00000,0.00000,0.00001
67.61000,1.98000,0.99998,0.00000,0.00000,0.00000,0.00001
67.81000,1.98000,0.99998,0.00000,0.00000,0.00000,0.00002
68.01000,1.98000,0.99998,0.00000,0.00000,0.00000,0.00002
68.21000,1.98000,0.99997,0.00000,0.00000,0.00000,0.00002
68.41000,1.98000,0.99996,0.00000,0.00000,0.00000,0.00004
68.61000,1.98000,0.99997,0.00000,0.00000,0.00000,0.00002
68.81000,1.98000,0.99998,0.00000,0.00000,0.00000,0.00002
69.01000,1.98000,0.99998,0.00000,0.00000,0.00000,0.00002
69.21000,1.98000,0.99999,0.00000,0.00000,0.00000,0.00001
69.41000,1.98000,1.00000,0.00000,0.00000,0.00000,0.00000
69.61000,1.98000,1.00000,0.00000,0.00000,0.00000,0.00000
69.81000,1.98000,1.00000,0.00000,0.00000,0.00000,0.00000
70.01000,1.98000,0.99999,0.00000,0.00000,0.00000,0.00000
70.21000,1.98000,1.00000,0.00000,0.00000,0.00000,0.00000
70.41000,1.98000,1.00000,0.00000,0.00000,0.00000,0.00000
70.61000,1.98000,1.00000,0.00000,0.00000,0.00000,0.00000
70.81000,1.98000,0.99999,0.00000,0.00000,0.00000,0.00000
71.01000,1.98000,0.99775,0.00000,0.00208,0.00005,0.00012
71.21000,1.98000,0.26362,0.00003,0.73081,0.00283,0.00271
71.41000,1.98000,0.72713,0.00001,0.27011,0.00105,0.00170
71.61000,1.98000,0.99702,0.00000,0.00284,0.00002,0.00012
71.81000,1.98000,0.99997,0.00000,0.00001,0.00000,0.00002
72.01000,1.98000,0.99987,0.00000,0.00000,0.00000,0.00013
72.21000,1.98000,0.99992,0.00000,0.00000,0.00000,0.00008
72.41000,1.98000,1.00000,0.00000,0.00000,0.00000,0.00000
72.61000,1.98000,1.00000,0.00000,0.00000,0.00000,0.00000
72.81000,1.98000,1.00000,0.00000,0.00000,0.00000,0.00000
73.01000,1.98000,0.99999,0.00000,0.00000,0.00000,0.00000
73.21000,1.98000,1.00000,0.00000,0.00000,0.00000,0.00000
73.41000,1.98000,0.99999,0.00000,0.00000,0.00000,0.00000
73.61000,1.98000,0.99999,0.00000,0.00000,0.00000,0.00001
73.81000,1.98000,0.99999,0.00000,0.00000,0.00000,0.00001
74.01000,1.98000,0.99999,0.00000,0.00000,0.00000,0.00001
74.21000,1.98000,0.99999,0.00000,0.00000,0.00000,0.00001
74.41000,1.98000,0.99999,0.00000,0.00000,0.00000,0.00001
74.61000,1.98000,0.99999,0.00000,0.00000,0.00000,0.00000
74.81000,1.98000,0.99999,0.00000,0.00000,0.00000,0.00000
75.01000,1.98000,0.99999,0.00000,0.00000,0.00000,0.00000
75.21000,1.98000,0.99999,0.00000,0.00000,0.00000,0.00000
75.41000,1.98000,1.00000,0.00000,0.00000,0.00000,0.00000
75.61000,1.98000,1.00000,0.00000,0.00000,0.00000,0.00000
75.81000,1.98000,0.99999,0.00000,0.00000,0.00000,0.00000
76.01000,1.98000,1.00000,0.00000,0.00000,0.00000,0.00000
76.21000,1.98000,1.00000,0.00000,0.00000,0.00000,0.00000
76.41000,1.98000,1.00000,0.00000,0.00000,0.00000,0.00000
76.61000,1.98000,1.00000,0.00000,0.00000,0.00000,0.00000
76.81000,1.98000,1.00000,0.00000,0.00000,0.00000,0.00000
77.01000,1.98000,0.99999,0.00000,0.00000,0.00000,0.00000
77.21000,1.98000,1.00000,0.00000,0.00000,0.00000,0.00000
77.41000,1.98000,1.00000,0.00000,0.00000,0.00000,0.00000
77.61000,1.98000,1.00000,0.00000,0.00000,0.00000,0.00000
77.81000,1.98000,1.00000,0.00000,0.00000,0.00000,0.00000
78.01000,1.98000,1.00000,0.00000,0.00000,0.00000,0.00000
78.21000,1.98000,1.00000,0.00000,0.00000,0.00000,0.00000
78.41000,1.98000,1.00000,0.00000,0.00000,0.00000,0.00000
78.61000,1.98000,1.00000,0.00000,0.00000,0.00000,0.00000
78.81000,1.98000,1.00000,0.00000,0.00000,0.00000,0.00000
79.01000,1.98000,1.00000,0.00000,0.00000,0.00000,0.00000
79.21000,1.98000,0.99999,0.00000,0.00000,0.00000,0.00000
79.41000,1.98000,0.99938,0.00000,0.00057,0.00002,0.00004
79.61000,1.98000,0.20110,0.00004,0.79171,0.00461,0.00253
79.81000,1.98000,0.55871,0.00002,0.43575,0.00255,0.00297
80.01000,1.98000,0.99995,0.00000,0.00003,0.00000,0.00002
80.21000,1.98000,0.99997,0.00000,0.00000,0.00000,0.00003
80.41000,1.98000,0.99994,0.00000,0.00000,0.00000,0.00006
80.61000,1.98000,0.99996,0.00000,0.00000,0.00000,0.00004
80.81000,1.98000,0.99999,0.00000,0.00000,0.00000,0.00001
81.01000,1.98000,0.99999,0.00000,0.00000,0.00000,0.00001
81.21000,1.98000,0.99999,0.00000,0.00000,0.00000,0.00001
81.41000,1.98000,0.99999,0.00000,0.00000,0.00000,0.00001
81.61000,1.98000,0.99999,0.00000,0.00000,0.00000,0.00001
81.81000,1.98000,0.99998,0.00000,0.00000,0.00000,0.00002
82.01000,1.98000,0.99998,0.00000,0.00000,0.00000,0.00002
82.21000,1.98000,0.99998,0.00000,0.00000,0.00000,0.00001
82.41000,1.98000,0.99999,0.00000,0.00000,0.00000,0.00001
82.61000,1.98000,0.99998,0.00000,0.00000,0.00000,0.00002
82.81000,1.98000,0.99998,0.00000,0.00000,0.00000,0.00001
83.01000,1.98000,0.99998,0.00000,0.00000,0.00000,0.00001
83.21000,1.98000,0.99997,0.00000,0.00000,0.00000,0.00003
83.41000,1.98000,0.99998,0.00000,0.00000,0.00000,0.00001
83.61000,1.98000,0.99999,0.00000,0.00000,0.00000,0.00000
83.81000,1.98000,1.00000,0.00000,0.00000,0.00000,0.00000
84.01000,1.98000,0.99999,0.00000,0.00000,0.00000,0.00000
84.21000,1.98000,1.00000,0.00000,0.00000,0.00000,0.00000
84.41000,1.98000,1.00000,0.00000,0.00000,0.00000,0.00000
84.61000,1.98000,0.99999,0.00000,0.00000,0.00000,0.00000
84.81000,1.98000,1.00000,0.00000,0.00000,0.00000,0.00000
85.01000,1.98000,1.00000,0.00000,0.00000,0.00000,0.00000
85.21000,1.98000,1.00000,0.00000,0.00000,0.00000,0.00000
85.41000,1.98000,1.00000,0.00000,0.00000,0.00000,0.00000
85.61000,1.98000,1.00000,0.00000,0.00000,0.00000,0.00000
85.81000,1.98000,1.00000,0.00000,0.00000,0.00000,0.00000
86.01000,1.98000,1.00000,0.00000,0.00000,0.00000,0.00000
86.21000,1.98000,1.00000,0.00000,0.00000,0.00000,0.00000
86.41000,1.98000,1.00000,0.00000,0.00000,0.00000,0.00000
86.61000,1.98000,1.00000,0.00000,0.00000,0.00000,0.00000
86.81000,1.98000,0.99999,0.00000,0.00001,0.00000,0.00000
87.01000,1.98000,0.99910,0.00001,0.00084,0.00002,0.00003
87.21000,1.98000,0.22182,0.00008,0.77348,0.00306,0.00157
87.41000,1.98000,0.49425,0.00010,0.50260,0.00195,0.00110
87.61000,1.98000,0.99981,0.00000,0.00007,0.00000,0.00012
87.81000,1.98000,0.99992,0.00000,0.00001,0.00000,0.00008
88.01000,1.98000,0.99984,0.00000,0.00001,0.00000,0.00015
88.21000,1.98000,0.99991,0.00000,0.00000,0.00000,0.00009
88.41000,1.98000,0.99998,0.00000,0.00000,0.00000,0.00001
88.61000,1.98000,0.99998,0.00000,0.00000,0.00000,0.00002
88.81000,1.98000,0.99998,0.00000,0.00000,0.00000,0.00002
89.01000,1.98000,0.99998,0.00000,0.00000,0.00000,0.00002
89.21000,1.98000,0.99997,0.00000,0.00000,0.00000,0.00003
89.41000,1.98000,0.99997,0.00000,0.00000,0.00000,0.00003
89.61000,1.98000,0.99996,0.00000,0.00000,0.00000,0.00004
89.81000,1.98000,0.99997,0.00000,0.00000,0.00000,0.00003
90.01000,1.98000,0.99999,0.00000,0.00000,0.00000,0.00001
90.21000,1.98000,0.99999,0.00000,0.00000,0.00000,0.00000
90.41000,1.98000,0.99999,0.00000,0.00000,0.00000,0.00000
90.61000,1.98000,0.99999,0.00000,0.00000,0.00000,0.00000
90.81000,1.98000,1.00000,0.00000,0.00000,0.00000,0.00000
91.01000,1.98000,1.00000,0.00000,0.00000,0.00000,0.00000
91.21000,1.98000,1.00000,0.00000,0.00000,0.00000,0.00000
91.41000,1.98000,1.00000,0.00000,0.00000,0.00000,0.00000
91.61000,1.98000,1.00000,0.00000,0.00000,0.00000,0.00000
91.81000,1.98000,0.99999,0.00000,0.00000,0.00000,0.00000
92.01000,1.98000,1.00000,0.00000,0.00000,0.00000,0.00000
92.21000,1.98000,1.00000,0.00000,0.00000,0.00000,0.00000
92.41000,1.98000,1.00000,0.00000,0.00000,0.00000,0.00000
92.61000,1.98000,1.00000,0.00000,0.00000,0.00000,0.00000
92.81000,1.98000,1.00000,0.00000,0.00000,0.00000,0.00000
93.01000,1.98000,0.99987,0.00000,0.00011,0.00001,0.00001
93.21000,1.98000,0.59950,0.00006,0.39568,0.00288,0.00188
93.41000,1.98000,0.03417,0.00003,0.96272,0.00208,0.00100
93.61000,1.98000,0.99799,0.00001,0.00190,0.00002,0.00009
93.81000,1.98000,0.99991,0.00000,0.00002,0.00000,0.00007
94.01000,1.98000,0.99989,0.00000,0.00001,0.00000,0.00010
94.21000,1.98000,0.99988,0.00000,0.00000,0.00000,0.00012
94.41000,1.98000,0.99998,0.00000,0.00000,0.00000,0.00002
94.61000,1.98000,0.99999,0.00000,0.00000,0.00000,0.00000
94.81000,1.98000,0.99999,0.00000,0.00000,0.00000,0.00001
95.01000,1.98000,0.99999,0.00000,0.00000,0.00000,0.00001
95.21000,1.98000,0.99999,0.00000,0.00000,0.00000,0.00001
95.41000,1.98000,0.99999,0.00000,0.00000,0.00000,0.00001
95.61000,1.98000,0.99999,0.00000,0.00000,0.00000,0.00001
95.81000,1.98000,0.99999,0.00000,0.00000,0.00000,0.00001
96.01000,1.98000,0.99998,0.00000,0.00000,0.00000,0.00002
96.21000,1.98000,0.99998,0.00000,0.00000,0.00000,0.00002
96.41000,1.98000,0.99998,0.00000,0.00000,0.00000,0.00002
96.61000,1.98000,0.99999,0.00000,0.00000,0.00000,0.00001
96.81000,1.98000,0.99999,0.00000,0.00000,0.00000,0.00001
97.01000,1.98000,0.99999,0.00000,0.00000,0.00000,0.00001
97.21000,1.98000,0.99999,0.00000,0.00000,0.00000,0.00000
97.41000,1.98000,0.99999,0.00000,0.00000,0.00000,0.00000
97.61000,1.98000,1.00000,0.00000,0.00000,0.00000,0.00000
97.81000,1.98000,0.99999,0.00000,0.00000,0.00000,0.00000
98.01000,1.98000,1.00000,0.00000,0.00000,0.00000,0.00000
98.21000,1.98000,1.00000,0.00000,0.00000,0.00000,0.00000
98.41000,1.98000,1.00000,0.00000,0.00000,0.00000,0.00000
98.61000,1.98000,1.00000,0.00000,0.00000,0.00000,0.00000
98.81000,1.98000,1.00000,0.00000,0.00000,0.00000,0.00000
99.01000,1.98000,1.00000,0.00000,0.00000,0.00000,0.00000
99.21000,1.98000,1.00000,0.00000,0.00000,0.00000,0.00000
99.41000,1.98000,1.00000,0.00000,0.00000,0.00000,0.00000
99.61000,1.98000,1.00000,0.00000,0.00000,0.00000,0.00000
99.81000,1.98000,1.00000,0.00000,0.00000,0.00000,0.00000
100.01000,1.98000,1.00000,0.00000,0.00000,0.00000,0.00000
100.21000,1.98000,0.99965,0.00000,0.00032,0.00001,0.00002
100.41000,1.98000,0.22482,0.00011,0.77145,0.00197,0.00165
100.61000,1.98000,0.59235,0.00026,0.40308,0.00099,0.00332
100.81000,1.98000,0.99975,0.00002,0.00004,0.00000,0.00019
101.01000,1.98000,0.99986,0.00000,0.00001,0.00000,0.00013
101.21000,1.98000,0.99990,0.00000,0.00000,0.00000,0.00010
101.41000,1.98000,0.99990,0.00000,0.00000,0.00000,0.00010
101.61000,1.98000,0.99997,0.00000,0.00000,0.00000,0.00003
101.81000,1.98000,0.99996,0.00000,0.00000,0.00000,0.00003
102.01000,1.98000,0.99995,0.00000,0.00000,0.00000,0.00005
102.21000,1.98000,0.99993,0.00000,0.00000,0.00001,0.00007
102.41000,1.98000,0.99993,0.00000,0.00000,0.00001,0.00007
102.61000,1.98000,0.99991,0.00000,0.00000,0.00001,0.00008
102.81000,1.98000,0.99993,0.00000,0.00000,0.00001,0.00006
103.01000,1.98000,0.99993,0.00000,0.00000,0.00000,0.00006
103.21000,1.98000,0.99994,0.00000,0.00000,0.00000,0.00006
103.41000,1.98000,0.99995,0.00000,0.00000,0.00000,0.00005
103.61000,1.98000,0.99996,0.00000,0.00000,0.00000,0.00003
103.81000,1.98000,0.99996,0.00000,0.00000,0.00000,0.00003
104.01000,1.98000,0.99999,0.00000,0.00000,0.00000,0.00001
104.21000,1.98000,1.00000,0.00000,0.00000,0.00000,0.00000
104.41000,1.98000,0.99999,0.00000,0.00000,0.00000,0.00000
104.61000,1.98000,0.99999,0.00000,0.00000,0.00000,0.00000
104.81000,1.98000,0.99999,0.00000,0.00000,0.00000,0.00000
105.01000,1.98000,1.00000,0.00000,0.00000,0.00000,0.00000
105.21000,1.98000,1.00000,0.00000,0.00000,0.00000,0.00000
105.41000,1.98000,1.00000,0.00000,0.00000,0.00000,0.00000
105.61000,1.98000,1.00000,0.00000,0.00000,0.00000,0.00000
105.81000,1.98000,1.00000,0.00000,0.00000,0.00000,0.00000
106.01000,1.98000,1.00000,0.00000,0.00000,0.00000,0.00000
106.21000,1.98000,0.99996,0.00000,0.00003,0.00000,0.00000
106.41000,1.98000,0.91017,0.00034,0.08737,0.00148,0.00064
106.61000,1.98000,0.04334,0.00050,0.95189,0.00363,0.00064
106.81000,1.98000,0.99908,0.00001,0.00080,0.00001,0.00010
107.01000,1.98000,0.99998,0.00000,0.00001,0.00000,0.00001
107.21000,1.98000,0.99998,0.00000,0.00000,0.00000,0.00002
107.41000,1.98000,0.99998,0.00000,0.00000,0.00000,0.00002
107.61000,1.98000,0.99998,0.00000,0.00000,0.00000,0.00002
107.81000,1.98000,0.99986,0.00000,0.00000,0.00002,0.00012
108.01000,1.98000,0.99986,0.00000,0.00000,0.00002,0.00012
108.21000,1.98000,0.99987,0.00000,0.00000,0.00002,0.00011
108.41000,1.98000,0.99988,0.00000,0.00000,0.00002,0.00010
108.61000,1.98000,0.99986,0.00000,0.00000,0.00001,0.00013
108.81000,1.98000,0.99987,0.00000,0.00000,0.00000,0.00012
109.01000,1.98000,0.99991,0.00000,0.00000,0.00000,0.00009
109.21000,1.98000,0.99992,0.00000,0.00000,0.00000,0.00007
109.41000,1.98000,0.99979,0.00000,0.00000,0.00000,0.00021
109.61000,1.98000,0.99998,0.00000,0.00000,0.00000,0.00002
109.81000,1.98000,1.00000,0.00000,0.00000,0.00000,0.00000
110.01000,1.98000,1.00000,0.00000,0.00000,0.00000,0.00000
110.21000,1.98000,1.00000,0.00000,0.00000,0.00000,0.00000
110.41000,1.98000,1.00000,0.00000,0.00000,0.00000,0.00000
110.61000,1.98000,0.99997,0.00000,0.00002,0.00000,0.00000
110.81000,1.98000,0.95779,0.00007,0.04127,0.00054,0.00033
111.01000,1.98000,0.01739,0.00018,0.97836,0.00369,0.00038
111.21000,1.98000,0.99639,0.00002,0.00312,0.00000,0.00047
111.41000,1.98000,0.99987,0.00000,0.00004,0.00000,0.00009
111.61000,1.98000,0.99996,0.00000,0.00000,0.00000,0.00003
111.81000,1.98000,0.99996,0.00000,0.00000,0.00000,0.00004
112.01000,1.98000,0.99997,0.00000,0.00000,0.00000,0.00003
112.21000,1.98000,0.99999,0.00000,0.00000,0.00000,0.00001
112.41000,1.98000,0.99998,0.00000,0.00000,0.00000,0.00002
112.61000,1.98000,0.99998,0.00000,0.00000,0.00000,0.00002
112.81000,1.98000,0.99998,0.00000,0.00000,0.00000,0.00002
113.01000,1.98000,0.99998,0.00000,0.00000,0.00000,0.00002
113.21000,1.98000,0.99998,0.00000,0.00000,0.00000,0.00002
113.41000,1.98000,0.99998,0.00000,0.00000,0.00000,0.00002
113.61000,1.98000,0.99998,0.00000,0.00000,0.00000,0.00001
113.81000,1.98000,0.99999,0.00000,0.00000,0.00000,0.00001
114.01000,1.98000,0.99999,0.00000,0.00000,0.00000,0.00001
114.21000,1.98000,0.99998,0.00000,0.00000,0.00000,0.00001
114.41000,1.98000,0.99993,0.00000,0.00000,0.00000,0.00007
114.61000,1.98000,0.99994,0.00000,0.00000,0.00000,0.00006
114.81000,1.98000,0.99999,0.00000,0.00000,0.00000,0.00000
115.01000,1.98000,0.99999,0.00000,0.00001,0.00000,0.00000
115.21000,1.98000,1.00000,0.00000,0.00000,0.00000,0.00000
115.41000,1.98000,1.00000,0.00000,0.00000,0.00000,0.00000
115.61000,1.98000,1.00000,0.00000,0.00000,0.00000,0.00000
115.81000,1.98000,1.00000,0.00000,0.00000,0.00000,0.00000
116.01000,1.98000,0.99920,0.00000,0.00074,0.00002,0.00004
116.21000,1.98000,0.10986,0.00006,0.88673,0.00194,0.00141
116.41000,1.98000,0.48239,0.00006,0.51540,0.00088,0.00127
116.61000,1.98000,0.99949,0.00000,0.00036,0.00000,0.00014
116.81000,1.98000,0.99990,0.00000,0.00001,0.00000,0.00009
117.01000,1.98000,0.99993,0.00000,0.00000,0.00000,0.00006
117.21000,1.98000,0.99988,0.00000,0.00000,0.00000,0.00012
117.41000,1.98000,1.00000,0.00000,0.00000,0.00000,0.00000
117.61000,1.98000,1.00000,0.00000,0.00000,0.00000,0.00000
117.81000,1.98000,0.99999,0.00000,0.00000,0.00000,0.00000
118.01000,1.98000,0.99999,0.00000,0.00000,0.00000,0.00000
118.21000,1.98000,0.99999,0.00000,0.00000,0.00000,0.00000
118.41000,1.98000,0.99999,0.00000,0.00000,0.00000,0.00001
118.61000,1.98000,0.99996,0.00000,0.00001,0.00000,0.00003
118.81000,1.98000,0.99997,0.00000,0.00001,0.00000,0.00002
119.01000,1.98000,0.99993,0.00000,0.00001,0.00001,0.00005
119.21000,1.98000,0.99992,0.00000,0.00001,0.00001,0.00007
119.41000,1.98000,0.99996,0.00000,0.00000,0.00000,0.00004
119.61000,1.98000,0.99994,0.00000,0.00000,0.00000,0.00006
119.81000,1.98000,0.99996,0.00000,0.00000,0.00000,0.00004
120.01000,1.98000,0.99997,0.00000,0.00000,0.00000,0.00003
120.21000,1.98000,0.99999,0.00000,0.00000,0.00000,0.00001
120.41000,1.98000,1.00000,0.00000,0.00000,0.00000,0.00000
120.61000,1.98000,1.00000,0.00000,0.00000,0.00000,0.00000
120.81000,1.98000,0.99997,0.00000,0.00001,0.00002,0.00001
121.01000,1.98000,0.99893,0.00001,0.00073,0.00027,0.00006
121.21000,1.98000,0.28797,0.00012,0.69962,0.00870,0.00359
121.41000,1.98000,0.25386,0.00006,0.74380,0.00079,0.00149
121.61000,1.98000,0.99961,0.00001,0.00025,0.00000,0.00014
121.81000,1.98000,0.99995,0.00000,0.00001,0.00000,0.00004
122.01000,1.98000,0.99995,0.00000,0.00000,0.00000,0.00005
122.21000,1.98000,0.99998,0.00000,0.00000,0.00000,0.00002
122.41000,1.98000,0.99998,0.00000,0.00000,0.00000,0.00002
122.61000,1.98000,0.99998,0.00000,0.00000,0.00000,0.00002
122.81000,1.98000,0.99992,0.00000,0.00000,0.00002,0.00006
123.01000,1.98000,0.99971,0.00000,0.00000,0.00020,0.00009
123.21000,1.98000,0.99915,0.00001,0.00002,0.00060,0.00023
123.41000,1.98000,0.99798,0.00001,0.00010,0.00124,0.00067
123.61000,1.98000,0.99497,0.00001,0.00024,0.00118,0.00360
123.81000,1.98000,0.99388,0.00000,0.00003,0.00030,0.00578
124.01000,1.98000,0.99923,0.00000,0.00001,0.00001,0.00075
124.21000,1.98000,0.99978,0.00000,0.00000,0.00000,0.00022
124.41000,1.98000,0.99990,0.00000,0.00000,0.00000,0.00010
124.61000,1.98000,0.99997,0.00000,0.00000,0.00000,0.00003
124.81000,1.98000,0.99999,0.00000,0.00000,0.00000,0.00001
125.01000,1.98000,0.99999,0.00000,0.00000,0.00000,0.00001
125.21000,1.98000,0.99998,0.00000,0.00000,0.00000,0.00001
125.41000,1.98000,1.00000,0.00000,0.00000,0.00000,0.00000
125.61000,1.98000,1.00000,0.00000,0.00000,0.00000,0.00000
125.81000,1.98000,1.00000,0.00000,0.00000,0.00000,0.00000
126.01000,1.98000,0.99989,0.00000,0.00007,0.00003,0.00001
126.21000,1.98000,0.88499,0.00013,0.10706,0.00653,0.00129
126.41000,1.98000,0.03090,0.00005,0.95861,0.00923,0.00120
126.61000,1.98000,0.99898,0.00001,0.00092,0.00003,0.00006
126.81000,1.98000,0.99996,0.00000,0.00001,0.00000,0.00003
127.01000,1.98000,0.99995,0.00000,0.00000,0.00000,0.00004
127.21000,1.98000,0.99996,0.00000,0.00000,0.00000,0.00003
127.41000,1.98000,0.99998,0.00000,0.00000,0.00000,0.00002
127.61000,1.98000,0.99998,0.00000,0.00000,0.00000,0.00002
127.81000,1.98000,0.99998,0.00000,0.00000,0.00000,0.00002
128.00999,1.98001,0.99998,0.00000,0.00000,0.00000,0.00002
128.21001,1.98000,0.99998,0.00000,0.00000,0.00000,0.00002
128.41000,1.98000,0.99998,0.00000,0.00000,0.00000,0.00002
128.61000,1.98000,0.99998,0.00000,0.00000,0.00000,0.00002
128.81000,1.98000,0.99997,0.00000,0.00000,0.00000,0.00003
129.00999,1.98001,0.99996,0.00000,0.00000,0.00000,0.00004
129.21001,1.98000,0.99994,0.00000,0.00000,0.00000,0.00005
129.41000,1.98000,0.99995,0.00000,0.00000,0.00000,0.00005
129.61000,1.98000,0.99996,0.00000,0.00000,0.00000,0.00004
129.81000,1.98000,0.99998,0.00000,0.00000,0.00000,0.00002
130.00999,1.98001,0.99999,0.00000,0.00000,0.00000,0.00001
130.21001,1.98000,0.99999,0.00000,0.00000,0.00000,0.00000
130.41000,1.98000,0.99999,0.00000,0.00000,0.00000,0.00000
130.61000,1.98000,1.00000,0.00000,0.00000,0.00000,0.00000
130.81000,1.98000,1.00000,0.00000,0.00000,0.00000,0.00000
131.00999,1.98001,1.00000,0.00000,0.00000,0.00000,0.00000
131.21001,1.98000,1.00000,0.00000,0.00000,0.00000,0.00000
131.41000,1.98000,1.00000,0.00000,0.00000,0.00000,0.00000
131.61000,1.98000,1.00000,0.00000,0.00000,0.00000,0.00000
131.81000,1.98000,0.99998,0.00000,0.00002,0.00000,0.00000
132.00999,1.98001,0.97714,0.00001,0.02221,0.00025,0.00038
132.21001,1.98000,0.09533,0.00003,0.89935,0.00288,0.00241
132.41000,1.98000,0.86234,0.00004,0.13604,0.00076,0.00081
132.61000,1.98000,0.99992,0.00000,0.00003,0.00000,0.00005
132.81000,1.98000,0.99990,0.00000,0.00000,0.00000,0.00009
133.00999,1.98001,0.99981,0.00000,0.00000,0.00000,0.00018
133.21001,1.98000,0.99991,0.00000,0.00000,0.00000,0.00009
133.41000,1.98000,0.99999,0.00000,0.00000,0.00000,0.00001
133.61000,1.98000,0.99999,0.00000,0.00000,0.00000,0.00000
133.81000,1.98000,0.99999,0.00000,0.00000,0.00000,0.00001
134.00999,1.98001,0.99999,0.00000,0.00000,0.00000,0.00001
134.21001,1.98000,0.99998,0.00000,0.00000,0.00000,0.00001
134.41000,1.98000,0.99998,0.00000,0.00000,0.00000,0.00002
134.61000,1.98000,0.99997,0.00000,0.00000,0.00000,0.00002
134.81000,1.98000,0.99998,0.00000,0.00000,0.00000,0.00002
135.00999,1.98001,0.99999,0.00000,0.00000,0.00000,0.00001
135.21001,1.98000,0.99999,0.00000,0.00000,0.00000,0.00001
135.41000,1.98000,0.99999,0.00000,0.00000,0.00000,0.00001
135.61000,1.98000,0.99998,0.00000,0.00000,0.00000,0.00001
135.81000,1.98000,0.99999,0.00000,0.00000,0.00000,0.00001
136.00999,1.98001,0.99998,0.00000,0.00000,0.00000,0.00001
136.21001,1.98000,0.99999,0.00000,0.00000,0.00000,0.00001
136.41000,1.98000,0.99999,0.00000,0.00000,0.00000,0.00000
136.61000,1.98000,1.00000,0.00000,0.00000,0.00000,0.00000
136.81000,1.98000,1.00000,0.00000,0.00000,0.00000,0.00000
137.00999,1.98001,1.00000,0.00000,0.00000,0.00000,0.00000
137.21001,1.98000,1.00000,0.00000,0.00000,0.00000,0.00000
137.41000,1.98000,0.99999,0.00000,0.00000,0.00001,0.00000
137.61000,1.98000,0.99928,0.00008,0.00003,0.00057,0.00004
137.81000,1.98000,0.99975,0.00022,0.00001,0.00002,0.00000
138.00999,1.98001,0.99627,0.00301,0.00069,0.00002,0.00001
138.21001,1.98000,0.52520,0.01791,0.45652,0.00007,0.00030
138.41000,1.98000,0.92691,0.05789,0.01505,0.00002,0.00013
138.61000,1.98000,0.94379,0.05370,0.00238,0.00001,0.00011
138.81000,1.98000,0.94237,0.05740,0.00017,0.00000,0.00006
