Time (seconds), Duration (seconds),pred_(unlabeled),pred_On,pred_Off,pred_Dimmer,pred_Lighter
0.01000,1.98000,0.99999,0.00000,0.00001,0.00000,0.00000
0.21000,1.98000,0.99999,0.00000,0.00001,0.00000,0.00000
0.41000,1.98000,0.99999,0.00000,0.00001,0.00000,0.00000
0.61000,1.98000,0.99999,0.00000,0.00001,0.00000,0.00000
0.81000,1.98000,0.99995,0.00001,0.00003,0.00000,0.00000
1.01000,1.98000,0.99996,0.00002,0.00002,0.00000,0.00000
1.21000,1.98000,0.99996,0.00003,0.00001,0.00000,0.00000
1.41000,1.98000,0.99987,0.00012,0.00001,0.00000,0.00000
1.61000,1.98000,0.99975,0.00024,0.00001,0.00000,0.00000
1.81000,1.98000,0.99934,0.00065,0.00001,0.00000,0.00001
2.01000,1.98000,0.99404,0.00559,0.00008,0.00004,0.00025
2.21000,1.98000,0.91518,0.05646,0.01856,0.00678,0.00302
2.41000,1.98000,0.99517,0.00279,0.00122,0.00035,0.00046
2.61000,1.98000,0.99869,0.00092,0.00016,0.00001,0.00021
2.81000,1.98000,0.99902,0.00072,0.00011,0.00001,0.00014
3.01000,1.98000,0.99905,0.00057,0.00017,0.00003,0.00018
3.21000,1.98000,0.99922,0.00025,0.00013,0.00012,0.00027
3.41000,1.98000,0.99945,0.00001,0.00001,0.00014,0.00039
3.61000,1.98000,0.99954,0.00000,0.00000,0.00012,0.00033
3.81000,1.98000,0.99968,0.00000,0.00000,0.00006,0.00026
4.01000,1.98000,0.99966,0.00000,0.00000,0.00006,0.00029
4.21000,1.98000,0.99962,0.00000,0.00000,0.00008,0.00029
4.41000,1.98000,0.99969,0.00000,0.00000,0.00006,0.00025
4.61000,1.98000,0.99986,0.00000,0.00000,0.00002,0.00012
4.81000,1.98000,0.99959,0.00001,0.00000,0.00013,0.00027
5.01000,1.98000,0.99796,0.00005,0.00000,0.00143,0.00056
5.21000,1.98000,0.99678,0.00010,0.00001,0.00260,0.00050
5.41000,1.98000,0.99568,0.00015,0.00001,0.00334,0.00082
5.61000,1.98000,0.99642,0.00005,0.00002,0.00203,0.00147
5.81000,1.98000,0.99697,0.00002,0.00004,0.00103,0.00194
6.01000,1.98000,0.99917,0.00001,0.00001,0.00009,0.00073
6.21000,1.98000,0.99946,0.00000,0.00001,0.00009,0.00044
6.41000,1.98000,0.99948,0.00000,0.00000,0.00012,0.00039
6.61000,1.98000,0.99961,0.00000,0.00000,0.00008,0.00031
6.81000,1.98000,0.99965,0.00000,0.00000,0.00006,0.00028
7.01000,1.98000,0.99966,0.00000,0.00000,0.00006,0.00028
7.21000,1.98000,0.99964,0.00000,0.00000,0.00008,0.00028
7.41000,1.98000,0.99961,0.00000,0.00000,0.00010,0.00028
7.61000,1.98000,0.99976,0.00000,0.00000,0.00005,0.00019
7.81000,1.98000,0.99980,0.00000,0.00000,0.00003,0.00016
8.01000,1.98000,0.99971,0.00000,0.00000,0.00009,0.00020
8.21000,1.98000,0.99952,0.00000,0.00000,0.00020,0.00028
8.41000,1.98000,0.99910,0.00001,0.00000,0.00059,0.00030
8.61000,1.98000,0.99877,0.00002,0.00000,0.00075,0.00045
8.81000,1.98000,0.99947,0.00000,0.00000,0.00016,0.00037
9.01000,1.98000,0.99949,0.00000,0.00000,0.00013,0.00038
9.21000,1.98000,0.99966,0.00000,0.00000,0.00007,0.00027
9.41000,1.98000,0.99963,0.00000,0.00000,0.00008,0.00029
9.61000,1.98000,0.99961,0.00000,0.00000,0.00010,0.00029
9.81000,1.98000,0.99956,0.00000,0.00000,0.00013,0.00031
10.01000,1.98000,0.99953,0.00000,0.00000,0.00015,0.00032
10.21000,1.98000,0.99979,0.00001,0.00000,0.00005,0.00015
10.41000,1.98000,0.99994,0.00001,0.00000,0.00001,0.00005
10.61000,1.98000,0.99995,0.00001,0.00000,0.00000,0.00004
10.81000,1.98000,0.99981,0.00008,0.00000,0.00002,0.00008
11.01000,1.98000,0.98638,0.00134,0.00005,0.00197,0.01025
11.21000,1.98000,0.10532,0.00378,0.00542,0.02097,0.86451
11.41000,1.98000,0.97884,0.00164,0.00002,0.00023,0.01927
11.61000,1.98000,0.99739,0.00038,0.00000,0.00002,0.00220
11.81000,1.98000,0.99881,0.00042,0.00001,0.00001,0.00075
12.01000,1.98000,0.99916,0.00019,0.00021,0.00003,0.00041
12.21000,1.98000,0.99865,0.00066,0.00001,0.00007,0.00062
12.41000,1.98000,0.97544,0.00052,0.00041,0.02099,0.00265
12.61000,1.98000,0.97827,0.00039,0.00942,0.00904,0.00289
12.81000,1.98000,0.98995,0.00015,0.00528,0.00240,0.00222
13.01000,1.98000,0.99006,0.00011,0.00332,0.00135,0.00517
13.21000,1.98000,0.98917,0.00035,0.00131,0.00121,0.00797
13.41000,1.98000,0.99669,0.00055,0.00027,0.00037,0.00212
13.61000,1.98000,0.99964,0.00009,0.00000,0.00004,0.00023
13.81000,1.98000,0.99985,0.00002,0.00000,0.00004,0.00009
14.01000,1.98000,0.99947,0.00002,0.00000,0.00030,0.00021
14.21000,1.98000,0.99900,0.00003,0.00000,0.00063,0.00033
14.41000,1.98000,0.99625,0.00014,0.00001,0.00283,0.00077
14.61000,1.98000,0.99812,0.00007,0.00001,0.00104,0.00076
14.81000,1.98000,0.99845,0.00009,0.00001,0.00070,0.00075
15.01000,1.98000,0.99940,0.00002,0.00000,0.00019,0.00038
15.21000,1.98000,0.99958,0.00000,0.00001,0.00011,0.00030
15.41000,1.98000,0.99986,0.00001,0.00000,0.00002,0.00011
15.61000,1.98000,0.99996,0.00000,0.00000,0.00000,0.00004
15.81000,1.98000,0.99995,0.00001,0.00000,0.00000,0.00003
16.01000,1.98000,0.99961,0.00015,0.00000,0.00004,0.00021
16.21000,1.98000,0.96070,0.00325,0.00026,0.00344,0.03235
16.41000,1.98000,0.35691,0.00042,0.00030,0.00165,0.64072
16.61000,1.98000,0.99682,0.00056,0.00000,0.00006,0.00255
16.81000,1.98000,0.99892,0.00045,0.00001,0.00002,0.00060
17.01000,1.98000,0.99827,0.00099,0.00004,0.00002,0.00067
17.21000,1.98000,0.99948,0.00013,0.00019,0.00005,0.00016
17.41000,1.98000,0.99900,0.00044,0.00002,0.00025,0.00029
17.61000,1.98000,0.98765,0.00022,0.00292,0.00730,0.00191
17.81000,1.98000,0.99713,0.00021,0.00076,0.00118,0.00071
18.01000,1.98000,0.96773,0.00275,0.00108,0.02106,0.00738
18.21000,1.98000,0.96587,0.01380,0.00158,0.01228,0.00648
18.41000,1.98000,0.98362,0.00694,0.00019,0.00742,0.00183
18.61000,1.98000,0.99570,0.00115,0.00004,0.00229,0.00082
18.81000,1.98000,0.99822,0.00007,0.00002,0.00077,0.00093
19.01000,1.98000,0.99918,0.00001,0.00001,0.00021,0.00059
19.21000,1.98000,0.99950,0.00001,0.00000,0.00009,0.00039
19.41000,1.98000,0.99976,0.00001,0.00000,0.00004,0.00019
19.61000,1.98000,0.99993,0.00001,0.00000,0.00000,0.00005
19.81000,1.98000,0.99992,0.00003,0.00000,0.00000,0.00004
20.01000,1.98000,0.99929,0.00028,0.00000,0.00005,0.00038
20.21000,1.98000,0.97021,0.00423,0.00005,0.00187,0.02365
20.41000,1.98000,0.39296,0.00061,0.00012,0.00174,0.60457
20.61000,1.98000,0.99687,0.00012,0.00000,0.00002,0.00298
20.81000,1.98000,0.99969,0.00001,0.00000,0.00000,0.00030
21.01000,1.98000,0.99979,0.00000,0.00000,0.00000,0.00021
21.21000,1.98000,0.99996,0.00000,0.00000,0.00000,0.00004
21.41000,1.98000,0.99998,0.00000,0.00000,0.00000,0.00002
21.61000,1.98000,0.99998,0.00000,0.00000,0.00000,0.00001
21.81000,1.98000,0.99990,0.00000,0.00002,0.00004,0.00004
22.01000,1.98000,0.99842,0.00003,0.00015,0.00124,0.00016
22.21000,1.98000,0.99052,0.00010,0.00045,0.00823,0.00070
22.41000,1.98000,0.99550,0.00005,0.00042,0.00321,0.00082
22.61000,1.98000,0.99769,0.00005,0.00022,0.00083,0.00121
22.81000,1.98000,0.99874,0.00004,0.00009,0.00027,0.00088
23.01000,1.98000,0.99915,0.00004,0.00003,0.00020,0.00058
23.21000,1.98000,0.99978,0.00001,0.00000,0.00003,0.00018
23.41000,1.98000,0.99994,0.00000,0.00000,0.00001,0.00005
23.61000,1.98000,0.99994,0.00001,0.00000,0.00000,0.00005
23.81000,1.98000,0.99970,0.00008,0.00000,0.00001,0.00021
24.01000,1.98000,0.98288,0.00105,0.00003,0.00034,0.01570
24.21000,1.98000,0.09487,0.00124,0.00094,0.00250,0.90045
24.41000,1.98000,0.96403,0.00089,0.00003,0.00008,0.03497
24.61000,1.98000,0.98596,0.00011,0.00008,0.00000,0.01385
24.81000,1.98000,0.99658,0.00001,0.00001,0.00000,0.00341
25.01000,1.98000,0.99976,0.00000,0.00000,0.00000,0.00023
25.21000,1.98000,0.99986,0.00000,0.00000,0.00000,0.00014
25.41000,1.98000,1.00000,0.00000,0.00000,0.00000,0.00000
25.61000,1.98000,0.99999,0.00000,0.00000,0.00000,0.00000
25.81000,1.98000,0.99997,0.00000,0.00001,0.00000,0.00001
26.01000,1.98000,0.99991,0.00001,0.00003,0.00003,0.00003
26.21000,1.98000,0.99837,0.00011,0.00051,0.00079,0.00022
26.41000,1.98000,0.98628,0.00059,0.00558,0.00661,0.00095
26.61000,1.98000,0.99494,0.00051,0.00122,0.00266,0.00067
26.81000,1.98000,0.98437,0.00110,0.00075,0.00703,0.00675
27.01000,1.98000,0.98878,0.00272,0.00079,0.00309,0.00463
27.21000,1.98000,0.99470,0.00177,0.00034,0.00089,0.00229
27.41000,1.98000,0.99919,0.00041,0.00000,0.00007,0.00032
27.61000,1.98000,0.99973,0.00020,0.00000,0.00001,0.00006
27.81000,1.98000,0.99985,0.00008,0.00000,0.00001,0.00006
28.01000,1.98000,0.99869,0.00076,0.00000,0.00009,0.00046
28.21000,1.98000,0.71538,0.01618,0.00104,0.00506,0.26235
28.41000,1.98000,0.71428,0.00175,0.00008,0.00061,0.28329
28.61000,1.98000,0.99468,0.00241,0.00001,0.00008,0.00281
28.81000,1.98000,0.99878,0.00042,0.00000,0.00000,0.00080
29.01000,1.98000,0.99926,0.00041,0.00001,0.00000,0.00032
29.21000,1.98000,0.99879,0.00020,0.00003,0.00001,0.00097
29.41000,1.98000,0.99974,0.00004,0.00000,0.00001,0.00021
29.61000,1.98000,0.99964,0.00001,0.00020,0.00003,0.00012
29.81000,1.98000,0.99570,0.00002,0.00316,0.00035,0.00076
30.01000,1.98000,0.99877,0.00006,0.00044,0.00025,0.00048
30.21000,1.98000,0.99357,0.00019,0.00029,0.00137,0.00459
30.41000,1.98000,0.98832,0.00026,0.00024,0.00481,0.00636
30.61000,1.98000,0.99870,0.00003,0.00012,0.00056,0.00059
30.81000,1.98000,0.99972,0.00000,0.00013,0.00001,0.00013
31.01000,1.98000,0.99970,0.00000,0.00003,0.00004,0.00024
31.21000,1.98000,0.99990,0.00000,0.00000,0.00001,0.00009
31.41000,1.98000,0.99993,0.00001,0.00000,0.00000,0.00006
31.61000,1.98000,0.99989,0.00004,0.00000,0.00001,0.00007
31.81000,1.98000,0.99919,0.00031,0.00000,0.00005,0.00045
32.01000,1.98000,0.64404,0.00300,0.00085,0.00327,0.34884
32.21000,1.98000,0.39637,0.00099,0.00012,0.00056,0.60195
32.41000,1.98000,0.99459,0.00132,0.00001,0.00003,0.00405
32.61000,1.98000,0.99920,0.00022,0.00001,0.00000,0.00057
32.81000,1.98000,0.99926,0.00025,0.00001,0.00000,0.00047
33.01000,1.98000,0.99990,0.00004,0.00000,0.00000,0.00004
33.21000,1.98000,0.99952,0.00026,0.00001,0.00009,0.00012
33.41000,1.98000,0.99890,0.00024,0.00030,0.00037,0.00020
33.61000,1.98000,0.98991,0.00084,0.00656,0.00168,0.00101
33.81000,1.98000,0.99429,0.00238,0.00159,0.00101,0.00073
34.01000,1.98000,0.98603,0.00844,0.00077,0.00211,0.00265
34.21000,1.98000,0.97774,0.01659,0.00096,0.00170,0.00301
34.41000,1.98000,0.98530,0.00795,0.00035,0.00310,0.00330
34.61000,1.98000,0.99714,0.00088,0.00010,0.00090,0.00098
34.81000,1.98000,0.99962,0.00001,0.00001,0.00005,0.00031
35.01000,1.98000,0.99979,0.00000,0.00000,0.00002,0.00019
35.21000,1.98000,0.99993,0.00001,0.00000,0.00001,0.00005
35.41000,1.98000,0.99996,0.00001,0.00000,0.00000,0.00003
35.61000,1.98000,0.99989,0.00005,0.00000,0.00001,0.00005
35.81000,1.98000,0.99862,0.00051,0.00000,0.00012,0.00075
36.01000,1.98000,0.67932,0.01399,0.00071,0.00500,0.30098
36.21000,1.98000,0.91456,0.01593,0.00004,0.00124,0.06823
36.41000,1.98000,0.98883,0.00846,0.00000,0.00003,0.00268
36.61000,1.98000,0.99727,0.00202,0.00001,0.00000,0.00070
36.81000,1.98000,0.99859,0.00114,0.00000,0.00000,0.00027
37.01000,1.98000,0.99700,0.00245,0.00003,0.00001,0.00050
37.21000,1.98000,0.99869,0.00095,0.00002,0.00006,0.00028
37.41000,1.98000,0.99502,0.00007,0.00386,0.00071,0.00035
37.61000,1.98000,0.99718,0.00028,0.00167,0.00050,0.00037
37.81000,1.98000,0.99734,0.00106,0.00049,0.00092,0.00019
38.01000,1.98000,0.99547,0.00174,0.00038,0.00195,0.00045
38.21000,1.98000,0.99602,0.00166,0.00023,0.00149,0.00061
38.41000,1.98000,0.99648,0.00099,0.00005,0.00160,0.00088
38.61000,1.98000,0.99680,0.00065,0.00003,0.00152,0.00100
38.81000,1.98000,0.99839,0.00032,0.00001,0.00063,0.00065
39.01000,1.98000,0.99957,0.00011,0.00000,0.00018,0.00014
39.21000,1.98000,0.99956,0.00003,0.00001,0.00024,0.00016
39.41000,1.98000,0.99878,0.00005,0.00000,0.00090,0.00026
39.61000,1.98000,0.99502,0.00008,0.00002,0.00378,0.00111
39.81000,1.98000,0.99868,0.00002,0.00001,0.00054,0.00075
40.01000,1.98000,0.99944,0.00001,0.00000,0.00009,0.00046
40.21000,1.98000,0.99983,0.00000,0.00000,0.00002,0.00014
40.41000,1.98000,0.99993,0.00000,0.00000,0.00001,0.00006
40.61000,1.98000,0.99995,0.00001,0.00000,0.00000,0.00004
40.81000,1.98000,0.99993,0.00002,0.00000,0.00001,0.00004
41.01000,1.98000,0.99889,0.00016,0.00001,0.00014,0.00080
41.21000,1.98000,0.60818,0.00145,0.00055,0.00278,0.38705
41.41000,1.98000,0.56318,0.00060,0.00035,0.00129,0.43458
41.61000,1.98000,0.99504,0.00046,0.00001,0.00004,0.00445
41.81000,1.98000,0.99942,0.00003,0.00001,0.00000,0.00053
42.01000,1.98000,0.99990,0.00001,0.00000,0.00000,0.00009
42.21000,1.98000,0.99975,0.00005,0.00001,0.00000,0.00019
42.41000,1.98000,0.99986,0.00004,0.00000,0.00003,0.00007
42.61000,1.98000,0.99957,0.00002,0.00014,0.00014,0.00013
42.81000,1.98000,0.99948,0.00006,0.00015,0.00017,0.00014
43.01000,1.98000,0.98921,0.00033,0.00186,0.00622,0.00240
43.21000,1.98000,0.99047,0.00133,0.00024,0.00624,0.00172
43.41000,1.98000,0.99162,0.00246,0.00029,0.00375,0.00187
43.61000,1.98000,0.99633,0.00243,0.00006,0.00025,0.00093
43.81000,1.98000,0.99046,0.00895,0.00001,0.00024,0.00034
44.01000,1.98000,0.99382,0.00603,0.00000,0.00005,0.00011
44.21000,1.98000,0.99822,0.00090,0.00000,0.00009,0.00079
44.41000,1.98000,0.74176,0.00591,0.00336,0.00574,0.24323
44.61000,1.98000,0.49008,0.00051,0.00042,0.00110,0.50789
44.81000,1.98000,0.99760,0.00003,0.00001,0.00001,0.00236
45.01000,1.98000,0.99983,0.00000,0.00000,0.00000,0.00017
45.21000,1.98000,0.99967,0.00001,0.00000,0.00000,0.00032
45.41000,1.98000,0.99960,0.00002,0.00001,0.00000,0.00037
45.61000,1.98000,0.99960,0.00000,0.00006,0.00022,0.00012
45.81000,1.98000,0.99902,0.00000,0.00040,0.00034,0.00023
46.01000,1.98000,0.99070,0.00000,0.00738,0.00044,0.00148
46.21000,1.98000,0.99904,0.00000,0.00055,0.00005,0.00036
46.41000,1.98000,0.99934,0.00000,0.00025,0.00002,0.00038
46.61000,1.98000,0.99968,0.00000,0.00001,0.00001,0.00031
46.81000,1.98000,0.99974,0.00000,0.00000,0.00002,0.00024
47.01000,1.98000,0.99971,0.00000,0.00000,0.00008,0.00021
47.21000,1.98000,0.99974,0.00000,0.00000,0.00007,0.00019
47.41000,1.98000,0.99976,0.00000,0.00000,0.00005,0.00019
47.61000,1.98000,0.99973,0.00000,0.00000,0.00006,0.00021
47.81000,1.98000,0.99967,0.00000,0.00000,0.00010,0.00022
48.01000,1.98000,0.99964,0.00000,0.00000,0.00013,0.00023
48.21000,1.98000,0.99960,0.00000,0.00000,0.00014,0.00025
48.41000,1.98000,0.99992,0.00000,0.00000,0.00001,0.00007
48.61000,1.98000,0.99996,0.00000,0.00000,0.00000,0.00004
48.81000,1.98000,0.99996,0.00001,0.00000,0.00000,0.00003
49.01000,1.98000,0.99983,0.00010,0.00000,0.00001,0.00006
49.21000,1.98000,0.98891,0.00388,0.00004,0.00096,0.00621
49.41000,1.98000,0.07759,0.00060,0.00114,0.00940,0.91128
49.61000,1.98000,0.99275,0.00072,0.00002,0.00020,0.00631
49.81000,1.98000,0.99942,0.00028,0.00001,0.00001,0.00029
50.01000,1.98000,0.99969,0.00020,0.00000,0.00000,0.00011
50.21000,1.98000,0.99953,0.00011,0.00008,0.00002,0.00026
50.41000,1.98000,0.99918,0.00048,0.00001,0.00008,0.00026
50.61000,1.98000,0.98887,0.00130,0.00016,0.00891,0.00076
50.81000,1.98000,0.97857,0.00184,0.00173,0.01573,0.00213
51.01000,1.98000,0.90047,0.00742,0.00179,0.08535,0.00498
51.21000,1.98000,0.95278,0.00838,0.00151,0.02788,0.00945
51.41000,1.98000,0.98485,0.00184,0.00106,0.00551,0.00674
51.61000,1.98000,0.98801,0.00083,0.00058,0.00291,0.00768
51.81000,1.98000,0.99632,0.00030,0.00027,0.00084,0.00227
52.01000,1.98000,0.99959,0.00003,0.00000,0.00003,0.00035
52.21000,1.98000,0.99991,0.00001,0.00000,0.00001,0.00007
52.41000,1.98000,0.99995,0.00001,0.00000,0.00000,0.00003
52.61000,1.98000,0.99992,0.00002,0.00000,0.00001,0.00005
52.81000,1.98000,0.99894,0.00014,0.00002,0.00029,0.00062
53.01000,1.98000,0.31120,0.00269,0.00105,0.01957,0.66549
53.21000,1.98000,0.96771,0.00062,0.00003,0.00015,0.03149
53.41000,1.98000,0.99946,0.00002,0.00000,0.00000,0.00051
53.61000,1.98000,0.99981,0.00001,0.00000,0.00000,0.00018
53.81000,1.98000,0.99987,0.00001,0.00001,0.00000,0.00011
54.01000,1.98000,0.99992,0.00002,0.00000,0.00000,0.00006
54.21000,1.98000,0.99997,0.00001,0.00000,0.00001,0.00001
54.41000,1.98000,0.99985,0.00003,0.00003,0.00005,0.00004
54.61000,1.98000,0.99560,0.00023,0.00108,0.00250,0.00059
54.81000,1.98000,0.94822,0.00072,0.00086,0.04798,0.00222
55.01000,1.98000,0.99765,0.00064,0.00017,0.00102,0.00052
55.21000,1.98000,0.99790,0.00141,0.00003,0.00031,0.00034
55.41000,1.98000,0.99910,0.00059,0.00003,0.00006,0.00022
55.61000,1.98000,0.99957,0.00028,0.00000,0.00002,0.00013
55.81000,1.98000,0.99574,0.00154,0.00002,0.00016,0.00253
56.01000,1.98000,0.18263,0.00188,0.00360,0.00988,0.80201
56.21000,1.98000,0.98579,0.00025,0.00001,0.00019,0.01376
56.41000,1.98000,0.99962,0.00006,0.00000,0.00000,0.00032
56.61000,1.98000,0.99974,0.00009,0.00000,0.00000,0.00017
56.81000,1.98000,0.99962,0.00002,0.00003,0.00000,0.00034
57.01000,1.98000,0.99928,0.00001,0.00001,0.00000,0.00070
57.21000,1.98000,0.99945,0.00001,0.00002,0.00004,0.00048
57.41000,1.98000,0.99915,0.00003,0.00009,0.00005,0.00068
57.61000,1.98000,0.99116,0.00022,0.00022,0.00196,0.00644
57.81000,1.98000,0.98749,0.00100,0.00004,0.00552,0.00595
58.01000,1.98000,0.99444,0.00041,0.00013,0.00247,0.00255
58.21000,1.98000,0.99756,0.00008,0.00023,0.00129,0.00084
58.41000,1.98000,0.99827,0.00001,0.00090,0.00028,0.00054
58.61000,1.98000,0.99873,0.00000,0.00029,0.00009,0.00088
58.81000,1.98000,0.99978,0.00001,0.00000,0.00002,0.00018
59.01000,1.98000,0.99987,0.00007,0.00000,0.00001,0.00005
59.21000,1.98000,0.99991,0.00003,0.00000,0.00000,0.00006
59.41000,1.98000,0.99948,0.00016,0.00000,0.00006,0.00030
59.61000,1.98000,0.74080,0.00201,0.00040,0.00540,0.25139
59.81000,1.98000,0.30942,0.00069,0.00015,0.00288,0.68686
60.01000,1.98000,0.99429,0.00019,0.00001,0.00003,0.00548
60.21000,1.98000,0.99866,0.00001,0.00001,0.00000,0.00133
60.41000,1.98000,0.99979,0.00000,0.00000,0.00000,0.00020
60.61000,1.98000,0.99974,0.00000,0.00000,0.00000,0.00025
60.81000,1.98000,0.99989,0.00001,0.00000,0.00000,0.00010
61.01000,1.98000,0.99995,0.00001,0.00001,0.00001,0.00002
61.21000,1.98000,0.99932,0.00006,0.00016,0.00031,0.00016
61.41000,1.98000,0.97032,0.00054,0.01314,0.01369,0.00231
61.61000,1.98000,0.96682,0.00089,0.00108,0.02912,0.00209
61.81000,1.98000,0.98777,0.00067,0.00113,0.00629,0.00414
62.01000,1.98000,0.99158,0.00232,0.00085,0.00115,0.00410
62.21000,1.98000,0.98641,0.01102,0.00027,0.00066,0.00163
62.41000,1.98000,0.99216,0.00742,0.00003,0.00017,0.00022
62.61000,1.98000,0.99947,0.00047,0.00000,0.00001,0.00005
62.81000,1.98000,0.99557,0.00153,0.00002,0.00017,0.00272
63.01000,1.98000,0.77173,0.00323,0.00053,0.00394,0.22058
63.21000,1.98000,0.78006,0.00429,0.00005,0.00367,0.21192
63.41000,1.98000,0.99864,0.00024,0.00000,0.00001,0.00111
63.61000,1.98000,0.99938,0.00004,0.00000,0.00000,0.00058
63.81000,1.98000,0.99987,0.00001,0.00000,0.00000,0.00012
64.01000,1.98000,0.99994,0.00001,0.00000,0.00000,0.00006
64.21000,1.98000,0.99999,0.00000,0.00000,0.00000,0.00001
64.41000,1.98000,0.99999,0.00000,0.00000,0.00000,0.00001
64.61000,1.98000,0.99992,0.00001,0.00003,0.00002,0.00002
64.81000,1.98000,0.99451,0.00012,0.00390,0.00112,0.00035
65.01000,1.98000,0.98859,0.00006,0.00900,0.00172,0.00064
65.21000,1.98000,0.99889,0.00008,0.00017,0.00065,0.00021
65.41000,1.98000,0.99857,0.00007,0.00036,0.00037,0.00063
65.61000,1.98000,0.99808,0.00003,0.00031,0.00030,0.00127
65.81000,1.98000,0.99956,0.00002,0.00001,0.00006,0.00035
66.01000,1.98000,0.99969,0.00001,0.00000,0.00009,0.00020
66.21000,1.98000,0.99987,0.00000,0.00000,0.00002,0.00010
66.41000,1.98000,0.99993,0.00000,0.00000,0.00001,0.00006
66.61000,1.98000,0.99997,0.00000,0.00000,0.00000,0.00003
66.81000,1.98000,0.99996,0.00001,0.00000,0.00001,0.00002
67.01000,1.98000,0.99460,0.00020,0.00002,0.00026,0.00492
67.21000,1.98000,0.62787,0.00221,0.00303,0.00775,0.35913
67.41000,1.98000,0.96786,0.00092,0.00003,0.00062,0.03057
67.61000,1.98000,0.99618,0.00006,0.00002,0.00001,0.00373
67.81000,1.98000,0.99960,0.00001,0.00001,0.00000,0.00039
68.01000,1.98000,0.99988,0.00000,0.00001,0.00000,0.00012
68.21000,1.98000,0.99994,0.00000,0.00000,0.00000,0.00005
68.41000,1.98000,0.99996,0.00000,0.00000,0.00001,0.00003
68.61000,1.98000,0.99996,0.00000,0.00001,0.00001,0.00003
68.81000,1.98000,0.99984,0.00001,0.00003,0.00004,0.00008
69.01000,1.98000,0.99546,0.00024,0.00032,0.00354,0.00044
69.21000,1.98000,0.82231,0.00282,0.00073,0.17000,0.00413
69.41000,1.98000,0.96424,0.00088,0.00095,0.02885,0.00509
69.61000,1.98000,0.98416,0.00070,0.00105,0.00855,0.00554
69.81000,1.98000,0.98370,0.00264,0.00181,0.00445,0.00740
70.01000,1.98000,0.99121,0.00246,0.00038,0.00239,0.00357
70.21000,1.98000,0.99706,0.00077,0.00009,0.00094,0.00113
70.41000,1.98000,0.99940,0.00002,0.00001,0.00014,0.00043
70.61000,1.98000,0.99963,0.00000,0.00000,0.00006,0.00030
70.81000,1.98000,0.99985,0.00000,0.00000,0.00003,0.00012
71.01000,1.98000,0.99994,0.00001,0.00000,0.00001,0.00005
71.21000,1.98000,0.99994,0.00001,0.00000,0.00000,0.00004
71.41000,1.98000,0.99983,0.00009,0.00000,0.00001,0.00007
71.61000,1.98000,0.99432,0.00219,0.00001,0.00055,0.00294
71.81000,1.98000,0.29064,0.01393,0.00072,0.03133,0.66339
72.01000,1.98000,0.97580,0.00677,0.00004,0.00148,0.01591
72.21000,1.98000,0.99918,0.00033,0.00000,0.00001,0.00048
72.41000,1.98000,0.99983,0.00010,0.00000,0.00000,0.00007
72.61000,1.98000,0.99992,0.00004,0.00000,0.00000,0.00003
72.81000,1.98000,0.99991,0.00005,0.00000,0.00000,0.00003
73.01000,1.98000,0.98948,0.00014,0.00044,0.00934,0.00060
73.21000,1.98000,0.74492,0.00045,0.22518,0.02516,0.00429
73.41000,1.98000,0.98813,0.00002,0.00995,0.00101,0.00089
73.61000,1.98000,0.99913,0.00002,0.00047,0.00017,0.00022
73.81000,1.98000,0.99887,0.00001,0.00044,0.00008,0.00060
74.01000,1.98000,0.99916,0.00002,0.00007,0.00008,0.00067
74.21000,1.98000,0.99940,0.00003,0.00001,0.00019,0.00037
74.41000,1.98000,0.99977,0.00001,0.00000,0.00006,0.00016
74.61000,1.98000,0.99995,0.00000,0.00000,0.00000,0.00005
74.81000,1.98000,0.99994,0.00000,0.00000,0.00000,0.00005
75.01000,1.98000,0.99960,0.00011,0.00000,0.00002,0.00027
75.21000,1.98000,0.97540,0.00164,0.00004,0.00097,0.02194
75.41000,1.98000,0.17647,0.00040,0.00031,0.00110,0.82172
75.61000,1.98000,0.99056,0.00032,0.00002,0.00005,0.00906
75.81000,1.98000,0.99869,0.00007,0.00001,0.00000,0.00123
76.01000,1.98000,0.99979,0.00002,0.00000,0.00000,0.00019
76.21000,1.98000,0.99982,0.00001,0.00001,0.00000,0.00017
76.41000,1.98000,0.99977,0.00008,0.00000,0.00000,0.00015
76.61000,1.98000,0.99977,0.00004,0.00003,0.00011,0.00005
76.81000,1.98000,0.99628,0.00028,0.00156,0.00137,0.00051
77.01000,1.98000,0.95918,0.00118,0.01878,0.01668,0.00418
77.21000,1.98000,0.98544,0.00190,0.00129,0.00893,0.00244
77.41000,1.98000,0.97544,0.00671,0.00164,0.00732,0.00889
77.61000,1.98000,0.98377,0.00699,0.00125,0.00264,0.00536
77.81000,1.98000,0.98967,0.00478,0.00063,0.00144,0.00348
78.01000,1.98000,0.99751,0.00061,0.00007,0.00051,0.00130
78.21000,1.98000,0.99933,0.00019,0.00001,0.00017,0.00030
78.41000,1.98000,0.99985,0.00004,0.00000,0.00003,0.00007
78.61000,1.98000,0.99992,0.00002,0.00000,0.00000,0.00006
78.81000,1.98000,0.99978,0.00009,0.00000,0.00001,0.00012
79.01000,1.98000,0.99543,0.00097,0.00001,0.00022,0.00337
79.21000,1.98000,0.46548,0.00739,0.00058,0.00617,0.52039
79.41000,1.98000,0.86091,0.00375,0.00005,0.00114,0.13414
79.61000,1.98000,0.99497,0.00161,0.00001,0.00002,0.00339
79.81000,1.98000,0.99799,0.00090,0.00002,0.00000,0.00108
80.01000,1.98000,0.99880,0.00056,0.00001,0.00000,0.00062
80.21000,1.98000,0.99884,0.00063,0.00006,0.00004,0.00043
80.41000,1.98000,0.99767,0.00010,0.00038,0.00155,0.00029
80.61000,1.98000,0.98948,0.00004,0.00808,0.00169,0.00070
80.81000,1.98000,0.99934,0.00002,0.00032,0.00014,0.00018
81.01000,1.98000,0.99813,0.00010,0.00062,0.00059,0.00056
81.21000,1.98000,0.99854,0.00059,0.00008,0.00028,0.00050
81.41000,1.98000,0.99961,0.00019,0.00000,0.00004,0.00016
81.61000,1.98000,0.99902,0.00053,0.00000,0.00013,0.00032
81.81000,1.98000,0.99975,0.00006,0.00000,0.00004,0.00014
82.01000,1.98000,0.99831,0.00020,0.00004,0.00042,0.00102
82.21000,1.98000,0.97156,0.00167,0.00039,0.00096,0.02542
82.41000,1.98000,0.71485,0.01301,0.09201,0.02686,0.15328
82.61000,1.98000,0.96088,0.03122,0.00018,0.00291,0.00481
82.81000,1.98000,0.96596,0.03230,0.00071,0.00047,0.00056
83.01000,1.98000,0.92208,0.07433,0.00058,0.00184,0.00117
83.21000,1.98000,0.91295,0.08382,0.00019,0.00258,0.00047
83.41000,1.98000,0.84750,0.04127,0.00014,0.10603,0.00506
83.61000,1.98000,0.97866,0.01188,0.00080,0.00589,0.00277
83.81000,1.98000,0.98806,0.00825,0.00092,0.00066,0.00210
84.01000,1.98000,0.99206,0.00640,0.00030,0.00016,0.00108
84.21000,1.98000,0.99324,0.00621,0.00006,0.00010,0.00039
84.41000,1.98000,0.99901,0.00081,0.00000,0.00001,0.00017
84.61000,1.98000,0.98956,0.00434,0.00006,0.00032,0.00573
84.81000,1.98000,0.06848,0.00046,0.00095,0.00330,0.92682
85.01000,1.98000,0.99299,0.00052,0.00001,0.00011,0.00636
85.21000,1.98000,0.99919,0.00028,0.00001,0.00001,0.00051
85.41000,1.98000,0.99972,0.00017,0.00000,0.00000,0.00011
85.61000,1.98000,0.99969,0.00008,0.00003,0.00001,0.00020
85.81000,1.98000,0.99930,0.00047,0.00001,0.00004,0.00018
86.01000,1.98000,0.99554,0.00048,0.00050,0.00275,0.00072
86.21000,1.98000,0.95025,0.00281,0.00225,0.04052,0.00416
86.41000,1.98000,0.95611,0.00645,0.00027,0.03523,0.00193
86.61000,1.98000,0.98097,0.01336,0.00024,0.00408,0.00135
86.81000,1.98000,0.99007,0.00711,0.00014,0.00104,0.00163
87.01000,1.98000,0.99178,0.00753,0.00003,0.00028,0.00038
87.21000,1.98000,0.99847,0.00145,0.00000,0.00002,0.00006
87.41000,1.98000,0.99865,0.00087,0.00000,0.00004,0.00044
87.61000,1.98000,0.96776,0.00684,0.00027,0.00154,0.02359
87.81000,1.98000,0.21496,0.00141,0.00061,0.00419,0.77884
88.01000,1.98000,0.99743,0.00008,0.00000,0.00001,0.00248
88.21000,1.98000,0.99948,0.00000,0.00000,0.00000,0.00051
88.41000,1.98000,0.99963,0.00000,0.00000,0.00000,0.00036
88.61000,1.98000,0.99973,0.00000,0.00001,0.00000,0.00025
88.81000,1.98000,0.99989,0.00001,0.00000,0.00000,0.00010
89.01000,1.98000,0.99987,0.00000,0.00005,0.00005,0.00003
89.21000,1.98000,0.99913,0.00002,0.00039,0.00034,0.00012
89.41000,1.98000,0.99810,0.00005,0.00088,0.00068,0.00030
89.61000,1.98000,0.99752,0.00011,0.00068,0.00134,0.00035
89.81000,1.98000,0.99508,0.00019,0.00187,0.00138,0.00148
90.01000,1.98000,0.99895,0.00021,0.00004,0.00012,0.00068
90.21000,1.98000,0.99948,0.00038,0.00000,0.00003,0.00010
90.41000,1.98000,0.99926,0.00066,0.00000,0.00002,0.00006
90.61000,1.98000,0.99935,0.00036,0.00000,0.00001,0.00028
90.81000,1.98000,0.97865,0.00198,0.00007,0.00023,0.01907
91.01000,1.98000,0.12312,0.00046,0.00284,0.00179,0.87180
91.21000,1.98000,0.97693,0.00322,0.00012,0.00020,0.01953
91.41000,1.98000,0.99539,0.00288,0.00005,0.00001,0.00167
91.61000,1.98000,0.99676,0.00267,0.00002,0.00001,0.00055
91.81000,1.98000,0.99900,0.00067,0.00002,0.00001,0.00030
92.01000,1.98000,0.99846,0.00119,0.00002,0.00003,0.00029
92.21000,1.98000,0.98633,0.00137,0.00337,0.00812,0.00080
92.41000,1.98000,0.99600,0.00111,0.00108,0.00154,0.00026
92.61000,1.98000,0.99555,0.00267,0.00033,0.00065,0.00080
92.81000,1.98000,0.98149,0.01726,0.00038,0.00024,0.00063
93.01000,1.98000,0.92929,0.06977,0.00009,0.00036,0.00049
93.21000,1.98000,0.95119,0.04623,0.00012,0.00090,0.00156
93.41000,1.98000,0.92554,0.04080,0.00270,0.01141,0.01955
93.61000,1.98000,0.34960,0.01775,0.09708,0.21411,0.32145
93.81000,1.98000,0.99844,0.00022,0.00000,0.00052,0.00081
94.01000,1.98000,0.99988,0.00001,0.00001,0.00001,0.00010
94.21000,1.98000,0.99996,0.00000,0.00001,0.00000,0.00003
94.41000,1.98000,0.99995,0.00000,0.00003,0.00000,0.00002
94.61000,1.98000,0.99993,0.00000,0.00000,0.00001,0.00005
94.81000,1.98000,0.99966,0.00005,0.00000,0.00013,0.00016
95.01000,1.98000,0.99971,0.00010,0.00000,0.00007,0.00011
95.21000,1.98000,0.99779,0.00087,0.00000,0.00099,0.00035
95.41000,1.98000,0.99807,0.00103,0.00000,0.00053,0.00036
95.61000,1.98000,0.99932,0.00051,0.00000,0.00008,0.00010
95.81000,1.98000,0.99850,0.00134,0.00000,0.00001,0.00016
96.01000,1.98000,0.97432,0.02367,0.00009,0.00034,0.00159
96.21000,1.98000,0.94587,0.04731,0.00117,0.00021,0.00545
96.41000,1.98000,0.58996,0.01028,0.06208,0.00044,0.33723
96.61000,1.98000,0.86788,0.02323,0.00286,0.00016,0.10588
96.81000,1.98000,0.99282,0.00603,0.00011,0.00001,0.00103
97.01000,1.98000,0.99673,0.00255,0.00003,0.00001,0.00069
97.21000,1.98000,0.99360,0.00569,0.00004,0.00001,0.00066
97.41000,1.98000,0.99330,0.00574,0.00004,0.00006,0.00086
97.61000,1.98000,0.98622,0.00345,0.00164,0.00703,0.00166
97.81000,1.98000,0.99096,0.00220,0.00390,0.00239,0.00056
98.01000,1.98000,0.99206,0.00731,0.00026,0.00011,0.00027
98.21000,1.98000,0.97690,0.02186,0.00039,0.00014,0.00071
98.41000,1.98000,0.91008,0.08846,0.00072,0.00012,0.00062
98.61000,1.98000,0.84284,0.15444,0.00049,0.00017,0.00206
98.81000,1.98000,0.85156,0.11592,0.00519,0.00050,0.02683
99.01000,1.98000,0.16879,0.02637,0.07657,0.00371,0.72456
99.21000,1.98000,0.93621,0.00157,0.00014,0.00030,0.06177
99.41000,1.98000,0.99955,0.00004,0.00000,0.00000,0.00040
99.61000,1.98000,0.99987,0.00000,0.00000,0.00000,0.00012
99.81000,1.98000,0.99976,0.00000,0.00000,0.00000,0.00024
100.01000,1.98000,0.99988,0.00000,0.00000,0.00000,0.00012
100.21000,1.98000,0.99999,0.00000,0.00000,0.00000,0.00001
100.41000,1.98000,0.99999,0.00000,0.00000,0.00000,0.00000
100.61000,1.98000,0.99999,0.00000,0.00000,0.00000,0.00000
100.81000,1.98000,0.99999,0.00000,0.00000,0.00000,0.00001
101.01000,1.98000,0.99997,0.00000,0.00000,0.00001,0.00002
101.21000,1.98000,0.99963,0.00004,0.00003,0.00021,0.00010
101.41000,1.98000,0.99761,0.00025,0.00015,0.00140,0.00059
101.61000,1.98000,0.99889,0.00021,0.00000,0.00060,0.00029
101.81000,1.98000,0.99874,0.00099,0.00000,0.00008,0.00019
102.01000,1.98000,0.99864,0.00107,0.00003,0.00002,0.00025
102.21000,1.98000,0.99454,0.00246,0.00039,0.00004,0.00256
102.41000,1.98000,0.09447,0.00353,0.00727,0.00180,0.89293
102.61000,1.98000,0.93275,0.00166,0.00018,0.00023,0.06519
102.81000,1.98000,0.99780,0.00005,0.00002,0.00000,0.00213
103.01000,1.98000,0.99981,0.00003,0.00000,0.00000,0.00016
103.21000,1.98000,0.99989,0.00001,0.00000,0.00000,0.00010
103.41000,1.98000,0.99987,0.00003,0.00000,0.00000,0.00010
103.61000,1.98000,0.99979,0.00002,0.00001,0.00011,0.00007
103.81000,1.98000,0.99920,0.00011,0.00009,0.00044,0.00016
104.01000,1.98000,0.99632,0.00090,0.00015,0.00216,0.00048
104.21000,1.98000,0.99563,0.00095,0.00004,0.00201,0.00138
104.41000,1.98000,0.99449,0.00421,0.00001,0.00057,0.00072
104.61000,1.98000,0.97666,0.01943,0.00023,0.00033,0.00336
104.81000,1.98000,0.78043,0.14230,0.00644,0.00300,0.06782
105.01000,1.98000,0.13159,0.02633,0.01223,0.00239,0.82746
105.21000,1.98000,0.93657,0.00205,0.00012,0.00016,0.06110
105.41000,1.98000,0.99833,0.00013,0.00003,0.00000,0.00151
105.61000,1.98000,0.99979,0.00003,0.00000,0.00000,0.00018
105.81000,1.98000,0.99983,0.00002,0.00002,0.00000,0.00013
106.01000,1.98000,0.99923,0.00006,0.00002,0.00001,0.00068
106.21000,1.98000,0.99929,0.00014,0.00004,0.00032,0.00022
106.41000,1.98000,0.99726,0.00029,0.00066,0.00123,0.00055
106.61000,1.98000,0.94735,0.00160,0.02550,0.01799,0.00755
106.81000,1.98000,0.95522,0.00306,0.00192,0.03446,0.00534
107.01000,1.98000,0.94975,0.03018,0.00107,0.01246,0.00654
107.21000,1.98000,0.98128,0.01367,0.00074,0.00182,0.00250
107.41000,1.98000,0.97794,0.01989,0.00021,0.00071,0.00125
107.61000,1.98000,0.98641,0.01296,0.00003,0.00018,0.00042
107.81000,1.98000,0.99282,0.00596,0.00002,0.00012,0.00109
108.01000,1.98000,0.38221,0.02395,0.01173,0.03717,0.54494
108.21000,1.98000,0.94609,0.00724,0.00014,0.00345,0.04307
108.41000,1.98000,0.99606,0.00292,0.00002,0.00008,0.00092
108.61000,1.98000,0.99790,0.00170,0.00007,0.00002,0.00031
108.81000,1.98000,0.99833,0.00124,0.00010,0.00006,0.00027
109.01000,1.98000,0.99542,0.00342,0.00010,0.00050,0.00056
109.21000,1.98000,0.96945,0.00544,0.00014,0.02350,0.00147
109.41000,1.98000,0.96306,0.00052,0.00073,0.03258,0.00312
109.61000,1.98000,0.98741,0.00088,0.00022,0.00811,0.00337
109.81000,1.98000,0.99091,0.00121,0.00051,0.00307,0.00430
110.01000,1.98000,0.99505,0.00065,0.00033,0.00112,0.00285
110.21000,1.98000,0.99911,0.00009,0.00002,0.00016,0.00063
110.41000,1.98000,0.99979,0.00002,0.00000,0.00002,0.00017
110.61000,1.98000,0.99990,0.00002,0.00000,0.00001,0.00008
110.81000,1.98000,0.99988,0.00003,0.00000,0.00001,0.00009
111.01000,1.98000,0.99728,0.00027,0.00000,0.00008,0.00237
111.21000,1.98000,0.27661,0.00088,0.00051,0.00112,0.72088
111.41000,1.98000,0.73077,0.00264,0.00018,0.00072,0.26569
111.61000,1.98000,0.99573,0.00016,0.00001,0.00003,0.00407
111.81000,1.98000,0.99919,0.00001,0.00001,0.00000,0.00079
112.01000,1.98000,0.99971,0.00000,0.00001,0.00000,0.00028
112.21000,1.98000,0.99993,0.00000,0.00000,0.00000,0.00007
112.41000,1.98000,0.99992,0.00000,0.00000,0.00003,0.00005
112.61000,1.98000,0.99993,0.00000,0.00001,0.00002,0.00004
112.81000,1.98000,0.99947,0.00010,0.00004,0.00026,0.00012
113.01000,1.98000,0.98980,0.00144,0.00006,0.00811,0.00059
113.21000,1.98000,0.91374,0.00682,0.00014,0.07618,0.00313
113.41000,1.98000,0.93215,0.00448,0.00039,0.05909,0.00388
113.61000,1.98000,0.99134,0.00365,0.00017,0.00354,0.00130
113.81000,1.98000,0.99019,0.00183,0.00035,0.00367,0.00396
114.01000,1.98000,0.99809,0.00089,0.00004,0.00028,0.00070
114.21000,1.98000,0.99942,0.00026,0.00000,0.00005,0.00026
114.41000,1.98000,0.99982,0.00010,0.00000,0.00001,0.00007
114.61000,1.98000,0.99921,0.00050,0.00000,0.00006,0.00023
114.81000,1.98000,0.93803,0.00634,0.00059,0.00716,0.04789
115.01000,1.98000,0.25694,0.00071,0.00023,0.00208,0.74004
115.21000,1.98000,0.99836,0.00018,0.00000,0.00005,0.00141
115.41000,1.98000,0.99973,0.00001,0.00000,0.00000,0.00026
115.61000,1.98000,0.99992,0.00000,0.00000,0.00000,0.00008
115.81000,1.98000,0.99997,0.00000,0.00000,0.00000,0.00002
116.01000,1.98000,0.99996,0.00000,0.00000,0.00000,0.00004
116.21000,1.98000,0.99998,0.00000,0.00000,0.00000,0.00002
116.41000,1.98000,0.99997,0.00000,0.00000,0.00000,0.00002
116.61000,1.98000,0.99990,0.00000,0.00001,0.00003,0.00005
116.81000,1.98000,0.99875,0.00005,0.00002,0.00102,0.00016
117.01000,1.98000,0.97391,0.00053,0.00010,0.02456,0.00089
117.21000,1.98000,0.87351,0.00130,0.00056,0.11982,0.00481
117.41000,1.98000,0.96035,0.00088,0.00026,0.03420,0.00430
117.61000,1.98000,0.98373,0.00214,0.00044,0.00715,0.00654
117.81000,1.98000,0.99709,0.00092,0.00014,0.00024,0.00160
118.01000,1.98000,0.99920,0.00059,0.00001,0.00003,0.00018
118.21000,1.98000,0.99984,0.00012,0.00000,0.00000,0.00003
118.41000,1.98000,0.99978,0.00014,0.00000,0.00000,0.00008
118.61000,1.98000,0.98316,0.00422,0.00001,0.00046,0.01215
118.81000,1.98000,0.07760,0.00177,0.00062,0.00522,0.91479
119.01000,1.98000,0.98794,0.00155,0.00003,0.00010,0.01038
119.21000,1.98000,0.99935,0.00003,0.00002,0.00000,0.00061
119.41000,1.98000,0.99964,0.00001,0.00001,0.00000,0.00035
119.61000,1.98000,0.99986,0.00000,0.00001,0.00000,0.00013
119.81000,1.98000,0.99972,0.00000,0.00001,0.00000,0.00027
120.01000,1.98000,0.99999,0.00000,0.00000,0.00000,0.00001
120.21000,1.98000,0.99994,0.00000,0.00001,0.00001,0.00004
120.41000,1.98000,0.99978,0.00001,0.00001,0.00014,0.00006
120.61000,1.98000,0.99984,0.00006,0.00000,0.00006,0.00003
120.81000,1.98000,0.99951,0.00027,0.00000,0.00012,0.00010
121.01000,1.98000,0.99855,0.00046,0.00000,0.00018,0.00081
121.21000,1.98000,0.99949,0.00039,0.00000,0.00001,0.00011
121.41000,1.98000,0.99730,0.00097,0.00000,0.00005,0.00168
121.61000,1.98000,0.99912,0.00046,0.00000,0.00001,0.00041
121.81000,1.98000,0.99813,0.00163,0.00000,0.00001,0.00024
122.01000,1.98000,0.99982,0.00013,0.00000,0.00000,0.00005
122.21000,1.98000,0.99983,0.00012,0.00002,0.00000,0.00003
122.41000,1.98000,0.99969,0.00029,0.00001,0.00000,0.00001
122.61000,1.98000,0.99940,0.00057,0.00002,0.00000,0.00001
122.81000,1.98000,0.99890,0.00106,0.00002,0.00001,0.00001
123.01000,1.98000,0.99655,0.00326,0.00006,0.00005,0.00008
123.21000,1.98000,0.99456,0.00500,0.00020,0.00008,0.00016
123.41000,1.98000,0.99825,0.00165,0.00007,0.00001,0.00002
123.61000,1.98000,0.99717,0.00239,0.00024,0.00014,0.00006
123.81000,1.98000,0.99239,0.00606,0.00084,0.00052,0.00018
124.01000,1.98000,0.99135,0.00331,0.00037,0.00331,0.00165
124.21000,1.98000,0.98422,0.00076,0.00010,0.00764,0.00727
124.41000,1.98000,0.99909,0.00003,0.00001,0.00032,0.00055
124.61000,1.98000,0.99983,0.00000,0.00002,0.00002,0.00012
124.81000,1.98000,0.99986,0.00000,0.00005,0.00002,0.00007
125.01000,1.98000,0.99963,0.00000,0.00001,0.00012,0.00024
125.21000,1.98000,0.99955,0.00000,0.00000,0.00012,0.00032
