Time (seconds), Duration (seconds),pred_(unlabeled),pred_On,pred_Off,pred_Dimmer,pred_Lighter
0.01000,1.98000,1.00000,0.00000,0.00000,0.00000,0.00000
0.21000,1.98000,1.00000,0.00000,0.00000,0.00000,0.00000
0.41000,1.98000,1.00000,0.00000,0.00000,0.00000,0.00000
0.61000,1.98000,1.00000,0.00000,0.00000,0.00000,0.00000
0.81000,1.98000,1.00000,0.00000,0.00000,0.00000,0.00000
1.01000,1.98000,1.00000,0.00000,0.00000,0.00000,0.00000
1.21000,1.98000,1.00000,0.00000,0.00000,0.00000,0.00000
1.41000,1.98000,1.00000,0.00000,0.00000,0.00000,0.00000
1.61000,1.98000,1.00000,0.00000,0.00000,0.00000,0.00000
1.81000,1.98000,1.00000,0.00000,0.00000,0.00000,0.00000
2.01000,1.98000,1.00000,0.00000,0.00000,0.00000,0.00000
2.21000,1.98000,1.00000,0.00000,0.00000,0.00000,0.00000
2.41000,1.98000,1.00000,0.00000,0.00000,0.00000,0.00000
2.61000,1.98000,1.00000,0.00000,0.00000,0.00000,0.00000
2.81000,1.98000,1.00000,0.00000,0.00000,0.00000,0.00000
3.01000,1.98000,1.00000,0.00000,0.00000,0.00000,0.00000
3.21000,1.98000,1.00000,0.00000,0.00000,0.00000,0.00000
3.41000,1.98000,1.00000,0.00000,0.00000,0.00000,0.00000
3.61000,1.98000,1.00000,0.00000,0.00000,0.00000,0.00000
3.81000,1.98000,1.00000,0.00000,0.00000,0.00000,0.00000
4.01000,1.98000,1.00000,0.00000,0.00000,0.00000,0.00000
4.21000,1.98000,1.00000,0.00000,0.00000,0.00000,0.00000
4.41000,1.98000,0.99964,0.00000,0.00032,0.00000,0.00003
4.61000,1.98000,0.69366,0.00002,0.30199,0.00109,0.00324
4.81000,1.98000,0.38597,0.00001,0.60615,0.00127,0.00659
5.01000,1.98000,0.99973,0.00000,0.00023,0.00000,0.00004
5.21000,1.98000,0.99989,0.00000,0.00000,0.00000,0.00010
5.41000,1.98000,0.99965,0.00000,0.00000,0.00000,0.00034
5.61000,1.98000,0.99935,0.00000,0.00000,0.00000,0.00065
5.81000,1.98000,1.00000,0.00000,0.00000,0.00000,0.00000
6.01000,1.98000,1.00000,0.00000,0.00000,0.00000,0.00000
6.21000,1.98000,1.00000,0.00000,0.00000,0.00000,0.00000
6.41000,1.98000,1.00000,0.00000,0.00000,0.00000,0.00000
6.61000,1.98000,1.00000,0.00000,0.00000,0.00000,0.00000
6.81000,1.98000,1.00000,0.00000,0.00000,0.00000,0.00000
7.01000,1.98000,1.00000,0.00000,0.00000,0.00000,0.00000
7.21000,1.98000,0.99999,0.00000,0.00000,0.00000,0.00000
7.41000,1.98000,0.99999,0.00000,0.00001,0.00000,0.00000
7.61000,1.98000,0.99999,0.00000,0.00001,0.00000,0.00000
7.81000,1.98000,0.99992,0.00000,0.00004,0.00000,0.00004
8.01000,1.98000,0.99989,0.00000,0.00002,0.00000,0.00009
8.21000,1.98000,0.99997,0.00000,0.00001,0.00000,0.00002
8.41000,1.98000,0.99996,0.00000,0.00000,0.00000,0.00003
8.61000,1.98000,0.99999,0.00000,0.00000,0.00000,0.00000
8.81000,1.98000,0.99999,0.00000,0.00000,0.00000,0.00000
9.01000,1.98000,0.99999,0.00000,0.00000,0.00000,0.00000
9.21000,1.98000,1.00000,0.00000,0.00000,0.00000,0.00000
9.41000,1.98000,1.00000,0.00000,0.00000,0.00000,0.00000
9.61000,1.98000,1.00000,0.00000,0.00000,0.00000,0.00000
9.81000,1.98000,1.00000,0.00000,0.00000,0.00000,0.00000
10.01000,1.98000,1.00000,0.00000,0.00000,0.00000,0.00000
10.21000,1.98000,1.00000,0.00000,0.00000,0.00000,0.00000
10.41000,1.98000,1.00000,0.00000,0.00000,0.00000,0.00000
10.61000,1.98000,1.00000,0.00000,0.00000,0.00000,0.00000
10.81000,1.98000,1.00000,0.00000,0.00000,0.00000,0.00000
11.01000,1.98000,1.00000,0.00000,0.00000,0.00000,0.00000
11.21000,1.98000,1.00000,0.00000,0.00000,0.00000,0.00000
11.41000,1.98000,1.00000,0.00000,0.00000,0.00000,0.00000
11.61000,1.98000,1.00000,0.00000,0.00000,0.00000,0.00000
11.81000,1.98000,1.00000,0.00000,0.00000,0.00000,0.00000
12.01000,1.98000,1.00000,0.00000,0.00000,0.00000,0.00000
12.21000,1.98000,1.00000,0.00000,0.00000,0.00000,0.00000
12.41000,1.98000,1.00000,0.00000,0.00000,0.00000,0.00000
12.61000,1.98000,1.00000,0.00000,0.00000,0.00000,0.00000
12.81000,1.98000,1.00000,0.00000,0.00000,0.00000,0.00000
13.01000,1.98000,1.00000,0.00000,0.00000,0.00000,0.00000
13.21000,1.98000,1.00000,0.00000,0.00000,0.00000,0.00000
13.41000,1.98000,1.00000,0.00000,0.00000,0.00000,0.00000
13.61000,1.98000,1.00000,0.00000,0.00000,0.00000,0.00000
13.81000,1.98000,1.00000,0.00000,0.00000,0.00000,0.00000
14.01000,1.98000,0.99977,0.00000,0.00020,0.00001,0.00002
14.21000,1.98000,0.72264,0.00003,0.27302,0.00112,0.00319
14.41000,1.98000,0.09018,0.00001,0.90456,0.00095,0.00430
14.61000,1.98000,0.99730,0.00000,0.00261,0.00001,0.00008
14.81000,1.98000,0.99996,0.00000,0.00001,0.00000,0.00003
15.01000,1.98000,0.99977,0.00000,0.00000,0.00000,0.00023
15.21000,1.98000,0.99978,0.00000,0.00000,0.00000,0.00021
15.41000,1.98000,0.99999,0.00000,0.00000,0.00000,0.00001
15.61000,1.98000,1.00000,0.00000,0.00000,0.00000,0.00000
15.81000,1.98000,1.00000,0.00000,0.00000,0.00000,0.00000
16.01000,1.98000,1.00000,0.00000,0.00000,0.00000,0.00000
16.21000,1.98000,1.00000,0.00000,0.00000,0.00000,0.00000
16.41000,1.98000,1.00000,0.00000,0.00000,0.00000,0.00000
16.61000,1.98000,1.00000,0.00000,0.00000,0.00000,0.00000
16.81000,1.98000,1.00000,0.00000,0.00000,0.00000,0.00000
17.01000,1.98000,1.00000,0.00000,0.00000,0.00000,0.00000
17.21000,1.98000,1.00000,0.00000,0.00000,0.00000,0.00000
17.41000,1.98000,0.99999,0.00000,0.00000,0.00000,0.00000
17.61000,1.98000,0.99999,0.00000,0.00000,0.00000,0.00000
17.81000,1.98000,0.99999,0.00000,0.00000,0.00000,0.00000
18.01000,1.98000,0.99999,0.00000,0.00000,0.00000,0.00000
18.21000,1.98000,0.99999,0.00000,0.00000,0.00000,0.00000
18.41000,1.98000,0.99999,0.00000,0.00000,0.00000,0.00000
18.61000,1.98000,0.99999,0.00000,0.00000,0.00000,0.00000
18.81000,1.98000,0.99999,0.00000,0.00000,0.00000,0.00000
19.01000,1.98000,0.99999,0.00000,0.00000,0.00000,0.00000
19.21000,1.98000,0.99999,0.00000,0.00000,0.00000,0.00000
19.41000,1.98000,0.99999,0.00000,0.00000,0.00000,0.00000
19.61000,1.98000,0.99999,0.00000,0.00000,0.00000,0.00000
19.81000,1.98000,0.99999,0.00000,0.00000,0.00000,0.00000
20.01000,1.98000,0.99999,0.00000,0.00000,0.00000,0.00000
20.21000,1.98000,0.99999,0.00000,0.00000,0.00000,0.00000
20.41000,1.98000,0.99999,0.00000,0.00000,0.00000,0.00000
20.61000,1.98000,0.99999,0.00000,0.00000,0.00000,0.00000
20.81000,1.98000,0.99999,0.00000,0.00000,0.00000,0.00000
21.01000,1.98000,0.99999,0.00000,0.00000,0.00000,0.00000
21.21000,1.98000,1.00000,0.00000,0.00000,0.00000,0.00000
21.41000,1.98000,1.00000,0.00000,0.00000,0.00000,0.00000
21.61000,1.98000,1.00000,0.00000,0.00000,0.00000,0.00000
21.81000,1.98000,1.00000,0.00000,0.00000,0.00000,0.00000
22.01000,1.98000,1.00000,0.00000,0.00000,0.00000,0.00000
22.21000,1.98000,1.00000,0.00000,0.00000,0.00000,0.00000
22.41000,1.98000,1.00000,0.00000,0.00000,0.00000,0.00000
22.61000,1.98000,1.00000,0.00000,0.00000,0.00000,0.00000
22.81000,1.98000,1.00000,0.00000,0.00000,0.00000,0.00000
23.01000,1.98000,1.00000,0.00000,0.00000,0.00000,0.00000
23.21000,1.98000,1.00000,0.00000,0.00000,0.00000,0.00000
23.41000,1.98000,1.00000,0.00000,0.00000,0.00000,0.00000
23.61000,1.98000,1.00000,0.00000,0.00000,0.00000,0.00000
23.81000,1.98000,1.00000,0.00000,0.00000,0.00000,0.00000
24.01000,1.98000,1.00000,0.00000,0.00000,0.00000,0.00000
24.21000,1.98000,1.00000,0.00000,0.00000,0.00000,0.00000
24.41000,1.98000,1.00000,0.00000,0.00000,0.00000,0.00000
24.61000,1.98000,1.00000,0.00000,0.00000,0.00000,0.00000
24.81000,1.98000,0.99970,0.00000,0.00026,0.00001,0.00003
25.01000,1.98000,0.87518,0.00003,0.12263,0.00058,0.00158
25.21000,1.98000,0.12264,0.00001,0.87061,0.00121,0.00552
25.41000,1.98000,0.99796,0.00000,0.00186,0.00001,0.00017
25.61000,1.98000,0.99983,0.00000,0.00002,0.00000,0.00016
25.81000,1.98000,0.99991,0.00000,0.00000,0.00000,0.00008
26.01000,1.98000,0.99982,0.00000,0.00000,0.00000,0.00018
26.21000,1.98000,0.99999,0.00000,0.00000,0.00000,0.00001
26.41000,1.98000,1.00000,0.00000,0.00000,0.00000,0.00000
26.61000,1.98000,1.00000,0.00000,0.00000,0.00000,0.00000
26.81000,1.98000,0.99999,0.00000,0.00000,0.00000,0.00000
27.01000,1.98000,1.00000,0.00000,0.00000,0.00000,0.00000
27.21000,1.98000,1.00000,0.00000,0.00000,0.00000,0.00000
27.41000,1.98000,1.00000,0.00000,0.00000,0.00000,0.00000
27.61000,1.98000,1.00000,0.00000,0.00000,0.00000,0.00000
27.81000,1.98000,1.00000,0.00000,0.00000,0.00000,0.00000
28.01000,1.98000,1.00000,0.00000,0.00000,0.00000,0.00000
28.21000,1.98000,1.00000,0.00000,0.00000,0.00000,0.00000
28.41000,1.98000,1.00000,0.00000,0.00000,0.00000,0.00000
28.61000,1.98000,1.00000,0.00000,0.00000,0.00000,0.00000
28.81000,1.98000,1.00000,0.00000,0.00000,0.00000,0.00000
29.01000,1.98000,1.00000,0.00000,0.00000,0.00000,0.00000
29.21000,1.98000,1.00000,0.00000,0.00000,0.00000,0.00000
29.41000,1.98000,1.00000,0.00000,0.00000,0.00000,0.00000
29.61000,1.98000,0.99999,0.00000,0.00000,0.00000,0.00000
29.81000,1.98000,0.99999,0.00000,0.00000,0.00000,0.00000
30.01000,1.98000,0.99999,0.00000,0.00000,0.00000,0.00000
30.21000,1.98000,0.99999,0.00000,0.00000,0.00000,0.00000
30.41000,1.98000,0.99999,0.00000,0.00000,0.00000,0.00000
30.61000,1.98000,0.99999,0.00000,0.00000,0.00000,0.00000
30.81000,1.98000,0.99999,0.00000,0.00000,0.00000,0.00000
31.01000,1.98000,0.99999,0.00000,0.00000,0.00000,0.00000
31.21000,1.98000,0.99999,0.00000,0.00000,0.00000,0.00000
31.41000,1.98000,0.99999,0.00000,0.00000,0.00000,0.00000
31.61000,1.98000,0.99999,0.00000,0.00000,0.00000,0.00000
31.81000,1.98000,0.99999,0.00000,0.00000,0.00000,0.00000
32.01000,1.98000,0.99999,0.00000,0.00000,0.00000,0.00000
32.21000,1.98000,0.99999,0.00000,0.00000,0.00000,0.00000
32.41000,1.98000,0.99999,0.00000,0.00000,0.00000,0.00000
32.61000,1.98000,0.99999,0.00000,0.00000,0.00000,0.00000
32.81000,1.98000,1.00000,0.00000,0.00000,0.00000,0.00000
33.01000,1.98000,0.99999,0.00000,0.00000,0.00000,0.00000
33.21000,1.98000,1.00000,0.00000,0.00000,0.00000,0.00000
33.41000,1.98000,0.99999,0.00000,0.00000,0.00000,0.00000
33.61000,1.98000,1.00000,0.00000,0.00000,0.00000,0.00000
33.81000,1.98000,1.00000,0.00000,0.00000,0.00000,0.00000
34.01000,1.98000,1.00000,0.00000,0.00000,0.00000,0.00000
34.21000,1.98000,0.99998,0.00000,0.00001,0.00000,0.00000
34.41000,1.98000,0.99369,0.00001,0.00605,0.00006,0.00019
34.61000,1.98000,0.04655,0.00003,0.94984,0.00219,0.00140
34.81000,1.98000,0.92704,0.00003,0.07201,0.00023,0.00070
35.01000,1.98000,0.99972,0.00000,0.00010,0.00000,0.00017
35.21000,1.98000,0.99996,0.00000,0.00000,0.00000,0.00004
35.41000,1.98000,0.99988,0.00000,0.00000,0.00000,0.00012
35.61000,1.98000,0.99996,0.00000,0.00000,0.00000,0.00004
35.81000,1.98000,1.00000,0.00000,0.00000,0.00000,0.00000
36.01000,1.98000,0.99999,0.00000,0.00000,0.00000,0.00000
36.21000,1.98000,1.00000,0.00000,0.00000,0.00000,0.00000
36.41000,1.98000,1.00000,0.00000,0.00000,0.00000,0.00000
36.61000,1.98000,1.00000,0.00000,0.00000,0.00000,0.00000
36.81000,1.98000,1.00000,0.00000,0.00000,0.00000,0.00000
37.01000,1.98000,1.00000,0.00000,0.00000,0.00000,0.00000
37.21000,1.98000,1.00000,0.00000,0.00000,0.00000,0.00000
37.41000,1.98000,0.99999,0.00000,0.00000,0.00000,0.00000
37.61000,1.98000,0.99999,0.00000,0.00000,0.00000,0.00000
37.81000,1.98000,0.99999,0.00000,0.00000,0.00000,0.00000
38.01000,1.98000,1.00000,0.00000,0.00000,0.00000,0.00000
38.21000,1.98000,0.99999,0.00000,0.00000,0.00000,0.00000
38.41000,1.98000,0.99999,0.00000,0.00000,0.00000,0.00000
38.61000,1.98000,0.99999,0.00000,0.00000,0.00000,0.00000
38.81000,1.98000,0.99999,0.00000,0.00000,0.00000,0.00000
39.01000,1.98000,0.99999,0.00000,0.00001,0.00000,0.00000
39.21000,1.98000,0.99999,0.00000,0.00001,0.00000,0.00001
39.41000,1.98000,0.99999,0.00000,0.00001,0.00000,0.00001
39.61000,1.98000,0.99999,0.00000,0.00000,0.00000,0.00001
39.81000,1.98000,0.99999,0.00000,0.00001,0.00000,0.00001
40.01000,1.98000,0.99999,0.00000,0.00001,0.00000,0.00000
40.21000,1.98000,0.99999,0.00000,0.00000,0.00000,0.00000
40.41000,1.98000,0.99999,0.00000,0.00000,0.00000,0.00000
40.61000,1.98000,0.99999,0.00000,0.00000,0.00000,0.00000
40.81000,1.98000,0.99999,0.00000,0.00000,0.00000,0.00000
41.01000,1.98000,0.99999,0.00000,0.00000,0.00000,0.00000
41.21000,1.98000,0.99999,0.00000,0.00000,0.00000,0.00000
41.41000,1.98000,0.99999,0.00000,0.00000,0.00000,0.00000
41.61000,1.98000,0.99999,0.00000,0.00000,0.00000,0.00000
41.81000,1.98000,0.99999,0.00000,0.00000,0.00000,0.00000
42.01000,1.98000,1.00000,0.00000,0.00000,0.00000,0.00000
42.21000,1.98000,1.00000,0.00000,0.00000,0.00000,0.00000
42.41000,1.98000,1.00000,0.00000,0.00000,0.00000,0.00000
42.61000,1.98000,0.99934,0.00000,0.00061,0.00001,0.00004
42.81000,1.98000,0.29144,0.00003,0.70216,0.00089,0.00548
43.01000,1.98000,0.44515,0.00007,0.55181,0.00060,0.00237
43.21000,1.98000,0.99871,0.00000,0.00048,0.00000,0.00080
43.41000,1.98000,0.99973,0.00000,0.00000,0.00000,0.00027
43.61000,1.98000,0.99917,0.00000,0.00000,0.00000,0.00083
43.81000,1.98000,0.99912,0.00000,0.00000,0.00000,0.00088
44.01000,1.98000,1.00000,0.00000,0.00000,0.00000,0.00000
44.21000,1.98000,1.00000,0.00000,0.00000,0.00000,0.00000
44.41000,1.98000,1.00000,0.00000,0.00000,0.00000,0.00000
44.61000,1.98000,1.00000,0.00000,0.00000,0.00000,0.00000
44.81000,1.98000,1.00000,0.00000,0.00000,0.00000,0.00000
45.01000,1.98000,1.00000,0.00000,0.00000,0.00000,0.00000
45.21000,1.98000,1.00000,0.00000,0.00000,0.00000,0.00000
45.41000,1.98000,1.00000,0.00000,0.00000,0.00000,0.00000
45.61000,1.98000,1.00000,0.00000,0.00000,0.00000,0.00000
45.81000,1.98000,1.00000,0.00000,0.00000,0.00000,0.00000
46.01000,1.98000,1.00000,0.00000,0.00000,0.00000,0.00000
46.21000,1.98000,1.00000,0.00000,0.00000,0.00000,0.00000
46.41000,1.98000,1.00000,0.00000,0.00000,0.00000,0.00000
46.61000,1.98000,1.00000,0.00000,0.00000,0.00000,0.00000
46.81000,1.98000,1.00000,0.00000,0.00000,0.00000,0.00000
47.01000,1.98000,1.00000,0.00000,0.00000,0.00000,0.00000
47.21000,1.98000,0.99999,0.00000,0.00000,0.00000,0.00000
47.41000,1.98000,0.99999,0.00000,0.00000,0.00000,0.00000
47.61000,1.98000,0.99999,0.00000,0.00000,0.00000,0.00000
47.81000,1.98000,0.99999,0.00000,0.00000,0.00000,0.00000
48.01000,1.98000,0.99999,0.00000,0.00000,0.00000,0.00000
48.21000,1.98000,0.99999,0.00000,0.00000,0.00000,0.00000
48.41000,1.98000,0.99999,0.00000,0.00000,0.00000,0.00000
48.61000,1.98000,0.99999,0.00000,0.00000,0.00000,0.00000
48.81000,1.98000,0.99999,0.00000,0.00000,0.00000,0.00000
49.01000,1.98000,0.99999,0.00000,0.00000,0.00000,0.00000
49.21000,1.98000,0.99999,0.00000,0.00000,0.00000,0.00000
49.41000,1.98000,0.99999,0.00000,0.00000,0.00000,0.00000
49.61000,1.98000,0.99999,0.00000,0.00000,0.00000,0.00000
49.81000,1.98000,0.99999,0.00000,0.00000,0.00000,0.00000
50.01000,1.98000,0.99999,0.00000,0.00000,0.00000,0.00000
50.21000,1.98000,1.00000,0.00000,0.00000,0.00000,0.00000
50.41000,1.98000,0.99999,0.00000,0.00000,0.00000,0.00000
50.61000,1.98000,0.99999,0.00000,0.00000,0.00000,0.00000
50.81000,1.98000,0.99999,0.00000,0.00001,0.00000,0.00000
51.01000,1.98000,0.99999,0.00000,0.00001,0.00000,0.00000
51.21000,1.98000,0.99999,0.00000,0.00000,0.00000,0.00000
51.41000,1.98000,1.00000,0.00000,0.00000,0.00000,0.00000
51.61000,1.98000,0.99999,0.00000,0.00000,0.00000,0.00000
51.81000,1.98000,0.99999,0.00000,0.00000,0.00000,0.00000
52.01000,1.98000,1.00000,0.00000,0.00000,0.00000,0.00000
52.21000,1.98000,1.00000,0.00000,0.00000,0.00000,0.00000
52.41000,1.98000,1.00000,0.00000,0.00000,0.00000,0.00000
52.61000,1.98000,1.00000,0.00000,0.00000,0.00000,0.00000
52.81000,1.98000,1.00000,0.00000,0.00000,0.00000,0.00000
53.01000,1.98000,1.00000,0.00000,0.00000,0.00000,0.00000
53.21000,1.98000,0.99948,0.00000,0.00046,0.00001,0.00005
53.41000,1.98000,0.79180,0.00002,0.20465,0.00062,0.00290
53.61000,1.98000,0.11897,0.00001,0.87357,0.00153,0.00592
53.81000,1.98000,0.99968,0.00000,0.00028,0.00000,0.00004
54.01000,1.98000,0.99991,0.00000,0.00000,0.00000,0.00008
54.21000,1.98000,0.99973,0.00000,0.00000,0.00000,0.00027
54.41000,1.98000,0.99946,0.00000,0.00000,0.00000,0.00054
54.61000,1.98000,1.00000,0.00000,0.00000,0.00000,0.00000
54.81000,1.98000,1.00000,0.00000,0.00000,0.00000,0.00000
55.01000,1.98000,1.00000,0.00000,0.00000,0.00000,0.00000
55.21000,1.98000,1.00000,0.00000,0.00000,0.00000,0.00000
55.41000,1.98000,1.00000,0.00000,0.00000,0.00000,0.00000
55.61000,1.98000,1.00000,0.00000,0.00000,0.00000,0.00000
55.81000,1.98000,1.00000,0.00000,0.00000,0.00000,0.00000
56.01000,1.98000,1.00000,0.00000,0.00000,0.00000,0.00000
56.21000,1.98000,1.00000,0.00000,0.00000,0.00000,0.00000
56.41000,1.98000,1.00000,0.00000,0.00000,0.00000,0.00000
56.61000,1.98000,1.00000,0.00000,0.00000,0.00000,0.00000
56.81000,1.98000,1.00000,0.00000,0.00000,0.00000,0.00000
57.01000,1.98000,1.00000,0.00000,0.00000,0.00000,0.00000
57.21000,1.98000,0.99999,0.00000,0.00000,0.00000,0.00000
57.41000,1.98000,0.99999,0.00000,0.00000,0.00000,0.00000
57.61000,1.98000,0.99999,0.00000,0.00000,0.00000,0.00000
57.81000,1.98000,0.99999,0.00000,0.00000,0.00000,0.00000
58.01000,1.98000,0.99999,0.00000,0.00000,0.00000,0.00000
58.21000,1.98000,0.99999,0.00000,0.00000,0.00000,0.00000
58.41000,1.98000,1.00000,0.00000,0.00000,0.00000,0.00000
58.61000,1.98000,1.00000,0.00000,0.00000,0.00000,0.00000
58.81000,1.98000,0.99999,0.00000,0.00000,0.00000,0.00000
59.01000,1.98000,0.99999,0.00000,0.00000,0.00000,0.00000
59.21000,1.98000,0.99999,0.00000,0.00000,0.00000,0.00000
59.41000,1.98000,0.99999,0.00000,0.00000,0.00000,0.00000
59.61000,1.98000,0.99999,0.00000,0.00000,0.00000,0.00000
59.81000,1.98000,0.99999,0.00000,0.00000,0.00000,0.00000
60.01000,1.98000,0.99999,0.00000,0.00000,0.00000,0.00000
60.21000,1.98000,0.99999,0.00000,0.00000,0.00000,0.00000
60.41000,1.98000,0.99999,0.00000,0.00000,0.00000,0.00000
60.61000,1.98000,1.00000,0.00000,0.00000,0.00000,0.00000
60.81000,1.98000,1.00000,0.00000,0.00000,0.00000,0.00000
61.01000,1.98000,0.99999,0.00000,0.00000,0.00000,0.00000
61.21000,1.98000,1.00000,0.00000,0.00000,0.00000,0.00000
61.41000,1.98000,1.00000,0.00000,0.00000,0.00000,0.00000
61.61000,1.98000,1.00000,0.00000,0.00000,0.00000,0.00000
61.81000,1.98000,0.99999,0.00000,0.00001,0.00000,0.00000
62.01000,1.98000,0.99877,0.00000,0.00115,0.00001,0.00006
62.21000,1.98000,0.21325,0.00004,0.78233,0.00121,0.00317
62.41000,1.98000,0.24760,0.00006,0.74856,0.00122,0.00257
62.61000,1.98000,0.99938,0.00000,0.00046,0.00000,0.00016
62.81000,1.98000,0.99987,0.00000,0.00000,0.00000,0.00013
63.01000,1.98000,0.99985,0.00000,0.00000,0.00000,0.00015
63.21000,1.98000,0.99970,0.00000,0.00000,0.00000,0.00030
63.41000,1.98000,1.00000,0.00000,0.00000,0.00000,0.00000
63.61000,1.98000,1.00000,0.00000,0.00000,0.00000,0.00000
63.81000,1.98000,1.00000,0.00000,0.00000,0.00000,0.00000
64.01000,1.98000,1.00000,0.00000,0.00000,0.00000,0.00000
64.21000,1.98000,1.00000,0.00000,0.00000,0.00000,0.00000
64.41000,1.98000,1.00000,0.00000,0.00000,0.00000,0.00000
64.61000,1.98000,1.00000,0.00000,0.00000,0.00000,0.00000
64.81000,1.98000,1.00000,0.00000,0.00000,0.00000,0.00000
65.01000,1.98000,1.00000,0.00000,0.00000,0.00000,0.00000
65.21000,1.98000,1.00000,0.00000,0.00000,0.00000,0.00000
65.41000,1.98000,1.00000,0.00000,0.00000,0.00000,0.00000
65.61000,1.98000,1.00000,0.00000,0.00000,0.00000,0.00000
65.81000,1.98000,1.00000,0.00000,0.00000,0.00000,0.00000
66.01000,1.98000,1.00000,0.00000,0.00000,0.00000,0.00000
66.21000,1.98000,1.00000,0.00000,0.00000,0.00000,0.00000
66.41000,1.98000,0.99999,0.00000,0.00000,0.00000,0.00000
66.61000,1.98000,0.99999,0.00000,0.00000,0.00000,0.00000
66.81000,1.98000,0.99999,0.00000,0.00000,0.00000,0.00000
67.01000,1.98000,0.99999,0.00000,0.00000,0.00000,0.00000
67.21000,1.98000,0.99999,0.00000,0.00000,0.00000,0.00000
67.41000,1.98000,0.99999,0.00000,0.00000,0.00000,0.00000
67.61000,1.98000,0.99999,0.00000,0.00000,0.00000,0.00000
67.81000,1.98000,0.99999,0.00000,0.00000,0.00000,0.00000
68.01000,1.98000,0.99999,0.00000,0.00000,0.00000,0.00000
68.21000,1.98000,0.99999,0.00000,0.00000,0.00000,0.00000
68.41000,1.98000,0.99999,0.00000,0.00000,0.00000,0.00000
68.61000,1.98000,0.99999,0.00000,0.00001,0.00000,0.00000
68.81000,1.98000,0.99999,0.00000,0.00000,0.00000,0.00000
69.01000,1.98000,0.99999,0.00000,0.00000,0.00000,0.00000
69.21000,1.98000,0.99999,0.00000,0.00000,0.00000,0.00000
69.41000,1.98000,0.99999,0.00000,0.00000,0.00000,0.00000
69.61000,1.98000,0.99999,0.00000,0.00000,0.00000,0.00000
69.81000,1.98000,1.00000,0.00000,0.00000,0.00000,0.00000
70.01000,1.98000,1.00000,0.00000,0.00000,0.00000,0.00000
70.21000,1.98000,1.00000,0.00000,0.00000,0.00000,0.00000
70.41000,1.98000,1.00000,0.00000,0.00000,0.00000,0.00000
70.61000,1.98000,1.00000,0.00000,0.00000,0.00000,0.00000
70.81000,1.98000,0.99990,0.00000,0.00008,0.00000,0.00001
71.01000,1.98000,0.95074,0.00004,0.04824,0.00038,0.00059
71.21000,1.98000,0.08368,0.00002,0.91117,0.00163,0.00350
71.41000,1.98000,0.99856,0.00000,0.00134,0.00001,0.00008
71.61000,1.98000,0.99976,0.00000,0.00001,0.00000,0.00024
71.81000,1.98000,0.99955,0.00000,0.00000,0.00000,0.00044
72.01000,1.98000,0.99929,0.00000,0.00000,0.00000,0.00071
72.21000,1.98000,0.99992,0.00000,0.00000,0.00000,0.00008
72.41000,1.98000,1.00000,0.00000,0.00000,0.00000,0.00000
72.61000,1.98000,1.00000,0.00000,0.00000,0.00000,0.00000
72.81000,1.98000,1.00000,0.00000,0.00000,0.00000,0.00000
73.01000,1.98000,1.00000,0.00000,0.00000,0.00000,0.00000
73.21000,1.98000,1.00000,0.00000,0.00000,0.00000,0.00000
73.41000,1.98000,1.00000,0.00000,0.00000,0.00000,0.00000
73.61000,1.98000,1.00000,0.00000,0.00000,0.00000,0.00000
73.81000,1.98000,1.00000,0.00000,0.00000,0.00000,0.00000
74.01000,1.98000,1.00000,0.00000,0.00000,0.00000,0.00000
74.21000,1.98000,1.00000,0.00000,0.00000,0.00000,0.00000
74.41000,1.98000,1.00000,0.00000,0.00000,0.00000,0.00000
74.61000,1.98000,1.00000,0.00000,0.00000,0.00000,0.00000
74.81000,1.98000,1.00000,0.00000,0.00000,0.00000,0.00000
75.01000,1.98000,1.00000,0.00000,0.00000,0.00000,0.00000
75.21000,1.98000,0.99999,0.00000,0.00000,0.00000,0.00000
75.41000,1.98000,0.99999,0.00000,0.00000,0.00000,0.00000
75.61000,1.98000,0.99999,0.00000,0.00000,0.00000,0.00000
75.81000,1.98000,0.99999,0.00000,0.00000,0.00000,0.00000
76.01000,1.98000,0.99999,0.00000,0.00000,0.00000,0.00000
76.21000,1.98000,0.99999,0.00000,0.00000,0.00000,0.00000
76.41000,1.98000,0.99999,0.00000,0.00000,0.00000,0.00000
76.61000,1.98000,0.99999,0.00000,0.00000,0.00000,0.00000
76.81000,1.98000,0.99999,0.00000,0.00001,0.00000,0.00000
77.01000,1.98000,0.99999,0.00000,0.00001,0.00000,0.00001
77.21000,1.98000,0.99998,0.00000,0.00001,0.00000,0.00001
77.41000,1.98000,0.99998,0.00000,0.00001,0.00000,0.00001
77.61000,1.98000,0.99999,0.00000,0.00001,0.00000,0.00001
77.81000,1.98000,0.99999,0.00000,0.00001,0.00000,0.00000
78.01000,1.98000,0.99999,0.00000,0.00000,0.00000,0.00000
78.21000,1.98000,0.99999,0.00000,0.00000,0.00000,0.00000
78.41000,1.98000,0.99999,0.00000,0.00001,0.00000,0.00000
78.61000,1.98000,0.99998,0.00000,0.00001,0.00000,0.00001
78.81000,1.98000,0.99999,0.00000,0.00001,0.00000,0.00000
79.01000,1.98000,1.00000,0.00000,0.00000,0.00000,0.00000
79.21000,1.98000,1.00000,0.00000,0.00000,0.00000,0.00000
79.41000,1.98000,1.00000,0.00000,0.00000,0.00000,0.00000
79.61000,1.98000,0.99999,0.00000,0.00001,0.00000,0.00000
79.81000,1.98000,0.99434,0.00001,0.00536,0.00007,0.00023
80.01000,1.98000,0.12601,0.00006,0.86783,0.00372,0.00238
80.21000,1.98000,0.68981,0.00006,0.30708,0.00118,0.00187
80.41000,1.98000,0.99974,0.00000,0.00020,0.00000,0.00006
80.61000,1.98000,0.99987,0.00000,0.00001,0.00000,0.00012
80.81000,1.98000,0.99977,0.00000,0.00000,0.00000,0.00023
81.01000,1.98000,0.99969,0.00000,0.00000,0.00000,0.00031
81.21000,1.98000,1.00000,0.00000,0.00000,0.00000,0.00000
81.41000,1.98000,1.00000,0.00000,0.00000,0.00000,0.00000
81.61000,1.98000,1.00000,0.00000,0.00000,0.00000,0.00000
81.81000,1.98000,1.00000,0.00000,0.00000,0.00000,0.00000
82.01000,1.98000,1.00000,0.00000,0.00000,0.00000,0.00000
82.21000,1.98000,1.00000,0.00000,0.00000,0.00000,0.00000
82.41000,1.98000,1.00000,0.00000,0.00000,0.00000,0.00000
82.61000,1.98000,1.00000,0.00000,0.00000,0.00000,0.00000
82.81000,1.98000,1.00000,0.00000,0.00000,0.00000,0.00000
83.01000,1.98000,1.00000,0.00000,0.00000,0.00000,0.00000
83.21000,1.98000,1.00000,0.00000,0.00000,0.00000,0.00000
83.41000,1.98000,1.00000,0.00000,0.00000,0.00000,0.00000
83.61000,1.98000,1.00000,0.00000,0.00000,0.00000,0.00000
83.81000,1.98000,1.00000,0.00000,0.00000,0.00000,0.00000
84.01000,1.98000,1.00000,0.00000,0.00000,0.00000,0.00000
84.21000,1.98000,0.99999,0.00000,0.00000,0.00000,0.00000
84.41000,1.98000,0.99999,0.00000,0.00000,0.00000,0.00000
84.61000,1.98000,0.99999,0.00000,0.00000,0.00000,0.00000
84.81000,1.98000,0.99999,0.00000,0.00000,0.00000,0.00000
85.01000,1.98000,0.99999,0.00000,0.00000,0.00000,0.00000
85.21000,1.98000,0.99999,0.00000,0.00000,0.00000,0.00000
85.41000,1.98000,0.99999,0.00000,0.00000,0.00000,0.00000
85.61000,1.98000,0.99999,0.00000,0.00000,0.00000,0.00000
85.81000,1.98000,0.99999,0.00000,0.00000,0.00000,0.00000
86.01000,1.98000,0.99999,0.00000,0.00000,0.00000,0.00000
86.21000,1.98000,1.00000,0.00000,0.00000,0.00000,0.00000
86.41000,1.98000,0.99999,0.00000,0.00000,0.00000,0.00000
86.61000,1.98000,0.99999,0.00000,0.00000,0.00000,0.00000
86.81000,1.98000,0.99999,0.00000,0.00000,0.00000,0.00000
87.01000,1.98000,0.99999,0.00000,0.00000,0.00000,0.00000
87.21000,1.98000,1.00000,0.00000,0.00000,0.00000,0.00000
87.41000,1.98000,1.00000,0.00000,0.00000,0.00000,0.00000
87.61000,1.98000,0.99999,0.00000,0.00000,0.00000,0.00000
87.81000,1.98000,0.99999,0.00000,0.00000,0.00000,0.00000
88.01000,1.98000,0.99999,0.00000,0.00000,0.00000,0.00000
88.21000,1.98000,1.00000,0.00000,0.00000,0.00000,0.00000
88.41000,1.98000,1.00000,0.00000,0.00000,0.00000,0.00000
88.61000,1.98000,1.00000,0.00000,0.00000,0.00000,0.00000
88.81000,1.98000,0.99962,0.00000,0.00034,0.00001,0.00003
89.01000,1.98000,0.68531,0.00003,0.31076,0.00109,0.00280
89.21000,1.98000,0.14115,0.00002,0.85391,0.00132,0.00360
89.41000,1.98000,0.99655,0.00000,0.00335,0.00001,0.00009
89.61000,1.98000,0.99986,0.00000,0.00001,0.00000,0.00013
89.81000,1.98000,0.99981,0.00000,0.00000,0.00000,0.00019
90.01000,1.98000,0.99963,0.00000,0.00000,0.00000,0.00037
90.21000,1.98000,0.99998,0.00000,0.00000,0.00000,0.00002
90.41000,1.98000,1.00000,0.00000,0.00000,0.00000,0.00000
90.61000,1.98000,1.00000,0.00000,0.00000,0.00000,0.00000
90.81000,1.98000,0.99999,0.00000,0.00000,0.00000,0.00000
91.01000,1.98000,0.99999,0.00000,0.00000,0.00000,0.00000
91.21000,1.98000,1.00000,0.00000,0.00000,0.00000,0.00000
91.41000,1.98000,1.00000,0.00000,0.00000,0.00000,0.00000
91.61000,1.98000,1.00000,0.00000,0.00000,0.00000,0.00000
91.81000,1.98000,1.00000,0.00000,0.00000,0.00000,0.00000
92.01000,1.98000,1.00000,0.00000,0.00000,0.00000,0.00000
92.21000,1.98000,1.00000,0.00000,0.00000,0.00000,0.00000
92.41000,1.98000,1.00000,0.00000,0.00000,0.00000,0.00000
92.61000,1.98000,0.99999,0.00000,0.00000,0.00000,0.00000
92.81000,1.98000,0.99999,0.00000,0.00000,0.00000,0.00000
93.01000,1.98000,0.99999,0.00000,0.00000,0.00000,0.00000
93.21000,1.98000,0.99999,0.00000,0.00000,0.00000,0.00000
93.41000,1.98000,0.99999,0.00000,0.00000,0.00000,0.00000
93.61000,1.98000,0.99999,0.00000,0.00000,0.00000,0.00000
93.81000,1.98000,0.99999,0.00000,0.00000,0.00000,0.00000
94.01000,1.98000,0.99999,0.00000,0.00000,0.00000,0.00000
94.21000,1.98000,0.99999,0.00000,0.00000,0.00000,0.00000
94.41000,1.98000,0.99999,0.00000,0.00001,0.00000,0.00000
94.61000,1.98000,0.99999,0.00000,0.00001,0.00000,0.00000
94.81000,1.98000,0.99999,0.00000,0.00001,0.00000,0.00000
95.01000,1.98000,0.99999,0.00000,0.00000,0.00000,0.00000
95.21000,1.98000,0.99999,0.00000,0.00000,0.00000,0.00000
95.41000,1.98000,1.00000,0.00000,0.00000,0.00000,0.00000
95.61000,1.98000,1.00000,0.00000,0.00000,0.00000,0.00000
95.81000,1.98000,1.00000,0.00000,0.00000,0.00000,0.00000
96.01000,1.98000,1.00000,0.00000,0.00000,0.00000,0.00000
96.21000,1.98000,1.00000,0.00000,0.00000,0.00000,0.00000
96.41000,1.98000,0.99999,0.00000,0.00000,0.00000,0.00000
96.61000,1.98000,0.99999,0.00000,0.00000,0.00000,0.00000
96.81000,1.98000,0.99999,0.00000,0.00000,0.00000,0.00000
97.01000,1.98000,1.00000,0.00000,0.00000,0.00000,0.00000
97.21000,1.98000,1.00000,0.00000,0.00000,0.00000,0.00000
97.41000,1.98000,1.00000,0.00000,0.00000,0.00000,0.00000
97.61000,1.98000,0.99986,0.00000,0.00011,0.00000,0.00002
97.81000,1.98000,0.96084,0.00001,0.03765,0.00038,0.00113
98.01000,1.98000,0.06276,0.00001,0.93143,0.00185,0.00395
98.21000,1.98000,0.99288,0.00000,0.00683,0.00003,0.00027
98.41000,1.98000,0.99994,0.00000,0.00003,0.00000,0.00002
98.61000,1.98000,0.99998,0.00000,0.00000,0.00000,0.00002
98.81000,1.98000,0.99993,0.00000,0.00000,0.00000,0.00007
99.01000,1.98000,0.99999,0.00000,0.00000,0.00000,0.00000
99.21000,1.98000,1.00000,0.00000,0.00000,0.00000,0.00000
99.41000,1.98000,1.00000,0.00000,0.00000,0.00000,0.00000
99.61000,1.98000,1.00000,0.00000,0.00000,0.00000,0.00000
99.81000,1.98000,1.00000,0.00000,0.00000,0.00000,0.00000
100.01000,1.98000,1.00000,0.00000,0.00000,0.00000,0.00000
100.21000,1.98000,1.00000,0.00000,0.00000,0.00000,0.00000
100.41000,1.98000,1.00000,0.00000,0.00000,0.00000,0.00000
100.61000,1.98000,1.00000,0.00000,0.00000,0.00000,0.00000
100.81000,1.98000,1.00000,0.00000,0.00000,0.00000,0.00000
101.01000,1.98000,1.00000,0.00000,0.00000,0.00000,0.00000
101.21000,1.98000,1.00000,0.00000,0.00000,0.00000,0.00000
101.41000,1.98000,1.00000,0.00000,0.00000,0.00000,0.00000
101.61000,1.98000,1.00000,0.00000,0.00000,0.00000,0.00000
101.81000,1.98000,1.00000,0.00000,0.00000,0.00000,0.00000
102.01000,1.98000,1.00000,0.00000,0.00000,0.00000,0.00000
102.21000,1.98000,0.99999,0.00000,0.00000,0.00000,0.00000
102.41000,1.98000,0.99999,0.00000,0.00000,0.00000,0.00000
102.61000,1.98000,0.99999,0.00000,0.00000,0.00000,0.00000
102.81000,1.98000,0.99999,0.00000,0.00000,0.00000,0.00000
103.01000,1.98000,0.99999,0.00000,0.00000,0.00000,0.00000
103.21000,1.98000,0.99999,0.00000,0.00000,0.00000,0.00000
103.41000,1.98000,1.00000,0.00000,0.00000,0.00000,0.00000
103.61000,1.98000,0.99999,0.00000,0.00000,0.00000,0.00000
103.81000,1.98000,0.99999,0.00000,0.00000,0.00000,0.00000
104.01000,1.98000,0.99999,0.00000,0.00000,0.00000,0.00000
104.21000,1.98000,0.99999,0.00000,0.00000,0.00000,0.00000
104.41000,1.98000,0.99999,0.00000,0.00000,0.00000,0.00000
104.61000,1.98000,0.99999,0.00000,0.00000,0.00000,0.00000
104.81000,1.98000,1.00000,0.00000,0.00000,0.00000,0.00000
105.01000,1.98000,1.00000,0.00000,0.00000,0.00000,0.00000
105.21000,1.98000,1.00000,0.00000,0.00000,0.00000,0.00000
105.41000,1.98000,1.00000,0.00000,0.00000,0.00000,0.00000
105.61000,1.98000,1.00000,0.00000,0.00000,0.00000,0.00000
105.81000,1.98000,1.00000,0.00000,0.00000,0.00000,0.00000
106.01000,1.98000,1.00000,0.00000,0.00000,0.00000,0.00000
106.21000,1.98000,0.99996,0.00000,0.00003,0.00000,0.00001
106.41000,1.98000,0.98769,0.00000,0.01149,0.00013,0.00069
106.61000,1.98000,0.31558,0.00001,0.67626,0.00115,0.00699
106.81000,1.98000,0.99034,0.00000,0.00917,0.00003,0.00045
107.01000,1.98000,0.99968,0.00000,0.00014,0.00000,0.00018
107.21000,1.98000,0.99997,0.00000,0.00000,0.00000,0.00003
107.41000,1.98000,0.99996,0.00000,0.00000,0.00000,0.00004
107.61000,1.98000,0.99998,0.00000,0.00000,0.00000,0.00002
107.81000,1.98000,1.00000,0.00000,0.00000,0.00000,0.00000
108.01000,1.98000,1.00000,0.00000,0.00000,0.00000,0.00000
108.21000,1.98000,1.00000,0.00000,0.00000,0.00000,0.00000
108.41000,1.98000,1.00000,0.00000,0.00000,0.00000,0.00000
108.61000,1.98000,1.00000,0.00000,0.00000,0.00000,0.00000
108.81000,1.98000,1.00000,0.00000,0.00000,0.00000,0.00000
109.01000,1.98000,1.00000,0.00000,0.00000,0.00000,0.00000
109.21000,1.98000,0.99999,0.00000,0.00000,0.00000,0.00000
109.41000,1.98000,1.00000,0.00000,0.00000,0.00000,0.00000
109.61000,1.98000,1.00000,0.00000,0.00000,0.00000,0.00000
109.81000,1.98000,1.00000,0.00000,0.00000,0.00000,0.00000
110.01000,1.98000,1.00000,0.00000,0.00000,0.00000,0.00000
110.21000,1.98000,0.99999,0.00000,0.00000,0.00000,0.00000
110.41000,1.98000,0.99999,0.00000,0.00000,0.00000,0.00000
110.61000,1.98000,0.99999,0.00000,0.00000,0.00000,0.00000
110.81000,1.98000,0.99999,0.00000,0.00000,0.00000,0.00000
111.01000,1.98000,0.99999,0.00000,0.00000,0.00000,0.00000
111.21000,1.98000,0.99999,0.00000,0.00000,0.00000,0.00000
111.41000,1.98000,0.99999,0.00000,0.00000,0.00000,0.00000
111.61000,1.98000,0.99999,0.00000,0.00000,0.00000,0.00000
111.81000,1.98000,0.99999,0.00000,0.00000,0.00000,0.00000
112.01000,1.98000,0.99999,0.00000,0.00000,0.00000,0.00000
112.21000,1.98000,0.99999,0.00000,0.00000,0.00000,0.00000
112.41000,1.98000,0.99999,0.00000,0.00000,0.00000,0.00000
112.61000,1.98000,0.99999,0.00000,0.00000,0.00000,0.00000
112.81000,1.98000,0.99999,0.00000,0.00000,0.00000,0.00000
113.01000,1.98000,0.99999,0.00000,0.00000,0.00000,0.00000
113.21000,1.98000,0.99999,0.00000,0.00000,0.00000,0.00000
113.41000,1.98000,1.00000,0.00000,0.00000,0.00000,0.00000
113.61000,1.98000,1.00000,0.00000,0.00000,0.00000,0.00000
113.81000,1.98000,1.00000,0.00000,0.00000,0.00000,0.00000
114.01000,1.98000,1.00000,0.00000,0.00000,0.00000,0.00000
114.21000,1.98000,1.00000,0.00000,0.00000,0.00000,0.00000
114.41000,1.98000,1.00000,0.00000,0.00000,0.00000,0.00000
114.61000,1.98000,1.00000,0.00000,0.00000,0.00000,0.00000
114.81000,1.98000,0.99999,0.00000,0.00000,0.00000,0.00000
115.01000,1.98000,1.00000,0.00000,0.00000,0.00000,0.00000
115.21000,1.98000,1.00000,0.00000,0.00000,0.00000,0.00000
115.41000,1.98000,1.00000,0.00000,0.00000,0.00000,0.00000
115.61000,1.98000,1.00000,0.00000,0.00000,0.00000,0.00000
115.81000,1.98000,1.00000,0.00000,0.00000,0.00000,0.00000
116.01000,1.98000,1.00000,0.00000,0.00000,0.00000,0.00000
116.21000,1.98000,1.00000,0.00000,0.00000,0.00000,0.00000
116.41000,1.98000,0.99997,0.00000,0.00002,0.00000,0.00002
116.61000,1.98000,0.99855,0.00000,0.00119,0.00001,0.00025
116.81000,1.98000,0.99394,0.00000,0.00555,0.00003,0.00048
117.01000,1.98000,0.99995,0.00000,0.00000,0.00000,0.00005
117.21000,1.98000,0.99964,0.00000,0.00000,0.00000,0.00036
117.41000,1.98000,0.99999,0.00000,0.00000,0.00000,0.00001
117.61000,1.98000,0.99999,0.00000,0.00000,0.00000,0.00000
117.81000,1.98000,0.99999,0.00000,0.00000,0.00000,0.00000
118.01000,1.98000,1.00000,0.00000,0.00000,0.00000,0.00000
118.21000,1.98000,1.00000,0.00000,0.00000,0.00000,0.00000
118.41000,1.98000,1.00000,0.00000,0.00000,0.00000,0.00000
118.61000,1.98000,1.00000,0.00000,0.00000,0.00000,0.00000
118.81000,1.98000,1.00000,0.00000,0.00000,0.00000,0.00000
119.01000,1.98000,1.00000,0.00000,0.00000,0.00000,0.00000
119.21000,1.98000,0.99999,0.00000,0.00000,0.00000,0.00000
119.41000,1.98000,1.00000,0.00000,0.00000,0.00000,0.00000
119.61000,1.98000,1.00000,0.00000,0.00000,0.00000,0.00000
119.81000,1.98000,1.00000,0.00000,0.00000,0.00000,0.00000
120.01000,1.98000,1.00000,0.00000,0.00000,0.00000,0.00000
120.21000,1.98000,1.00000,0.00000,0.00000,0.00000,0.00000
120.41000,1.98000,0.99999,0.00000,0.00000,0.00000,0.00000
120.61000,1.98000,0.99999,0.00000,0.00000,0.00000,0.00000
120.81000,1.98000,0.99999,0.00000,0.00000,0.00000,0.00000
121.01000,1.98000,0.99999,0.00000,0.00000,0.00000,0.00000
121.21000,1.98000,0.99999,0.00000,0.00000,0.00000,0.00000
121.41000,1.98000,0.99999,0.00000,0.00000,0.00000,0.00000
121.61000,1.98000,0.99999,0.00000,0.00000,0.00000,0.00000
121.81000,1.98000,1.00000,0.00000,0.00000,0.00000,0.00000
122.01000,1.98000,0.99999,0.00000,0.00000,0.00000,0.00000
122.21000,1.98000,0.99999,0.00000,0.00000,0.00000,0.00000
122.41000,1.98000,0.99999,0.00000,0.00001,0.00000,0.00000
122.61000,1.98000,0.99999,0.00000,0.00000,0.00000,0.00000
122.81000,1.98000,0.99999,0.00000,0.00000,0.00000,0.00000
123.01000,1.98000,1.00000,0.00000,0.00000,0.00000,0.00000
123.21000,1.98000,1.00000,0.00000,0.00000,0.00000,0.00000
123.41000,1.98000,1.00000,0.00000,0.00000,0.00000,0.00000
123.61000,1.98000,1.00000,0.00000,0.00000,0.00000,0.00000
123.81000,1.98000,0.99998,0.00000,0.00002,0.00000,0.00000
124.01000,1.98000,0.99010,0.00000,0.00934,0.00012,0.00043
124.21000,1.98000,0.16790,0.00001,0.82332,0.00218,0.00658
124.41000,1.98000,0.97284,0.00001,0.02583,0.00042,0.00090
124.61000,1.98000,0.99989,0.00000,0.00000,0.00000,0.00011
124.81000,1.98000,0.99937,0.00000,0.00000,0.00000,0.00063
125.01000,1.98000,0.99969,0.00000,0.00000,0.00000,0.00030
125.21000,1.98000,0.99997,0.00000,0.00000,0.00000,0.00003
125.41000,1.98000,1.00000,0.00000,0.00000,0.00000,0.00000
125.61000,1.98000,1.00000,0.00000,0.00000,0.00000,0.00000
125.81000,1.98000,0.99999,0.00000,0.00000,0.00000,0.00000
126.01000,1.98000,0.99999,0.00000,0.00000,0.00000,0.00000
126.21000,1.98000,0.99999,0.00000,0.00000,0.00000,0.00000
126.41000,1.98000,0.99999,0.00000,0.00000,0.00000,0.00000
126.61000,1.98000,0.99999,0.00000,0.00000,0.00000,0.00000
126.81000,1.98000,0.99999,0.00000,0.00001,0.00000,0.00000
127.01000,1.98000,0.99999,0.00000,0.00001,0.00000,0.00000
127.21000,1.98000,0.99999,0.00000,0.00000,0.00000,0.00000
127.41000,1.98000,0.99999,0.00000,0.00000,0.00000,0.00000
127.61000,1.98000,0.99999,0.00000,0.00000,0.00000,0.00000
127.81000,1.98000,0.99999,0.00000,0.00001,0.00000,0.00000
128.00999,1.98001,0.99999,0.00000,0.00000,0.00000,0.00000
128.21001,1.98000,0.99999,0.00000,0.00000,0.00000,0.00000
128.41000,1.98000,0.99999,0.00000,0.00000,0.00000,0.00000
128.61000,1.98000,0.99999,0.00000,0.00000,0.00000,0.00000
128.81000,1.98000,0.99999,0.00000,0.00000,0.00000,0.00000
129.00999,1.98001,0.99999,0.00000,0.00000,0.00000,0.00000
129.21001,1.98000,0.99999,0.00000,0.00000,0.00000,0.00000
129.41000,1.98000,0.99999,0.00000,0.00000,0.00000,0.00000
129.61000,1.98000,0.99999,0.00000,0.00001,0.00000,0.00000
129.81000,1.98000,0.99999,0.00000,0.00000,0.00000,0.00000
130.00999,1.98001,1.00000,0.00000,0.00000,0.00000,0.00000
130.21001,1.98000,1.00000,0.00000,0.00000,0.00000,0.00000
130.41000,1.98000,1.00000,0.00000,0.00000,0.00000,0.00000
130.61000,1.98000,0.99997,0.00000,0.00002,0.00000,0.00001
130.81000,1.98000,0.97466,0.00001,0.02439,0.00019,0.00076
131.00999,1.98001,0.10383,0.00001,0.88975,0.00095,0.00546
131.21001,1.98000,0.87490,0.00000,0.12193,0.00023,0.00294
131.41000,1.98000,0.99980,0.00000,0.00007,0.00000,0.00012
131.61000,1.98000,0.99976,0.00000,0.00000,0.00000,0.00024
131.81000,1.98000,0.99972,0.00000,0.00000,0.00000,0.00028
132.00999,1.98001,0.99997,0.00000,0.00000,0.00000,0.00003
132.21001,1.98000,1.00000,0.00000,0.00000,0.00000,0.00000
132.41000,1.98000,1.00000,0.00000,0.00000,0.00000,0.00000
132.61000,1.98000,1.00000,0.00000,0.00000,0.00000,0.00000
132.81000,1.98000,0.99999,0.00000,0.00000,0.00000,0.00000
133.00999,1.98001,1.00000,0.00000,0.00000,0.00000,0.00000
133.21001,1.98000,0.99999,0.00000,0.00000,0.00000,0.00000
133.41000,1.98000,0.99999,0.00000,0.00000,0.00000,0.00000
133.61000,1.98000,0.99999,0.00000,0.00000,0.00000,0.00000
133.81000,1.98000,0.99999,0.00000,0.00000,0.00000,0.00000
134.00999,1.98001,0.99999,0.00000,0.00000,0.00000,0.00000
134.21001,1.98000,0.99999,0.00000,0.00001,0.00000,0.00000
134.41000,1.98000,0.99999,0.00000,0.00001,0.00000,0.00000
134.61000,1.98000,0.99999,0.00000,0.00001,0.00000,0.00000
134.81000,1.98000,0.99999,0.00000,0.00000,0.00000,0.00000
135.00999,1.98001,0.99999,0.00000,0.00000,0.00000,0.00000
135.21001,1.98000,0.99999,0.00000,0.00000,0.00000,0.00000
