Time (seconds), Duration (seconds),pred_(unlabeled),pred_empty_box,pred_table
0.00250,0.49500,0.08754,0.91246,0.00000
0.10250,0.49500,0.13738,0.86261,0.00000
0.20250,0.49500,0.07192,0.92808,0.00000
0.30250,0.49500,0.23689,0.76311,0.00000
0.40250,0.49500,0.13413,0.86586,0.00001
0.50250,0.49500,0.08033,0.91966,0.00000
0.60250,0.49500,0.07141,0.92859,0.00000
0.70250,0.49500,0.05115,0.94885,0.00000
0.80250,0.49500,0.18895,0.81105,0.00000
0.90250,0.49500,0.21248,0.78752,0.00000
1.00250,0.49500,0.22772,0.77228,0.00000
1.10250,0.49500,0.23150,0.76850,0.00000
1.20250,0.49500,0.21451,0.78549,0.00000
1.30250,0.49500,0.12149,0.87851,0.00000
1.40250,0.49500,0.16994,0.83006,0.00000
1.50250,0.49500,0.06304,0.93696,0.00000
1.60250,0.49500,0.04086,0.95913,0.00000
1.70250,0.49500,0.02653,0.97347,0.00000
1.80250,0.49500,0.05116,0.94884,0.00000
1.90250,0.49500,0.05827,0.94172,0.00000
2.00250,0.49500,0.08827,0.91173,0.00000
2.10250,0.49500,0.08594,0.91406,0.00000
2.20250,0.49500,0.05335,0.94665,0.00001
2.30250,0.49500,0.05646,0.94354,0.00000
2.40250,0.49500,0.09290,0.90709,0.00001
2.50250,0.49500,0.06774,0.93226,0.00000
2.60250,0.49500,0.13989,0.86011,0.00000
2.70250,0.49500,0.13798,0.86202,0.00000
2.80250,0.49500,0.15735,0.84265,0.00000
2.90250,0.49500,0.19764,0.80236,0.00000
3.00250,0.49500,0.08099,0.91900,0.00000
3.10250,0.49500,0.03925,0.96075,0.00000
3.20250,0.49500,0.06076,0.93923,0.00002
3.30250,0.49500,0.04753,0.95245,0.00002
3.40250,0.49500,0.05370,0.94628,0.00001
3.50250,0.49500,0.05905,0.94094,0.00001
3.60250,0.49500,0.04227,0.95772,0.00000
3.70250,0.49500,0.07591,0.92409,0.00000
3.80250,0.49500,0.01660,0.98340,0.00000
3.90250,0.49500,0.03799,0.96201,0.00000
4.00250,0.49500,0.01263,0.98737,0.00000
4.10250,0.49500,0.02515,0.97485,0.00000
4.20250,0.49500,0.04256,0.95744,0.00000
4.30250,0.49500,0.07924,0.92076,0.00000
4.40250,0.49500,0.09657,0.90343,0.00000
4.50250,0.49500,0.08329,0.91671,0.00000
4.60250,0.49500,0.10320,0.89680,0.00000
4.70250,0.49500,0.09931,0.90069,0.00000
4.80250,0.49500,0.15803,0.84197,0.00000
4.90250,0.49500,0.07117,0.92881,0.00002
5.00250,0.49500,0.04865,0.95135,0.00000
5.10250,0.49500,0.03798,0.96201,0.00001
5.20250,0.49500,0.06231,0.93769,0.00001
5.30250,0.49500,0.05339,0.94661,0.00001
5.40250,0.49500,0.06882,0.93118,0.00000
5.50250,0.49500,0.05941,0.94058,0.00001
5.60250,0.49500,0.05968,0.94031,0.00001
5.70250,0.49500,0.04748,0.95252,0.00001
5.80250,0.49500,0.16512,0.83488,0.00000
5.90250,0.49500,0.07696,0.92303,0.00001
6.00250,0.49500,0.11863,0.88137,0.00000
6.10250,0.49500,0.22443,0.77556,0.00000
6.20250,0.49500,0.16822,0.83177,0.00001
6.30250,0.49500,0.38778,0.61221,0.00000
6.40250,0.49500,0.24345,0.75655,0.00000
6.50250,0.49500,0.25300,0.74699,0.00001
6.60250,0.49500,0.31713,0.68287,0.00000
6.70250,0.49500,0.15250,0.84750,0.00000
6.80250,0.49500,0.22512,0.77488,0.00000
6.90250,0.49500,0.47611,0.52388,0.00001
7.00250,0.49500,0.32601,0.67399,0.00000
7.10250,0.49500,0.34813,0.65187,0.00000
7.20250,0.49500,0.36056,0.63944,0.00000
7.30250,0.49500,0.37670,0.62330,0.00000
7.40250,0.49500,0.42683,0.57317,0.00000
7.50250,0.49500,0.40012,0.59988,0.00000
7.60250,0.49500,0.36241,0.63759,0.00000
7.70250,0.49500,0.44651,0.55349,0.00000
7.80250,0.49500,0.16684,0.83315,0.00000
7.90250,0.49500,0.16472,0.83528,0.00000
8.00250,0.49500,0.20969,0.79031,0.00000
8.10250,0.49500,0.30865,0.69135,0.00000
8.20250,0.49500,0.28409,0.71591,0.00000
8.30250,0.49500,0.22854,0.77146,0.00000
8.40250,0.49500,0.15384,0.84616,0.00000
8.50250,0.49500,0.09881,0.90119,0.00000
8.60250,0.49500,0.26152,0.73847,0.00000
8.70250,0.49500,0.33970,0.66030,0.00000
8.80250,0.49500,0.22599,0.77401,0.00000
8.90250,0.49500,0.30030,0.69970,0.00000
9.00250,0.49500,0.37824,0.62176,0.00000
9.10250,0.49500,0.11851,0.88148,0.00001
9.20250,0.49500,0.17214,0.82786,0.00000
9.30250,0.49500,0.09382,0.90617,0.00001
9.40250,0.49500,0.06885,0.93114,0.00001
9.50250,0.49500,0.04884,0.95114,0.00001
9.60250,0.49500,0.09143,0.90856,0.00001
9.70250,0.49500,0.07644,0.92355,0.00001
9.80250,0.49500,0.10615,0.89384,0.00001
9.90250,0.49500,0.05297,0.94702,0.00001
10.00250,0.49500,0.07812,0.92187,0.00001
10.10250,0.49500,0.07845,0.92154,0.00001
10.20250,0.49500,0.05623,0.94375,0.00002
10.30250,0.49500,0.07752,0.92247,0.00001
10.40250,0.49500,0.13954,0.86046,0.00001
10.50250,0.49500,0.08348,0.91651,0.00001
10.60250,0.49500,0.09951,0.90049,0.00001
10.70250,0.49500,0.04966,0.95034,0.00000
10.80250,0.49500,0.39543,0.60456,0.00000
10.90250,0.49500,0.28800,0.71200,0.00000
11.00250,0.49500,0.45625,0.54375,0.00000
11.10250,0.49500,0.29635,0.70365,0.00000
11.20250,0.49500,0.30757,0.69243,0.00000
11.30250,0.49500,0.20090,0.79910,0.00000
11.40250,0.49500,0.19808,0.80192,0.00000
11.50250,0.49500,0.24605,0.75395,0.00000
11.60250,0.49500,0.39958,0.60041,0.00000
11.70250,0.49500,0.37966,0.62034,0.00000
11.80250,0.49500,0.59094,0.40906,0.00000
11.90250,0.49500,0.43980,0.56020,0.00000
12.00250,0.49500,0.47771,0.52229,0.00000
12.10250,0.49500,0.71066,0.28934,0.00000
12.20250,0.49500,0.86719,0.13281,0.00000
12.30250,0.49500,0.99910,0.00090,0.00000
12.40250,0.49500,0.98075,0.01925,0.00000
12.50250,0.49500,0.99998,0.00002,0.00000
12.60250,0.49500,0.99950,0.00050,0.00000
12.70250,0.49500,0.99995,0.00005,0.00000
12.80250,0.49500,0.99949,0.00051,0.00000
12.90250,0.49500,0.99793,0.00207,0.00000
13.00250,0.49500,1.00000,0.00000,0.00000
13.10250,0.49500,1.00000,0.00000,0.00000
13.20250,0.49500,1.00000,0.00000,0.00000
13.30250,0.49500,0.99343,0.00657,0.00000
13.40250,0.49500,0.83675,0.16325,0.00000
13.50250,0.49500,0.80602,0.19398,0.00000
13.60250,0.49500,0.34624,0.65376,0.00000
13.70250,0.49500,0.36494,0.63506,0.00000
13.80250,0.49500,0.20800,0.79200,0.00000
13.90250,0.49500,0.23038,0.76962,0.00000
14.00250,0.49500,0.38444,0.61556,0.00000
14.10250,0.49500,0.37624,0.62376,0.00000
14.20250,0.49500,0.20545,0.79455,0.00000
14.30250,0.49500,0.10356,0.89644,0.00000
14.40250,0.49500,0.10102,0.89898,0.00000
14.50250,0.49500,0.22315,0.77685,0.00000
14.60250,0.49500,0.23901,0.76099,0.00000
14.70250,0.49500,0.30940,0.69060,0.00000
14.80250,0.49500,0.26931,0.73069,0.00000
14.90250,0.49500,0.18440,0.81560,0.00000
15.00250,0.49500,0.19604,0.80396,0.00000
15.10250,0.49500,0.17109,0.82891,0.00000
15.20250,0.49500,0.16991,0.83009,0.00000
15.30250,0.49500,0.11282,0.88718,0.00000
15.40250,0.49500,0.07235,0.92765,0.00000
15.50250,0.49500,0.09311,0.90689,0.00000
15.60250,0.49500,0.13486,0.86514,0.00000
15.70250,0.49500,0.16491,0.83509,0.00000
15.80250,0.49500,0.16069,0.83931,0.00000
15.90250,0.49500,0.14371,0.85629,0.00000
16.00250,0.49500,0.18459,0.81541,0.00000
16.10250,0.49500,0.09444,0.90556,0.00000
16.20250,0.49500,0.11261,0.88739,0.00000
16.30250,0.49500,0.04410,0.95590,0.00000
16.40250,0.49500,0.05356,0.94644,0.00000
16.50250,0.49500,0.07382,0.92618,0.00000
16.60250,0.49500,0.06524,0.93476,0.00000
16.70250,0.49500,0.08576,0.91424,0.00000
16.80250,0.49500,0.09628,0.90372,0.00000
16.90250,0.49500,0.14938,0.85062,0.00000
17.00250,0.49500,0.25799,0.74201,0.00000
17.10250,0.49500,0.16237,0.83763,0.00000
17.20250,0.49500,0.10801,0.89199,0.00000
17.30250,0.49500,0.08082,0.91918,0.00000
17.40250,0.49500,0.01594,0.98406,0.00000
17.50250,0.49500,0.05078,0.94922,0.00000
17.60250,0.49500,0.04411,0.95589,0.00000
17.70250,0.49500,0.08143,0.91857,0.00000
17.80250,0.49500,0.05081,0.94919,0.00000
17.90250,0.49500,0.05957,0.94043,0.00000
18.00250,0.49500,0.08744,0.91256,0.00000
18.10250,0.49500,0.05146,0.94854,0.00000
18.20250,0.49500,0.08656,0.91344,0.00000
18.30250,0.49500,0.06314,0.93686,0.00000
18.40250,0.49500,0.10345,0.89655,0.00000
18.50250,0.49500,0.05093,0.94907,0.00000
18.60250,0.49500,0.19031,0.80969,0.00000
18.70250,0.49500,0.07093,0.92907,0.00000
18.80250,0.49500,0.04651,0.95349,0.00000
18.90250,0.49500,0.04119,0.95881,0.00000
19.00250,0.49500,0.06601,0.93399,0.00000
19.10250,0.49500,0.05455,0.94545,0.00000
19.20250,0.49500,0.05403,0.94597,0.00000
19.30250,0.49500,0.17369,0.82631,0.00000
19.40250,0.49500,0.06772,0.93228,0.00000
19.50250,0.49500,0.23757,0.76243,0.00000
19.60250,0.49500,0.17004,0.82996,0.00000
19.70250,0.49500,0.10195,0.89805,0.00000
19.80250,0.49500,0.10992,0.89008,0.00000
19.90250,0.49500,0.07136,0.92864,0.00000
20.00250,0.49500,0.06322,0.93678,0.00000
20.10250,0.49500,0.01787,0.98213,0.00000
20.20250,0.49500,0.02466,0.97534,0.00000
20.30250,0.49500,0.02557,0.97443,0.00000
20.40250,0.49500,0.04490,0.95510,0.00000
20.50250,0.49500,0.06225,0.93775,0.00000
20.60250,0.49500,0.10090,0.89910,0.00000
20.70250,0.49500,0.08475,0.91525,0.00000
20.80250,0.49500,0.07633,0.92367,0.00000
20.90250,0.49500,0.06305,0.93695,0.00000
21.00250,0.49500,0.07687,0.92313,0.00000
21.10250,0.49500,0.06163,0.93837,0.00000
21.20250,0.49500,0.09382,0.90618,0.00000
21.30250,0.49500,0.10121,0.89879,0.00000
21.40250,0.49500,0.07909,0.92091,0.00000
21.50250,0.49500,0.04026,0.95974,0.00000
21.60250,0.49500,0.04947,0.95053,0.00000
21.70250,0.49500,0.05038,0.94962,0.00000
21.80250,0.49500,0.03563,0.96437,0.00000
21.90250,0.49500,0.03986,0.96014,0.00000
22.00250,0.49500,0.04517,0.95483,0.00000
22.10250,0.49500,0.04506,0.95494,0.00000
22.20250,0.49500,0.05369,0.94631,0.00000
22.30250,0.49500,0.05281,0.94719,0.00000
22.40250,0.49500,0.04368,0.95632,0.00000
22.50250,0.49500,0.11480,0.88520,0.00000
22.60250,0.49500,0.32277,0.67723,0.00000
22.70250,0.49500,0.30078,0.69922,0.00000
22.80250,0.49500,0.42205,0.57795,0.00000
22.90250,0.49500,0.23003,0.76997,0.00000
23.00250,0.49500,0.29668,0.70332,0.00000
23.10250,0.49500,0.21764,0.78236,0.00000
23.20250,0.49500,0.20955,0.79045,0.00000
23.30250,0.49500,0.10762,0.89238,0.00000
23.40250,0.49500,0.07986,0.92014,0.00000
23.50250,0.49500,0.05410,0.94590,0.00000
23.60250,0.49500,0.05017,0.94983,0.00000
23.70250,0.49500,0.07571,0.92429,0.00000
23.80250,0.49500,0.19008,0.80992,0.00000
23.90250,0.49500,0.14822,0.85178,0.00000
24.00250,0.49500,0.23202,0.76798,0.00000
24.10250,0.49500,0.30874,0.69126,0.00000
24.20250,0.49500,0.65878,0.34122,0.00000
24.30250,0.49500,0.93950,0.06050,0.00000
24.40250,0.49500,0.99533,0.00467,0.00000
24.50250,0.49500,0.99997,0.00003,0.00000
24.60250,0.49500,0.99978,0.00022,0.00000
24.70250,0.49500,0.99975,0.00025,0.00000
24.80250,0.49500,0.99999,0.00001,0.00000
24.90250,0.49500,0.49482,0.50518,0.00000
25.00250,0.49500,0.99997,0.00003,0.00000
25.10250,0.49500,0.99803,0.00197,0.00000
25.20250,0.49500,0.58319,0.41681,0.00000
25.30250,0.49500,0.17532,0.82468,0.00000
25.40250,0.49500,0.79718,0.20282,0.00000
25.50250,0.49500,0.66448,0.33552,0.00000
25.60250,0.49500,0.55508,0.44492,0.00000
25.70250,0.49500,0.37362,0.62638,0.00000
25.80250,0.49500,0.24600,0.75400,0.00000
25.90250,0.49500,0.34068,0.65932,0.00000
26.00250,0.49500,0.10611,0.89389,0.00000
26.10250,0.49500,0.07491,0.92509,0.00000
26.20250,0.49500,0.06280,0.93720,0.00000
26.30250,0.49500,0.06604,0.93396,0.00000
26.40250,0.49500,0.04965,0.95035,0.00000
26.50250,0.49500,0.07862,0.92138,0.00000
26.60250,0.49500,0.17216,0.82784,0.00000
26.70250,0.49500,0.15942,0.84058,0.00000
26.80250,0.49500,0.21981,0.78019,0.00000
26.90250,0.49500,0.19185,0.80815,0.00000
27.00250,0.49500,0.09943,0.90057,0.00000
27.10250,0.49500,0.05456,0.94544,0.00000
27.20250,0.49500,0.04413,0.95587,0.00000
27.30250,0.49500,0.06890,0.93110,0.00000
27.40250,0.49500,0.05814,0.94186,0.00000
27.50250,0.49500,0.07910,0.92090,0.00000
27.60250,0.49500,0.06094,0.93906,0.00000
27.70250,0.49500,0.06522,0.93478,0.00000
27.80250,0.49500,0.05600,0.94400,0.00000
27.90250,0.49500,0.05856,0.94144,0.00000
28.00250,0.49500,0.06221,0.93779,0.00000
28.10250,0.49500,0.06888,0.93112,0.00000
28.20250,0.49500,0.05638,0.94362,0.00000
28.30250,0.49500,0.05234,0.94766,0.00000
28.40250,0.49500,0.07558,0.92442,0.00000
28.50250,0.49500,0.07467,0.92533,0.00000
28.60250,0.49500,0.04572,0.95428,0.00000
28.70250,0.49500,0.06148,0.93852,0.00000
28.80250,0.49500,0.08800,0.91200,0.00000
28.90250,0.49500,0.13754,0.86246,0.00000
29.00250,0.49500,0.07588,0.92412,0.00000
29.10250,0.49500,0.13309,0.86691,0.00000
29.20250,0.49500,0.10417,0.89583,0.00000
29.30250,0.49500,0.07150,0.92850,0.00000
29.40250,0.49500,0.04178,0.95822,0.00000
29.50250,0.49500,0.07602,0.92398,0.00000
29.60250,0.49500,0.08457,0.91543,0.00000
29.70250,0.49500,0.08339,0.91661,0.00000
29.80250,0.49500,0.09973,0.90026,0.00000
29.90250,0.49500,0.05029,0.94971,0.00000
30.00250,0.49500,0.05922,0.94078,0.00000
30.10250,0.49500,0.05720,0.94280,0.00000
30.20250,0.49500,0.07560,0.92440,0.00000
30.30250,0.49500,0.06149,0.93851,0.00000
30.40250,0.49500,0.08496,0.91504,0.00000
30.50250,0.49500,0.05107,0.94893,0.00000
30.60250,0.49500,0.06982,0.93018,0.00000
30.70250,0.49500,0.04794,0.95206,0.00000
30.80250,0.49500,0.04825,0.95175,0.00000
30.90250,0.49500,0.04049,0.95951,0.00000
31.00250,0.49500,0.04044,0.95956,0.00000
31.10250,0.49500,0.04523,0.95477,0.00000
31.20250,0.49500,0.06625,0.93375,0.00000
31.30250,0.49500,0.08444,0.91556,0.00000
31.40250,0.49500,0.07353,0.92647,0.00000
31.50250,0.49500,0.10904,0.89096,0.00000
31.60250,0.49500,0.05227,0.94773,0.00000
31.70250,0.49500,0.07717,0.92283,0.00000
31.80250,0.49500,0.06723,0.93277,0.00000
31.90250,0.49500,0.08953,0.91047,0.00000
32.00250,0.49500,0.06022,0.93978,0.00000
32.10250,0.49500,0.13150,0.86850,0.00000
32.20250,0.49500,0.03731,0.96269,0.00000
32.30250,0.49500,0.06248,0.93752,0.00000
32.40250,0.49500,0.07468,0.92532,0.00000
32.50250,0.49500,0.05766,0.94234,0.00000
32.60250,0.49500,0.06357,0.93643,0.00000
32.70250,0.49500,0.05765,0.94235,0.00000
32.80250,0.49500,0.11134,0.88866,0.00000
32.90250,0.49500,0.10862,0.89138,0.00000
33.00250,0.49500,0.18830,0.81170,0.00000
33.10250,0.49500,0.12182,0.87818,0.00000
33.20250,0.49500,0.09857,0.90143,0.00000
33.30250,0.49500,0.07783,0.92217,0.00000
33.40250,0.49500,0.07784,0.92216,0.00000
33.50250,0.49500,0.07413,0.92587,0.00000
33.60250,0.49500,0.07488,0.92512,0.00000
33.70250,0.49500,0.05649,0.94351,0.00000
33.80250,0.49500,0.07759,0.92241,0.00000
33.90250,0.49500,0.07332,0.92668,0.00000
34.00250,0.49500,0.06530,0.93470,0.00000
34.10250,0.49500,0.05161,0.94839,0.00000
34.20250,0.49500,0.09514,0.90486,0.00000
34.30250,0.49500,0.08503,0.91497,0.00000
34.40250,0.49500,0.12693,0.87307,0.00000
34.50250,0.49500,0.07714,0.92286,0.00000
34.60250,0.49500,0.05464,0.94536,0.00000
34.70250,0.49500,0.04124,0.95876,0.00000
34.80250,0.49500,0.06034,0.93966,0.00000
34.90250,0.49500,0.03825,0.96175,0.00000
35.00250,0.49500,0.04416,0.95584,0.00000
35.10250,0.49500,0.03574,0.96426,0.00000
35.20250,0.49500,0.04889,0.95111,0.00000
35.30250,0.49500,0.04096,0.95904,0.00000
35.40250,0.49500,0.06907,0.93093,0.00000
35.50250,0.49500,0.04790,0.95210,0.00000
35.60250,0.49500,0.05910,0.94090,0.00000
35.70250,0.49500,0.04849,0.95151,0.00000
35.80250,0.49500,0.04965,0.95035,0.00000
35.90250,0.49500,0.05853,0.94147,0.00000
36.00250,0.49500,0.04979,0.95021,0.00000
36.10250,0.49500,0.06352,0.93648,0.00000
36.20250,0.49500,0.03906,0.96094,0.00000
36.30250,0.49500,0.03881,0.96119,0.00000
36.40250,0.49500,0.05889,0.94111,0.00000
36.50250,0.49500,0.08388,0.91612,0.00000
36.60250,0.49500,0.06792,0.93208,0.00000
36.70250,0.49500,0.07787,0.92213,0.00000
36.80250,0.49500,0.08953,0.91047,0.00000
36.90250,0.49500,0.96468,0.03532,0.00000
37.00250,0.49500,0.95262,0.04738,0.00000
37.10250,0.49500,0.86061,0.13939,0.00000
37.20250,0.49500,0.99348,0.00652,0.00000
37.30250,0.49500,0.82899,0.17101,0.00000
37.40250,0.49500,0.89639,0.10361,0.00000
37.50250,0.49500,0.81199,0.18801,0.00000
37.60250,0.49500,0.68049,0.31951,0.00000
37.70250,0.49500,1.00000,0.00000,0.00000
37.80250,0.49500,1.00000,0.00000,0.00000
37.90250,0.49500,0.99999,0.00001,0.00000
38.00250,0.49500,1.00000,0.00000,0.00000
38.10250,0.49500,1.00000,0.00000,0.00000
38.20250,0.49500,1.00000,0.00000,0.00000
38.30250,0.49500,0.99999,0.00001,0.00000
38.40250,0.49500,0.99994,0.00006,0.00000
38.50250,0.49500,0.95646,0.04354,0.00000
38.60250,0.49500,0.78163,0.21837,0.00000
38.70250,0.49500,0.98513,0.01483,0.00004
38.80250,0.49500,0.94543,0.05115,0.00342
38.90250,0.49500,0.97657,0.02086,0.00256
39.00250,0.49500,0.93773,0.06127,0.00100
39.10250,0.49500,0.52140,0.47841,0.00019
39.20250,0.49500,0.39927,0.59908,0.00165
39.30250,0.49500,0.38241,0.61653,0.00107
39.40250,0.49500,0.69292,0.27395,0.03313
39.50250,0.49500,0.45651,0.49322,0.05028
39.60250,0.49500,0.55984,0.42651,0.01365
39.70250,0.49500,0.80702,0.16180,0.03118
39.80250,0.49500,0.37643,0.61511,0.00846
39.90250,0.49500,0.62639,0.31267,0.06094
40.00250,0.49500,0.38357,0.30729,0.30913
40.10250,0.49500,0.48928,0.42200,0.08872
40.20250,0.49500,0.35739,0.48644,0.15617
40.30250,0.49500,0.39461,0.33281,0.27258
40.40250,0.49500,0.31685,0.14355,0.53961
40.50250,0.49500,0.23765,0.46085,0.30151
40.60250,0.49500,0.14590,0.52181,0.33229
40.70250,0.49500,0.24159,0.48073,0.27768
40.80250,0.49500,0.11501,0.71278,0.17221
40.90250,0.49500,0.14394,0.78469,0.07137
41.00250,0.49500,0.15208,0.59139,0.25653
41.10250,0.49500,0.31479,0.48125,0.20397
41.20250,0.49500,0.24236,0.57720,0.18044
41.30250,0.49500,0.26780,0.32966,0.40254
41.40250,0.49500,0.14710,0.23689,0.61601
41.50250,0.49500,0.18482,0.65838,0.15681
41.60250,0.49500,0.06190,0.03482,0.90327
41.70250,0.49500,0.05505,0.00153,0.94342
41.80250,0.49500,0.09521,0.03163,0.87315
41.90250,0.49500,0.18293,0.01721,0.79986
42.00250,0.49500,0.12376,0.00690,0.86934
42.10250,0.49500,0.10268,0.00966,0.88766
42.20250,0.49500,0.16516,0.00380,0.83104
42.30250,0.49500,0.20079,0.36379,0.43542
42.40250,0.49500,0.17746,0.36091,0.46163
42.50250,0.49500,0.20620,0.33886,0.45493
42.60250,0.49500,0.07946,0.01925,0.90130
42.70250,0.49500,0.07296,0.00900,0.91804
42.80250,0.49500,0.04528,0.00339,0.95133
42.90250,0.49500,0.05011,0.00499,0.94491
43.00250,0.49500,0.03333,0.00579,0.96087
43.10250,0.49500,0.10670,0.39525,0.49805
43.20250,0.49500,0.03578,0.00679,0.95743
43.30250,0.49500,0.11769,0.04572,0.83659
43.40250,0.49500,0.13986,0.53170,0.32844
43.50250,0.49500,0.11172,0.14145,0.74682
43.60250,0.49500,0.14713,0.11423,0.73864
43.70250,0.49500,0.21732,0.41874,0.36394
43.80250,0.49500,0.15311,0.15837,0.68851
43.90250,0.49500,0.09694,0.18947,0.71359
44.00250,0.49500,0.15618,0.13075,0.71307
44.10250,0.49500,0.11228,0.13194,0.75578
44.20250,0.49500,0.13906,0.18975,0.67119
44.30250,0.49500,0.22077,0.40440,0.37483
44.40250,0.49500,0.15410,0.02271,0.82319
44.50250,0.49500,0.10439,0.57493,0.32067
44.60250,0.49500,0.14794,0.06949,0.78257
44.70250,0.49500,0.03267,0.00439,0.96294
44.80250,0.49500,0.15774,0.67085,0.17141
44.90250,0.49500,0.21057,0.38011,0.40932
45.00250,0.49500,0.04615,0.00087,0.95298
45.10250,0.49500,0.11715,0.00024,0.88261
45.20250,0.49500,0.04731,0.00004,0.95265
45.30250,0.49500,0.02309,0.00002,0.97689
45.40250,0.49500,0.02879,0.00006,0.97115
45.50250,0.49500,0.02797,0.00056,0.97147
45.60250,0.49500,0.11888,0.21092,0.67020
45.70250,0.49500,0.07600,0.78960,0.13440
45.80250,0.49500,0.04687,0.88809,0.06504
45.90250,0.49500,0.08615,0.57505,0.33879
46.00250,0.49500,0.14684,0.12337,0.72978
46.10250,0.49500,0.10657,0.13700,0.75642
46.20250,0.49500,0.12609,0.62674,0.24717
46.30250,0.49500,0.07611,0.75009,0.17380
46.40250,0.49500,0.15047,0.78561,0.06393
46.50250,0.49500,0.13056,0.43975,0.42969
46.60250,0.49500,0.18588,0.70786,0.10626
46.70250,0.49500,0.15030,0.80163,0.04807
46.80250,0.49500,0.19026,0.26380,0.54594
46.90250,0.49500,0.16202,0.73941,0.09857
47.00250,0.49500,0.23804,0.30149,0.46046
47.10250,0.49500,0.21165,0.29171,0.49664
47.20250,0.49500,0.12748,0.32248,0.55005
47.30250,0.49500,0.28651,0.11044,0.60305
47.40250,0.49500,0.14403,0.14958,0.70639
47.50250,0.49500,0.23752,0.50993,0.25255
47.60250,0.49500,0.10387,0.61775,0.27838
47.70250,0.49500,0.11927,0.60747,0.27326
47.80250,0.49500,0.20442,0.67367,0.12191
47.90250,0.49500,0.29881,0.36814,0.33306
48.00250,0.49500,0.59819,0.35372,0.04810
48.10250,0.49500,0.73092,0.25884,0.01025
48.20250,0.49500,0.94506,0.05188,0.00305
48.30250,0.49500,0.95229,0.04654,0.00117
48.40250,0.49500,0.36509,0.63443,0.00048
48.50250,0.49500,0.99434,0.00566,0.00000
48.60250,0.49500,0.99965,0.00035,0.00000
48.70250,0.49500,0.99999,0.00001,0.00000
48.80250,0.49500,0.99993,0.00007,0.00000
48.90250,0.49500,0.99999,0.00001,0.00000
49.00250,0.49500,0.99654,0.00000,0.00345
49.10250,0.49500,0.99979,0.00000,0.00021
49.20250,0.49500,1.00000,0.00000,0.00000
49.30250,0.49500,1.00000,0.00000,0.00000
49.40250,0.49500,0.99995,0.00005,0.00000
49.50250,0.49500,0.99988,0.00012,0.00000
49.60250,0.49500,0.95263,0.04735,0.00002
49.70250,0.49500,0.95544,0.04455,0.00000
49.80250,0.49500,0.36553,0.63447,0.00000
49.90250,0.49500,0.74267,0.25733,0.00000
50.00250,0.49500,0.40910,0.59090,0.00000
50.10250,0.49500,0.39890,0.60110,0.00000
50.20250,0.49500,0.37891,0.62109,0.00000
50.30250,0.49500,0.43151,0.56849,0.00000
50.40250,0.49500,0.43885,0.56115,0.00000
50.50250,0.49500,0.32504,0.67496,0.00000
50.60250,0.49500,0.32234,0.67766,0.00000
50.70250,0.49500,0.49429,0.50571,0.00000
50.80250,0.49500,0.46421,0.53579,0.00000
50.90250,0.49500,0.36893,0.63107,0.00000
51.00250,0.49500,0.32443,0.67557,0.00000
51.10250,0.49500,0.33780,0.66220,0.00000
51.20250,0.49500,0.31522,0.68478,0.00000
51.30250,0.49500,0.47252,0.52748,0.00000
51.40250,0.49500,0.45508,0.54492,0.00000
51.50250,0.49500,0.32916,0.67084,0.00000
51.60250,0.49500,0.25269,0.74731,0.00000
51.70250,0.49500,0.21799,0.78201,0.00000
51.80250,0.49500,0.20115,0.79885,0.00000
51.90250,0.49500,0.14451,0.85549,0.00000
52.00250,0.49500,0.31505,0.68495,0.00000
52.10250,0.49500,0.34484,0.65516,0.00000
52.20250,0.49500,0.34561,0.65439,0.00000
52.30250,0.49500,0.31938,0.68062,0.00000
52.40250,0.49500,0.45710,0.54290,0.00000
52.50250,0.49500,0.35954,0.64046,0.00000
52.60250,0.49500,0.29368,0.70632,0.00000
52.70250,0.49500,0.34221,0.65779,0.00000
52.80250,0.49500,0.09312,0.90688,0.00000
52.90250,0.49500,0.31427,0.68573,0.00000
53.00250,0.49500,0.19847,0.80153,0.00000
53.10250,0.49500,0.21001,0.78999,0.00000
53.20250,0.49500,0.30576,0.69424,0.00000
53.30250,0.49500,0.18873,0.81127,0.00000
53.40250,0.49500,0.26048,0.73952,0.00000
53.50250,0.49500,0.26165,0.73835,0.00000
53.60250,0.49500,0.24946,0.75054,0.00000
53.70250,0.49500,0.19013,0.80987,0.00000
53.80250,0.49500,0.16175,0.83825,0.00000
53.90250,0.49500,0.16271,0.83729,0.00000
54.00250,0.49500,0.26765,0.73235,0.00000
54.10250,0.49500,0.14079,0.85921,0.00000
54.20250,0.49500,0.12364,0.87636,0.00000
54.30250,0.49500,0.17963,0.82037,0.00000
54.40250,0.49500,0.06775,0.93225,0.00000
54.50250,0.49500,0.12741,0.87259,0.00000
54.60250,0.49500,0.12944,0.87056,0.00000
54.70250,0.49500,0.12153,0.87847,0.00000
54.80250,0.49500,0.16371,0.83629,0.00000
54.90250,0.49500,0.12403,0.87596,0.00000
55.00250,0.49500,0.11213,0.88787,0.00000
55.10250,0.49500,0.10559,0.89441,0.00000
55.20250,0.49500,0.08725,0.91275,0.00000
55.30250,0.49500,0.06546,0.93454,0.00000
55.40250,0.49500,0.14650,0.85350,0.00000
55.50250,0.49500,0.05687,0.94313,0.00000
55.60250,0.49500,0.17256,0.82744,0.00000
55.70250,0.49500,0.06917,0.93083,0.00000
55.80250,0.49500,0.21293,0.78707,0.00000
55.90250,0.49500,0.14468,0.85532,0.00000
56.00250,0.49500,0.13764,0.86236,0.00000
56.10250,0.49500,0.15407,0.84593,0.00000
56.20250,0.49500,0.09718,0.90282,0.00000
56.30250,0.49500,0.09686,0.90314,0.00000
56.40250,0.49500,0.18050,0.81950,0.00000
56.50250,0.49500,0.18364,0.81636,0.00000
56.60250,0.49500,0.10452,0.89548,0.00000
56.70250,0.49500,0.31991,0.68009,0.00000
56.80250,0.49500,0.13041,0.86959,0.00000
56.90250,0.49500,0.37788,0.62212,0.00000
57.00250,0.49500,0.18205,0.81795,0.00000
57.10250,0.49500,0.17942,0.82058,0.00000
57.20250,0.49500,0.11983,0.88017,0.00000
57.30250,0.49500,0.07589,0.92411,0.00000
57.40250,0.49500,0.14209,0.85791,0.00000
57.50250,0.49500,0.15594,0.84405,0.00000
57.60250,0.49500,0.29754,0.70246,0.00000
57.70250,0.49500,0.18453,0.81546,0.00000
57.80250,0.49500,0.21286,0.78714,0.00000
57.90250,0.49500,0.11020,0.88980,0.00000
58.00250,0.49500,0.18581,0.81419,0.00000
58.10250,0.49500,0.16865,0.83135,0.00000
58.20250,0.49500,0.26715,0.73285,0.00000
58.30250,0.49500,0.57398,0.42602,0.00000
58.40250,0.49500,0.80723,0.19277,0.00000
58.50250,0.49500,0.76693,0.23307,0.00000
58.60250,0.49500,0.54350,0.45650,0.00000
58.70250,0.49500,0.91134,0.08866,0.00000
58.80250,0.49500,0.64436,0.35564,0.00000
58.90250,0.49500,0.40825,0.59175,0.00000
59.00250,0.49500,0.73828,0.26172,0.00000
59.10250,0.49500,0.90342,0.09658,0.00001
59.20250,0.49500,0.99841,0.00088,0.00071
59.30250,0.49500,0.98617,0.00000,0.01383
59.40250,0.49500,0.99848,0.00000,0.00152
59.50250,0.49500,0.99863,0.00000,0.00137
59.60250,0.49500,0.99971,0.00000,0.00029
59.70250,0.49500,0.99999,0.00000,0.00001
59.80250,0.49500,0.99993,0.00005,0.00002
59.90250,0.49500,1.00000,0.00000,0.00000
60.00250,0.49500,0.98670,0.00222,0.01109
60.10250,0.49500,0.99469,0.00528,0.00002
60.20250,0.49500,0.99797,0.00201,0.00003
60.30250,0.49500,0.91059,0.07346,0.01595
60.40250,0.49500,0.95608,0.03797,0.00595
60.50250,0.49500,0.79724,0.20068,0.00208
60.60250,0.49500,0.65131,0.33987,0.00881
60.70250,0.49500,0.44911,0.54938,0.00151
60.80250,0.49500,0.25747,0.68249,0.06004
60.90250,0.49500,0.19898,0.76025,0.04077
61.00250,0.49500,0.22253,0.74966,0.02781
61.10250,0.49500,0.17116,0.79483,0.03401
61.20250,0.49500,0.27939,0.68308,0.03753
61.30250,0.49500,0.30625,0.67011,0.02364
61.40250,0.49500,0.34950,0.63358,0.01692
61.50250,0.49500,0.30137,0.67252,0.02611
61.60250,0.49500,0.36010,0.62534,0.01457
61.70250,0.49500,0.17412,0.79056,0.03532
61.80250,0.49500,0.26697,0.71119,0.02184
61.90250,0.49500,0.28673,0.65450,0.05877
62.00250,0.49500,0.35617,0.61224,0.03160
62.10250,0.49500,0.33173,0.65003,0.01824
62.20250,0.49500,0.30615,0.66674,0.02711
62.30250,0.49500,0.28724,0.69026,0.02250
62.40250,0.49500,0.16516,0.79266,0.04219
62.50250,0.49500,0.25444,0.70243,0.04313
62.60250,0.49500,0.15199,0.78870,0.05931
62.70250,0.49500,0.28209,0.67252,0.04539
62.80250,0.49500,0.28523,0.66995,0.04482
62.90250,0.49500,0.18959,0.78163,0.02878
63.00250,0.49500,0.35157,0.61749,0.03094
63.10250,0.49500,0.19701,0.75496,0.04803
63.20250,0.49500,0.30828,0.65878,0.03293
63.30250,0.49500,0.26855,0.69890,0.03255
63.40250,0.49500,0.21229,0.74965,0.03806
63.50250,0.49500,0.20092,0.76922,0.02986
63.60250,0.49500,0.31668,0.64559,0.03773
63.70250,0.49500,0.21919,0.73972,0.04110
63.80250,0.49500,0.26542,0.70094,0.03363
63.90250,0.49500,0.13516,0.82175,0.04308
64.00250,0.49500,0.15545,0.80416,0.04039
64.10250,0.49500,0.28211,0.69306,0.02483
64.20250,0.49500,0.18322,0.76258,0.05420
64.30250,0.49500,0.36312,0.61049,0.02639
64.40250,0.49500,0.26072,0.71423,0.02505
64.50250,0.49500,0.21103,0.75059,0.03838
64.60250,0.49500,0.33037,0.64084,0.02879
64.70250,0.49500,0.43310,0.53917,0.02774
64.80250,0.49500,0.16600,0.80476,0.02924
64.90250,0.49500,0.34661,0.63615,0.01725
65.00250,0.49500,0.18042,0.77972,0.03986
65.10250,0.49500,0.33667,0.63920,0.02413
65.20250,0.49500,0.14850,0.81221,0.03928
65.30250,0.49500,0.17763,0.78702,0.03535
65.40250,0.49500,0.11843,0.83299,0.04858
65.50250,0.49500,0.21958,0.75494,0.02548
65.60250,0.49500,0.29611,0.64486,0.05903
65.70250,0.49500,0.33724,0.64232,0.02044
65.80250,0.49500,0.23506,0.72644,0.03849
65.90250,0.49500,0.15810,0.80049,0.04141
66.00250,0.49500,0.17949,0.76900,0.05150
66.10250,0.49500,0.17939,0.78116,0.03944
66.20250,0.49500,0.18581,0.75300,0.06119
66.30250,0.49500,0.23128,0.71968,0.04904
66.40250,0.49500,0.20623,0.75681,0.03696
66.50250,0.49500,0.14415,0.82106,0.03479
66.60250,0.49500,0.18221,0.78081,0.03698
66.70250,0.49500,0.26844,0.68890,0.04266
66.80250,0.49500,0.24637,0.71818,0.03545
66.90250,0.49500,0.15242,0.82795,0.01963
67.00250,0.49500,0.22694,0.75133,0.02173
67.10250,0.49500,0.41382,0.55231,0.03387
67.20250,0.49500,0.35481,0.62153,0.02365
67.30250,0.49500,0.24124,0.74864,0.01012
67.40250,0.49500,0.27316,0.70499,0.02184
67.50250,0.49500,0.36433,0.60613,0.02955
67.60250,0.49500,0.37852,0.59462,0.02686
67.70250,0.49500,0.27909,0.70844,0.01246
67.80250,0.49500,0.25247,0.71272,0.03481
67.90250,0.49500,0.25942,0.69758,0.04300
68.00250,0.49500,0.29699,0.67795,0.02506
68.10250,0.49500,0.39621,0.58681,0.01698
68.20250,0.49500,0.28233,0.69915,0.01852
68.30250,0.49500,0.40554,0.57543,0.01903
68.40250,0.49500,0.29069,0.68205,0.02726
68.50250,0.49500,0.38778,0.58670,0.02552
68.60250,0.49500,0.26678,0.70422,0.02899
68.70250,0.49500,0.19715,0.77109,0.03176
68.80250,0.49500,0.28067,0.68185,0.03748
68.90250,0.49500,0.28126,0.69734,0.02139
69.00250,0.49500,0.33074,0.64748,0.02178
69.10250,0.49500,0.24469,0.72395,0.03136
69.20250,0.49500,0.28153,0.69048,0.02799
69.30250,0.49500,0.15208,0.79784,0.05008
69.40250,0.49500,0.13970,0.81699,0.04330
69.50250,0.49500,0.21742,0.74159,0.04099
69.60250,0.49500,0.16371,0.79453,0.04176
69.70250,0.49500,0.19504,0.76867,0.03629
69.80250,0.49500,0.23542,0.72557,0.03900
69.90250,0.49500,0.25480,0.70525,0.03996
70.00250,0.49500,0.13758,0.82329,0.03913
70.10250,0.49500,0.27601,0.68548,0.03851
70.20250,0.49500,0.15783,0.80388,0.03829
70.30250,0.49500,0.20061,0.75926,0.04013
70.40250,0.49500,0.22585,0.72658,0.04757
70.50250,0.49500,0.19397,0.76364,0.04239
70.60250,0.49500,0.24597,0.72148,0.03255
70.70250,0.49500,0.27579,0.68821,0.03600
70.80250,0.49500,0.34014,0.63846,0.02140
70.90250,0.49500,0.28561,0.65083,0.06356
71.00250,0.49500,0.22648,0.74378,0.02973
71.10250,0.49500,0.21085,0.74949,0.03966
71.20250,0.49500,0.14084,0.81531,0.04385
71.30250,0.49500,0.20052,0.74970,0.04978
71.40250,0.49500,0.13035,0.82954,0.04011
71.50250,0.49500,0.11763,0.84568,0.03670
71.60250,0.49500,0.18198,0.75221,0.06582
71.70250,0.49500,0.15376,0.81172,0.03452
71.80250,0.49500,0.18349,0.77966,0.03685
71.90250,0.49500,0.13262,0.82266,0.04472
72.00250,0.49500,0.13152,0.82178,0.04670
72.10250,0.49500,0.22668,0.73215,0.04117
72.20250,0.49500,0.22529,0.72836,0.04635
72.30250,0.49500,0.16577,0.79359,0.04064
72.40250,0.49500,0.27355,0.69396,0.03249
72.50250,0.49500,0.20749,0.75912,0.03339
72.60250,0.49500,0.23940,0.72998,0.03062
72.70250,0.49500,0.35995,0.59828,0.04178
72.80250,0.49500,0.37498,0.58867,0.03634
72.90250,0.49500,0.89597,0.08917,0.01486
73.00250,0.49500,0.81988,0.17509,0.00503
73.10250,0.49500,0.99123,0.00608,0.00269
73.20250,0.49500,0.99917,0.00076,0.00007
73.30250,0.49500,1.00000,0.00000,0.00000
73.40250,0.49500,0.99996,0.00004,0.00000
73.50250,0.49500,0.99950,0.00050,0.00000
73.60250,0.49500,0.98005,0.01995,0.00000
73.70250,0.49500,0.51621,0.48379,0.00000
73.80250,0.49500,0.36258,0.63742,0.00000
73.90250,0.49500,0.32453,0.67547,0.00000
74.00250,0.49500,0.24944,0.75056,0.00000
74.10250,0.49500,0.20028,0.79972,0.00000
74.20250,0.49500,0.22447,0.77553,0.00000
74.30250,0.49500,0.28045,0.71955,0.00000
74.40250,0.49500,0.31073,0.68927,0.00000
74.50250,0.49500,0.35586,0.64414,0.00000
74.60250,0.49500,0.28038,0.71962,0.00000
74.70250,0.49500,0.26709,0.73291,0.00000
74.80250,0.49500,0.23900,0.76100,0.00000
74.90250,0.49500,0.20371,0.79629,0.00000
75.00250,0.49500,0.29801,0.70199,0.00000
75.10250,0.49500,0.37174,0.62826,0.00000
75.20250,0.49500,0.18733,0.81267,0.00000
75.30250,0.49500,0.30219,0.69781,0.00000
75.40250,0.49500,0.19132,0.80868,0.00000
75.50250,0.49500,0.18176,0.81824,0.00000
75.60250,0.49500,0.08216,0.91784,0.00000
75.70250,0.49500,0.32623,0.67377,0.00000
75.80250,0.49500,0.18919,0.81081,0.00000
75.90250,0.49500,0.23576,0.76424,0.00000
76.00250,0.49500,0.21392,0.78608,0.00000
76.10250,0.49500,0.16511,0.83489,0.00000
76.20250,0.49500,0.15675,0.84325,0.00000
76.30250,0.49500,0.30600,0.69400,0.00000
76.40250,0.49500,0.10850,0.89150,0.00000
76.50250,0.49500,0.16353,0.83647,0.00000
76.60250,0.49500,0.17382,0.82618,0.00000
76.70250,0.49500,0.13411,0.86589,0.00000
76.80250,0.49500,0.14917,0.85083,0.00000
76.90250,0.49500,0.14626,0.85374,0.00000
77.00250,0.49500,0.10901,0.89099,0.00000
77.10250,0.49500,0.27422,0.72578,0.00000
77.20250,0.49500,0.14305,0.85695,0.00000
77.30250,0.49500,0.08458,0.91542,0.00000
77.40250,0.49500,0.10588,0.89412,0.00000
77.50250,0.49500,0.08390,0.91610,0.00000
77.60250,0.49500,0.06410,0.93590,0.00000
77.70250,0.49500,0.06561,0.93439,0.00000
77.80250,0.49500,0.05163,0.94837,0.00000
77.90250,0.49500,0.06271,0.93729,0.00000
78.00250,0.49500,0.04239,0.95761,0.00000
78.10250,0.49500,0.06717,0.93283,0.00000
78.20250,0.49500,0.04987,0.95013,0.00000
78.30250,0.49500,0.11436,0.88564,0.00000
78.40250,0.49500,0.06371,0.93629,0.00000
78.50250,0.49500,0.14199,0.85801,0.00000
78.60250,0.49500,0.18559,0.81441,0.00000
78.70250,0.49500,0.24581,0.75419,0.00000
78.80250,0.49500,0.18188,0.81812,0.00000
78.90250,0.49500,0.14707,0.85293,0.00000
79.00250,0.49500,0.18675,0.81325,0.00000
79.10250,0.49500,0.19055,0.80945,0.00000
79.20250,0.49500,0.21965,0.78035,0.00000
79.30250,0.49500,0.20713,0.79287,0.00000
79.40250,0.49500,0.18745,0.81255,0.00000
79.50250,0.49500,0.10863,0.89137,0.00000
79.60250,0.49500,0.17343,0.82657,0.00000
79.70250,0.49500,0.13265,0.86735,0.00000
79.80250,0.49500,0.14715,0.85285,0.00000
79.90250,0.49500,0.15519,0.84481,0.00000
80.00250,0.49500,0.22311,0.77689,0.00000
80.10250,0.49500,0.07134,0.92866,0.00000
80.20250,0.49500,0.11295,0.88705,0.00000
80.30250,0.49500,0.12105,0.87895,0.00000
80.40250,0.49500,0.13187,0.86813,0.00000
80.50250,0.49500,0.23460,0.76540,0.00000
80.60250,0.49500,0.14899,0.85101,0.00000
80.70250,0.49500,0.22022,0.77978,0.00000
80.80250,0.49500,0.29837,0.70163,0.00000
80.90250,0.49500,0.23587,0.76413,0.00000
81.00250,0.49500,0.28230,0.71770,0.00000
81.10250,0.49500,0.20501,0.79499,0.00000
81.20250,0.49500,0.08518,0.91482,0.00000
81.30250,0.49500,0.12183,0.87817,0.00000
81.40250,0.49500,0.09049,0.90951,0.00000
81.50250,0.49500,0.13934,0.86066,0.00000
81.60250,0.49500,0.04080,0.95920,0.00000
81.70250,0.49500,0.07229,0.92771,0.00000
81.80250,0.49500,0.04744,0.95256,0.00000
81.90250,0.49500,0.07293,0.92707,0.00000
82.00250,0.49500,0.06222,0.93778,0.00000
82.10250,0.49500,0.16041,0.83959,0.00000
82.20250,0.49500,0.08920,0.91080,0.00000
82.30250,0.49500,0.17609,0.82391,0.00000
82.40250,0.49500,0.09228,0.90772,0.00000
82.50250,0.49500,0.10565,0.89435,0.00000
82.60250,0.49500,0.15758,0.84242,0.00000
82.70250,0.49500,0.10487,0.89513,0.00000
82.80250,0.49500,0.08338,0.91662,0.00000
82.90250,0.49500,0.11778,0.88222,0.00000
83.00250,0.49500,0.31714,0.68286,0.00000
83.10250,0.49500,0.17531,0.82469,0.00000
83.20250,0.49500,0.33677,0.66323,0.00000
83.30250,0.49500,0.23792,0.76208,0.00000
83.40250,0.49500,0.15181,0.84819,0.00000
83.50250,0.49500,0.27026,0.72974,0.00000
83.60250,0.49500,0.24509,0.75491,0.00000
83.70250,0.49500,0.34281,0.65719,0.00000
83.80250,0.49500,0.99742,0.00258,0.00000
83.90250,0.49500,1.00000,0.00000,0.00000
84.00250,0.49500,1.00000,0.00000,0.00000
84.10250,0.49500,1.00000,0.00000,0.00000
84.20250,0.49500,0.99962,0.00038,0.00000
84.30250,0.49500,0.99439,0.00561,0.00000
84.40250,0.49500,0.98198,0.01802,0.00000
84.50250,0.49500,0.50328,0.49671,0.00000
84.60250,0.49500,0.95847,0.04153,0.00000
84.70250,0.49500,0.75084,0.24916,0.00000
84.80250,0.49500,0.49878,0.50122,0.00000
84.90250,0.49500,0.14769,0.85231,0.00000
85.00250,0.49500,0.09072,0.90928,0.00000
85.10250,0.49500,0.27697,0.72303,0.00000
85.20250,0.49500,0.27851,0.72149,0.00000
85.30250,0.49500,0.22472,0.77528,0.00000
85.40250,0.49500,0.12942,0.87058,0.00000
85.50250,0.49500,0.12760,0.87240,0.00000
85.60250,0.49500,0.13690,0.86310,0.00000
85.70250,0.49500,0.25285,0.74715,0.00000
85.80250,0.49500,0.29025,0.70975,0.00000
85.90250,0.49500,0.18206,0.81794,0.00000
86.00250,0.49500,0.16648,0.83352,0.00000
86.10250,0.49500,0.10103,0.89897,0.00000
86.20250,0.49500,0.16276,0.83724,0.00000
86.30250,0.49500,0.30833,0.69167,0.00000
86.40250,0.49500,0.37192,0.62808,0.00000
86.50250,0.49500,0.28937,0.71063,0.00000
86.60250,0.49500,0.23749,0.76251,0.00000
86.70250,0.49500,0.18626,0.81374,0.00000
86.80250,0.49500,0.27097,0.72903,0.00000
86.90250,0.49500,0.37552,0.62448,0.00000
87.00250,0.49500,0.23881,0.76119,0.00000
87.10250,0.49500,0.25532,0.74468,0.00000
87.20250,0.49500,0.15995,0.84005,0.00000
87.30250,0.49500,0.21315,0.78685,0.00000
87.40250,0.49500,0.13247,0.86753,0.00000
87.50250,0.49500,0.19520,0.80480,0.00000
87.60250,0.49500,0.12231,0.87769,0.00000
87.70250,0.49500,0.09159,0.90841,0.00000
87.80250,0.49500,0.15016,0.84984,0.00000
87.90250,0.49500,0.17052,0.82948,0.00000
88.00250,0.49500,0.18337,0.81663,0.00000
88.10250,0.49500,0.23773,0.76227,0.00000
88.20250,0.49500,0.15288,0.84712,0.00000
88.30250,0.49500,0.12602,0.87398,0.00000
88.40250,0.49500,0.13351,0.86649,0.00000
88.50250,0.49500,0.14282,0.85718,0.00000
88.60250,0.49500,0.07739,0.92261,0.00000
88.70250,0.49500,0.06504,0.93496,0.00000
88.80250,0.49500,0.03335,0.96665,0.00000
88.90250,0.49500,0.07295,0.92705,0.00000
89.00250,0.49500,0.05555,0.94445,0.00000
89.10250,0.49500,0.06589,0.93411,0.00000
89.20250,0.49500,0.07630,0.92370,0.00000
89.30250,0.49500,0.07448,0.92552,0.00000
89.40250,0.49500,0.05831,0.94169,0.00000
89.50250,0.49500,0.06307,0.93693,0.00000
89.60250,0.49500,0.07572,0.92428,0.00000
89.70250,0.49500,0.06207,0.93793,0.00000
89.80250,0.49500,0.09485,0.90515,0.00000
89.90250,0.49500,0.03797,0.96203,0.00000
90.00250,0.49500,0.03136,0.96864,0.00000
90.10250,0.49500,0.03912,0.96088,0.00000
90.20250,0.49500,0.06044,0.93956,0.00000
90.30250,0.49500,0.04888,0.95112,0.00000
90.40250,0.49500,0.27812,0.72188,0.00000
90.50250,0.49500,0.11093,0.88907,0.00000
90.60250,0.49500,0.34179,0.65821,0.00000
90.70250,0.49500,0.26454,0.73546,0.00000
90.80250,0.49500,0.05065,0.94935,0.00000
90.90250,0.49500,0.08864,0.91136,0.00000
91.00250,0.49500,0.04576,0.95424,0.00000
91.10250,0.49500,0.08184,0.91816,0.00000
91.20250,0.49500,0.04957,0.95043,0.00000
91.30250,0.49500,0.05653,0.94347,0.00000
91.40250,0.49500,0.10983,0.89017,0.00000
91.50250,0.49500,0.04666,0.95334,0.00000
91.60250,0.49500,0.06072,0.93928,0.00000
91.70250,0.49500,0.06819,0.93181,0.00000
91.80250,0.49500,0.04550,0.95450,0.00000
91.90250,0.49500,0.07220,0.92780,0.00000
92.00250,0.49500,0.06579,0.93421,0.00000
92.10250,0.49500,0.03988,0.96012,0.00000
92.20250,0.49500,0.06123,0.93877,0.00000
92.30250,0.49500,0.05444,0.94556,0.00000
92.40250,0.49500,0.07810,0.92190,0.00000
92.50250,0.49500,0.09934,0.90066,0.00000
92.60250,0.49500,0.10283,0.89717,0.00000
92.70250,0.49500,0.07243,0.92757,0.00000
92.80250,0.49500,0.03483,0.96517,0.00000
92.90250,0.49500,0.05580,0.94420,0.00000
93.00250,0.49500,0.06062,0.93938,0.00000
93.10250,0.49500,0.04924,0.95076,0.00000
93.20250,0.49500,0.16214,0.83786,0.00000
93.30250,0.49500,0.07028,0.92972,0.00000
93.40250,0.49500,0.11909,0.88091,0.00000
93.50250,0.49500,0.04861,0.95139,0.00000
93.60250,0.49500,0.07434,0.92566,0.00000
93.70250,0.49500,0.05754,0.94246,0.00000
93.80250,0.49500,0.05140,0.94860,0.00000
93.90250,0.49500,0.14591,0.85409,0.00000
94.00250,0.49500,0.05425,0.94575,0.00000
94.10250,0.49500,0.06651,0.93349,0.00000
94.20250,0.49500,0.06885,0.93115,0.00000
94.30250,0.49500,0.08434,0.91566,0.00000
94.40250,0.49500,0.11343,0.88657,0.00000
94.50250,0.49500,0.09510,0.90490,0.00000
94.60250,0.49500,0.06626,0.93374,0.00000
94.70250,0.49500,0.08389,0.91611,0.00000
94.80250,0.49500,0.33388,0.66612,0.00000
94.90250,0.49500,0.24981,0.75019,0.00000
95.00250,0.49500,0.11626,0.88374,0.00000
95.10250,0.49500,0.14488,0.85512,0.00000
95.20250,0.49500,0.28401,0.71599,0.00000
95.30250,0.49500,0.99994,0.00006,0.00000
95.40250,0.49500,0.99469,0.00531,0.00000
95.50250,0.49500,0.99949,0.00051,0.00000
95.60250,0.49500,0.99718,0.00282,0.00000
95.70250,0.49500,0.99925,0.00075,0.00000
95.80250,0.49500,0.53582,0.46418,0.00000
95.90250,0.49500,0.99953,0.00047,0.00000
96.00250,0.49500,0.35186,0.64814,0.00000
96.10250,0.49500,0.51607,0.48393,0.00000
96.20250,0.49500,0.27618,0.72382,0.00000
96.30250,0.49500,0.14036,0.85964,0.00000
96.40250,0.49500,0.17028,0.82972,0.00000
96.50250,0.49500,0.21268,0.78732,0.00000
96.60250,0.49500,0.29338,0.70662,0.00000
96.70250,0.49500,0.49317,0.50683,0.00000
96.80250,0.49500,0.28209,0.71791,0.00000
96.90250,0.49500,0.17225,0.82775,0.00000
97.00250,0.49500,0.17842,0.82158,0.00000
97.10250,0.49500,0.13363,0.86637,0.00000
97.20250,0.49500,0.35058,0.64942,0.00000
97.30250,0.49500,0.45133,0.54867,0.00000
97.40250,0.49500,0.20395,0.79605,0.00000
97.50250,0.49500,0.14950,0.85050,0.00000
97.60250,0.49500,0.18706,0.81294,0.00000
97.70250,0.49500,0.20979,0.79021,0.00000
97.80250,0.49500,0.38994,0.61006,0.00000
97.90250,0.49500,0.33522,0.66478,0.00000
98.00250,0.49500,0.20324,0.79676,0.00000
98.10250,0.49500,0.24553,0.75447,0.00000
98.20250,0.49500,0.16806,0.83194,0.00000
98.30250,0.49500,0.19756,0.80244,0.00000
98.40250,0.49500,0.21909,0.78091,0.00000
98.50250,0.49500,0.14471,0.85529,0.00000
98.60250,0.49500,0.18224,0.81776,0.00000
98.70250,0.49500,0.21361,0.78639,0.00000
98.80250,0.49500,0.16705,0.83295,0.00000
98.90250,0.49500,0.20914,0.79086,0.00000
99.00250,0.49500,0.21945,0.78055,0.00000
99.10250,0.49500,0.14258,0.85742,0.00000
99.20250,0.49500,0.12994,0.87006,0.00000
99.30250,0.49500,0.11872,0.88128,0.00000
99.40250,0.49500,0.12331,0.87669,0.00000
99.50250,0.49500,0.09476,0.90524,0.00000
99.60250,0.49500,0.07034,0.92966,0.00000
99.70250,0.49500,0.07689,0.92311,0.00000
99.80250,0.49500,0.13417,0.86583,0.00000
99.90250,0.49500,0.09692,0.90308,0.00000
100.00250,0.49500,0.12978,0.87022,0.00000
100.10250,0.49500,0.12594,0.87406,0.00000
100.20250,0.49500,0.08477,0.91523,0.00000
100.30250,0.49500,0.06724,0.93276,0.00000
100.40250,0.49500,0.07346,0.92654,0.00000
100.50250,0.49500,0.08750,0.91250,0.00000
100.60250,0.49500,0.09037,0.90963,0.00000
100.70250,0.49500,0.10104,0.89896,0.00000
100.80250,0.49500,0.07695,0.92305,0.00000
100.90250,0.49500,0.08311,0.91689,0.00000
101.00250,0.49500,0.08942,0.91058,0.00000
101.10250,0.49500,0.08258,0.91742,0.00000
101.20250,0.49500,0.06837,0.93163,0.00000
101.30250,0.49500,0.04900,0.95100,0.00000
101.40250,0.49500,0.05026,0.94974,0.00000
101.50250,0.49500,0.05173,0.94827,0.00000
101.60250,0.49500,0.06509,0.93491,0.00000
101.70250,0.49500,0.05293,0.94707,0.00000
101.80250,0.49500,0.04825,0.95175,0.00000
101.90250,0.49500,0.05286,0.94714,0.00000
102.00250,0.49500,0.04219,0.95781,0.00000
102.10250,0.49500,0.05444,0.94556,0.00000
102.20250,0.49500,0.05286,0.94714,0.00000
102.30250,0.49500,0.05449,0.94551,0.00000
102.40250,0.49500,0.05453,0.94547,0.00000
102.50250,0.49500,0.06058,0.93942,0.00000
102.60250,0.49500,0.05188,0.94812,0.00000
102.70250,0.49500,0.05551,0.94449,0.00000
102.80250,0.49500,0.06263,0.93737,0.00000
102.90250,0.49500,0.05263,0.94737,0.00000
103.00250,0.49500,0.05800,0.94200,0.00000
103.10250,0.49500,0.04960,0.95040,0.00000
103.20250,0.49500,0.05385,0.94615,0.00000
103.30250,0.49500,0.04813,0.95187,0.00000
103.40250,0.49500,0.05369,0.94631,0.00000
103.50250,0.49500,0.04773,0.95227,0.00000
103.60250,0.49500,0.05001,0.94999,0.00000
103.70250,0.49500,0.05201,0.94799,0.00000
103.80250,0.49500,0.05666,0.94334,0.00000
103.90250,0.49500,0.06092,0.93908,0.00000
104.00250,0.49500,0.04861,0.95139,0.00000
104.10250,0.49500,0.05726,0.94274,0.00000
104.20250,0.49500,0.04955,0.95045,0.00000
104.30250,0.49500,0.05036,0.94964,0.00000
104.40250,0.49500,0.05348,0.94652,0.00000
104.50250,0.49500,0.05545,0.94455,0.00000
104.60250,0.49500,0.05674,0.94326,0.00000
104.70250,0.49500,0.05317,0.94683,0.00000
104.80250,0.49500,0.04857,0.95143,0.00000
104.90250,0.49500,0.05818,0.94182,0.00000
105.00250,0.49500,0.07125,0.92875,0.00000
105.10250,0.49500,0.17979,0.82021,0.00000
105.20250,0.49500,0.26974,0.73026,0.00000
105.30250,0.49500,0.19950,0.80050,0.00000
105.40250,0.49500,0.29665,0.70335,0.00000
105.50250,0.49500,0.33449,0.66551,0.00000
105.60250,0.49500,0.38741,0.61259,0.00000
105.70250,0.49500,0.99997,0.00003,0.00000
105.80250,0.49500,0.99999,0.00001,0.00000
105.90250,0.49500,1.00000,0.00000,0.00000
106.00250,0.49500,1.00000,0.00000,0.00000
106.10250,0.49500,0.99995,0.00001,0.00003
106.20250,0.49500,0.99961,0.00000,0.00039
106.30250,0.49500,0.99345,0.00002,0.00653
106.40250,0.49500,0.99712,0.00097,0.00191
106.50250,0.49500,0.99081,0.00144,0.00776
106.60250,0.49500,0.65333,0.20174,0.14493
106.70250,0.49500,0.68155,0.15781,0.16065
106.80250,0.49500,0.70571,0.05279,0.24150
106.90250,0.49500,0.75127,0.11014,0.13859
107.00250,0.49500,0.79636,0.18134,0.02230
107.10250,0.49500,0.39243,0.52921,0.07835
107.20250,0.49500,0.32531,0.62393,0.05076
107.30250,0.49500,0.31961,0.59761,0.08278
107.40250,0.49500,0.35094,0.48041,0.16866
107.50250,0.49500,0.24758,0.70449,0.04793
107.60250,0.49500,0.19125,0.77077,0.03797
107.70250,0.49500,0.15835,0.83082,0.01083
107.80250,0.49500,0.19410,0.74367,0.06223
107.90250,0.49500,0.23336,0.74070,0.02595
108.00250,0.49500,0.16320,0.82041,0.01639
108.10250,0.49500,0.11420,0.84547,0.04033
108.20250,0.49500,0.08395,0.88653,0.02952
108.30250,0.49500,0.05930,0.91643,0.02428
108.40250,0.49500,0.08006,0.87910,0.04084
108.50250,0.49500,0.07111,0.89761,0.03127
108.60250,0.49500,0.06614,0.89518,0.03868
108.70250,0.49500,0.05001,0.90847,0.04152
108.80250,0.49500,0.06662,0.89835,0.03503
108.90250,0.49500,0.06579,0.88478,0.04943
109.00250,0.49500,0.07906,0.87327,0.04767
109.10250,0.49500,0.07032,0.89227,0.03741
109.20250,0.49500,0.05567,0.90799,0.03634
109.30250,0.49500,0.05450,0.90036,0.04514
109.40250,0.49500,0.05221,0.91607,0.03172
109.50250,0.49500,0.06288,0.90319,0.03393
109.60250,0.49500,0.06165,0.90018,0.03817
109.70250,0.49500,0.07718,0.87399,0.04883
109.80250,0.49500,0.04603,0.90801,0.04596
109.90250,0.49500,0.06287,0.89119,0.04593
110.00250,0.49500,0.07523,0.88954,0.03523
110.10250,0.49500,0.06088,0.89665,0.04247
110.20250,0.49500,0.10189,0.86745,0.03066
110.30250,0.49500,0.05597,0.90965,0.03438
110.40250,0.49500,0.06297,0.89325,0.04378
110.50250,0.49500,0.06523,0.89291,0.04186
110.60250,0.49500,0.07598,0.87900,0.04502
110.70250,0.49500,0.08235,0.86380,0.05385
110.80250,0.49500,0.05885,0.90484,0.03631
110.90250,0.49500,0.09264,0.86737,0.03999
111.00250,0.49500,0.08482,0.84935,0.06583
111.10250,0.49500,0.04213,0.91356,0.04431
111.20250,0.49500,0.09598,0.85701,0.04701
111.30250,0.49500,0.04511,0.90768,0.04721
111.40250,0.49500,0.04410,0.90615,0.04975
111.50250,0.49500,0.06858,0.88557,0.04585
111.60250,0.49500,0.12949,0.82344,0.04707
111.70250,0.49500,0.20782,0.73711,0.05508
111.80250,0.49500,0.19837,0.75384,0.04779
111.90250,0.49500,0.14214,0.80319,0.05467
112.00250,0.49500,0.10118,0.79032,0.10850
112.10250,0.49500,0.11431,0.81959,0.06610
112.20250,0.49500,0.05574,0.87330,0.07096
112.30250,0.49500,0.15510,0.76709,0.07781
112.40250,0.49500,0.05190,0.88370,0.06439
112.50250,0.49500,0.10418,0.79321,0.10261
112.60250,0.49500,0.16546,0.69235,0.14218
112.70250,0.49500,0.11377,0.71723,0.16900
112.80250,0.49500,0.20901,0.37746,0.41353
112.90250,0.49500,0.25866,0.44701,0.29434
113.00250,0.49500,0.17184,0.21515,0.61300
113.10250,0.49500,0.29063,0.10388,0.60549
113.20250,0.49500,0.07307,0.17543,0.75150
113.30250,0.49500,0.23848,0.21915,0.54237
113.40250,0.49500,0.46392,0.40185,0.13423
113.50250,0.49500,0.32176,0.32591,0.35233
113.60250,0.49500,0.28311,0.41391,0.30298
113.70250,0.49500,0.23111,0.26904,0.49986
113.80250,0.49500,0.59115,0.20544,0.20341
113.90250,0.49500,0.27681,0.16138,0.56181
114.00250,0.49500,0.50701,0.07909,0.41390
114.10250,0.49500,0.46964,0.07322,0.45715
114.20250,0.49500,0.64935,0.34589,0.00476
114.30250,0.49500,0.58593,0.07030,0.34378
114.40250,0.49500,0.98593,0.01382,0.00025
114.50250,0.49500,0.96842,0.03158,0.00000
114.60250,0.49500,0.99975,0.00025,0.00000
114.70250,0.49500,0.99999,0.00001,0.00000
114.80250,0.49500,0.99999,0.00001,0.00000
114.90250,0.49500,1.00000,0.00000,0.00000
115.00250,0.49500,0.99999,0.00001,0.00000
115.10250,0.49500,0.99986,0.00014,0.00000
115.20250,0.49500,0.99951,0.00049,0.00000
115.30250,0.49500,0.99998,0.00001,0.00002
115.40250,0.49500,0.99653,0.00000,0.00347
115.50250,0.49500,0.99994,0.00000,0.00006
115.60250,0.49500,0.99861,0.00000,0.00139
115.70250,0.49500,1.00000,0.00000,0.00000
115.80250,0.49500,0.99995,0.00000,0.00005
115.90250,0.49500,0.99849,0.00000,0.00151
116.00250,0.49500,0.99992,0.00000,0.00008
116.10250,0.49500,0.93591,0.00033,0.06376
116.20250,0.49500,0.97712,0.00705,0.01583
116.30250,0.49500,0.64557,0.00443,0.34999
116.40250,0.49500,0.82592,0.02178,0.15230
116.50250,0.49500,0.92827,0.01104,0.06069
116.60250,0.49500,0.99995,0.00000,0.00004
116.70250,0.49500,1.00000,0.00000,0.00000
116.80250,0.49500,0.99994,0.00000,0.00006
116.90250,0.49500,1.00000,0.00000,0.00000
117.00250,0.49500,0.99997,0.00002,0.00001
117.10250,0.49500,0.99880,0.00000,0.00119
117.20250,0.49500,0.99888,0.00001,0.00110
117.30250,0.49500,0.69048,0.00499,0.30453
117.40250,0.49500,0.70686,0.00133,0.29180
117.50250,0.49500,0.99440,0.00105,0.00455
117.60250,0.49500,0.96772,0.00016,0.03213
117.70250,0.49500,0.99996,0.00003,0.00001
117.80250,0.49500,0.99564,0.00011,0.00425
117.90250,0.49500,0.90852,0.00030,0.09118
118.00250,0.49500,0.79099,0.01224,0.19677
118.10250,0.49500,0.62064,0.00792,0.37143
118.20250,0.49500,0.33213,0.01353,0.65435
118.30250,0.49500,0.41601,0.01306,0.57093
118.40250,0.49500,0.39635,0.01341,0.59025
118.50250,0.49500,0.41500,0.02323,0.56177
118.60250,0.49500,0.45115,0.00775,0.54109
118.70250,0.49500,0.48969,0.04477,0.46554
118.80250,0.49500,0.42252,0.02290,0.55458
118.90250,0.49500,0.33773,0.01072,0.65155
119.00250,0.49500,0.21466,0.01163,0.77371
119.10250,0.49500,0.30121,0.02317,0.67562
119.20250,0.49500,0.21534,0.01321,0.77145
119.30250,0.49500,0.20623,0.01416,0.77961
119.40250,0.49500,0.24624,0.01886,0.73490
119.50250,0.49500,0.23910,0.01080,0.75010
119.60250,0.49500,0.28747,0.02251,0.69003
119.70250,0.49500,0.30376,0.01728,0.67896
119.80250,0.49500,0.54522,0.03622,0.41856
119.90250,0.49500,0.46619,0.03672,0.49708
120.00250,0.49500,0.51657,0.02906,0.45436
120.10250,0.49500,0.26334,0.00889,0.72777
120.20250,0.49500,0.31090,0.00927,0.67982
120.30250,0.49500,0.12892,0.01189,0.85919
120.40250,0.49500,0.19423,0.00922,0.79655
120.50250,0.49500,0.10050,0.00831,0.89119
120.60250,0.49500,0.09034,0.01004,0.89962
120.70250,0.49500,0.06709,0.01269,0.92022
120.80250,0.49500,0.05318,0.00940,0.93742
120.90250,0.49500,0.16788,0.01112,0.82100
121.00250,0.49500,0.32386,0.01839,0.65775
121.10250,0.49500,0.28805,0.02093,0.69102
121.20250,0.49500,0.70135,0.05291,0.24574
121.30250,0.49500,0.51893,0.00953,0.47154
121.40250,0.49500,0.63101,0.00382,0.36517
121.50250,0.49500,0.29558,0.00571,0.69872
121.60250,0.49500,0.12337,0.01223,0.86440
121.70250,0.49500,0.14874,0.02070,0.83056
121.80250,0.49500,0.16711,0.01414,0.81875
121.90250,0.49500,0.14845,0.00957,0.84198
