Time (seconds), Duration (seconds),pred_(unlabeled),pred_empty_box,pred_table
0.00250,0.49500,0.01063,0.98937,0.00000
0.10250,0.49500,0.01077,0.98923,0.00000
0.20250,0.49500,0.00540,0.99460,0.00000
0.30250,0.49500,0.00273,0.99727,0.00000
0.40250,0.49500,0.00337,0.99663,0.00000
0.50250,0.49500,0.00362,0.99638,0.00000
0.60250,0.49500,0.00403,0.99597,0.00000
0.70250,0.49500,0.00279,0.99721,0.00000
0.80250,0.49500,0.00348,0.99652,0.00000
0.90250,0.49500,0.00425,0.99575,0.00000
1.00250,0.49500,0.00366,0.99634,0.00000
1.10250,0.49500,0.00557,0.99443,0.00000
1.20250,0.49500,0.00557,0.99443,0.00000
1.30250,0.49500,0.00367,0.99633,0.00000
1.40250,0.49500,0.00331,0.99669,0.00000
1.50250,0.49500,0.00373,0.99627,0.00000
1.60250,0.49500,0.00214,0.99786,0.00000
1.70250,0.49500,0.00369,0.99631,0.00000
1.80250,0.49500,0.00290,0.99709,0.00000
1.90250,0.49500,0.00197,0.99803,0.00000
2.00250,0.49500,0.00130,0.99870,0.00000
2.10250,0.49500,0.00423,0.99577,0.00000
2.20250,0.49500,0.00482,0.99518,0.00000
2.30250,0.49500,0.00536,0.99464,0.00000
2.40250,0.49500,0.00676,0.99324,0.00000
2.50250,0.49500,0.00385,0.99615,0.00000
2.60250,0.49500,0.00555,0.99445,0.00000
2.70250,0.49500,0.00538,0.99462,0.00000
2.80250,0.49500,0.00466,0.99534,0.00000
2.90250,0.49500,0.00374,0.99626,0.00000
3.00250,0.49500,0.00385,0.99615,0.00000
3.10250,0.49500,0.00263,0.99737,0.00000
3.20250,0.49500,0.00157,0.99843,0.00000
3.30250,0.49500,0.00212,0.99788,0.00000
3.40250,0.49500,0.00215,0.99785,0.00000
3.50250,0.49500,0.00237,0.99763,0.00000
3.60250,0.49500,0.00506,0.99494,0.00000
3.70250,0.49500,0.00596,0.99404,0.00000
3.80250,0.49500,0.00406,0.99594,0.00000
3.90250,0.49500,0.00527,0.99473,0.00000
4.00250,0.49500,0.00324,0.99676,0.00000
4.10250,0.49500,0.00520,0.99480,0.00000
4.20250,0.49500,0.00466,0.99534,0.00000
4.30250,0.49500,0.00393,0.99607,0.00000
4.40250,0.49500,0.00695,0.99305,0.00000
4.50250,0.49500,0.00433,0.99567,0.00000
4.60250,0.49500,0.00790,0.99210,0.00000
4.70250,0.49500,0.00630,0.99370,0.00000
4.80250,0.49500,0.00638,0.99362,0.00000
4.90250,0.49500,0.00760,0.99240,0.00000
5.00250,0.49500,0.00623,0.99377,0.00000
5.10250,0.49500,0.00570,0.99430,0.00000
5.20250,0.49500,0.00507,0.99493,0.00000
5.30250,0.49500,0.00367,0.99633,0.00000
5.40250,0.49500,0.00659,0.99341,0.00000
5.50250,0.49500,0.00511,0.99489,0.00000
5.60250,0.49500,0.01021,0.98979,0.00000
5.70250,0.49500,0.00945,0.99055,0.00000
5.80250,0.49500,0.00712,0.99288,0.00000
5.90250,0.49500,0.00687,0.99313,0.00000
6.00250,0.49500,0.00598,0.99402,0.00000
6.10250,0.49500,0.00761,0.99239,0.00000
6.20250,0.49500,0.00767,0.99233,0.00000
6.30250,0.49500,0.00777,0.99223,0.00000
6.40250,0.49500,0.00535,0.99465,0.00000
6.50250,0.49500,0.00506,0.99494,0.00000
6.60250,0.49500,0.00312,0.99688,0.00000
6.70250,0.49500,0.00269,0.99731,0.00000
6.80250,0.49500,0.00221,0.99779,0.00000
6.90250,0.49500,0.00318,0.99682,0.00000
7.00250,0.49500,0.00245,0.99755,0.00000
7.10250,0.49500,0.00353,0.99647,0.00000
7.20250,0.49500,0.00385,0.99615,0.00000
7.30250,0.49500,0.00314,0.99686,0.00000
7.40250,0.49500,0.00431,0.99569,0.00000
7.50250,0.49500,0.00597,0.99403,0.00000
7.60250,0.49500,0.00623,0.99377,0.00000
7.70250,0.49500,0.00707,0.99293,0.00000
7.80250,0.49500,0.00518,0.99482,0.00000
7.90250,0.49500,0.00406,0.99594,0.00000
8.00250,0.49500,0.00514,0.99486,0.00000
8.10250,0.49500,0.00519,0.99481,0.00000
8.20250,0.49500,0.00416,0.99584,0.00000
8.30250,0.49500,0.00440,0.99560,0.00000
8.40250,0.49500,0.00489,0.99511,0.00000
8.50250,0.49500,0.00575,0.99425,0.00000
8.60250,0.49500,0.00639,0.99361,0.00000
8.70250,0.49500,0.00633,0.99367,0.00000
8.80250,0.49500,0.00595,0.99405,0.00000
8.90250,0.49500,0.00524,0.99476,0.00000
9.00250,0.49500,0.00389,0.99611,0.00000
9.10250,0.49500,0.00292,0.99708,0.00000
9.20250,0.49500,0.00374,0.99626,0.00000
9.30250,0.49500,0.00249,0.99751,0.00000
9.40250,0.49500,0.00420,0.99580,0.00000
9.50250,0.49500,0.00319,0.99681,0.00000
9.60250,0.49500,0.00373,0.99627,0.00000
9.70250,0.49500,0.00382,0.99618,0.00000
9.80250,0.49500,0.00686,0.99314,0.00000
9.90250,0.49500,0.00493,0.99507,0.00000
10.00250,0.49500,0.01052,0.98948,0.00000
10.10250,0.49500,0.00822,0.99178,0.00000
10.20250,0.49500,0.00547,0.99453,0.00000
10.30250,0.49500,0.00249,0.99751,0.00000
10.40250,0.49500,0.00522,0.99478,0.00000
10.50250,0.49500,0.00614,0.99386,0.00000
10.60250,0.49500,0.00538,0.99462,0.00000
10.70250,0.49500,0.00288,0.99712,0.00000
10.80250,0.49500,0.00448,0.99552,0.00000
10.90250,0.49500,0.00501,0.99499,0.00000
11.00250,0.49500,0.00357,0.99643,0.00000
11.10250,0.49500,0.00340,0.99660,0.00000
11.20250,0.49500,0.00520,0.99480,0.00000
11.30250,0.49500,0.00559,0.99441,0.00000
11.40250,0.49500,0.00521,0.99479,0.00000
11.50250,0.49500,0.00278,0.99722,0.00000
11.60250,0.49500,0.00464,0.99536,0.00000
11.70250,0.49500,0.00554,0.99446,0.00000
11.80250,0.49500,0.00466,0.99534,0.00000
11.90250,0.49500,0.00611,0.99389,0.00000
12.00250,0.49500,0.00625,0.99375,0.00000
12.10250,0.49500,0.00822,0.99178,0.00000
12.20250,0.49500,0.00569,0.99431,0.00000
12.30250,0.49500,0.00362,0.99638,0.00000
12.40250,0.49500,0.00258,0.99742,0.00000
12.50250,0.49500,0.00232,0.99768,0.00000
12.60250,0.49500,0.00437,0.99563,0.00000
12.70250,0.49500,0.00373,0.99627,0.00000
12.80250,0.49500,0.00308,0.99692,0.00000
12.90250,0.49500,0.00381,0.99619,0.00000
13.00250,0.49500,0.00737,0.99263,0.00000
13.10250,0.49500,0.00752,0.99248,0.00000
13.20250,0.49500,0.00518,0.99482,0.00000
13.30250,0.49500,0.00251,0.99749,0.00000
13.40250,0.49500,0.00258,0.99742,0.00000
13.50250,0.49500,0.00290,0.99710,0.00000
13.60250,0.49500,0.00373,0.99627,0.00000
13.70250,0.49500,0.00378,0.99622,0.00000
13.80250,0.49500,0.00458,0.99542,0.00000
13.90250,0.49500,0.00540,0.99460,0.00000
14.00250,0.49500,0.00592,0.99408,0.00000
14.10250,0.49500,0.00505,0.99495,0.00000
14.20250,0.49500,0.00328,0.99672,0.00000
14.30250,0.49500,0.00357,0.99643,0.00000
14.40250,0.49500,0.00996,0.99004,0.00000
14.50250,0.49500,0.01753,0.98247,0.00000
14.60250,0.49500,0.01703,0.98297,0.00000
14.70250,0.49500,0.89093,0.10907,0.00000
14.80250,0.49500,0.94709,0.05291,0.00000
14.90250,0.49500,0.95885,0.04115,0.00000
15.00250,0.49500,0.99951,0.00049,0.00000
15.10250,0.49500,0.99851,0.00147,0.00002
15.20250,0.49500,0.99625,0.00374,0.00001
15.30250,0.49500,0.98399,0.01601,0.00000
15.40250,0.49500,0.99892,0.00108,0.00000
15.50250,0.49500,0.99968,0.00032,0.00000
15.60250,0.49500,0.99957,0.00043,0.00000
15.70250,0.49500,0.99970,0.00022,0.00008
15.80250,0.49500,0.88667,0.01137,0.10196
15.90250,0.49500,0.17452,0.00676,0.81872
16.00250,0.49500,0.24161,0.04373,0.71466
16.10250,0.49500,0.05043,0.27735,0.67221
16.20250,0.49500,0.08451,0.50661,0.40888
16.30250,0.49500,0.04091,0.92225,0.03683
16.40250,0.49500,0.05836,0.87568,0.06596
16.50250,0.49500,0.03165,0.81213,0.15622
16.60250,0.49500,0.00615,0.82485,0.16900
16.70250,0.49500,0.00741,0.76981,0.22278
16.80250,0.49500,0.00314,0.56732,0.42954
16.90250,0.49500,0.00647,0.42105,0.57248
17.00250,0.49500,0.00698,0.51976,0.47326
17.10250,0.49500,0.01175,0.11971,0.86854
17.20250,0.49500,0.01251,0.13648,0.85102
17.30250,0.49500,0.02073,0.13938,0.83989
17.40250,0.49500,0.00573,0.09250,0.90178
17.50250,0.49500,0.03797,0.26571,0.69632
17.60250,0.49500,0.01530,0.13820,0.84651
17.70250,0.49500,0.01715,0.07160,0.91126
17.80250,0.49500,0.03109,0.29702,0.67189
17.90250,0.49500,0.01112,0.20859,0.78029
18.00250,0.49500,0.00354,0.29483,0.70163
18.10250,0.49500,0.01328,0.64106,0.34566
18.20250,0.49500,0.01455,0.73127,0.25417
18.30250,0.49500,0.03995,0.78474,0.17531
18.40250,0.49500,0.10861,0.35747,0.53392
18.50250,0.49500,0.04404,0.34507,0.61089
18.60250,0.49500,0.06518,0.60695,0.32787
18.70250,0.49500,0.02888,0.23283,0.73829
18.80250,0.49500,0.01461,0.28552,0.69987
18.90250,0.49500,0.01274,0.11406,0.87320
19.00250,0.49500,0.00135,0.09379,0.90485
19.10250,0.49500,0.00148,0.10390,0.89462
19.20250,0.49500,0.00073,0.06102,0.93825
19.30250,0.49500,0.00330,0.54612,0.45058
19.40250,0.49500,0.02458,0.70235,0.27307
19.50250,0.49500,0.04892,0.78323,0.16785
19.60250,0.49500,0.02284,0.90965,0.06751
19.70250,0.49500,0.01573,0.63851,0.34577
19.80250,0.49500,0.02292,0.33668,0.64040
19.90250,0.49500,0.02533,0.32811,0.64656
20.00250,0.49500,0.01934,0.41585,0.56481
20.10250,0.49500,0.01246,0.33860,0.64894
20.20250,0.49500,0.00287,0.88963,0.10750
20.30250,0.49500,0.00159,0.61417,0.38424
20.40250,0.49500,0.00670,0.62097,0.37232
20.50250,0.49500,0.05167,0.73165,0.21668
20.60250,0.49500,0.43445,0.52046,0.04509
20.70250,0.49500,0.54565,0.36430,0.09005
20.80250,0.49500,0.40970,0.47416,0.11615
20.90250,0.49500,0.20933,0.71819,0.07249
21.00250,0.49500,0.00284,0.71488,0.28228
21.10250,0.49500,0.00797,0.33144,0.66058
21.20250,0.49500,0.00770,0.27526,0.71704
21.30250,0.49500,0.00207,0.07054,0.92740
21.40250,0.49500,0.00243,0.12879,0.86877
21.50250,0.49500,0.00122,0.20244,0.79635
21.60250,0.49500,0.00710,0.41936,0.57354
21.70250,0.49500,0.02494,0.86465,0.11041
21.80250,0.49500,0.01531,0.80918,0.17551
21.90250,0.49500,0.16823,0.77063,0.06114
22.00250,0.49500,0.00792,0.85106,0.14102
22.10250,0.49500,0.05023,0.28597,0.66379
22.20250,0.49500,0.02229,0.34381,0.63390
22.30250,0.49500,0.02243,0.11654,0.86103
22.40250,0.49500,0.01267,0.04594,0.94139
22.50250,0.49500,0.02184,0.18787,0.79028
22.60250,0.49500,0.11902,0.23225,0.64872
22.70250,0.49500,0.10380,0.22335,0.67285
22.80250,0.49500,0.21252,0.46584,0.32164
22.90250,0.49500,0.17080,0.73930,0.08990
23.00250,0.49500,0.01384,0.29385,0.69231
23.10250,0.49500,0.06298,0.62468,0.31234
23.20250,0.49500,0.00674,0.72822,0.26504
23.30250,0.49500,0.03295,0.55699,0.41006
23.40250,0.49500,0.00449,0.62151,0.37399
23.50250,0.49500,0.00639,0.71958,0.27402
23.60250,0.49500,0.01056,0.55813,0.43131
23.70250,0.49500,0.02687,0.58806,0.38506
23.80250,0.49500,0.19996,0.68102,0.11903
23.90250,0.49500,0.36616,0.46765,0.16619
24.00250,0.49500,0.59812,0.20154,0.20034
24.10250,0.49500,0.28047,0.22741,0.49212
24.20250,0.49500,0.13094,0.11661,0.75245
24.30250,0.49500,0.01244,0.33720,0.65036
24.40250,0.49500,0.08200,0.34011,0.57789
24.50250,0.49500,0.05565,0.68128,0.26307
24.60250,0.49500,0.00880,0.61825,0.37295
24.70250,0.49500,0.06217,0.31316,0.62467
24.80250,0.49500,0.00873,0.17982,0.81145
24.90250,0.49500,0.03377,0.17179,0.79444
25.00250,0.49500,0.05781,0.09289,0.84931
25.10250,0.49500,0.04232,0.06664,0.89104
25.20250,0.49500,0.00275,0.05697,0.94028
25.30250,0.49500,0.00360,0.08717,0.90923
25.40250,0.49500,0.00391,0.39680,0.59929
25.50250,0.49500,0.00650,0.67246,0.32103
25.60250,0.49500,0.02466,0.64537,0.32997
25.70250,0.49500,0.00939,0.67260,0.31800
25.80250,0.49500,0.00371,0.70410,0.29219
25.90250,0.49500,0.00228,0.23516,0.76256
26.00250,0.49500,0.00664,0.30753,0.68583
26.10250,0.49500,0.01074,0.18224,0.80701
26.20250,0.49500,0.01429,0.38219,0.60353
26.30250,0.49500,0.00904,0.13373,0.85723
26.40250,0.49500,0.00328,0.01692,0.97980
26.50250,0.49500,0.00152,0.01079,0.98769
26.60250,0.49500,0.01219,0.04411,0.94370
26.70250,0.49500,0.02600,0.04340,0.93060
26.80250,0.49500,0.00229,0.04756,0.95016
26.90250,0.49500,0.07924,0.54468,0.37609
27.00250,0.49500,0.00263,0.52215,0.47522
27.10250,0.49500,0.00688,0.19912,0.79400
27.20250,0.49500,0.01008,0.20027,0.78965
27.30250,0.49500,0.00845,0.36162,0.62993
27.40250,0.49500,0.01950,0.16942,0.81108
27.50250,0.49500,0.02739,0.31234,0.66027
27.60250,0.49500,0.02209,0.23586,0.74206
27.70250,0.49500,0.01337,0.51567,0.47096
27.80250,0.49500,0.01350,0.32043,0.66607
27.90250,0.49500,0.00222,0.23900,0.75878
28.00250,0.49500,0.00671,0.38119,0.61210
28.10250,0.49500,0.01067,0.25346,0.73586
28.20250,0.49500,0.01245,0.43463,0.55292
28.30250,0.49500,0.00776,0.55310,0.43914
28.40250,0.49500,0.06908,0.20560,0.72532
28.50250,0.49500,0.01927,0.24233,0.73840
28.60250,0.49500,0.02455,0.31455,0.66090
28.70250,0.49500,0.01876,0.07271,0.90853
28.80250,0.49500,0.01672,0.03585,0.94742
28.90250,0.49500,0.03261,0.10179,0.86560
29.00250,0.49500,0.03302,0.12012,0.84686
29.10250,0.49500,0.00375,0.05402,0.94223
29.20250,0.49500,0.00235,0.03664,0.96101
29.30250,0.49500,0.00031,0.02036,0.97933
29.40250,0.49500,0.00049,0.02063,0.97888
29.50250,0.49500,0.00085,0.05168,0.94747
29.60250,0.49500,0.00149,0.16552,0.83299
29.70250,0.49500,0.00319,0.37287,0.62394
29.80250,0.49500,0.01042,0.72988,0.25969
29.90250,0.49500,0.02052,0.69156,0.28792
30.00250,0.49500,0.05664,0.45072,0.49264
30.10250,0.49500,0.28822,0.55884,0.15293
30.20250,0.49500,0.24585,0.68188,0.07227
30.30250,0.49500,0.12695,0.69656,0.17649
30.40250,0.49500,0.00572,0.69336,0.30092
30.50250,0.49500,0.00125,0.94074,0.05801
30.60250,0.49500,0.00199,0.53542,0.46259
30.70250,0.49500,0.00212,0.12378,0.87409
30.80250,0.49500,0.00271,0.35168,0.64562
30.90250,0.49500,0.01068,0.12499,0.86433
31.00250,0.49500,0.07262,0.10301,0.82437
31.10250,0.49500,0.00675,0.21790,0.77535
31.20250,0.49500,0.09994,0.10446,0.79560
31.30250,0.49500,0.03679,0.52559,0.43762
31.40250,0.49500,0.02240,0.57279,0.40480
31.50250,0.49500,0.03190,0.50690,0.46121
31.60250,0.49500,0.00874,0.54235,0.44891
31.70250,0.49500,0.04422,0.78226,0.17351
31.80250,0.49500,0.02531,0.62133,0.35336
31.90250,0.49500,0.01876,0.65327,0.32797
32.00250,0.49500,0.02720,0.45034,0.52246
32.10250,0.49500,0.06044,0.73886,0.20070
32.20250,0.49500,0.36265,0.12127,0.51608
32.30250,0.49500,0.09188,0.12618,0.78194
32.40250,0.49500,0.46295,0.08283,0.45422
32.50250,0.49500,0.03159,0.20740,0.76102
32.60250,0.49500,0.37383,0.39565,0.23053
32.70250,0.49500,0.18144,0.65555,0.16301
32.80250,0.49500,0.53354,0.33969,0.12677
32.90250,0.49500,0.49990,0.36873,0.13137
33.00250,0.49500,0.12092,0.52994,0.34913
33.10250,0.49500,0.37967,0.17468,0.44565
33.20250,0.49500,0.73140,0.24318,0.02542
33.30250,0.49500,0.74526,0.16689,0.08785
33.40250,0.49500,0.68611,0.13877,0.17512
33.50250,0.49500,0.30040,0.16796,0.53164
33.60250,0.49500,0.01670,0.35976,0.62354
33.70250,0.49500,0.01002,0.29099,0.69899
33.80250,0.49500,0.00777,0.42018,0.57205
33.90250,0.49500,0.40913,0.24801,0.34286
34.00250,0.49500,0.39091,0.13643,0.47265
34.10250,0.49500,0.34159,0.06480,0.59361
34.20250,0.49500,0.11636,0.06376,0.81988
34.30250,0.49500,0.05032,0.10595,0.84373
34.40250,0.49500,0.04764,0.09179,0.86057
34.50250,0.49500,0.15000,0.24192,0.60808
34.60250,0.49500,0.17657,0.14284,0.68059
34.70250,0.49500,0.02464,0.11133,0.86402
34.80250,0.49500,0.03896,0.28396,0.67708
34.90250,0.49500,0.00611,0.11725,0.87665
35.00250,0.49500,0.00973,0.47565,0.51462
35.10250,0.49500,0.00290,0.57856,0.41854
35.20250,0.49500,0.00206,0.36151,0.63643
35.30250,0.49500,0.00286,0.54168,0.45546
35.40250,0.49500,0.00574,0.18413,0.81012
35.50250,0.49500,0.02464,0.22797,0.74739
35.60250,0.49500,0.13555,0.11571,0.74874
35.70250,0.49500,0.09030,0.25507,0.65463
35.80250,0.49500,0.36847,0.43098,0.20055
35.90250,0.49500,0.12903,0.40993,0.46103
36.00250,0.49500,0.08684,0.14091,0.77225
36.10250,0.49500,0.09011,0.04450,0.86540
36.20250,0.49500,0.58987,0.01566,0.39447
36.30250,0.49500,0.16740,0.00135,0.83124
36.40250,0.49500,0.83420,0.00194,0.16386
36.50250,0.49500,0.85036,0.00086,0.14879
36.60250,0.49500,0.32371,0.00899,0.66730
36.70250,0.49500,0.93693,0.05337,0.00970
36.80250,0.49500,0.97830,0.02044,0.00126
36.90250,0.49500,0.97356,0.02559,0.00084
37.00250,0.49500,0.91909,0.08091,0.00000
37.10250,0.49500,0.79764,0.20236,0.00000
37.20250,0.49500,0.46272,0.53724,0.00004
37.30250,0.49500,0.10026,0.89974,0.00000
37.40250,0.49500,0.04351,0.95648,0.00001
37.50250,0.49500,0.02837,0.97158,0.00004
37.60250,0.49500,0.00541,0.99457,0.00002
37.70250,0.49500,0.04635,0.95364,0.00001
37.80250,0.49500,0.12426,0.87574,0.00000
37.90250,0.49500,0.14144,0.85856,0.00000
38.00250,0.49500,0.08318,0.91682,0.00000
38.10250,0.49500,0.06166,0.93834,0.00000
38.20250,0.49500,0.07000,0.93000,0.00000
38.30250,0.49500,0.11249,0.88751,0.00000
38.40250,0.49500,0.08780,0.91220,0.00000
38.50250,0.49500,0.07521,0.92479,0.00000
38.60250,0.49500,0.03678,0.96321,0.00001
38.70250,0.49500,0.04513,0.95487,0.00000
38.80250,0.49500,0.08040,0.91959,0.00001
38.90250,0.49500,0.08808,0.91192,0.00000
39.00250,0.49500,0.24774,0.75226,0.00000
39.10250,0.49500,0.27318,0.72681,0.00000
39.20250,0.49500,0.10771,0.89229,0.00000
39.30250,0.49500,0.10850,0.89149,0.00001
39.40250,0.49500,0.00991,0.99008,0.00001
39.50250,0.49500,0.02260,0.97740,0.00000
39.60250,0.49500,0.06744,0.93255,0.00000
39.70250,0.49500,0.01389,0.98610,0.00001
39.80250,0.49500,0.04035,0.95964,0.00000
39.90250,0.49500,0.05329,0.94671,0.00001
40.00250,0.49500,0.03179,0.96820,0.00001
40.10250,0.49500,0.03932,0.96068,0.00000
40.20250,0.49500,0.03025,0.96975,0.00000
40.30250,0.49500,0.02809,0.97190,0.00001
40.40250,0.49500,0.00369,0.99630,0.00001
40.50250,0.49500,0.00409,0.99590,0.00001
40.60250,0.49500,0.00825,0.99175,0.00001
40.70250,0.49500,0.01341,0.98658,0.00000
40.80250,0.49500,0.02445,0.97554,0.00001
40.90250,0.49500,0.02548,0.97452,0.00000
41.00250,0.49500,0.00581,0.99418,0.00001
41.10250,0.49500,0.00837,0.99163,0.00000
41.20250,0.49500,0.01169,0.98831,0.00000
41.30250,0.49500,0.00974,0.99026,0.00000
41.40250,0.49500,0.02182,0.97818,0.00000
41.50250,0.49500,0.01370,0.98630,0.00000
41.60250,0.49500,0.01573,0.98426,0.00000
41.70250,0.49500,0.02533,0.97466,0.00001
41.80250,0.49500,0.00541,0.99458,0.00001
41.90250,0.49500,0.00762,0.99237,0.00000
42.00250,0.49500,0.00586,0.99413,0.00001
42.10250,0.49500,0.00357,0.99642,0.00000
42.20250,0.49500,0.00641,0.99358,0.00001
42.30250,0.49500,0.00547,0.99451,0.00001
42.40250,0.49500,0.01353,0.98645,0.00002
42.50250,0.49500,0.00611,0.99387,0.00001
42.60250,0.49500,0.02488,0.97512,0.00000
42.70250,0.49500,0.02262,0.97738,0.00000
42.80250,0.49500,0.02828,0.97172,0.00001
42.90250,0.49500,0.02572,0.97427,0.00001
43.00250,0.49500,0.00537,0.99463,0.00000
43.10250,0.49500,0.01367,0.98632,0.00001
43.20250,0.49500,0.03344,0.96656,0.00000
43.30250,0.49500,0.04689,0.95311,0.00000
43.40250,0.49500,0.14879,0.85121,0.00000
43.50250,0.49500,0.12983,0.87017,0.00000
43.60250,0.49500,0.10315,0.89685,0.00000
43.70250,0.49500,0.11546,0.88454,0.00000
43.80250,0.49500,0.05093,0.94907,0.00000
43.90250,0.49500,0.00549,0.99449,0.00002
44.00250,0.49500,0.02441,0.97559,0.00000
44.10250,0.49500,0.01554,0.98446,0.00001
44.20250,0.49500,0.02415,0.97584,0.00000
44.30250,0.49500,0.02505,0.97495,0.00000
44.40250,0.49500,0.01544,0.98456,0.00000
44.50250,0.49500,0.01364,0.98636,0.00000
44.60250,0.49500,0.00673,0.99327,0.00000
44.70250,0.49500,0.00471,0.99529,0.00000
44.80250,0.49500,0.00192,0.99808,0.00000
44.90250,0.49500,0.00188,0.99811,0.00001
45.00250,0.49500,0.00261,0.99738,0.00001
45.10250,0.49500,0.00875,0.99125,0.00000
45.20250,0.49500,0.00826,0.99173,0.00001
45.30250,0.49500,0.00262,0.99737,0.00000
45.40250,0.49500,0.02002,0.97998,0.00000
45.50250,0.49500,0.02891,0.97108,0.00001
45.60250,0.49500,0.01691,0.98306,0.00003
45.70250,0.49500,0.01260,0.98740,0.00000
45.80250,0.49500,0.00805,0.99194,0.00001
45.90250,0.49500,0.02156,0.97844,0.00000
46.00250,0.49500,0.01327,0.98673,0.00001
46.10250,0.49500,0.01684,0.98316,0.00000
46.20250,0.49500,0.01064,0.98935,0.00001
46.30250,0.49500,0.02595,0.97403,0.00002
46.40250,0.49500,0.01455,0.98544,0.00000
46.50250,0.49500,0.01898,0.98101,0.00000
46.60250,0.49500,0.01483,0.98517,0.00001
46.70250,0.49500,0.00362,0.99638,0.00001
46.80250,0.49500,0.00427,0.99572,0.00001
46.90250,0.49500,0.00510,0.99489,0.00001
47.00250,0.49500,0.00512,0.99488,0.00000
47.10250,0.49500,0.04066,0.95934,0.00001
47.20250,0.49500,0.04426,0.95573,0.00000
47.30250,0.49500,0.14346,0.85654,0.00000
47.40250,0.49500,0.09864,0.90136,0.00000
47.50250,0.49500,0.06315,0.93682,0.00003
47.60250,0.49500,0.05099,0.94901,0.00000
47.70250,0.49500,0.00768,0.99231,0.00001
47.80250,0.49500,0.02247,0.97752,0.00000
47.90250,0.49500,0.01695,0.98304,0.00000
48.00250,0.49500,0.02611,0.97387,0.00002
48.10250,0.49500,0.01150,0.98850,0.00000
48.20250,0.49500,0.02696,0.97304,0.00000
48.30250,0.49500,0.02839,0.97160,0.00000
48.40250,0.49500,0.07626,0.92374,0.00000
48.50250,0.49500,0.07718,0.92282,0.00000
48.60250,0.49500,0.05661,0.94338,0.00001
48.70250,0.49500,0.06667,0.93333,0.00000
48.80250,0.49500,0.05193,0.94807,0.00000
48.90250,0.49500,0.06854,0.93146,0.00001
49.00250,0.49500,0.01343,0.98656,0.00001
49.10250,0.49500,0.01992,0.98008,0.00001
49.20250,0.49500,0.01213,0.98787,0.00000
49.30250,0.49500,0.03078,0.96921,0.00001
49.40250,0.49500,0.01684,0.98315,0.00001
49.50250,0.49500,0.00591,0.99408,0.00000
49.60250,0.49500,0.00477,0.99523,0.00000
49.70250,0.49500,0.00466,0.99533,0.00001
49.80250,0.49500,0.02974,0.97025,0.00000
49.90250,0.49500,0.04502,0.95498,0.00000
50.00250,0.49500,0.07770,0.92230,0.00000
50.10250,0.49500,0.06287,0.93712,0.00000
50.20250,0.49500,0.05046,0.94953,0.00001
50.30250,0.49500,0.02200,0.97800,0.00000
50.40250,0.49500,0.07683,0.92317,0.00000
50.50250,0.49500,0.03091,0.96909,0.00000
50.60250,0.49500,0.13777,0.86223,0.00000
50.70250,0.49500,0.04943,0.95057,0.00000
50.80250,0.49500,0.07933,0.92067,0.00000
50.90250,0.49500,0.14121,0.85879,0.00000
51.00250,0.49500,0.23576,0.76423,0.00001
51.10250,0.49500,0.10584,0.89416,0.00000
51.20250,0.49500,0.07171,0.92829,0.00000
51.30250,0.49500,0.01948,0.98049,0.00002
51.40250,0.49500,0.00614,0.99384,0.00003
51.50250,0.49500,0.02731,0.97268,0.00001
51.60250,0.49500,0.02012,0.97987,0.00001
51.70250,0.49500,0.05011,0.94989,0.00000
51.80250,0.49500,0.16246,0.83754,0.00000
51.90250,0.49500,0.04563,0.95437,0.00001
52.00250,0.49500,0.07837,0.92163,0.00001
52.10250,0.49500,0.03843,0.96156,0.00001
52.20250,0.49500,0.02886,0.97113,0.00001
52.30250,0.49500,0.08596,0.91404,0.00000
52.40250,0.49500,0.26429,0.73570,0.00000
52.50250,0.49500,0.13589,0.86410,0.00001
52.60250,0.49500,0.06756,0.93244,0.00000
52.70250,0.49500,0.03167,0.96832,0.00001
52.80250,0.49500,0.00569,0.99430,0.00001
52.90250,0.49500,0.02583,0.97416,0.00001
53.00250,0.49500,0.02053,0.97946,0.00000
53.10250,0.49500,0.03826,0.96172,0.00002
53.20250,0.49500,0.01912,0.98088,0.00000
53.30250,0.49500,0.01604,0.98395,0.00001
53.40250,0.49500,0.01452,0.98547,0.00000
53.50250,0.49500,0.02109,0.97891,0.00000
53.60250,0.49500,0.05504,0.94496,0.00000
53.70250,0.49500,0.03992,0.96007,0.00000
53.80250,0.49500,0.03845,0.96155,0.00000
53.90250,0.49500,0.05667,0.94333,0.00000
54.00250,0.49500,0.03706,0.96293,0.00001
54.10250,0.49500,0.01625,0.98375,0.00000
54.20250,0.49500,0.01603,0.98395,0.00001
54.30250,0.49500,0.03843,0.96157,0.00001
54.40250,0.49500,0.11915,0.88084,0.00001
54.50250,0.49500,0.04048,0.95950,0.00002
54.60250,0.49500,0.55237,0.44760,0.00003
54.70250,0.49500,0.79841,0.20152,0.00007
54.80250,0.49500,0.68848,0.31131,0.00021
54.90250,0.49500,0.97449,0.02551,0.00000
55.00250,0.49500,0.99966,0.00032,0.00002
55.10250,0.49500,0.99976,0.00023,0.00001
55.20250,0.49500,0.99994,0.00005,0.00001
55.30250,0.49500,0.99851,0.00146,0.00003
55.40250,0.49500,0.99919,0.00081,0.00000
55.50250,0.49500,0.99927,0.00048,0.00025
55.60250,0.49500,0.99953,0.00046,0.00000
55.70250,0.49500,0.99855,0.00112,0.00033
55.80250,0.49500,0.99612,0.00089,0.00299
55.90250,0.49500,0.98233,0.00011,0.01756
56.00250,0.49500,0.88580,0.00004,0.11416
56.10250,0.49500,0.84372,0.00013,0.15616
56.20250,0.49500,0.59663,0.00037,0.40300
56.30250,0.49500,0.13976,0.00002,0.86022
56.40250,0.49500,0.01662,0.00002,0.98337
56.50250,0.49500,0.01020,0.00001,0.98979
56.60250,0.49500,0.00435,0.00000,0.99564
56.70250,0.49500,0.00107,0.00000,0.99892
56.80250,0.49500,0.00039,0.00000,0.99961
56.90250,0.49500,0.00027,0.00000,0.99973
57.00250,0.49500,0.00013,0.00000,0.99987
57.10250,0.49500,0.00031,0.00000,0.99969
57.20250,0.49500,0.00028,0.00000,0.99971
57.30250,0.49500,0.00035,0.00001,0.99964
57.40250,0.49500,0.00048,0.00000,0.99952
57.50250,0.49500,0.00319,0.00001,0.99681
57.60250,0.49500,0.00201,0.00002,0.99797
57.70250,0.49500,0.00428,0.00001,0.99572
57.80250,0.49500,0.00194,0.00000,0.99805
57.90250,0.49500,0.00617,0.00001,0.99383
58.00250,0.49500,0.00379,0.00000,0.99621
58.10250,0.49500,0.00129,0.00000,0.99871
58.20250,0.49500,0.00063,0.00000,0.99937
58.30250,0.49500,0.00044,0.00000,0.99956
58.40250,0.49500,0.00309,0.00000,0.99691
58.50250,0.49500,0.00113,0.00000,0.99887
58.60250,0.49500,0.00272,0.00000,0.99728
58.70250,0.49500,0.00238,0.00001,0.99761
58.80250,0.49500,0.00757,0.00001,0.99243
58.90250,0.49500,0.00661,0.00003,0.99335
59.00250,0.49500,0.00662,0.00002,0.99336
59.10250,0.49500,0.00209,0.00001,0.99790
59.20250,0.49500,0.00117,0.00001,0.99882
59.30250,0.49500,0.00034,0.00000,0.99966
59.40250,0.49500,0.00040,0.00000,0.99960
59.50250,0.49500,0.00012,0.00000,0.99988
59.60250,0.49500,0.00054,0.00000,0.99946
59.70250,0.49500,0.00037,0.00000,0.99963
59.80250,0.49500,0.00025,0.00000,0.99975
59.90250,0.49500,0.00021,0.00000,0.99979
60.00250,0.49500,0.00043,0.00000,0.99957
60.10250,0.49500,0.00032,0.00000,0.99968
60.20250,0.49500,0.00023,0.00000,0.99977
60.30250,0.49500,0.00015,0.00000,0.99985
60.40250,0.49500,0.00072,0.00000,0.99928
60.50250,0.49500,0.00017,0.00000,0.99983
60.60250,0.49500,0.00069,0.00000,0.99931
60.70250,0.49500,0.00175,0.00001,0.99824
60.80250,0.49500,0.00701,0.00001,0.99298
60.90250,0.49500,0.01679,0.00003,0.98318
61.00250,0.49500,0.00692,0.00001,0.99307
61.10250,0.49500,0.00305,0.00001,0.99695
61.20250,0.49500,0.00167,0.00000,0.99833
61.30250,0.49500,0.00104,0.00000,0.99896
61.40250,0.49500,0.00198,0.00000,0.99802
61.50250,0.49500,0.00099,0.00000,0.99901
61.60250,0.49500,0.00146,0.00001,0.99852
61.70250,0.49500,0.00101,0.00002,0.99897
61.80250,0.49500,0.00170,0.00003,0.99827
61.90250,0.49500,0.01126,0.00001,0.98873
62.00250,0.49500,0.00413,0.00000,0.99587
62.10250,0.49500,0.00308,0.00000,0.99692
62.20250,0.49500,0.00062,0.00000,0.99938
62.30250,0.49500,0.00028,0.00000,0.99971
62.40250,0.49500,0.00050,0.00000,0.99950
62.50250,0.49500,0.00143,0.00001,0.99856
62.60250,0.49500,0.00125,0.00001,0.99874
62.70250,0.49500,0.00158,0.00001,0.99842
62.80250,0.49500,0.00148,0.00000,0.99852
62.90250,0.49500,0.00123,0.00000,0.99877
63.00250,0.49500,0.00602,0.00000,0.99398
63.10250,0.49500,0.00281,0.00000,0.99719
63.20250,0.49500,0.00278,0.00000,0.99722
63.30250,0.49500,0.00159,0.00000,0.99841
63.40250,0.49500,0.00039,0.00000,0.99961
63.50250,0.49500,0.00136,0.00000,0.99864
63.60250,0.49500,0.00364,0.00000,0.99636
63.70250,0.49500,0.03043,0.00000,0.96957
63.80250,0.49500,0.00710,0.00000,0.99290
63.90250,0.49500,0.00466,0.00000,0.99534
64.00250,0.49500,0.00228,0.00000,0.99771
64.10250,0.49500,0.00028,0.00000,0.99971
64.20250,0.49500,0.00065,0.00001,0.99934
64.30250,0.49500,0.00097,0.00001,0.99903
64.40250,0.49500,0.00039,0.00000,0.99961
64.50250,0.49500,0.00042,0.00000,0.99958
64.60250,0.49500,0.00014,0.00000,0.99986
64.70250,0.49500,0.00005,0.00000,0.99995
64.80250,0.49500,0.00011,0.00000,0.99989
64.90250,0.49500,0.00009,0.00000,0.99991
65.00250,0.49500,0.00032,0.00000,0.99968
65.10250,0.49500,0.00184,0.00001,0.99815
65.20250,0.49500,0.00123,0.00001,0.99877
65.30250,0.49500,0.00276,0.00001,0.99723
65.40250,0.49500,0.00025,0.00000,0.99975
65.50250,0.49500,0.00019,0.00000,0.99980
65.60250,0.49500,0.00029,0.00000,0.99971
65.70250,0.49500,0.00054,0.00000,0.99946
65.80250,0.49500,0.00717,0.00000,0.99283
65.90250,0.49500,0.00327,0.00000,0.99672
66.00250,0.49500,0.00226,0.00000,0.99774
66.10250,0.49500,0.00269,0.00000,0.99731
66.20250,0.49500,0.00063,0.00000,0.99937
66.30250,0.49500,0.00007,0.00000,0.99993
66.40250,0.49500,0.00026,0.00000,0.99974
66.50250,0.49500,0.00277,0.00000,0.99723
66.60250,0.49500,0.00116,0.00000,0.99883
66.70250,0.49500,0.00285,0.00000,0.99715
66.80250,0.49500,0.00230,0.00000,0.99770
66.90250,0.49500,0.00018,0.00000,0.99982
67.00250,0.49500,0.00042,0.00000,0.99958
67.10250,0.49500,0.00026,0.00000,0.99974
67.20250,0.49500,0.00050,0.00000,0.99950
67.30250,0.49500,0.00089,0.00000,0.99911
67.40250,0.49500,0.00030,0.00000,0.99970
67.50250,0.49500,0.00028,0.00000,0.99972
67.60250,0.49500,0.00072,0.00000,0.99928
67.70250,0.49500,0.00323,0.00000,0.99677
67.80250,0.49500,0.01014,0.00000,0.98986
67.90250,0.49500,0.01410,0.00000,0.98590
68.00250,0.49500,0.01582,0.00000,0.98418
68.10250,0.49500,0.00565,0.00000,0.99435
68.20250,0.49500,0.00312,0.00000,0.99687
68.30250,0.49500,0.00119,0.00000,0.99881
68.40250,0.49500,0.00059,0.00000,0.99941
68.50250,0.49500,0.00381,0.00000,0.99619
68.60250,0.49500,0.00271,0.00000,0.99729
68.70250,0.49500,0.00180,0.00000,0.99820
68.80250,0.49500,0.00049,0.00000,0.99951
68.90250,0.49500,0.00026,0.00000,0.99974
69.00250,0.49500,0.00006,0.00000,0.99993
69.10250,0.49500,0.00041,0.00000,0.99959
69.20250,0.49500,0.00170,0.00000,0.99830
69.30250,0.49500,0.00258,0.00000,0.99742
69.40250,0.49500,0.00125,0.00000,0.99875
69.50250,0.49500,0.00322,0.00000,0.99677
69.60250,0.49500,0.00346,0.00000,0.99654
69.70250,0.49500,0.00194,0.00000,0.99806
69.80250,0.49500,0.00141,0.00000,0.99859
69.90250,0.49500,0.00457,0.00000,0.99543
70.00250,0.49500,0.00152,0.00000,0.99848
70.10250,0.49500,0.00119,0.00000,0.99881
70.20250,0.49500,0.00110,0.00000,0.99890
70.30250,0.49500,0.00131,0.00000,0.99869
70.40250,0.49500,0.00059,0.00001,0.99940
70.50250,0.49500,0.00072,0.00001,0.99928
70.60250,0.49500,0.01362,0.00002,0.98636
70.70250,0.49500,0.01133,0.00001,0.98866
70.80250,0.49500,0.00468,0.00000,0.99532
70.90250,0.49500,0.00782,0.00001,0.99217
71.00250,0.49500,0.00017,0.00002,0.99981
71.10250,0.49500,0.00029,0.00001,0.99971
71.20250,0.49500,0.00019,0.00002,0.99979
71.30250,0.49500,0.00025,0.00001,0.99974
71.40250,0.49500,0.00040,0.00000,0.99960
71.50250,0.49500,0.00015,0.00000,0.99985
71.60250,0.49500,0.00016,0.00000,0.99984
71.70250,0.49500,0.00027,0.00000,0.99973
71.80250,0.49500,0.00074,0.00000,0.99926
71.90250,0.49500,0.00157,0.00000,0.99843
72.00250,0.49500,0.00180,0.00000,0.99820
72.10250,0.49500,0.00249,0.00000,0.99751
72.20250,0.49500,0.00055,0.00000,0.99945
72.30250,0.49500,0.00088,0.00000,0.99912
72.40250,0.49500,0.00020,0.00000,0.99980
72.50250,0.49500,0.00020,0.00000,0.99980
72.60250,0.49500,0.00016,0.00000,0.99984
72.70250,0.49500,0.00046,0.00000,0.99954
72.80250,0.49500,0.00098,0.00000,0.99902
72.90250,0.49500,0.00464,0.00000,0.99536
73.00250,0.49500,0.00166,0.00000,0.99834
73.10250,0.49500,0.00113,0.00000,0.99887
73.20250,0.49500,0.00259,0.00000,0.99741
73.30250,0.49500,0.00178,0.00000,0.99822
73.40250,0.49500,0.00095,0.00000,0.99905
73.50250,0.49500,0.00027,0.00000,0.99973
73.60250,0.49500,0.00024,0.00000,0.99976
73.70250,0.49500,0.00018,0.00000,0.99982
73.80250,0.49500,0.00016,0.00000,0.99984
73.90250,0.49500,0.00016,0.00000,0.99984
74.00250,0.49500,0.00036,0.00000,0.99964
74.10250,0.49500,0.00035,0.00000,0.99965
74.20250,0.49500,0.00021,0.00000,0.99979
74.30250,0.49500,0.00030,0.00000,0.99970
74.40250,0.49500,0.00019,0.00000,0.99981
74.50250,0.49500,0.00238,0.00000,0.99762
74.60250,0.49500,0.00132,0.00000,0.99868
74.70250,0.49500,0.00096,0.00000,0.99904
74.80250,0.49500,0.00046,0.00001,0.99953
74.90250,0.49500,0.00017,0.00000,0.99983
75.00250,0.49500,0.00033,0.00000,0.99967
75.10250,0.49500,0.00173,0.00000,0.99827
75.20250,0.49500,0.00111,0.00000,0.99889
75.30250,0.49500,0.00042,0.00000,0.99958
75.40250,0.49500,0.00149,0.00000,0.99851
75.50250,0.49500,0.00174,0.00000,0.99826
75.60250,0.49500,0.00116,0.00000,0.99883
75.70250,0.49500,0.00169,0.00000,0.99831
75.80250,0.49500,0.00352,0.00000,0.99648
75.90250,0.49500,0.00056,0.00000,0.99944
76.00250,0.49500,0.00033,0.00000,0.99967
76.10250,0.49500,0.00066,0.00000,0.99934
76.20250,0.49500,0.00053,0.00000,0.99947
76.30250,0.49500,0.00150,0.00000,0.99850
76.40250,0.49500,0.00267,0.00000,0.99733
76.50250,0.49500,0.00088,0.00000,0.99912
76.60250,0.49500,0.00035,0.00000,0.99965
76.70250,0.49500,0.00024,0.00000,0.99976
76.80250,0.49500,0.00074,0.00000,0.99926
76.90250,0.49500,0.00034,0.00000,0.99966
77.00250,0.49500,0.00029,0.00000,0.99971
77.10250,0.49500,0.00028,0.00000,0.99972
77.20250,0.49500,0.00012,0.00000,0.99988
77.30250,0.49500,0.00018,0.00000,0.99982
77.40250,0.49500,0.00054,0.00000,0.99946
77.50250,0.49500,0.00038,0.00000,0.99962
77.60250,0.49500,0.00043,0.00002,0.99955
77.70250,0.49500,0.00021,0.00002,0.99976
77.80250,0.49500,0.00035,0.00000,0.99965
77.90250,0.49500,0.00032,0.00001,0.99967
78.00250,0.49500,0.00209,0.00001,0.99790
78.10250,0.49500,0.00078,0.00001,0.99921
78.20250,0.49500,0.02135,0.00007,0.97858
78.30250,0.49500,0.04557,0.00009,0.95434
78.40250,0.49500,0.41472,0.00064,0.58464
78.50250,0.49500,0.88493,0.00112,0.11395
78.60250,0.49500,0.97269,0.00515,0.02216
78.70250,0.49500,0.97514,0.00606,0.01881
78.80250,0.49500,0.94138,0.00048,0.05814
78.90250,0.49500,0.95898,0.00199,0.03903
79.00250,0.49500,0.72170,0.00050,0.27781
79.10250,0.49500,0.49797,0.00105,0.50098
79.20250,0.49500,0.95880,0.00960,0.03160
79.30250,0.49500,0.96111,0.03836,0.00053
79.40250,0.49500,0.69867,0.30133,0.00000
79.50250,0.49500,0.08220,0.91779,0.00001
79.60250,0.49500,0.03478,0.96520,0.00001
79.70250,0.49500,0.06079,0.93920,0.00001
79.80250,0.49500,0.02879,0.97118,0.00003
79.90250,0.49500,0.03906,0.96089,0.00006
80.00250,0.49500,0.01242,0.98755,0.00003
80.10250,0.49500,0.00481,0.99511,0.00008
80.20250,0.49500,0.00369,0.99626,0.00005
80.30250,0.49500,0.00428,0.99569,0.00003
80.40250,0.49500,0.02285,0.97714,0.00001
80.50250,0.49500,0.03331,0.96668,0.00001
80.60250,0.49500,0.01645,0.98352,0.00003
80.70250,0.49500,0.01913,0.98087,0.00001
80.80250,0.49500,0.01146,0.98848,0.00006
80.90250,0.49500,0.01396,0.98603,0.00001
81.00250,0.49500,0.01280,0.98718,0.00002
81.10250,0.49500,0.02021,0.97974,0.00005
81.20250,0.49500,0.02804,0.97192,0.00003
81.30250,0.49500,0.03096,0.96902,0.00002
81.40250,0.49500,0.03488,0.96507,0.00006
81.50250,0.49500,0.01274,0.98724,0.00002
81.60250,0.49500,0.01286,0.98711,0.00004
81.70250,0.49500,0.01450,0.98548,0.00002
81.80250,0.49500,0.02655,0.97344,0.00001
81.90250,0.49500,0.02274,0.97725,0.00001
82.00250,0.49500,0.01194,0.98804,0.00002
82.10250,0.49500,0.00814,0.99182,0.00004
82.20250,0.49500,0.02491,0.97505,0.00004
82.30250,0.49500,0.01742,0.98256,0.00002
82.40250,0.49500,0.05869,0.94129,0.00002
82.50250,0.49500,0.08406,0.91594,0.00000
82.60250,0.49500,0.05816,0.94184,0.00001
82.70250,0.49500,0.03324,0.96675,0.00001
82.80250,0.49500,0.02945,0.97054,0.00001
82.90250,0.49500,0.00730,0.99267,0.00003
83.00250,0.49500,0.00479,0.99519,0.00002
83.10250,0.49500,0.00987,0.99011,0.00002
83.20250,0.49500,0.01648,0.98351,0.00002
83.30250,0.49500,0.01348,0.98647,0.00005
83.40250,0.49500,0.01044,0.98953,0.00003
83.50250,0.49500,0.01101,0.98897,0.00001
83.60250,0.49500,0.02823,0.97176,0.00001
83.70250,0.49500,0.01182,0.98816,0.00003
83.80250,0.49500,0.00565,0.99433,0.00002
83.90250,0.49500,0.00336,0.99660,0.00004
84.00250,0.49500,0.00518,0.99479,0.00003
84.10250,0.49500,0.01623,0.98375,0.00003
84.20250,0.49500,0.00311,0.99683,0.00006
84.30250,0.49500,0.01248,0.98749,0.00003
84.40250,0.49500,0.01651,0.98346,0.00003
84.50250,0.49500,0.02289,0.97710,0.00001
84.60250,0.49500,0.01249,0.98748,0.00003
84.70250,0.49500,0.01126,0.98869,0.00005
84.80250,0.49500,0.00491,0.99506,0.00004
84.90250,0.49500,0.01187,0.98811,0.00002
85.00250,0.49500,0.05760,0.94239,0.00001
85.10250,0.49500,0.04868,0.95129,0.00002
85.20250,0.49500,0.02856,0.97142,0.00002
85.30250,0.49500,0.00957,0.99041,0.00002
85.40250,0.49500,0.00320,0.99668,0.00012
85.50250,0.49500,0.00744,0.99253,0.00004
85.60250,0.49500,0.02003,0.97994,0.00003
85.70250,0.49500,0.03461,0.96539,0.00000
85.80250,0.49500,0.09549,0.90450,0.00001
85.90250,0.49500,0.04762,0.95238,0.00000
86.00250,0.49500,0.03675,0.96323,0.00002
86.10250,0.49500,0.02160,0.97837,0.00004
86.20250,0.49500,0.01272,0.98724,0.00004
86.30250,0.49500,0.05767,0.94232,0.00001
86.40250,0.49500,0.06260,0.93739,0.00001
86.50250,0.49500,0.06213,0.93786,0.00000
86.60250,0.49500,0.07093,0.92905,0.00002
86.70250,0.49500,0.03383,0.96615,0.00001
86.80250,0.49500,0.02931,0.97067,0.00002
86.90250,0.49500,0.00572,0.99425,0.00004
87.00250,0.49500,0.00514,0.99481,0.00005
87.10250,0.49500,0.01141,0.98852,0.00007
87.20250,0.49500,0.00607,0.99390,0.00003
87.30250,0.49500,0.01630,0.98368,0.00002
87.40250,0.49500,0.00985,0.99011,0.00003
87.50250,0.49500,0.01291,0.98708,0.00001
87.60250,0.49500,0.00554,0.99441,0.00004
87.70250,0.49500,0.01260,0.98737,0.00003
87.80250,0.49500,0.00788,0.99209,0.00003
87.90250,0.49500,0.01071,0.98927,0.00003
88.00250,0.49500,0.00913,0.99084,0.00003
88.10250,0.49500,0.01672,0.98327,0.00001
88.20250,0.49500,0.01437,0.98562,0.00001
88.30250,0.49500,0.00658,0.99340,0.00002
88.40250,0.49500,0.01049,0.98950,0.00001
88.50250,0.49500,0.00959,0.99040,0.00001
88.60250,0.49500,0.04246,0.95753,0.00001
88.70250,0.49500,0.11552,0.88444,0.00004
88.80250,0.49500,0.04942,0.95057,0.00000
88.90250,0.49500,0.08289,0.91709,0.00002
89.00250,0.49500,0.03998,0.95998,0.00005
89.10250,0.49500,0.01130,0.98868,0.00002
89.20250,0.49500,0.00413,0.99569,0.00018
89.30250,0.49500,0.01216,0.98782,0.00002
89.40250,0.49500,0.00868,0.99126,0.00006
89.50250,0.49500,0.01807,0.98192,0.00001
89.60250,0.49500,0.03056,0.96943,0.00001
89.70250,0.49500,0.01891,0.98109,0.00001
89.80250,0.49500,0.05679,0.94321,0.00000
89.90250,0.49500,0.02704,0.97296,0.00000
90.00250,0.49500,0.05809,0.94190,0.00001
90.10250,0.49500,0.86655,0.13340,0.00005
90.20250,0.49500,0.87811,0.12116,0.00073
90.30250,0.49500,0.95883,0.03989,0.00128
90.40250,0.49500,0.99550,0.00417,0.00033
90.50250,0.49500,0.99181,0.00438,0.00380
90.60250,0.49500,0.99147,0.00816,0.00037
90.70250,0.49500,0.99382,0.00609,0.00009
90.80250,0.49500,0.99101,0.00889,0.00010
90.90250,0.49500,0.98081,0.00113,0.01807
91.00250,0.49500,0.99575,0.00016,0.00409
91.10250,0.49500,0.64934,0.00064,0.35002
91.20250,0.49500,0.02239,0.00003,0.97758
91.30250,0.49500,0.00265,0.00002,0.99733
91.40250,0.49500,0.00291,0.00040,0.99670
91.50250,0.49500,0.03189,0.00143,0.96668
91.60250,0.49500,0.02962,0.00115,0.96923
91.70250,0.49500,0.02447,0.00095,0.97458
91.80250,0.49500,0.03034,0.00071,0.96895
91.90250,0.49500,0.00414,0.00043,0.99543
92.00250,0.49500,0.00155,0.00072,0.99774
92.10250,0.49500,0.00021,0.00039,0.99940
92.20250,0.49500,0.00151,0.00331,0.99518
92.30250,0.49500,0.00537,0.00742,0.98721
92.40250,0.49500,0.00255,0.00417,0.99328
92.50250,0.49500,0.00525,0.00123,0.99351
92.60250,0.49500,0.00945,0.00255,0.98800
92.70250,0.49500,0.00836,0.00024,0.99140
92.80250,0.49500,0.00868,0.00037,0.99094
92.90250,0.49500,0.00752,0.00022,0.99226
93.00250,0.49500,0.00595,0.00029,0.99376
93.10250,0.49500,0.00715,0.00063,0.99222
93.20250,0.49500,0.00261,0.00066,0.99673
93.30250,0.49500,0.02226,0.00199,0.97575
93.40250,0.49500,0.00618,0.00227,0.99154
93.50250,0.49500,0.00231,0.00151,0.99618
93.60250,0.49500,0.01099,0.00141,0.98761
93.70250,0.49500,0.16465,0.00393,0.83141
93.80250,0.49500,0.21308,0.00426,0.78266
93.90250,0.49500,0.30902,0.00278,0.68820
94.00250,0.49500,0.01937,0.00261,0.97802
94.10250,0.49500,0.00344,0.00138,0.99518
94.20250,0.49500,0.00143,0.00050,0.99807
94.30250,0.49500,0.00050,0.00074,0.99876
94.40250,0.49500,0.00068,0.00040,0.99892
94.50250,0.49500,0.00023,0.00035,0.99943
94.60250,0.49500,0.00300,0.00051,0.99649
94.70250,0.49500,0.00365,0.00074,0.99561
94.80250,0.49500,0.00515,0.00075,0.99410
94.90250,0.49500,0.00558,0.00044,0.99398
95.00250,0.49500,0.00172,0.00009,0.99820
95.10250,0.49500,0.00095,0.00009,0.99896
95.20250,0.49500,0.00048,0.00002,0.99950
95.30250,0.49500,0.00033,0.00003,0.99964
95.40250,0.49500,0.00027,0.00008,0.99965
95.50250,0.49500,0.00114,0.00009,0.99877
95.60250,0.49500,0.00121,0.00025,0.99854
95.70250,0.49500,0.00167,0.00096,0.99737
95.80250,0.49500,0.00330,0.00086,0.99584
95.90250,0.49500,0.00234,0.00127,0.99639
96.00250,0.49500,0.00340,0.00118,0.99542
96.10250,0.49500,0.00879,0.00280,0.98841
96.20250,0.49500,0.00131,0.00180,0.99689
96.30250,0.49500,0.00245,0.00119,0.99636
96.40250,0.49500,0.00140,0.00324,0.99536
96.50250,0.49500,0.00385,0.00960,0.98654
96.60250,0.49500,0.00334,0.00303,0.99363
96.70250,0.49500,0.00189,0.00408,0.99403
96.80250,0.49500,0.00939,0.00712,0.98349
96.90250,0.49500,0.00569,0.00290,0.99141
97.00250,0.49500,0.00100,0.00079,0.99820
97.10250,0.49500,0.00109,0.00145,0.99746
97.20250,0.49500,0.00461,0.00206,0.99333
97.30250,0.49500,0.00169,0.00128,0.99703
97.40250,0.49500,0.00030,0.00168,0.99802
97.50250,0.49500,0.00238,0.00191,0.99571
97.60250,0.49500,0.00124,0.00055,0.99821
97.70250,0.49500,0.00168,0.00087,0.99746
97.80250,0.49500,0.00754,0.00141,0.99105
97.90250,0.49500,0.01313,0.00103,0.98584
98.00250,0.49500,0.00880,0.00706,0.98414
98.10250,0.49500,0.00299,0.01104,0.98597
98.20250,0.49500,0.00290,0.00209,0.99501
98.30250,0.49500,0.00260,0.00086,0.99654
98.40250,0.49500,0.00364,0.00091,0.99545
98.50250,0.49500,0.00482,0.00018,0.99500
98.60250,0.49500,0.00569,0.00074,0.99357
98.70250,0.49500,0.01236,0.00054,0.98711
98.80250,0.49500,0.01003,0.00046,0.98951
98.90250,0.49500,0.00762,0.00325,0.98913
99.00250,0.49500,0.00216,0.00113,0.99671
99.10250,0.49500,0.00047,0.00050,0.99903
99.20250,0.49500,0.00064,0.00012,0.99924
99.30250,0.49500,0.00968,0.00023,0.99010
99.40250,0.49500,0.01057,0.00039,0.98904
99.50250,0.49500,0.05788,0.00049,0.94163
99.60250,0.49500,0.10914,0.00093,0.88993
99.70250,0.49500,0.04174,0.00148,0.95678
99.80250,0.49500,0.09026,0.00364,0.90611
99.90250,0.49500,0.00740,0.00194,0.99066
100.00250,0.49500,0.00799,0.00269,0.98932
100.10250,0.49500,0.00060,0.00115,0.99825
100.20250,0.49500,0.00078,0.00044,0.99878
100.30250,0.49500,0.00632,0.00046,0.99322
100.40250,0.49500,0.00623,0.00011,0.99365
100.50250,0.49500,0.00423,0.00011,0.99566
100.60250,0.49500,0.01123,0.00013,0.98865
100.70250,0.49500,0.00325,0.00007,0.99668
100.80250,0.49500,0.00151,0.00048,0.99801
100.90250,0.49500,0.00519,0.00263,0.99218
101.00250,0.49500,0.00089,0.00548,0.99363
101.10250,0.49500,0.00065,0.00439,0.99496
101.20250,0.49500,0.00293,0.00338,0.99369
101.30250,0.49500,0.00487,0.00373,0.99140
101.40250,0.49500,0.00324,0.00182,0.99494
101.50250,0.49500,0.00650,0.00035,0.99315
101.60250,0.49500,0.00202,0.00007,0.99791
101.70250,0.49500,0.00253,0.00033,0.99714
101.80250,0.49500,0.00153,0.00026,0.99821
101.90250,0.49500,0.00374,0.00055,0.99571
102.00250,0.49500,0.00740,0.00544,0.98716
102.10250,0.49500,0.02982,0.00266,0.96751
102.20250,0.49500,0.01381,0.00124,0.98496
102.30250,0.49500,0.00161,0.00011,0.99828
102.40250,0.49500,0.00116,0.00002,0.99882
102.50250,0.49500,0.00106,0.00000,0.99894
102.60250,0.49500,0.00072,0.00000,0.99927
102.70250,0.49500,0.00185,0.00002,0.99813
102.80250,0.49500,0.00052,0.00001,0.99947
102.90250,0.49500,0.00121,0.00035,0.99844
103.00250,0.49500,0.00085,0.00079,0.99837
103.10250,0.49500,0.00060,0.00049,0.99892
103.20250,0.49500,0.00194,0.00093,0.99713
103.30250,0.49500,0.00149,0.00171,0.99680
103.40250,0.49500,0.00057,0.00042,0.99901
103.50250,0.49500,0.00056,0.00023,0.99921
103.60250,0.49500,0.00117,0.00026,0.99857
103.70250,0.49500,0.00038,0.00001,0.99961
103.80250,0.49500,0.00130,0.00000,0.99870
103.90250,0.49500,0.00030,0.00002,0.99968
104.00250,0.49500,0.00151,0.00002,0.99847
104.10250,0.49500,0.00083,0.00010,0.99907
104.20250,0.49500,0.00088,0.00036,0.99875
104.30250,0.49500,0.00273,0.00023,0.99704
104.40250,0.49500,0.00170,0.00030,0.99800
104.50250,0.49500,0.00668,0.00062,0.99270
104.60250,0.49500,0.00275,0.00053,0.99673
104.70250,0.49500,0.00108,0.00087,0.99805
104.80250,0.49500,0.00066,0.00260,0.99674
104.90250,0.49500,0.00066,0.00442,0.99492
105.00250,0.49500,0.00378,0.00626,0.98996
105.10250,0.49500,0.01558,0.00392,0.98050
105.20250,0.49500,0.03574,0.01117,0.95309
105.30250,0.49500,0.00769,0.00512,0.98719
105.40250,0.49500,0.01132,0.00317,0.98551
105.50250,0.49500,0.00128,0.00007,0.99865
105.60250,0.49500,0.76467,0.00043,0.23490
105.70250,0.49500,0.99178,0.00012,0.00810
105.80250,0.49500,0.99550,0.00006,0.00444
105.90250,0.49500,0.99940,0.00028,0.00032
106.00250,0.49500,0.99955,0.00044,0.00001
106.10250,0.49500,0.99821,0.00142,0.00037
106.20250,0.49500,0.99191,0.00505,0.00305
106.30250,0.49500,0.90576,0.09352,0.00072
106.40250,0.49500,0.86362,0.13534,0.00104
106.50250,0.49500,0.74900,0.25100,0.00000
106.60250,0.49500,0.94925,0.05069,0.00006
106.70250,0.49500,0.97561,0.02439,0.00000
106.80250,0.49500,0.92404,0.07595,0.00000
106.90250,0.49500,0.76339,0.23510,0.00151
107.00250,0.49500,0.11565,0.88409,0.00026
107.10250,0.49500,0.07583,0.92414,0.00003
107.20250,0.49500,0.11613,0.88384,0.00004
107.30250,0.49500,0.12653,0.87346,0.00001
107.40250,0.49500,0.21659,0.78340,0.00001
107.50250,0.49500,0.27965,0.72033,0.00002
107.60250,0.49500,0.12891,0.87108,0.00001
107.70250,0.49500,0.04027,0.95972,0.00001
107.80250,0.49500,0.04189,0.95800,0.00011
107.90250,0.49500,0.03202,0.96796,0.00002
108.00250,0.49500,0.03055,0.96942,0.00004
108.10250,0.49500,0.03874,0.96117,0.00008
108.20250,0.49500,0.01021,0.98977,0.00002
108.30250,0.49500,0.02665,0.97328,0.00007
108.40250,0.49500,0.00952,0.99036,0.00012
108.50250,0.49500,0.00986,0.99005,0.00009
108.60250,0.49500,0.00855,0.99139,0.00006
108.70250,0.49500,0.00290,0.99686,0.00023
108.80250,0.49500,0.00294,0.99699,0.00006
108.90250,0.49500,0.00416,0.99582,0.00003
109.00250,0.49500,0.01096,0.98900,0.00005
109.10250,0.49500,0.02124,0.97872,0.00004
109.20250,0.49500,0.01493,0.98504,0.00002
109.30250,0.49500,0.02515,0.97480,0.00005
109.40250,0.49500,0.03857,0.96139,0.00004
109.50250,0.49500,0.04765,0.95234,0.00002
109.60250,0.49500,0.07064,0.92936,0.00001
109.70250,0.49500,0.07823,0.92173,0.00004
109.80250,0.49500,0.01869,0.98130,0.00001
109.90250,0.49500,0.02011,0.97988,0.00001
110.00250,0.49500,0.01709,0.98289,0.00001
110.10250,0.49500,0.01413,0.98583,0.00003
110.20250,0.49500,0.01931,0.98066,0.00003
110.30250,0.49500,0.01261,0.98735,0.00004
110.40250,0.49500,0.01188,0.98806,0.00006
110.50250,0.49500,0.01800,0.98197,0.00003
110.60250,0.49500,0.01915,0.98073,0.00012
110.70250,0.49500,0.01010,0.98983,0.00008
110.80250,0.49500,0.00572,0.99421,0.00008
110.90250,0.49500,0.02263,0.97736,0.00001
111.00250,0.49500,0.04483,0.95513,0.00004
111.10250,0.49500,0.06690,0.93304,0.00006
111.20250,0.49500,0.04871,0.95125,0.00004
111.30250,0.49500,0.05871,0.94126,0.00003
111.40250,0.49500,0.10406,0.89590,0.00004
111.50250,0.49500,0.10667,0.89327,0.00006
111.60250,0.49500,0.01967,0.98031,0.00002
111.70250,0.49500,0.01196,0.98798,0.00006
111.80250,0.49500,0.03880,0.96119,0.00001
111.90250,0.49500,0.02276,0.97721,0.00003
112.00250,0.49500,0.05797,0.94200,0.00003
112.10250,0.49500,0.06656,0.93342,0.00002
112.20250,0.49500,0.01255,0.98743,0.00002
112.30250,0.49500,0.06337,0.93661,0.00001
112.40250,0.49500,0.02198,0.97798,0.00005
112.50250,0.49500,0.00519,0.99464,0.00017
112.60250,0.49500,0.00530,0.99463,0.00006
112.70250,0.49500,0.01059,0.98927,0.00014
112.80250,0.49500,0.05325,0.94664,0.00011
112.90250,0.49500,0.02700,0.97297,0.00003
113.00250,0.49500,0.02910,0.97085,0.00005
113.10250,0.49500,0.02521,0.97473,0.00006
113.20250,0.49500,0.00547,0.99446,0.00007
113.30250,0.49500,0.00548,0.99442,0.00010
113.40250,0.49500,0.00685,0.99310,0.00004
113.50250,0.49500,0.01195,0.98802,0.00004
113.60250,0.49500,0.00771,0.99215,0.00014
113.70250,0.49500,0.01845,0.98138,0.00017
113.80250,0.49500,0.04289,0.95708,0.00004
113.90250,0.49500,0.04379,0.95615,0.00005
114.00250,0.49500,0.11542,0.88453,0.00005
114.10250,0.49500,0.07299,0.92701,0.00001
114.20250,0.49500,0.09757,0.90239,0.00003
114.30250,0.49500,0.05132,0.94865,0.00003
114.40250,0.49500,0.01039,0.98956,0.00004
114.50250,0.49500,0.02347,0.97651,0.00003
114.60250,0.49500,0.02597,0.97397,0.00005
114.70250,0.49500,0.07511,0.92484,0.00005
114.80250,0.49500,0.08643,0.91352,0.00005
114.90250,0.49500,0.12654,0.87341,0.00005
115.00250,0.49500,0.24861,0.75063,0.00076
115.10250,0.49500,0.56887,0.42679,0.00434
115.20250,0.49500,0.98780,0.01196,0.00024
115.30250,0.49500,0.97718,0.02261,0.00021
115.40250,0.49500,0.99672,0.00272,0.00056
115.50250,0.49500,0.98317,0.01645,0.00038
115.60250,0.49500,0.99034,0.00965,0.00001
115.70250,0.49500,0.93636,0.06346,0.00018
115.80250,0.49500,0.99617,0.00383,0.00000
115.90250,0.49500,0.99962,0.00037,0.00001
116.00250,0.49500,0.99333,0.00667,0.00000
116.10250,0.49500,0.99697,0.00303,0.00000
116.20250,0.49500,0.97548,0.02426,0.00026
116.30250,0.49500,0.96514,0.03485,0.00001
116.40250,0.49500,0.98026,0.01974,0.00001
116.50250,0.49500,0.75570,0.24419,0.00012
116.60250,0.49500,0.71285,0.28713,0.00001
116.70250,0.49500,0.59417,0.40582,0.00001
116.80250,0.49500,0.50381,0.49618,0.00001
116.90250,0.49500,0.41739,0.58260,0.00001
117.00250,0.49500,0.96422,0.03573,0.00005
117.10250,0.49500,0.97284,0.02705,0.00011
117.20250,0.49500,0.98593,0.00933,0.00474
117.30250,0.49500,0.98712,0.00995,0.00293
117.40250,0.49500,0.39725,0.60167,0.00108
117.50250,0.49500,0.05385,0.90099,0.04516
117.60250,0.49500,0.06915,0.52439,0.40647
117.70250,0.49500,0.31452,0.16031,0.52517
117.80250,0.49500,0.77648,0.16869,0.05483
117.90250,0.49500,0.39692,0.34062,0.26247
118.00250,0.49500,0.59151,0.21431,0.19418
118.10250,0.49500,0.06300,0.92055,0.01645
118.20250,0.49500,0.14355,0.56425,0.29220
118.30250,0.49500,0.17426,0.21968,0.60606
118.40250,0.49500,0.51314,0.20771,0.27914
118.50250,0.49500,0.37491,0.08076,0.54433
118.60250,0.49500,0.93704,0.01616,0.04680
118.70250,0.49500,0.82729,0.12314,0.04957
118.80250,0.49500,0.66811,0.22317,0.10872
118.90250,0.49500,0.83021,0.10628,0.06351
119.00250,0.49500,0.45973,0.30680,0.23348
119.10250,0.49500,0.10614,0.53355,0.36030
119.20250,0.49500,0.09967,0.46999,0.43034
119.30250,0.49500,0.02452,0.37232,0.60316
119.40250,0.49500,0.20725,0.56736,0.22539
119.50250,0.49500,0.11182,0.51082,0.37736
119.60250,0.49500,0.54762,0.12569,0.32670
119.70250,0.49500,0.59105,0.16449,0.24446
119.80250,0.49500,0.17959,0.30801,0.51240
119.90250,0.49500,0.14312,0.08211,0.77477
120.00250,0.49500,0.34190,0.30125,0.35684
120.10250,0.49500,0.06814,0.77323,0.15863
120.20250,0.49500,0.02671,0.58131,0.39198
120.30250,0.49500,0.10582,0.49672,0.39746
120.40250,0.49500,0.04236,0.90384,0.05380
120.50250,0.49500,0.16370,0.47269,0.36360
120.60250,0.49500,0.32703,0.43660,0.23637
120.70250,0.49500,0.48773,0.37355,0.13872
120.80250,0.49500,0.28542,0.25309,0.46149
120.90250,0.49500,0.30215,0.51730,0.18056
121.00250,0.49500,0.07002,0.23863,0.69135
121.10250,0.49500,0.04697,0.39639,0.55665
121.20250,0.49500,0.00838,0.16935,0.82227
121.30250,0.49500,0.01744,0.16584,0.81672
121.40250,0.49500,0.03451,0.12983,0.83566
121.50250,0.49500,0.03002,0.16042,0.80957
121.60250,0.49500,0.02947,0.44550,0.52503
121.70250,0.49500,0.02939,0.57286,0.39775
121.80250,0.49500,0.04064,0.63689,0.32247
121.90250,0.49500,0.01409,0.61126,0.37465
122.00250,0.49500,0.00424,0.29081,0.70494
122.10250,0.49500,0.01024,0.13576,0.85400
122.20250,0.49500,0.04218,0.37863,0.57919
122.30250,0.49500,0.04200,0.17596,0.78204
122.40250,0.49500,0.14565,0.20928,0.64507
122.50250,0.49500,0.16572,0.47461,0.35968
122.60250,0.49500,0.09604,0.22858,0.67538
122.70250,0.49500,0.20481,0.37040,0.42478
122.80250,0.49500,0.05097,0.19296,0.75607
122.90250,0.49500,0.02949,0.27781,0.69270
123.00250,0.49500,0.02570,0.30359,0.67071
123.10250,0.49500,0.02708,0.30865,0.66427
123.20250,0.49500,0.07665,0.23242,0.69093
123.30250,0.49500,0.15395,0.35497,0.49109
