Time (seconds), Duration (seconds),pred_(unlabeled),pred_On,pred_Off,pred_Dimmer,pred_Lighter
0.01000,1.98000,0.99974,0.00000,0.00000,0.00007,0.00019
0.21000,1.98000,0.99974,0.00000,0.00000,0.00007,0.00019
0.41000,1.98000,0.99974,0.00000,0.00000,0.00007,0.00019
0.61000,1.98000,0.99974,0.00000,0.00000,0.00007,0.00019
0.81000,1.98000,0.99975,0.00000,0.00000,0.00007,0.00019
1.01000,1.98000,0.99975,0.00000,0.00000,0.00007,0.00019
1.21000,1.98000,0.99974,0.00000,0.00000,0.00007,0.00019
1.41000,1.98000,0.99975,0.00000,0.00000,0.00007,0.00019
1.61000,1.98000,0.99976,0.00000,0.00000,0.00006,0.00017
1.81000,1.98000,0.99989,0.00000,0.00000,0.00003,0.00008
2.01000,1.98000,0.99990,0.00000,0.00000,0.00002,0.00007
2.21000,1.98000,0.99990,0.00003,0.00000,0.00003,0.00004
2.41000,1.98000,0.99986,0.00010,0.00000,0.00002,0.00002
2.61000,1.98000,0.99964,0.00031,0.00000,0.00004,0.00001
2.81000,1.98000,0.99810,0.00173,0.00000,0.00015,0.00002
3.01000,1.98000,0.97952,0.01902,0.00000,0.00135,0.00011
3.21000,1.98000,0.08534,0.90920,0.00001,0.00540,0.00005
3.41000,1.98000,0.70202,0.29545,0.00238,0.00009,0.00005
3.61000,1.98000,0.99475,0.00494,0.00029,0.00001,0.00001
3.81000,1.98000,0.99952,0.00044,0.00003,0.00000,0.00001
4.01000,1.98000,0.99986,0.00010,0.00002,0.00000,0.00001
4.21000,1.98000,0.99984,0.00014,0.00000,0.00000,0.00001
4.41000,1.98000,0.99984,0.00014,0.00000,0.00000,0.00002
4.61000,1.98000,0.99975,0.00021,0.00000,0.00001,0.00004
4.81000,1.98000,0.99824,0.00148,0.00000,0.00008,0.00020
5.01000,1.98000,0.99546,0.00365,0.00000,0.00063,0.00026
5.21000,1.98000,0.96210,0.03714,0.00000,0.00067,0.00009
5.41000,1.98000,0.26484,0.73469,0.00000,0.00044,0.00003
5.61000,1.98000,0.67012,0.32939,0.00035,0.00005,0.00009
5.81000,1.98000,0.98655,0.01336,0.00004,0.00001,0.00003
6.01000,1.98000,0.99699,0.00288,0.00005,0.00002,0.00006
6.21000,1.98000,0.99966,0.00025,0.00002,0.00001,0.00007
6.41000,1.98000,0.99996,0.00001,0.00001,0.00000,0.00002
6.61000,1.98000,0.99996,0.00000,0.00000,0.00000,0.00003
6.81000,1.98000,0.99996,0.00000,0.00000,0.00001,0.00002
7.01000,1.98000,0.99967,0.00000,0.00000,0.00015,0.00018
7.21000,1.98000,0.99983,0.00000,0.00000,0.00009,0.00008
7.41000,1.98000,0.99986,0.00001,0.00000,0.00004,0.00008
7.61000,1.98000,0.99991,0.00003,0.00000,0.00002,0.00004
7.81000,1.98000,0.99983,0.00012,0.00000,0.00002,0.00003
8.01000,1.98000,0.99953,0.00038,0.00000,0.00005,0.00004
8.21000,1.98000,0.99588,0.00373,0.00000,0.00029,0.00009
8.41000,1.98000,0.89932,0.09461,0.00000,0.00593,0.00014
8.61000,1.98000,0.02996,0.96758,0.00003,0.00240,0.00003
8.81000,1.98000,0.96615,0.03327,0.00051,0.00003,0.00004
9.01000,1.98000,0.99859,0.00127,0.00012,0.00001,0.00001
9.21000,1.98000,0.99986,0.00010,0.00002,0.00000,0.00001
9.41000,1.98000,0.99990,0.00002,0.00002,0.00001,0.00005
9.61000,1.98000,0.99973,0.00001,0.00008,0.00002,0.00015
9.81000,1.98000,0.99990,0.00000,0.00000,0.00002,0.00008
10.01000,1.98000,0.99982,0.00000,0.00000,0.00004,0.00015
10.21000,1.98000,0.99992,0.00000,0.00000,0.00001,0.00006
10.41000,1.98000,0.99996,0.00001,0.00000,0.00001,0.00003
10.61000,1.98000,0.99996,0.00001,0.00000,0.00001,0.00001
10.81000,1.98000,0.99993,0.00006,0.00000,0.00000,0.00001
11.01000,1.98000,0.99799,0.00183,0.00000,0.00013,0.00005
11.21000,1.98000,0.93996,0.05716,0.00000,0.00278,0.00010
11.41000,1.98000,0.17641,0.81820,0.00001,0.00530,0.00007
11.61000,1.98000,0.90926,0.09007,0.00039,0.00016,0.00011
11.81000,1.98000,0.99918,0.00072,0.00008,0.00000,0.00001
12.01000,1.98000,0.99989,0.00007,0.00003,0.00000,0.00001
12.21000,1.98000,0.99997,0.00001,0.00001,0.00000,0.00001
12.41000,1.98000,0.99996,0.00000,0.00001,0.00000,0.00003
12.61000,1.98000,0.99991,0.00000,0.00000,0.00001,0.00008
12.81000,1.98000,0.99975,0.00000,0.00000,0.00004,0.00021
13.01000,1.98000,0.99976,0.00000,0.00000,0.00004,0.00019
13.21000,1.98000,0.99975,0.00000,0.00000,0.00005,0.00020
13.41000,1.98000,0.99989,0.00000,0.00000,0.00002,0.00009
13.61000,1.98000,0.99996,0.00000,0.00000,0.00000,0.00003
13.81000,1.98000,0.99998,0.00000,0.00000,0.00000,0.00001
14.01000,1.98000,0.99999,0.00001,0.00000,0.00000,0.00000
14.21000,1.98000,0.99992,0.00007,0.00000,0.00001,0.00001
14.41000,1.98000,0.99774,0.00203,0.00000,0.00015,0.00008
14.61000,1.98000,0.93979,0.05975,0.00000,0.00040,0.00006
14.81000,1.98000,0.35162,0.64825,0.00000,0.00011,0.00001
15.01000,1.98000,0.53758,0.46141,0.00094,0.00004,0.00004
15.21000,1.98000,0.99183,0.00788,0.00027,0.00001,0.00001
15.41000,1.98000,0.99936,0.00051,0.00012,0.00000,0.00001
15.61000,1.98000,0.99988,0.00008,0.00003,0.00000,0.00001
15.81000,1.98000,0.99997,0.00001,0.00001,0.00000,0.00001
16.01000,1.98000,0.99998,0.00001,0.00000,0.00000,0.00001
16.21000,1.98000,0.99993,0.00001,0.00000,0.00004,0.00002
16.41000,1.98000,0.99818,0.00004,0.00000,0.00148,0.00030
16.61000,1.98000,0.99738,0.00004,0.00001,0.00224,0.00033
16.81000,1.98000,0.99592,0.00006,0.00001,0.00337,0.00064
17.01000,1.98000,0.99741,0.00004,0.00002,0.00160,0.00092
17.21000,1.98000,0.99852,0.00001,0.00001,0.00036,0.00109
17.41000,1.98000,0.99984,0.00001,0.00000,0.00002,0.00013
17.61000,1.98000,0.99991,0.00003,0.00000,0.00001,0.00006
17.81000,1.98000,0.99993,0.00003,0.00000,0.00000,0.00004
18.01000,1.98000,0.99976,0.00019,0.00000,0.00001,0.00004
18.21000,1.98000,0.99934,0.00061,0.00000,0.00001,0.00004
18.41000,1.98000,0.99353,0.00534,0.00000,0.00056,0.00057
18.61000,1.98000,0.89302,0.10593,0.00000,0.00099,0.00006
18.81000,1.98000,0.06400,0.93566,0.00001,0.00032,0.00001
19.01000,1.98000,0.91429,0.08546,0.00018,0.00003,0.00004
19.21000,1.98000,0.99498,0.00472,0.00025,0.00001,0.00003
19.41000,1.98000,0.99905,0.00082,0.00010,0.00001,0.00002
19.61000,1.98000,0.99967,0.00022,0.00006,0.00001,0.00005
19.81000,1.98000,0.99990,0.00003,0.00001,0.00001,0.00005
20.01000,1.98000,0.99990,0.00001,0.00000,0.00003,0.00006
20.21000,1.98000,0.99968,0.00000,0.00000,0.00009,0.00023
20.41000,1.98000,0.99990,0.00000,0.00000,0.00002,0.00008
20.61000,1.98000,0.99991,0.00001,0.00000,0.00001,0.00007
20.81000,1.98000,0.99992,0.00004,0.00000,0.00001,0.00004
21.01000,1.98000,0.99974,0.00022,0.00000,0.00001,0.00003
21.21000,1.98000,0.99903,0.00092,0.00000,0.00001,0.00003
21.41000,1.98000,0.99467,0.00515,0.00000,0.00009,0.00009
21.61000,1.98000,0.92587,0.07402,0.00000,0.00009,0.00002
21.81000,1.98000,0.05210,0.94779,0.00000,0.00009,0.00001
22.01000,1.98000,0.78329,0.21538,0.00123,0.00005,0.00005
22.21000,1.98000,0.99657,0.00312,0.00029,0.00000,0.00001
22.41000,1.98000,0.99946,0.00047,0.00006,0.00000,0.00001
22.61000,1.98000,0.99982,0.00014,0.00002,0.00000,0.00001
22.81000,1.98000,0.99993,0.00003,0.00002,0.00001,0.00002
23.01000,1.98000,0.99979,0.00002,0.00005,0.00004,0.00010
23.21000,1.98000,0.99955,0.00001,0.00000,0.00018,0.00026
23.41000,1.98000,0.99964,0.00000,0.00000,0.00009,0.00027
23.61000,1.98000,0.99965,0.00000,0.00000,0.00009,0.00027
23.81000,1.98000,0.99964,0.00000,0.00000,0.00009,0.00027
24.01000,1.98000,0.99963,0.00000,0.00000,0.00009,0.00028
24.21000,1.98000,0.99963,0.00000,0.00000,0.00009,0.00028
24.41000,1.98000,0.99963,0.00000,0.00000,0.00009,0.00028
24.61000,1.98000,0.99963,0.00000,0.00000,0.00009,0.00028
24.81000,1.98000,0.99964,0.00000,0.00000,0.00009,0.00027
25.01000,1.98000,0.99967,0.00000,0.00000,0.00007,0.00026
25.21000,1.98000,0.99970,0.00000,0.00000,0.00006,0.00025
25.41000,1.98000,0.99972,0.00000,0.00000,0.00005,0.00023
25.61000,1.98000,0.99973,0.00000,0.00000,0.00004,0.00022
25.81000,1.98000,0.99987,0.00000,0.00000,0.00002,0.00011
26.01000,1.98000,0.99994,0.00000,0.00000,0.00001,0.00005
26.21000,1.98000,0.99996,0.00001,0.00000,0.00001,0.00002
26.41000,1.98000,0.99996,0.00002,0.00000,0.00001,0.00001
26.61000,1.98000,0.99993,0.00005,0.00000,0.00001,0.00001
26.81000,1.98000,0.99854,0.00134,0.00000,0.00009,0.00003
27.01000,1.98000,0.95071,0.04886,0.00000,0.00040,0.00003
27.21000,1.98000,0.43413,0.56540,0.00000,0.00045,0.00001
27.41000,1.98000,0.09750,0.90214,0.00002,0.00033,0.00001
27.61000,1.98000,0.99338,0.00625,0.00035,0.00001,0.00001
27.81000,1.98000,0.99969,0.00023,0.00007,0.00000,0.00001
28.01000,1.98000,0.99992,0.00005,0.00002,0.00000,0.00001
28.21000,1.98000,0.99998,0.00001,0.00000,0.00000,0.00001
28.41000,1.98000,0.99998,0.00001,0.00000,0.00000,0.00001
28.61000,1.98000,0.99997,0.00002,0.00000,0.00000,0.00001
28.81000,1.98000,0.99990,0.00004,0.00000,0.00002,0.00004
29.01000,1.98000,0.99982,0.00014,0.00000,0.00003,0.00002
29.21000,1.98000,0.99879,0.00106,0.00000,0.00012,0.00002
29.41000,1.98000,0.99027,0.00941,0.00000,0.00030,0.00002
29.61000,1.98000,0.71805,0.28057,0.00000,0.00133,0.00005
29.81000,1.98000,0.01251,0.98681,0.00002,0.00066,0.00001
30.01000,1.98000,0.90947,0.08960,0.00087,0.00002,0.00003
30.21000,1.98000,0.99818,0.00160,0.00020,0.00000,0.00001
30.41000,1.98000,0.99967,0.00025,0.00006,0.00000,0.00002
30.61000,1.98000,0.99993,0.00004,0.00002,0.00000,0.00001
30.81000,1.98000,0.99994,0.00002,0.00001,0.00000,0.00003
31.01000,1.98000,0.99988,0.00001,0.00002,0.00002,0.00008
31.21000,1.98000,0.99974,0.00000,0.00000,0.00006,0.00020
31.41000,1.98000,0.99974,0.00000,0.00000,0.00006,0.00020
31.61000,1.98000,0.99973,0.00000,0.00000,0.00007,0.00020
31.81000,1.98000,0.99974,0.00000,0.00000,0.00006,0.00019
32.01000,1.98000,0.99974,0.00000,0.00000,0.00006,0.00020
32.21000,1.98000,0.99974,0.00000,0.00000,0.00007,0.00020
32.41000,1.98000,0.99977,0.00000,0.00000,0.00006,0.00017
32.61000,1.98000,0.99991,0.00000,0.00000,0.00001,0.00007
32.81000,1.98000,0.99995,0.00000,0.00000,0.00001,0.00004
33.01000,1.98000,0.99996,0.00002,0.00000,0.00001,0.00002
33.21000,1.98000,0.99992,0.00006,0.00000,0.00001,0.00001
33.41000,1.98000,0.99978,0.00019,0.00000,0.00002,0.00001
33.61000,1.98000,0.99525,0.00469,0.00000,0.00005,0.00002
33.81000,1.98000,0.84314,0.15665,0.00000,0.00019,0.00002
34.01000,1.98000,0.04819,0.95173,0.00000,0.00007,0.00001
34.21000,1.98000,0.25420,0.74179,0.00391,0.00005,0.00005
34.41000,1.98000,0.96120,0.03536,0.00335,0.00003,0.00006
34.61000,1.98000,0.99833,0.00134,0.00029,0.00001,0.00004
34.81000,1.98000,0.99947,0.00035,0.00013,0.00000,0.00005
35.01000,1.98000,0.99969,0.00010,0.00010,0.00001,0.00010
35.21000,1.98000,0.99972,0.00004,0.00007,0.00003,0.00015
35.41000,1.98000,0.99986,0.00000,0.00000,0.00001,0.00013
35.61000,1.98000,0.99978,0.00000,0.00000,0.00003,0.00019
35.81000,1.98000,0.99980,0.00000,0.00000,0.00004,0.00016
36.01000,1.98000,0.99991,0.00000,0.00000,0.00002,0.00006
36.21000,1.98000,0.99969,0.00002,0.00000,0.00013,0.00017
36.41000,1.98000,0.99935,0.00006,0.00000,0.00035,0.00024
36.61000,1.98000,0.99795,0.00008,0.00003,0.00136,0.00059
36.81000,1.98000,0.99445,0.00109,0.00002,0.00297,0.00147
37.01000,1.98000,0.99666,0.00146,0.00001,0.00121,0.00065
37.21000,1.98000,0.99881,0.00112,0.00000,0.00003,0.00004
37.41000,1.98000,0.99959,0.00038,0.00000,0.00000,0.00003
37.61000,1.98000,0.99942,0.00057,0.00000,0.00000,0.00001
37.81000,1.98000,0.99457,0.00505,0.00000,0.00009,0.00030
38.01000,1.98000,0.87858,0.12108,0.00000,0.00028,0.00005
38.21000,1.98000,0.09897,0.90084,0.00000,0.00018,0.00002
38.41000,1.98000,0.85241,0.14669,0.00079,0.00005,0.00007
38.61000,1.98000,0.99764,0.00205,0.00028,0.00000,0.00002
38.81000,1.98000,0.99988,0.00009,0.00002,0.00000,0.00001
39.01000,1.98000,0.99997,0.00001,0.00001,0.00000,0.00001
39.21000,1.98000,0.99998,0.00000,0.00000,0.00000,0.00002
39.41000,1.98000,0.99995,0.00000,0.00001,0.00000,0.00004
39.61000,1.98000,0.99985,0.00000,0.00000,0.00002,0.00013
39.81000,1.98000,0.99986,0.00000,0.00000,0.00001,0.00013
40.01000,1.98000,0.99990,0.00000,0.00000,0.00001,0.00009
40.21000,1.98000,0.99995,0.00000,0.00000,0.00001,0.00004
40.41000,1.98000,0.99997,0.00000,0.00000,0.00001,0.00002
40.61000,1.98000,0.99995,0.00002,0.00000,0.00002,0.00002
40.81000,1.98000,0.99985,0.00012,0.00000,0.00002,0.00001
41.01000,1.98000,0.99901,0.00087,0.00000,0.00011,0.00001
41.21000,1.98000,0.98630,0.01345,0.00000,0.00024,0.00002
41.41000,1.98000,0.58962,0.40991,0.00000,0.00046,0.00001
41.61000,1.98000,0.03376,0.96611,0.00003,0.00010,0.00001
41.81000,1.98000,0.98336,0.01582,0.00079,0.00001,0.00003
42.01000,1.98000,0.99960,0.00034,0.00006,0.00000,0.00001
42.21000,1.98000,0.99993,0.00004,0.00002,0.00000,0.00001
42.41000,1.98000,0.99998,0.00001,0.00000,0.00000,0.00001
42.61000,1.98000,0.99996,0.00000,0.00001,0.00000,0.00003
42.81000,1.98000,0.99997,0.00000,0.00000,0.00000,0.00003
43.01000,1.98000,0.99985,0.00000,0.00000,0.00002,0.00013
43.21000,1.98000,0.99994,0.00000,0.00000,0.00001,0.00006
43.41000,1.98000,0.99996,0.00000,0.00000,0.00001,0.00003
43.61000,1.98000,0.99998,0.00000,0.00000,0.00001,0.00002
43.81000,1.98000,0.99996,0.00002,0.00000,0.00001,0.00001
44.01000,1.98000,0.99985,0.00013,0.00000,0.00002,0.00001
44.21000,1.98000,0.99884,0.00094,0.00000,0.00020,0.00002
44.41000,1.98000,0.98729,0.01260,0.00000,0.00010,0.00001
44.61000,1.98000,0.68384,0.31605,0.00000,0.00009,0.00001
44.81000,1.98000,0.38627,0.61303,0.00069,0.00001,0.00001
45.01000,1.98000,0.96629,0.03012,0.00352,0.00000,0.00006
45.21000,1.98000,0.99814,0.00164,0.00020,0.00000,0.00002
45.41000,1.98000,0.99878,0.00094,0.00023,0.00000,0.00005
45.61000,1.98000,0.99964,0.00016,0.00014,0.00000,0.00006
45.81000,1.98000,0.99976,0.00002,0.00007,0.00000,0.00014
46.01000,1.98000,0.99980,0.00000,0.00003,0.00000,0.00016
46.21000,1.98000,0.99984,0.00000,0.00001,0.00000,0.00014
46.41000,1.98000,0.99991,0.00000,0.00000,0.00000,0.00008
46.61000,1.98000,0.99989,0.00000,0.00000,0.00000,0.00010
46.81000,1.98000,0.99981,0.00000,0.00000,0.00001,0.00017
47.01000,1.98000,0.99986,0.00000,0.00000,0.00002,0.00012
47.21000,1.98000,0.99974,0.00000,0.00000,0.00010,0.00015
47.41000,1.98000,0.99906,0.00001,0.00000,0.00068,0.00025
47.61000,1.98000,0.99904,0.00002,0.00000,0.00078,0.00016
47.81000,1.98000,0.99930,0.00015,0.00000,0.00047,0.00008
48.01000,1.98000,0.99973,0.00016,0.00000,0.00006,0.00005
48.21000,1.98000,0.99981,0.00009,0.00000,0.00001,0.00009
48.41000,1.98000,0.99966,0.00030,0.00000,0.00001,0.00004
48.61000,1.98000,0.99594,0.00397,0.00000,0.00002,0.00007
48.81000,1.98000,0.91238,0.08646,0.00000,0.00097,0.00020
49.01000,1.98000,0.19285,0.80551,0.00000,0.00159,0.00005
49.21000,1.98000,0.09248,0.90657,0.00005,0.00088,0.00002
49.41000,1.98000,0.98961,0.01021,0.00013,0.00001,0.00003
49.61000,1.98000,0.99906,0.00087,0.00005,0.00001,0.00002
49.81000,1.98000,0.99986,0.00009,0.00002,0.00000,0.00002
50.01000,1.98000,0.99995,0.00001,0.00001,0.00000,0.00002
50.21000,1.98000,0.99989,0.00000,0.00001,0.00002,0.00007
50.41000,1.98000,0.99954,0.00000,0.00000,0.00018,0.00027
50.61000,1.98000,0.99974,0.00000,0.00000,0.00007,0.00019
50.81000,1.98000,0.99974,0.00000,0.00000,0.00007,0.00019
51.01000,1.98000,0.99974,0.00000,0.00000,0.00006,0.00020
51.21000,1.98000,0.99974,0.00000,0.00000,0.00006,0.00020
51.41000,1.98000,0.99973,0.00000,0.00000,0.00006,0.00021
51.61000,1.98000,0.99974,0.00000,0.00000,0.00006,0.00020
51.81000,1.98000,0.99989,0.00000,0.00000,0.00002,0.00009
52.01000,1.98000,0.99994,0.00000,0.00000,0.00001,0.00005
52.21000,1.98000,0.99996,0.00001,0.00000,0.00000,0.00003
52.41000,1.98000,0.99996,0.00002,0.00000,0.00000,0.00002
52.61000,1.98000,0.99983,0.00015,0.00000,0.00001,0.00001
52.81000,1.98000,0.99760,0.00227,0.00000,0.00009,0.00004
53.01000,1.98000,0.98586,0.01409,0.00000,0.00004,0.00001
53.21000,1.98000,0.69372,0.30609,0.00000,0.00017,0.00002
53.41000,1.98000,0.00988,0.98999,0.00001,0.00012,0.00000
53.61000,1.98000,0.92691,0.06867,0.00437,0.00003,0.00002
53.81000,1.98000,0.99661,0.00285,0.00051,0.00001,0.00002
54.01000,1.98000,0.99944,0.00042,0.00011,0.00000,0.00002
54.21000,1.98000,0.99990,0.00006,0.00003,0.00000,0.00001
54.41000,1.98000,0.99995,0.00001,0.00002,0.00000,0.00002
54.61000,1.98000,0.99984,0.00001,0.00004,0.00002,0.00008
54.81000,1.98000,0.99969,0.00000,0.00000,0.00009,0.00021
55.01000,1.98000,0.99967,0.00000,0.00000,0.00009,0.00024
55.21000,1.98000,0.99984,0.00000,0.00000,0.00005,0.00011
55.41000,1.98000,0.99987,0.00000,0.00000,0.00003,0.00009
55.61000,1.98000,0.99996,0.00000,0.00000,0.00000,0.00003
55.81000,1.98000,0.99996,0.00001,0.00000,0.00000,0.00002
56.01000,1.98000,0.99987,0.00011,0.00000,0.00000,0.00001
56.21000,1.98000,0.99971,0.00027,0.00000,0.00000,0.00002
56.41000,1.98000,0.99881,0.00110,0.00000,0.00002,0.00008
56.61000,1.98000,0.98072,0.01881,0.00000,0.00016,0.00031
56.81000,1.98000,0.77749,0.22242,0.00000,0.00006,0.00003
57.01000,1.98000,0.39577,0.60421,0.00001,0.00001,0.00001
57.21000,1.98000,0.19932,0.80033,0.00033,0.00001,0.00001
57.41000,1.98000,0.86396,0.13570,0.00031,0.00001,0.00002
57.61000,1.98000,0.96847,0.03126,0.00026,0.00001,0.00001
57.81000,1.98000,0.97468,0.02504,0.00025,0.00001,0.00002
58.01000,1.98000,0.94186,0.05752,0.00047,0.00010,0.00005
58.21000,1.98000,0.94205,0.05528,0.00138,0.00113,0.00016
58.41000,1.98000,0.98018,0.01375,0.00041,0.00478,0.00088
58.61000,1.98000,0.68749,0.00229,0.00894,0.24725,0.05404
58.81000,1.98000,0.99618,0.00010,0.00003,0.00224,0.00145
59.01000,1.98000,0.99922,0.00005,0.00024,0.00011,0.00038
59.21000,1.98000,0.99973,0.00001,0.00007,0.00002,0.00017
59.41000,1.98000,0.99987,0.00001,0.00000,0.00002,0.00010
59.61000,1.98000,0.99975,0.00001,0.00000,0.00011,0.00012
59.81000,1.98000,0.99934,0.00002,0.00000,0.00039,0.00024
60.01000,1.98000,0.99889,0.00003,0.00000,0.00075,0.00033
60.21000,1.98000,0.99925,0.00001,0.00000,0.00036,0.00038
60.41000,1.98000,0.99931,0.00000,0.00000,0.00019,0.00049
60.61000,1.98000,0.99963,0.00000,0.00000,0.00005,0.00032
60.81000,1.98000,0.99991,0.00000,0.00000,0.00001,0.00008
61.01000,1.98000,0.99993,0.00001,0.00000,0.00001,0.00006
61.21000,1.98000,0.99995,0.00002,0.00000,0.00001,0.00002
61.41000,1.98000,0.99989,0.00008,0.00000,0.00001,0.00001
61.61000,1.98000,0.99974,0.00023,0.00000,0.00001,0.00001
61.81000,1.98000,0.99186,0.00803,0.00000,0.00006,0.00004
62.01000,1.98000,0.67089,0.32890,0.00000,0.00019,0.00001
62.21000,1.98000,0.04718,0.95273,0.00000,0.00009,0.00000
62.41000,1.98000,0.90777,0.09109,0.00107,0.00002,0.00005
62.61000,1.98000,0.99793,0.00189,0.00016,0.00000,0.00001
62.81000,1.98000,0.99969,0.00024,0.00006,0.00000,0.00001
63.01000,1.98000,0.99988,0.00006,0.00004,0.00000,0.00001
63.21000,1.98000,0.99991,0.00003,0.00002,0.00000,0.00003
63.41000,1.98000,0.99985,0.00002,0.00002,0.00002,0.00009
63.61000,1.98000,0.99970,0.00000,0.00000,0.00006,0.00024
63.81000,1.98000,0.99969,0.00000,0.00000,0.00006,0.00025
64.01000,1.98000,0.99967,0.00000,0.00000,0.00008,0.00025
64.21000,1.98000,0.99966,0.00000,0.00000,0.00010,0.00024
64.41000,1.98000,0.99983,0.00000,0.00000,0.00003,0.00013
64.61000,1.98000,0.99992,0.00000,0.00000,0.00001,0.00007
64.81000,1.98000,0.99996,0.00001,0.00000,0.00000,0.00003
65.01000,1.98000,0.99993,0.00004,0.00000,0.00001,0.00003
65.21000,1.98000,0.99990,0.00008,0.00000,0.00001,0.00001
65.41000,1.98000,0.99774,0.00218,0.00000,0.00004,0.00004
65.61000,1.98000,0.86920,0.13008,0.00000,0.00064,0.00008
65.81000,1.98000,0.15879,0.84069,0.00000,0.00050,0.00002
66.01000,1.98000,0.37778,0.62181,0.00002,0.00035,0.00003
66.21000,1.98000,0.99507,0.00470,0.00020,0.00001,0.00002
66.41000,1.98000,0.99953,0.00043,0.00003,0.00000,0.00001
66.61000,1.98000,0.99992,0.00007,0.00001,0.00000,0.00000
66.81000,1.98000,0.99995,0.00004,0.00000,0.00000,0.00000
67.01000,1.98000,0.99950,0.00024,0.00004,0.00012,0.00009
67.21000,1.98000,0.99523,0.00033,0.00001,0.00390,0.00053
67.41000,1.98000,0.98191,0.00039,0.00003,0.01668,0.00100
67.61000,1.98000,0.99188,0.00008,0.00003,0.00636,0.00166
67.81000,1.98000,0.99780,0.00002,0.00002,0.00079,0.00138
68.01000,1.98000,0.99933,0.00005,0.00001,0.00011,0.00050
68.21000,1.98000,0.99993,0.00001,0.00000,0.00000,0.00006
68.41000,1.98000,0.99994,0.00003,0.00000,0.00000,0.00002
68.61000,1.98000,0.99995,0.00004,0.00000,0.00000,0.00001
68.81000,1.98000,0.99840,0.00152,0.00000,0.00005,0.00003
69.01000,1.98000,0.90989,0.08877,0.00000,0.00127,0.00007
69.21000,1.98000,0.17838,0.82100,0.00001,0.00059,0.00002
69.41000,1.98000,0.64215,0.35750,0.00005,0.00022,0.00007
69.61000,1.98000,0.99851,0.00141,0.00007,0.00000,0.00001
69.81000,1.98000,0.99987,0.00011,0.00002,0.00000,0.00000
70.01000,1.98000,0.99997,0.00001,0.00001,0.00000,0.00001
70.21000,1.98000,0.99997,0.00000,0.00001,0.00000,0.00002
70.41000,1.98000,0.99994,0.00000,0.00001,0.00001,0.00004
70.61000,1.98000,0.99979,0.00000,0.00000,0.00004,0.00017
70.81000,1.98000,0.99979,0.00000,0.00000,0.00004,0.00017
71.01000,1.98000,0.99984,0.00000,0.00000,0.00003,0.00013
71.21000,1.98000,0.99993,0.00000,0.00000,0.00001,0.00006
71.41000,1.98000,0.99993,0.00000,0.00000,0.00002,0.00005
71.61000,1.98000,0.99994,0.00002,0.00000,0.00002,0.00002
71.81000,1.98000,0.99988,0.00007,0.00000,0.00003,0.00001
72.01000,1.98000,0.99966,0.00023,0.00000,0.00009,0.00002
72.21000,1.98000,0.99792,0.00192,0.00000,0.00016,0.00001
72.41000,1.98000,0.93414,0.06546,0.00000,0.00039,0.00002
72.61000,1.98000,0.09270,0.90709,0.00000,0.00020,0.00001
72.81000,1.98000,0.22421,0.77539,0.00032,0.00005,0.00002
73.01000,1.98000,0.96918,0.03030,0.00047,0.00002,0.00003
73.21000,1.98000,0.99822,0.00146,0.00029,0.00001,0.00002
73.41000,1.98000,0.99982,0.00011,0.00005,0.00000,0.00002
73.61000,1.98000,0.99997,0.00001,0.00000,0.00000,0.00002
73.81000,1.98000,0.99996,0.00000,0.00000,0.00000,0.00003
74.01000,1.98000,0.99997,0.00000,0.00000,0.00000,0.00003
74.21000,1.98000,0.99979,0.00000,0.00000,0.00002,0.00019
74.41000,1.98000,0.99981,0.00000,0.00000,0.00003,0.00017
74.61000,1.98000,0.99992,0.00000,0.00000,0.00001,0.00007
74.81000,1.98000,0.99996,0.00000,0.00000,0.00001,0.00003
75.01000,1.98000,0.99997,0.00000,0.00000,0.00001,0.00002
75.21000,1.98000,0.99996,0.00001,0.00000,0.00001,0.00001
75.41000,1.98000,0.99990,0.00007,0.00000,0.00002,0.00001
75.61000,1.98000,0.99867,0.00110,0.00000,0.00021,0.00003
75.81000,1.98000,0.98213,0.01761,0.00000,0.00025,0.00002
76.01000,1.98000,0.49894,0.50074,0.00000,0.00031,0.00001
76.21000,1.98000,0.04851,0.95132,0.00012,0.00005,0.00001
76.41000,1.98000,0.88375,0.11363,0.00253,0.00005,0.00005
76.61000,1.98000,0.99746,0.00230,0.00021,0.00001,0.00001
76.81000,1.98000,0.99966,0.00027,0.00005,0.00000,0.00002
77.01000,1.98000,0.99992,0.00005,0.00002,0.00000,0.00002
77.21000,1.98000,0.99986,0.00002,0.00004,0.00002,0.00006
77.41000,1.98000,0.99978,0.00001,0.00004,0.00004,0.00013
77.61000,1.98000,0.99974,0.00000,0.00000,0.00005,0.00020
77.81000,1.98000,0.99973,0.00000,0.00000,0.00005,0.00021
78.01000,1.98000,0.99976,0.00000,0.00000,0.00006,0.00018
78.21000,1.98000,0.99975,0.00000,0.00000,0.00007,0.00019
78.41000,1.98000,0.99976,0.00000,0.00000,0.00006,0.00018
78.61000,1.98000,0.99974,0.00000,0.00000,0.00007,0.00019
78.81000,1.98000,0.99971,0.00000,0.00000,0.00010,0.00020
79.01000,1.98000,0.99984,0.00000,0.00000,0.00005,0.00011
79.21000,1.98000,0.99993,0.00000,0.00000,0.00002,0.00004
79.41000,1.98000,0.99993,0.00001,0.00000,0.00002,0.00004
79.61000,1.98000,0.99990,0.00004,0.00000,0.00002,0.00004
79.81000,1.98000,0.99930,0.00058,0.00000,0.00006,0.00005
80.01000,1.98000,0.99624,0.00337,0.00000,0.00027,0.00012
80.21000,1.98000,0.98950,0.01028,0.00000,0.00018,0.00003
80.41000,1.98000,0.83727,0.16258,0.00000,0.00014,0.00001
80.61000,1.98000,0.09161,0.90834,0.00002,0.00002,0.00000
80.81000,1.98000,0.60516,0.39337,0.00142,0.00003,0.00002
81.01000,1.98000,0.98103,0.01859,0.00036,0.00001,0.00001
81.21000,1.98000,0.99696,0.00211,0.00080,0.00003,0.00010
81.41000,1.98000,0.99982,0.00010,0.00006,0.00000,0.00002
81.61000,1.98000,0.99994,0.00002,0.00001,0.00000,0.00003
81.81000,1.98000,0.99991,0.00000,0.00002,0.00001,0.00005
82.01000,1.98000,0.99992,0.00000,0.00000,0.00001,0.00006
82.21000,1.98000,0.99968,0.00000,0.00000,0.00008,0.00024
82.41000,1.98000,0.99970,0.00000,0.00000,0.00009,0.00021
82.61000,1.98000,0.99970,0.00000,0.00000,0.00008,0.00022
82.81000,1.98000,0.99973,0.00000,0.00000,0.00006,0.00020
83.01000,1.98000,0.99973,0.00000,0.00000,0.00006,0.00021
83.21000,1.98000,0.99972,0.00000,0.00000,0.00006,0.00022
83.41000,1.98000,0.99972,0.00000,0.00000,0.00007,0.00021
83.61000,1.98000,0.99992,0.00000,0.00000,0.00001,0.00006
83.81000,1.98000,0.99993,0.00000,0.00000,0.00001,0.00005
84.01000,1.98000,0.99996,0.00001,0.00000,0.00001,0.00003
84.21000,1.98000,0.99994,0.00004,0.00000,0.00001,0.00001
84.41000,1.98000,0.99970,0.00028,0.00000,0.00001,0.00001
84.61000,1.98000,0.99775,0.00200,0.00000,0.00018,0.00007
84.81000,1.98000,0.97557,0.02433,0.00000,0.00009,0.00002
85.01000,1.98000,0.31877,0.68102,0.00000,0.00020,0.00001
85.21000,1.98000,0.11957,0.87959,0.00080,0.00002,0.00001
85.41000,1.98000,0.94758,0.04948,0.00288,0.00003,0.00004
85.61000,1.98000,0.99755,0.00223,0.00021,0.00000,0.00001
85.81000,1.98000,0.99925,0.00067,0.00006,0.00001,0.00002
86.01000,1.98000,0.99978,0.00014,0.00006,0.00001,0.00002
86.21000,1.98000,0.99987,0.00003,0.00004,0.00001,0.00006
86.41000,1.98000,0.99985,0.00001,0.00001,0.00003,0.00011
86.61000,1.98000,0.99967,0.00000,0.00000,0.00008,0.00024
86.81000,1.98000,0.99972,0.00000,0.00000,0.00005,0.00022
87.01000,1.98000,0.99973,0.00000,0.00000,0.00006,0.00021
87.21000,1.98000,0.99972,0.00000,0.00000,0.00008,0.00020
87.41000,1.98000,0.99975,0.00000,0.00000,0.00006,0.00018
87.61000,1.98000,0.99990,0.00000,0.00000,0.00002,0.00007
87.81000,1.98000,0.99993,0.00000,0.00000,0.00001,0.00006
88.01000,1.98000,0.99993,0.00002,0.00000,0.00002,0.00003
88.21000,1.98000,0.99986,0.00010,0.00000,0.00002,0.00002
88.41000,1.98000,0.99926,0.00062,0.00000,0.00008,0.00004
88.61000,1.98000,0.99757,0.00205,0.00000,0.00030,0.00008
88.81000,1.98000,0.98352,0.01622,0.00000,0.00023,0.00003
89.01000,1.98000,0.20766,0.79217,0.00000,0.00015,0.00001
89.21000,1.98000,0.12345,0.87623,0.00030,0.00002,0.00001
89.41000,1.98000,0.61133,0.38514,0.00341,0.00009,0.00004
89.61000,1.98000,0.99278,0.00681,0.00037,0.00001,0.00002
89.81000,1.98000,0.99930,0.00057,0.00010,0.00000,0.00003
90.01000,1.98000,0.99984,0.00010,0.00004,0.00000,0.00002
90.21000,1.98000,0.99992,0.00003,0.00001,0.00001,0.00004
90.41000,1.98000,0.99978,0.00002,0.00003,0.00003,0.00014
90.61000,1.98000,0.99970,0.00000,0.00000,0.00008,0.00021
90.81000,1.98000,0.99973,0.00000,0.00000,0.00006,0.00021
91.01000,1.98000,0.99982,0.00000,0.00000,0.00003,0.00015
91.21000,1.98000,0.99983,0.00000,0.00000,0.00002,0.00015
91.41000,1.98000,0.99995,0.00000,0.00000,0.00000,0.00005
91.61000,1.98000,0.99996,0.00000,0.00000,0.00000,0.00004
91.81000,1.98000,0.99996,0.00001,0.00000,0.00001,0.00003
92.01000,1.98000,0.99995,0.00003,0.00000,0.00001,0.00001
92.21000,1.98000,0.99982,0.00015,0.00000,0.00002,0.00001
92.41000,1.98000,0.99797,0.00164,0.00000,0.00033,0.00006
92.61000,1.98000,0.93960,0.05933,0.00000,0.00103,0.00003
92.81000,1.98000,0.04675,0.95296,0.00000,0.00028,0.00001
93.01000,1.98000,0.88767,0.10994,0.00229,0.00004,0.00006
93.21000,1.98000,0.99800,0.00162,0.00036,0.00001,0.00001
93.41000,1.98000,0.99985,0.00011,0.00004,0.00000,0.00001
93.61000,1.98000,0.99994,0.00002,0.00002,0.00000,0.00001
93.81000,1.98000,0.99996,0.00001,0.00001,0.00000,0.00002
94.01000,1.98000,0.99989,0.00000,0.00002,0.00002,0.00007
94.21000,1.98000,0.99952,0.00000,0.00000,0.00022,0.00026
94.41000,1.98000,0.99973,0.00000,0.00000,0.00008,0.00019
94.61000,1.98000,0.99974,0.00000,0.00000,0.00007,0.00019
94.81000,1.98000,0.99983,0.00000,0.00000,0.00003,0.00013
95.01000,1.98000,0.99992,0.00000,0.00000,0.00001,0.00007
95.21000,1.98000,0.99994,0.00001,0.00000,0.00001,0.00004
95.41000,1.98000,0.99995,0.00002,0.00000,0.00001,0.00002
95.61000,1.98000,0.99992,0.00005,0.00000,0.00001,0.00001
95.81000,1.98000,0.99973,0.00022,0.00000,0.00003,0.00002
96.01000,1.98000,0.99097,0.00887,0.00000,0.00013,0.00002
96.21000,1.98000,0.89286,0.10708,0.00000,0.00005,0.00001
96.41000,1.98000,0.03671,0.96302,0.00001,0.00024,0.00001
96.61000,1.98000,0.51001,0.48675,0.00314,0.00006,0.00005
96.81000,1.98000,0.98364,0.01578,0.00054,0.00001,0.00003
97.01000,1.98000,0.99919,0.00076,0.00004,0.00000,0.00001
97.21000,1.98000,0.99989,0.00007,0.00002,0.00000,0.00001
97.41000,1.98000,0.99993,0.00001,0.00001,0.00000,0.00004
97.61000,1.98000,0.99982,0.00000,0.00004,0.00001,0.00012
97.81000,1.98000,0.99992,0.00000,0.00000,0.00001,0.00006
98.01000,1.98000,0.99977,0.00000,0.00000,0.00004,0.00018
98.21000,1.98000,0.99979,0.00000,0.00000,0.00004,0.00017
98.41000,1.98000,0.99980,0.00000,0.00000,0.00004,0.00016
98.61000,1.98000,0.99980,0.00000,0.00000,0.00004,0.00016
98.81000,1.98000,0.99976,0.00000,0.00000,0.00006,0.00018
99.01000,1.98000,0.99984,0.00000,0.00000,0.00003,0.00012
99.21000,1.98000,0.99995,0.00000,0.00000,0.00001,0.00004
99.41000,1.98000,0.99997,0.00000,0.00000,0.00001,0.00002
99.61000,1.98000,0.99997,0.00001,0.00000,0.00001,0.00001
99.81000,1.98000,0.99994,0.00005,0.00000,0.00001,0.00001
100.01000,1.98000,0.99940,0.00056,0.00000,0.00002,0.00002
100.21000,1.98000,0.97343,0.02644,0.00000,0.00011,0.00002
100.41000,1.98000,0.62296,0.37699,0.00000,0.00005,0.00001
100.61000,1.98000,0.02270,0.97721,0.00000,0.00009,0.00000
100.81000,1.98000,0.89303,0.10625,0.00067,0.00003,0.00002
101.01000,1.98000,0.99726,0.00253,0.00020,0.00001,0.00001
101.21000,1.98000,0.99976,0.00017,0.00005,0.00000,0.00001
101.41000,1.98000,0.99994,0.00002,0.00002,0.00000,0.00001
101.61000,1.98000,0.99994,0.00001,0.00001,0.00001,0.00003
101.81000,1.98000,0.99991,0.00000,0.00002,0.00002,0.00006
102.01000,1.98000,0.99955,0.00000,0.00000,0.00018,0.00027
102.21000,1.98000,0.99975,0.00000,0.00000,0.00007,0.00019
102.41000,1.98000,0.99975,0.00000,0.00000,0.00007,0.00018
102.61000,1.98000,0.99975,0.00000,0.00000,0.00007,0.00018
102.81000,1.98000,0.99979,0.00000,0.00000,0.00006,0.00015
103.01000,1.98000,0.99991,0.00000,0.00000,0.00002,0.00007
103.21000,1.98000,0.99993,0.00000,0.00000,0.00002,0.00005
103.41000,1.98000,0.99992,0.00003,0.00000,0.00003,0.00003
103.61000,1.98000,0.99988,0.00008,0.00000,0.00002,0.00001
103.81000,1.98000,0.99949,0.00038,0.00000,0.00010,0.00003
104.01000,1.98000,0.99769,0.00209,0.00000,0.00020,0.00003
104.21000,1.98000,0.96689,0.03283,0.00000,0.00026,0.00002
104.41000,1.98000,0.13507,0.86476,0.00000,0.00015,0.00001
104.61000,1.98000,0.07165,0.92817,0.00015,0.00002,0.00001
104.81000,1.98000,0.72840,0.27014,0.00133,0.00009,0.00004
105.01000,1.98000,0.99513,0.00459,0.00026,0.00001,0.00002
105.21000,1.98000,0.99950,0.00043,0.00005,0.00000,0.00002
105.41000,1.98000,0.99990,0.00007,0.00002,0.00000,0.00001
105.61000,1.98000,0.99994,0.00001,0.00001,0.00001,0.00003
105.81000,1.98000,0.99987,0.00000,0.00002,0.00003,0.00007
106.01000,1.98000,0.99964,0.00000,0.00000,0.00013,0.00022
106.21000,1.98000,0.99976,0.00000,0.00000,0.00005,0.00019
106.41000,1.98000,0.99992,0.00000,0.00000,0.00001,0.00006
106.61000,1.98000,0.99994,0.00000,0.00000,0.00001,0.00005
106.81000,1.98000,0.99996,0.00001,0.00000,0.00001,0.00002
107.01000,1.98000,0.99991,0.00007,0.00000,0.00001,0.00001
107.21000,1.98000,0.99969,0.00030,0.00000,0.00001,0.00001
107.41000,1.98000,0.99715,0.00277,0.00000,0.00005,0.00003
107.61000,1.98000,0.96772,0.03225,0.00000,0.00002,0.00001
107.81000,1.98000,0.20434,0.79560,0.00000,0.00005,0.00001
108.01000,1.98000,0.28697,0.71128,0.00170,0.00003,0.00002
108.21000,1.98000,0.97868,0.02067,0.00064,0.00001,0.00002
108.41000,1.98000,0.99890,0.00101,0.00008,0.00000,0.00001
108.61000,1.98000,0.99982,0.00012,0.00004,0.00000,0.00001
108.81000,1.98000,0.99994,0.00004,0.00001,0.00000,0.00001
109.01000,1.98000,0.99986,0.00002,0.00005,0.00001,0.00006
109.21000,1.98000,0.99990,0.00000,0.00001,0.00002,0.00008
109.41000,1.98000,0.99972,0.00000,0.00000,0.00006,0.00022
109.61000,1.98000,0.99973,0.00000,0.00000,0.00006,0.00021
109.81000,1.98000,0.99975,0.00000,0.00000,0.00006,0.00019
110.01000,1.98000,0.99989,0.00000,0.00000,0.00002,0.00008
110.21000,1.98000,0.99993,0.00000,0.00000,0.00002,0.00005
110.41000,1.98000,0.99991,0.00001,0.00000,0.00003,0.00005
110.61000,1.98000,0.99990,0.00006,0.00000,0.00002,0.00002
110.81000,1.98000,0.99955,0.00041,0.00000,0.00003,0.00001
111.01000,1.98000,0.99855,0.00128,0.00000,0.00014,0.00002
111.21000,1.98000,0.97772,0.02189,0.00000,0.00035,0.00004
111.41000,1.98000,0.33189,0.66675,0.00000,0.00132,0.00004
111.61000,1.98000,0.15751,0.84197,0.00042,0.00008,0.00002
111.81000,1.98000,0.97587,0.02228,0.00178,0.00003,0.00003
112.01000,1.98000,0.99934,0.00052,0.00012,0.00000,0.00001
112.21000,1.98000,0.99981,0.00013,0.00004,0.00000,0.00002
112.41000,1.98000,0.99997,0.00001,0.00001,0.00000,0.00001
112.61000,1.98000,0.99994,0.00000,0.00001,0.00001,0.00004
112.81000,1.98000,0.99996,0.00000,0.00000,0.00001,0.00003
113.01000,1.98000,0.99984,0.00000,0.00000,0.00003,0.00014
113.21000,1.98000,0.99974,0.00000,0.00000,0.00009,0.00017
113.41000,1.98000,0.99951,0.00000,0.00000,0.00022,0.00026
113.61000,1.98000,0.99974,0.00001,0.00000,0.00010,0.00015
113.81000,1.98000,0.99986,0.00003,0.00000,0.00004,0.00007
114.01000,1.98000,0.99994,0.00001,0.00000,0.00001,0.00005
114.21000,1.98000,0.99995,0.00002,0.00000,0.00000,0.00002
114.41000,1.98000,0.99994,0.00005,0.00000,0.00000,0.00001
114.61000,1.98000,0.99430,0.00543,0.00000,0.00010,0.00017
114.81000,1.98000,0.90688,0.09294,0.00000,0.00014,0.00004
115.01000,1.98000,0.14178,0.85797,0.00000,0.00023,0.00002
115.21000,1.98000,0.66837,0.33026,0.00126,0.00007,0.00004
115.41000,1.98000,0.99636,0.00312,0.00050,0.00001,0.00001
115.61000,1.98000,0.99970,0.00025,0.00004,0.00000,0.00000
115.81000,1.98000,0.99995,0.00003,0.00001,0.00000,0.00001
116.01000,1.98000,0.99997,0.00001,0.00001,0.00000,0.00001
116.21000,1.98000,0.99993,0.00000,0.00002,0.00001,0.00003
116.41000,1.98000,0.99996,0.00000,0.00000,0.00001,0.00003
116.61000,1.98000,0.99982,0.00000,0.00000,0.00006,0.00012
116.81000,1.98000,0.99890,0.00001,0.00000,0.00081,0.00028
117.01000,1.98000,0.99739,0.00003,0.00000,0.00235,0.00022
117.21000,1.98000,0.97967,0.00016,0.00004,0.01912,0.00101
117.41000,1.98000,0.99798,0.00002,0.00001,0.00139,0.00061
117.61000,1.98000,0.99898,0.00000,0.00001,0.00029,0.00072
117.81000,1.98000,0.99954,0.00000,0.00000,0.00004,0.00042
118.01000,1.98000,0.99982,0.00000,0.00000,0.00001,0.00017
118.21000,1.98000,0.99975,0.00000,0.00000,0.00004,0.00021
118.41000,1.98000,0.99978,0.00000,0.00000,0.00004,0.00018
118.61000,1.98000,0.99979,0.00000,0.00000,0.00004,0.00017
118.81000,1.98000,0.99993,0.00000,0.00000,0.00001,0.00006
119.01000,1.98000,0.99994,0.00000,0.00000,0.00001,0.00004
119.21000,1.98000,0.99997,0.00001,0.00000,0.00001,0.00001
119.41000,1.98000,0.99997,0.00002,0.00000,0.00001,0.00001
119.61000,1.98000,0.99981,0.00017,0.00000,0.00001,0.00001
119.81000,1.98000,0.99746,0.00237,0.00000,0.00013,0.00005
120.01000,1.98000,0.93129,0.06860,0.00000,0.00009,0.00002
120.21000,1.98000,0.06744,0.93244,0.00000,0.00011,0.00001
120.41000,1.98000,0.77107,0.22543,0.00340,0.00003,0.00007
120.61000,1.98000,0.99490,0.00437,0.00071,0.00001,0.00002
120.81000,1.98000,0.99962,0.00031,0.00006,0.00000,0.00001
121.01000,1.98000,0.99992,0.00006,0.00001,0.00000,0.00001
121.21000,1.98000,0.99987,0.00011,0.00001,0.00000,0.00001
121.41000,1.98000,0.99993,0.00006,0.00000,0.00000,0.00001
121.61000,1.98000,0.99994,0.00005,0.00000,0.00000,0.00001
121.81000,1.98000,0.99929,0.00055,0.00000,0.00010,0.00007
122.01000,1.98000,0.81624,0.11873,0.00006,0.06174,0.00323
122.21000,1.98000,0.37593,0.26549,0.00048,0.35561,0.00249
122.41000,1.98000,0.98283,0.01429,0.00001,0.00251,0.00036
122.61000,1.98000,0.99886,0.00077,0.00000,0.00016,0.00020
122.81000,1.98000,0.99991,0.00004,0.00001,0.00000,0.00003
123.01000,1.98000,0.99991,0.00001,0.00001,0.00002,0.00006
123.21000,1.98000,0.99991,0.00001,0.00000,0.00003,0.00005
123.41000,1.98000,0.99991,0.00000,0.00000,0.00001,0.00008
123.61000,1.98000,0.99993,0.00001,0.00000,0.00001,0.00005
123.81000,1.98000,0.99993,0.00003,0.00000,0.00001,0.00003
124.01000,1.98000,0.99982,0.00013,0.00000,0.00002,0.00003
124.21000,1.98000,0.99971,0.00024,0.00000,0.00002,0.00003
124.41000,1.98000,0.99693,0.00296,0.00000,0.00009,0.00003
124.61000,1.98000,0.82547,0.17414,0.00000,0.00037,0.00002
124.81000,1.98000,0.04328,0.95649,0.00001,0.00020,0.00001
125.01000,1.98000,0.82801,0.16377,0.00802,0.00008,0.00012
125.21000,1.98000,0.99624,0.00296,0.00076,0.00001,0.00002
125.41000,1.98000,0.99924,0.00051,0.00020,0.00001,0.00005
125.61000,1.98000,0.99987,0.00011,0.00001,0.00000,0.00001
125.81000,1.98000,0.99992,0.00006,0.00000,0.00000,0.00002
126.01000,1.98000,0.99987,0.00009,0.00001,0.00001,0.00003
126.21000,1.98000,0.99994,0.00001,0.00000,0.00001,0.00004
126.41000,1.98000,0.99989,0.00004,0.00000,0.00002,0.00005
126.61000,1.98000,0.99912,0.00040,0.00000,0.00030,0.00018
126.81000,1.98000,0.99689,0.00083,0.00000,0.00150,0.00078
127.01000,1.98000,0.99942,0.00016,0.00000,0.00024,0.00018
127.21000,1.98000,0.99964,0.00034,0.00000,0.00001,0.00002
127.41000,1.98000,0.99940,0.00056,0.00000,0.00001,0.00003
127.61000,1.98000,0.99800,0.00198,0.00000,0.00001,0.00002
127.81000,1.98000,0.99377,0.00599,0.00000,0.00003,0.00021
128.00999,1.98001,0.97979,0.01883,0.00000,0.00041,0.00096
128.21001,1.98000,0.82393,0.17554,0.00000,0.00046,0.00008
128.41000,1.98000,0.18350,0.81604,0.00001,0.00043,0.00002
128.61000,1.98000,0.63550,0.36397,0.00043,0.00006,0.00004
128.81000,1.98000,0.99106,0.00860,0.00030,0.00002,0.00002
129.00999,1.98001,0.99947,0.00047,0.00004,0.00000,0.00001
129.21001,1.98000,0.99990,0.00006,0.00002,0.00000,0.00002
129.41000,1.98000,0.99997,0.00001,0.00000,0.00000,0.00002
129.61000,1.98000,0.99994,0.00000,0.00002,0.00001,0.00003
129.81000,1.98000,0.99993,0.00000,0.00000,0.00002,0.00004
130.00999,1.98001,0.99974,0.00000,0.00000,0.00007,0.00019
130.21001,1.98000,0.99974,0.00000,0.00000,0.00007,0.00019
130.41000,1.98000,0.99975,0.00000,0.00000,0.00007,0.00018
130.61000,1.98000,0.99989,0.00000,0.00000,0.00003,0.00008
130.81000,1.98000,0.99991,0.00000,0.00000,0.00002,0.00006
131.00999,1.98001,0.99994,0.00001,0.00000,0.00002,0.00002
131.21001,1.98000,0.99993,0.00005,0.00000,0.00001,0.00001
131.41000,1.98000,0.99979,0.00019,0.00000,0.00001,0.00001
131.61000,1.98000,0.99716,0.00257,0.00000,0.00022,0.00005
131.81000,1.98000,0.89999,0.09791,0.00000,0.00202,0.00008
132.00999,1.98001,0.06418,0.93304,0.00000,0.00276,0.00001
132.21001,1.98000,0.94821,0.04984,0.00182,0.00004,0.00009
132.41000,1.98000,0.99880,0.00097,0.00021,0.00000,0.00001
132.61000,1.98000,0.99985,0.00011,0.00003,0.00000,0.00001
132.81000,1.98000,0.99993,0.00002,0.00002,0.00000,0.00002
133.00999,1.98001,0.99991,0.00001,0.00002,0.00001,0.00005
133.21001,1.98000,0.99994,0.00000,0.00000,0.00001,0.00005
133.41000,1.98000,0.99973,0.00000,0.00000,0.00007,0.00020
133.61000,1.98000,0.99975,0.00000,0.00000,0.00006,0.00019
133.81000,1.98000,0.99975,0.00000,0.00000,0.00006,0.00018
134.00999,1.98001,0.99975,0.00000,0.00000,0.00006,0.00018
134.21001,1.98000,0.99974,0.00000,0.00000,0.00007,0.00019
134.41000,1.98000,0.99975,0.00000,0.00000,0.00007,0.00018
134.61000,1.98000,0.99984,0.00000,0.00000,0.00004,0.00012
134.81000,1.98000,0.99992,0.00000,0.00000,0.00002,0.00006
135.00999,1.98001,0.99995,0.00001,0.00000,0.00001,0.00003
135.21001,1.98000,0.99993,0.00002,0.00000,0.00003,0.00002
135.41000,1.98000,0.99989,0.00007,0.00000,0.00002,0.00002
135.61000,1.98000,0.99870,0.00110,0.00000,0.00018,0.00002
135.81000,1.98000,0.98985,0.00957,0.00000,0.00056,0.00002
136.00999,1.98001,0.73663,0.26081,0.00000,0.00254,0.00002
136.21001,1.98000,0.01705,0.98158,0.00001,0.00135,0.00001
136.41000,1.98000,0.87807,0.12140,0.00046,0.00003,0.00003
136.61000,1.98000,0.99640,0.00344,0.00014,0.00001,0.00002
136.81000,1.98000,0.99927,0.00064,0.00004,0.00001,0.00003
137.00999,1.98001,0.99986,0.00007,0.00004,0.00001,0.00003
137.21001,1.98000,0.99989,0.00001,0.00003,0.00002,0.00006
137.41000,1.98000,0.99986,0.00001,0.00002,0.00003,0.00009
137.61000,1.98000,0.99987,0.00000,0.00000,0.00003,0.00009
137.81000,1.98000,0.99993,0.00000,0.00000,0.00001,0.00006
138.00999,1.98001,0.99992,0.00001,0.00000,0.00002,0.00005
138.21001,1.98000,0.99987,0.00008,0.00000,0.00002,0.00003
138.41000,1.98000,0.99942,0.00054,0.00000,0.00002,0.00002
138.61000,1.98000,0.99780,0.00194,0.00000,0.00023,0.00003
138.81000,1.98000,0.97535,0.02381,0.00000,0.00081,0.00003
139.00999,1.98001,0.37238,0.62445,0.00000,0.00313,0.00003
139.21001,1.98000,0.23175,0.76795,0.00019,0.00008,0.00003
139.41000,1.98000,0.96088,0.03887,0.00019,0.00003,0.00003
139.61000,1.98000,0.99737,0.00257,0.00004,0.00001,0.00002
139.81000,1.98000,0.99958,0.00032,0.00005,0.00001,0.00005
140.00999,1.98001,0.99990,0.00002,0.00003,0.00001,0.00004
140.21001,1.98000,0.99992,0.00000,0.00001,0.00001,0.00004
140.41000,1.98000,0.99994,0.00000,0.00000,0.00002,0.00004
140.61000,1.98000,0.99973,0.00000,0.00000,0.00006,0.00021
140.81000,1.98000,0.99976,0.00000,0.00000,0.00006,0.00018
141.00999,1.98001,0.99992,0.00000,0.00000,0.00002,0.00007
141.21001,1.98000,0.99991,0.00000,0.00000,0.00002,0.00007
141.41000,1.98000,0.99994,0.00002,0.00000,0.00002,0.00003
141.61000,1.98000,0.99992,0.00006,0.00000,0.00001,0.00001
141.81000,1.98000,0.99972,0.00025,0.00000,0.00002,0.00001
142.00999,1.98001,0.99794,0.00192,0.00000,0.00010,0.00003
142.21001,1.98000,0.94104,0.05853,0.00000,0.00034,0.00008
142.41000,1.98000,0.03370,0.96607,0.00001,0.00021,0.00001
142.61000,1.98000,0.76189,0.23475,0.00320,0.00009,0.00007
142.81000,1.98000,0.99638,0.00322,0.00037,0.00001,0.00002
143.00999,1.98001,0.99957,0.00038,0.00004,0.00000,0.00001
143.21001,1.98000,0.99990,0.00006,0.00002,0.00000,0.00001
143.41000,1.98000,0.99993,0.00002,0.00002,0.00001,0.00003
143.61000,1.98000,0.99985,0.00001,0.00003,0.00003,0.00008
143.81000,1.98000,0.99970,0.00000,0.00000,0.00010,0.00019
144.00999,1.98001,0.99976,0.00000,0.00000,0.00006,0.00018
144.21001,1.98000,0.99976,0.00000,0.00000,0.00006,0.00018
144.41000,1.98000,0.99976,0.00000,0.00000,0.00006,0.00018
144.61000,1.98000,0.99987,0.00000,0.00000,0.00002,0.00010
144.81000,1.98000,0.99994,0.00000,0.00000,0.00001,0.00004
145.00999,1.98001,0.99995,0.00001,0.00000,0.00001,0.00003
145.21001,1.98000,0.99995,0.00002,0.00000,0.00001,0.00002
145.41000,1.98000,0.99986,0.00012,0.00000,0.00001,0.00001
145.61000,1.98000,0.99832,0.00156,0.00000,0.00011,0.00001
145.81000,1.98000,0.98271,0.01695,0.00000,0.00031,0.00002
146.00999,1.98001,0.60426,0.39459,0.00000,0.00113,0.00002
146.21001,1.98000,0.01215,0.98741,0.00001,0.00042,0.00001
146.41000,1.98000,0.97443,0.02462,0.00089,0.00002,0.00003
146.61000,1.98000,0.99873,0.00113,0.00013,0.00000,0.00001
146.81000,1.98000,0.99977,0.00017,0.00003,0.00000,0.00002
147.00999,1.98001,0.99990,0.00003,0.00004,0.00000,0.00003
147.21001,1.98000,0.99986,0.00001,0.00003,0.00002,0.00008
147.41000,1.98000,0.99993,0.00000,0.00000,0.00002,0.00005
147.61000,1.98000,0.99974,0.00000,0.00000,0.00006,0.00020
147.81000,1.98000,0.99974,0.00000,0.00000,0.00006,0.00019
148.00999,1.98001,0.99976,0.00000,0.00000,0.00006,0.00018
148.21001,1.98000,0.99976,0.00000,0.00000,0.00006,0.00018
148.41000,1.98000,0.99977,0.00000,0.00000,0.00005,0.00018
148.61000,1.98000,0.99977,0.00000,0.00000,0.00005,0.00018
148.81000,1.98000,0.99976,0.00000,0.00000,0.00006,0.00018
149.00999,1.98001,0.99976,0.00000,0.00000,0.00006,0.00018
149.21001,1.98000,0.99976,0.00000,0.00000,0.00006,0.00018
149.41000,1.98000,0.99975,0.00000,0.00000,0.00007,0.00018
149.61000,1.98000,0.99975,0.00000,0.00000,0.00007,0.00018
149.81000,1.98000,0.99975,0.00000,0.00000,0.00007,0.00018
150.00999,1.98001,0.99976,0.00000,0.00000,0.00007,0.00018
150.21001,1.98000,0.99976,0.00000,0.00000,0.00006,0.00018
150.41000,1.98000,0.99976,0.00000,0.00000,0.00006,0.00018
150.61000,1.98000,0.99976,0.00000,0.00000,0.00006,0.00018
150.81000,1.98000,0.99976,0.00000,0.00000,0.00006,0.00018
151.00999,1.98001,0.99976,0.00000,0.00000,0.00007,0.00018
151.21001,1.98000,0.99975,0.00000,0.00000,0.00007,0.00018
151.41000,1.98000,0.99989,0.00000,0.00000,0.00003,0.00008
151.61000,1.98000,0.99995,0.00000,0.00000,0.00001,0.00004
151.81000,1.98000,0.99994,0.00001,0.00000,0.00002,0.00003
152.00999,1.98001,0.99993,0.00003,0.00000,0.00002,0.00002
152.21001,1.98000,0.99974,0.00024,0.00000,0.00001,0.00001
152.41000,1.98000,0.99829,0.00160,0.00000,0.00009,0.00002
152.61000,1.98000,0.95144,0.04762,0.00000,0.00089,0.00005
152.81000,1.98000,0.16371,0.83459,0.00000,0.00165,0.00004
153.00999,1.98001,0.55093,0.44852,0.00038,0.00014,0.00004
153.21001,1.98000,0.99743,0.00224,0.00031,0.00000,0.00001
153.41000,1.98000,0.99974,0.00022,0.00003,0.00000,0.00001
153.61000,1.98000,0.99994,0.00003,0.00002,0.00000,0.00001
153.81000,1.98000,0.99996,0.00001,0.00001,0.00000,0.00002
154.00999,1.98001,0.99989,0.00000,0.00002,0.00002,0.00006
154.21001,1.98000,0.99950,0.00000,0.00000,0.00017,0.00033
154.41000,1.98000,0.99974,0.00000,0.00000,0.00007,0.00019
154.61000,1.98000,0.99973,0.00000,0.00000,0.00006,0.00020
154.81000,1.98000,0.99974,0.00000,0.00000,0.00006,0.00020
155.00999,1.98001,0.99973,0.00000,0.00000,0.00007,0.00020
155.21001,1.98000,0.99973,0.00000,0.00000,0.00007,0.00020
155.41000,1.98000,0.99974,0.00000,0.00000,0.00006,0.00019
155.61000,1.98000,0.99974,0.00000,0.00000,0.00006,0.00019
155.81000,1.98000,0.99974,0.00000,0.00000,0.00007,0.00019
156.00999,1.98001,0.99975,0.00000,0.00000,0.00006,0.00019
156.21001,1.98000,0.99992,0.00000,0.00000,0.00001,0.00007
156.41000,1.98000,0.99993,0.00000,0.00000,0.00001,0.00006
156.61000,1.98000,0.99994,0.00002,0.00000,0.00001,0.00003
156.81000,1.98000,0.99988,0.00009,0.00000,0.00001,0.00001
157.00999,1.98001,0.99972,0.00026,0.00000,0.00002,0.00001
157.21001,1.98000,0.99601,0.00387,0.00000,0.00009,0.00003
157.41000,1.98000,0.87668,0.12282,0.00000,0.00046,0.00004
157.61000,1.98000,0.03463,0.96510,0.00001,0.00025,0.00001
157.81000,1.98000,0.92592,0.07309,0.00090,0.00003,0.00006
158.00999,1.98001,0.99897,0.00092,0.00010,0.00000,0.00001
158.21001,1.98000,0.99986,0.00011,0.00003,0.00000,0.00000
158.41000,1.98000,0.99996,0.00002,0.00001,0.00000,0.00001
158.61000,1.98000,0.99995,0.00001,0.00001,0.00000,0.00003
158.81000,1.98000,0.99994,0.00000,0.00000,0.00001,0.00005
159.00999,1.98001,0.99975,0.00000,0.00000,0.00007,0.00018
159.21001,1.98000,0.99974,0.00000,0.00000,0.00007,0.00019
159.41000,1.98000,0.99987,0.00000,0.00000,0.00003,0.00010
159.61000,1.98000,0.99994,0.00000,0.00000,0.00001,0.00004
159.81000,1.98000,0.99995,0.00001,0.00000,0.00001,0.00003
160.00999,1.98001,0.99996,0.00002,0.00000,0.00001,0.00001
160.21001,1.98000,0.99989,0.00010,0.00000,0.00001,0.00001
160.41000,1.98000,0.99757,0.00233,0.00000,0.00008,0.00002
160.61000,1.98000,0.96670,0.03281,0.00000,0.00044,0.00005
160.81000,1.98000,0.29147,0.70721,0.00000,0.00126,0.00006
161.00999,1.98001,0.02443,0.97526,0.00017,0.00013,0.00001
161.21001,1.98000,0.96657,0.02981,0.00353,0.00003,0.00007
161.41000,1.98000,0.99882,0.00104,0.00012,0.00000,0.00001
161.61000,1.98000,0.99981,0.00013,0.00004,0.00000,0.00002
161.81000,1.98000,0.99984,0.00005,0.00005,0.00001,0.00005
162.00999,1.98001,0.99973,0.00002,0.00008,0.00005,0.00013
162.21001,1.98000,0.99986,0.00000,0.00000,0.00002,0.00011
162.41000,1.98000,0.99968,0.00000,0.00000,0.00006,0.00025
162.61000,1.98000,0.99974,0.00000,0.00000,0.00006,0.00020
162.81000,1.98000,0.99975,0.00000,0.00000,0.00007,0.00019
163.00999,1.98001,0.99975,0.00000,0.00000,0.00006,0.00018
163.21001,1.98000,0.99987,0.00000,0.00000,0.00003,0.00010
163.41000,1.98000,0.99994,0.00000,0.00000,0.00001,0.00004
163.61000,1.98000,0.99993,0.00001,0.00000,0.00002,0.00004
163.81000,1.98000,0.99991,0.00004,0.00000,0.00003,0.00003
164.00999,1.98001,0.99957,0.00037,0.00000,0.00004,0.00002
164.21001,1.98000,0.99813,0.00165,0.00000,0.00020,0.00002
164.41000,1.98000,0.99141,0.00825,0.00000,0.00031,0.00002
164.61000,1.98000,0.72787,0.27161,0.00000,0.00049,0.00003
164.81000,1.98000,0.02908,0.97085,0.00002,0.00004,0.00001
165.00999,1.98001,0.49741,0.50070,0.00178,0.00008,0.00003
165.21001,1.98000,0.97854,0.02075,0.00065,0.00003,0.00003
165.41000,1.98000,0.99907,0.00068,0.00020,0.00001,0.00004
165.61000,1.98000,0.99993,0.00004,0.00001,0.00000,0.00001
165.81000,1.98000,0.99996,0.00000,0.00000,0.00000,0.00002
166.00999,1.98001,0.99995,0.00000,0.00001,0.00001,0.00003
166.21001,1.98000,0.99996,0.00000,0.00000,0.00001,0.00003
166.41000,1.98000,0.99978,0.00000,0.00000,0.00004,0.00017
166.61000,1.98000,0.99978,0.00000,0.00000,0.00005,0.00017
166.81000,1.98000,0.99988,0.00000,0.00000,0.00002,0.00010
167.00999,1.98001,0.99995,0.00000,0.00000,0.00001,0.00004
167.21001,1.98000,0.99996,0.00000,0.00000,0.00001,0.00002
167.41000,1.98000,0.99995,0.00002,0.00000,0.00002,0.00002
167.61000,1.98000,0.99991,0.00006,0.00000,0.00002,0.00001
167.81000,1.98000,0.99876,0.00111,0.00000,0.00011,0.00002
168.00999,1.98001,0.98475,0.01510,0.00000,0.00013,0.00002
168.21001,1.98000,0.68614,0.31367,0.00000,0.00018,0.00001
168.41000,1.98000,0.01524,0.98462,0.00000,0.00013,0.00000
168.61000,1.98000,0.85155,0.14682,0.00155,0.00004,0.00004
168.81000,1.98000,0.99722,0.00257,0.00020,0.00000,0.00001
169.00999,1.98001,0.99954,0.00041,0.00003,0.00000,0.00001
169.21001,1.98000,0.99989,0.00006,0.00003,0.00000,0.00001
169.41000,1.98000,0.99993,0.00002,0.00001,0.00001,0.00004
169.61000,1.98000,0.99981,0.00001,0.00003,0.00004,0.00011
169.81000,1.98000,0.99961,0.00000,0.00000,0.00011,0.00027
170.00999,1.98001,0.99974,0.00000,0.00000,0.00006,0.00020
170.21001,1.98000,0.99990,0.00000,0.00000,0.00002,0.00008
170.41000,1.98000,0.99995,0.00000,0.00000,0.00001,0.00004
170.61000,1.98000,0.99994,0.00001,0.00000,0.00002,0.00004
170.81000,1.98000,0.99993,0.00003,0.00000,0.00002,0.00002
171.00999,1.98001,0.99950,0.00044,0.00000,0.00004,0.00002
171.21001,1.98000,0.99819,0.00164,0.00000,0.00015,0.00002
171.41000,1.98000,0.99069,0.00918,0.00000,0.00012,0.00001
171.61000,1.98000,0.79646,0.20340,0.00000,0.00012,0.00001
171.81000,1.98000,0.06723,0.93274,0.00002,0.00001,0.00000
172.00999,1.98001,0.34615,0.65277,0.00104,0.00003,0.00001
172.21001,1.98000,0.94689,0.05267,0.00040,0.00002,0.00002
172.41000,1.98000,0.99721,0.00257,0.00018,0.00001,0.00003
172.61000,1.98000,0.99972,0.00025,0.00002,0.00000,0.00001
172.81000,1.98000,0.99990,0.00005,0.00001,0.00001,0.00003
173.00999,1.98001,0.99983,0.00001,0.00006,0.00002,0.00007
173.21001,1.98000,0.99988,0.00001,0.00001,0.00002,0.00008
173.41000,1.98000,0.99976,0.00000,0.00000,0.00004,0.00019
173.61000,1.98000,0.99974,0.00000,0.00000,0.00005,0.00020
173.81000,1.98000,0.99975,0.00000,0.00000,0.00006,0.00019
174.00999,1.98001,0.99989,0.00000,0.00000,0.00002,0.00009
174.21001,1.98000,0.99995,0.00000,0.00000,0.00001,0.00004
174.41000,1.98000,0.99996,0.00001,0.00000,0.00001,0.00003
174.61000,1.98000,0.99996,0.00002,0.00000,0.00001,0.00002
174.81000,1.98000,0.99984,0.00014,0.00000,0.00001,0.00001
175.00999,1.98001,0.99730,0.00255,0.00000,0.00012,0.00003
175.21001,1.98000,0.98120,0.01859,0.00000,0.00018,0.00002
175.41000,1.98000,0.72872,0.27105,0.00000,0.00022,0.00002
175.61000,1.98000,0.02100,0.97895,0.00001,0.00004,0.00000
175.81000,1.98000,0.38591,0.60952,0.00448,0.00005,0.00005
176.00999,1.98001,0.93359,0.06490,0.00143,0.00003,0.00005
176.21001,1.98000,0.99043,0.00931,0.00018,0.00001,0.00007
176.41000,1.98000,0.99658,0.00326,0.00007,0.00001,0.00007
176.61000,1.98000,0.99407,0.00535,0.00029,0.00011,0.00018
176.81000,1.98000,0.99007,0.00853,0.00036,0.00055,0.00049
177.00999,1.98001,0.99822,0.00124,0.00001,0.00027,0.00026
177.21001,1.98000,0.99833,0.00016,0.00001,0.00114,0.00036
177.41000,1.98000,0.99328,0.00126,0.00001,0.00472,0.00072
177.61000,1.98000,0.98863,0.00126,0.00005,0.00880,0.00126
177.81000,1.98000,0.99561,0.00038,0.00007,0.00277,0.00118
