Time (seconds), Duration (seconds),pred_(unlabeled),pred_On,pred_Off,pred_Dimmer,pred_Lighter
0.01000,1.98000,1.00000,0.00000,0.00000,0.00000,0.00000
0.21000,1.98000,1.00000,0.00000,0.00000,0.00000,0.00000
0.41000,1.98000,1.00000,0.00000,0.00000,0.00000,0.00000
0.61000,1.98000,1.00000,0.00000,0.00000,0.00000,0.00000
0.81000,1.98000,1.00000,0.00000,0.00000,0.00000,0.00000
1.01000,1.98000,1.00000,0.00000,0.00000,0.00000,0.00000
1.21000,1.98000,1.00000,0.00000,0.00000,0.00000,0.00000
1.41000,1.98000,1.00000,0.00000,0.00000,0.00000,0.00000
1.61000,1.98000,1.00000,0.00000,0.00000,0.00000,0.00000
1.81000,1.98000,1.00000,0.00000,0.00000,0.00000,0.00000
2.01000,1.98000,1.00000,0.00000,0.00000,0.00000,0.00000
2.21000,1.98000,1.00000,0.00000,0.00000,0.00000,0.00000
2.41000,1.98000,1.00000,0.00000,0.00000,0.00000,0.00000
2.61000,1.98000,1.00000,0.00000,0.00000,0.00000,0.00000
2.81000,1.98000,1.00000,0.00000,0.00000,0.00000,0.00000
3.01000,1.98000,1.00000,0.00000,0.00000,0.00000,0.00000
3.21000,1.98000,0.97879,0.00084,0.01958,0.00020,0.00059
3.41000,1.98000,0.91965,0.00370,0.07169,0.00123,0.00374
3.61000,1.98000,0.90937,0.00297,0.08367,0.00060,0.00339
3.81000,1.98000,0.83627,0.00502,0.14787,0.00111,0.00974
4.01000,1.98000,0.81417,0.00646,0.16521,0.00145,0.01271
4.21000,1.98000,0.87839,0.00219,0.11399,0.00029,0.00514
4.41000,1.98000,0.99251,0.00005,0.00731,0.00001,0.00012
4.61000,1.98000,0.99899,0.00000,0.00099,0.00000,0.00002
4.81000,1.98000,0.99999,0.00000,0.00000,0.00000,0.00001
5.01000,1.98000,1.00000,0.00000,0.00000,0.00000,0.00000
5.21000,1.98000,1.00000,0.00000,0.00000,0.00000,0.00000
5.41000,1.98000,1.00000,0.00000,0.00000,0.00000,0.00000
5.61000,1.98000,1.00000,0.00000,0.00000,0.00000,0.00000
5.81000,1.98000,1.00000,0.00000,0.00000,0.00000,0.00000
6.01000,1.98000,1.00000,0.00000,0.00000,0.00000,0.00000
6.21000,1.98000,1.00000,0.00000,0.00000,0.00000,0.00000
6.41000,1.98000,0.99999,0.00000,0.00000,0.00000,0.00001
6.61000,1.98000,0.99998,0.00000,0.00000,0.00000,0.00002
6.81000,1.98000,0.99998,0.00000,0.00000,0.00000,0.00002
7.01000,1.98000,0.99998,0.00000,0.00000,0.00000,0.00002
7.21000,1.98000,0.99998,0.00000,0.00000,0.00000,0.00002
7.41000,1.98000,0.99997,0.00000,0.00000,0.00000,0.00003
7.61000,1.98000,0.99998,0.00000,0.00000,0.00000,0.00002
7.81000,1.98000,0.99998,0.00000,0.00000,0.00000,0.00002
8.01000,1.98000,1.00000,0.00000,0.00000,0.00000,0.00000
8.21000,1.98000,0.99999,0.00000,0.00000,0.00000,0.00000
8.41000,1.98000,0.99999,0.00000,0.00000,0.00000,0.00001
8.61000,1.98000,0.99999,0.00000,0.00000,0.00000,0.00001
8.81000,1.98000,0.99999,0.00000,0.00000,0.00000,0.00001
9.01000,1.98000,0.99998,0.00000,0.00000,0.00000,0.00001
9.21000,1.98000,0.99999,0.00000,0.00000,0.00000,0.00001
9.41000,1.98000,0.99999,0.00000,0.00000,0.00000,0.00001
9.61000,1.98000,0.99998,0.00000,0.00000,0.00000,0.00002
9.81000,1.98000,0.99999,0.00000,0.00000,0.00000,0.00001
10.01000,1.98000,1.00000,0.00000,0.00000,0.00000,0.00000
10.21000,1.98000,1.00000,0.00000,0.00000,0.00000,0.00000
10.41000,1.98000,1.00000,0.00000,0.00000,0.00000,0.00000
10.61000,1.98000,1.00000,0.00000,0.00000,0.00000,0.00000
10.81000,1.98000,0.99979,0.00000,0.00020,0.00000,0.00001
11.01000,1.98000,0.94988,0.00001,0.04737,0.00001,0.00273
11.21000,1.98000,0.86055,0.00006,0.13093,0.00005,0.00840
11.41000,1.98000,0.85433,0.00011,0.13844,0.00008,0.00705
11.61000,1.98000,0.84184,0.00015,0.15024,0.00011,0.00766
11.81000,1.98000,0.86208,0.00022,0.13123,0.00018,0.00629
12.01000,1.98000,0.88950,0.00023,0.10476,0.00023,0.00528
12.21000,1.98000,0.99259,0.00001,0.00722,0.00001,0.00018
12.41000,1.98000,0.99975,0.00000,0.00024,0.00000,0.00001
12.61000,1.98000,1.00000,0.00000,0.00000,0.00000,0.00000
12.81000,1.98000,1.00000,0.00000,0.00000,0.00000,0.00000
13.01000,1.98000,1.00000,0.00000,0.00000,0.00000,0.00000
13.21000,1.98000,1.00000,0.00000,0.00000,0.00000,0.00000
13.41000,1.98000,1.00000,0.00000,0.00000,0.00000,0.00000
13.61000,1.98000,1.00000,0.00000,0.00000,0.00000,0.00000
13.81000,1.98000,1.00000,0.00000,0.00000,0.00000,0.00000
14.01000,1.98000,1.00000,0.00000,0.00000,0.00000,0.00000
14.21000,1.98000,1.00000,0.00000,0.00000,0.00000,0.00000
14.41000,1.98000,1.00000,0.00000,0.00000,0.00000,0.00000
14.61000,1.98000,1.00000,0.00000,0.00000,0.00000,0.00000
14.81000,1.98000,1.00000,0.00000,0.00000,0.00000,0.00000
15.01000,1.98000,1.00000,0.00000,0.00000,0.00000,0.00000
15.21000,1.98000,1.00000,0.00000,0.00000,0.00000,0.00000
15.41000,1.98000,1.00000,0.00000,0.00000,0.00000,0.00000
15.61000,1.98000,1.00000,0.00000,0.00000,0.00000,0.00000
15.81000,1.98000,1.00000,0.00000,0.00000,0.00000,0.00000
16.01000,1.98000,1.00000,0.00000,0.00000,0.00000,0.00000
16.21000,1.98000,1.00000,0.00000,0.00000,0.00000,0.00000
16.41000,1.98000,1.00000,0.00000,0.00000,0.00000,0.00000
16.61000,1.98000,1.00000,0.00000,0.00000,0.00000,0.00000
16.81000,1.98000,0.99999,0.00000,0.00000,0.00000,0.00001
17.01000,1.98000,0.99999,0.00000,0.00000,0.00000,0.00001
17.21000,1.98000,0.99999,0.00000,0.00000,0.00000,0.00001
17.41000,1.98000,0.99999,0.00000,0.00000,0.00000,0.00001
17.61000,1.98000,1.00000,0.00000,0.00000,0.00000,0.00000
17.81000,1.98000,0.99999,0.00000,0.00000,0.00000,0.00000
18.01000,1.98000,0.99966,0.00000,0.00034,0.00000,0.00000
18.21000,1.98000,0.85304,0.00011,0.14597,0.00001,0.00088
18.41000,1.98000,0.71745,0.00032,0.27779,0.00008,0.00436
18.61000,1.98000,0.69863,0.00039,0.29658,0.00010,0.00429
18.81000,1.98000,0.64640,0.00084,0.34710,0.00031,0.00535
19.01000,1.98000,0.67881,0.00126,0.31512,0.00044,0.00437
19.21000,1.98000,0.74093,0.00185,0.25339,0.00053,0.00330
19.41000,1.98000,0.98719,0.00005,0.01272,0.00000,0.00003
19.61000,1.98000,0.99958,0.00000,0.00042,0.00000,0.00000
19.81000,1.98000,0.99998,0.00000,0.00002,0.00000,0.00000
20.01000,1.98000,1.00000,0.00000,0.00000,0.00000,0.00000
20.21000,1.98000,1.00000,0.00000,0.00000,0.00000,0.00000
20.41000,1.98000,1.00000,0.00000,0.00000,0.00000,0.00000
20.61000,1.98000,1.00000,0.00000,0.00000,0.00000,0.00000
20.81000,1.98000,1.00000,0.00000,0.00000,0.00000,0.00000
21.01000,1.98000,1.00000,0.00000,0.00000,0.00000,0.00000
21.21000,1.98000,1.00000,0.00000,0.00000,0.00000,0.00000
21.41000,1.98000,1.00000,0.00000,0.00000,0.00000,0.00000
21.61000,1.98000,1.00000,0.00000,0.00000,0.00000,0.00000
21.81000,1.98000,1.00000,0.00000,0.00000,0.00000,0.00000
22.01000,1.98000,1.00000,0.00000,0.00000,0.00000,0.00000
22.21000,1.98000,1.00000,0.00000,0.00000,0.00000,0.00000
22.41000,1.98000,1.00000,0.00000,0.00000,0.00000,0.00000
22.61000,1.98000,1.00000,0.00000,0.00000,0.00000,0.00000
22.81000,1.98000,1.00000,0.00000,0.00000,0.00000,0.00000
23.01000,1.98000,1.00000,0.00000,0.00000,0.00000,0.00000
23.21000,1.98000,1.00000,0.00000,0.00000,0.00000,0.00000
23.41000,1.98000,1.00000,0.00000,0.00000,0.00000,0.00000
23.61000,1.98000,1.00000,0.00000,0.00000,0.00000,0.00000
23.81000,1.98000,0.99999,0.00000,0.00000,0.00000,0.00001
24.01000,1.98000,0.99998,0.00000,0.00000,0.00000,0.00002
24.21000,1.98000,0.99987,0.00000,0.00001,0.00000,0.00011
24.41000,1.98000,0.99981,0.00000,0.00002,0.00000,0.00017
24.61000,1.98000,0.99979,0.00000,0.00002,0.00000,0.00019
24.81000,1.98000,0.99987,0.00000,0.00001,0.00000,0.00012
25.01000,1.98000,0.99994,0.00000,0.00001,0.00000,0.00006
25.21000,1.98000,0.99997,0.00000,0.00000,0.00000,0.00003
25.41000,1.98000,0.99998,0.00000,0.00000,0.00000,0.00002
25.61000,1.98000,0.99999,0.00000,0.00000,0.00000,0.00001
25.81000,1.98000,1.00000,0.00000,0.00000,0.00000,0.00000
26.01000,1.98000,0.99999,0.00000,0.00000,0.00000,0.00001
26.21000,1.98000,0.99999,0.00000,0.00001,0.00000,0.00000
26.41000,1.98000,0.99703,0.00000,0.00251,0.00000,0.00047
26.61000,1.98000,0.97975,0.00000,0.01576,0.00000,0.00448
26.81000,1.98000,0.95888,0.00000,0.03065,0.00000,0.01046
27.01000,1.98000,0.96838,0.00000,0.02441,0.00000,0.00720
27.21000,1.98000,0.97371,0.00000,0.02070,0.00000,0.00559
27.41000,1.98000,0.97459,0.00000,0.01991,0.00000,0.00550
27.61000,1.98000,0.99000,0.00000,0.00855,0.00000,0.00145
27.81000,1.98000,0.99841,0.00000,0.00105,0.00000,0.00054
28.01000,1.98000,0.99990,0.00000,0.00005,0.00000,0.00004
28.21000,1.98000,0.99999,0.00000,0.00000,0.00000,0.00001
28.41000,1.98000,1.00000,0.00000,0.00000,0.00000,0.00000
28.61000,1.98000,1.00000,0.00000,0.00000,0.00000,0.00000
28.81000,1.98000,1.00000,0.00000,0.00000,0.00000,0.00000
29.01000,1.98000,1.00000,0.00000,0.00000,0.00000,0.00000
29.21000,1.98000,1.00000,0.00000,0.00000,0.00000,0.00000
29.41000,1.98000,1.00000,0.00000,0.00000,0.00000,0.00000
29.61000,1.98000,1.00000,0.00000,0.00000,0.00000,0.00000
29.81000,1.98000,1.00000,0.00000,0.00000,0.00000,0.00000
30.01000,1.98000,1.00000,0.00000,0.00000,0.00000,0.00000
30.21000,1.98000,1.00000,0.00000,0.00000,0.00000,0.00000
30.41000,1.98000,1.00000,0.00000,0.00000,0.00000,0.00000
30.61000,1.98000,1.00000,0.00000,0.00000,0.00000,0.00000
30.81000,1.98000,1.00000,0.00000,0.00000,0.00000,0.00000
31.01000,1.98000,1.00000,0.00000,0.00000,0.00000,0.00000
31.21000,1.98000,1.00000,0.00000,0.00000,0.00000,0.00000
31.41000,1.98000,1.00000,0.00000,0.00000,0.00000,0.00000
31.61000,1.98000,1.00000,0.00000,0.00000,0.00000,0.00000
31.81000,1.98000,1.00000,0.00000,0.00000,0.00000,0.00000
32.01000,1.98000,1.00000,0.00000,0.00000,0.00000,0.00000
32.21000,1.98000,1.00000,0.00000,0.00000,0.00000,0.00000
32.41000,1.98000,1.00000,0.00000,0.00000,0.00000,0.00000
32.61000,1.98000,1.00000,0.00000,0.00000,0.00000,0.00000
32.81000,1.98000,0.99999,0.00000,0.00000,0.00000,0.00001
33.01000,1.98000,1.00000,0.00000,0.00000,0.00000,0.00000
33.21000,1.98000,0.99999,0.00000,0.00000,0.00000,0.00001
33.41000,1.98000,0.99999,0.00000,0.00000,0.00000,0.00001
33.61000,1.98000,0.99999,0.00000,0.00000,0.00000,0.00001
33.81000,1.98000,0.99999,0.00000,0.00000,0.00000,0.00001
34.01000,1.98000,1.00000,0.00000,0.00000,0.00000,0.00000
34.21000,1.98000,0.99999,0.00000,0.00001,0.00000,0.00000
34.41000,1.98000,0.99977,0.00000,0.00023,0.00000,0.00000
34.61000,1.98000,0.86261,0.00002,0.13696,0.00000,0.00042
34.81000,1.98000,0.75403,0.00005,0.24303,0.00000,0.00289
35.01000,1.98000,0.70906,0.00007,0.28406,0.00001,0.00680
35.21000,1.98000,0.69140,0.00009,0.30284,0.00001,0.00566
35.41000,1.98000,0.67407,0.00010,0.32061,0.00002,0.00520
35.61000,1.98000,0.66881,0.00011,0.32645,0.00002,0.00461
35.81000,1.98000,0.93951,0.00001,0.06033,0.00000,0.00015
36.01000,1.98000,0.99742,0.00000,0.00257,0.00000,0.00001
36.21000,1.98000,0.99988,0.00000,0.00011,0.00000,0.00001
36.41000,1.98000,1.00000,0.00000,0.00000,0.00000,0.00000
36.61000,1.98000,1.00000,0.00000,0.00000,0.00000,0.00000
36.81000,1.98000,1.00000,0.00000,0.00000,0.00000,0.00000
37.01000,1.98000,1.00000,0.00000,0.00000,0.00000,0.00000
37.21000,1.98000,1.00000,0.00000,0.00000,0.00000,0.00000
37.41000,1.98000,1.00000,0.00000,0.00000,0.00000,0.00000
37.61000,1.98000,1.00000,0.00000,0.00000,0.00000,0.00000
37.81000,1.98000,1.00000,0.00000,0.00000,0.00000,0.00000
38.01000,1.98000,1.00000,0.00000,0.00000,0.00000,0.00000
38.21000,1.98000,1.00000,0.00000,0.00000,0.00000,0.00000
38.41000,1.98000,1.00000,0.00000,0.00000,0.00000,0.00000
38.61000,1.98000,1.00000,0.00000,0.00000,0.00000,0.00000
38.81000,1.98000,1.00000,0.00000,0.00000,0.00000,0.00000
39.01000,1.98000,1.00000,0.00000,0.00000,0.00000,0.00000
39.21000,1.98000,1.00000,0.00000,0.00000,0.00000,0.00000
39.41000,1.98000,1.00000,0.00000,0.00000,0.00000,0.00000
39.61000,1.98000,1.00000,0.00000,0.00000,0.00000,0.00000
39.81000,1.98000,1.00000,0.00000,0.00000,0.00000,0.00000
40.01000,1.98000,1.00000,0.00000,0.00000,0.00000,0.00000
40.21000,1.98000,1.00000,0.00000,0.00000,0.00000,0.00000
40.41000,1.98000,1.00000,0.00000,0.00000,0.00000,0.00000
40.61000,1.98000,0.99999,0.00000,0.00000,0.00000,0.00001
40.81000,1.98000,0.99998,0.00000,0.00000,0.00000,0.00002
41.01000,1.98000,0.99998,0.00000,0.00000,0.00000,0.00002
41.21000,1.98000,0.99998,0.00000,0.00000,0.00000,0.00002
41.41000,1.98000,0.99998,0.00000,0.00000,0.00000,0.00002
41.61000,1.98000,0.99998,0.00000,0.00000,0.00000,0.00002
41.81000,1.98000,0.99998,0.00000,0.00000,0.00000,0.00002
42.01000,1.98000,0.99999,0.00000,0.00000,0.00000,0.00001
42.21000,1.98000,0.99997,0.00000,0.00002,0.00000,0.00000
42.41000,1.98000,0.99281,0.00000,0.00719,0.00000,0.00001
42.61000,1.98000,0.68741,0.00031,0.30839,0.00004,0.00385
42.81000,1.98000,0.63111,0.00065,0.36341,0.00011,0.00471
43.01000,1.98000,0.63378,0.00067,0.36220,0.00011,0.00323
43.21000,1.98000,0.69264,0.00075,0.30442,0.00009,0.00210
43.41000,1.98000,0.72294,0.00115,0.27361,0.00015,0.00215
43.61000,1.98000,0.87875,0.00045,0.12011,0.00004,0.00065
43.81000,1.98000,0.99773,0.00000,0.00226,0.00000,0.00000
44.01000,1.98000,0.99985,0.00000,0.00014,0.00000,0.00000
44.21000,1.98000,1.00000,0.00000,0.00000,0.00000,0.00000
44.41000,1.98000,1.00000,0.00000,0.00000,0.00000,0.00000
44.61000,1.98000,1.00000,0.00000,0.00000,0.00000,0.00000
44.81000,1.98000,1.00000,0.00000,0.00000,0.00000,0.00000
45.01000,1.98000,1.00000,0.00000,0.00000,0.00000,0.00000
45.21000,1.98000,1.00000,0.00000,0.00000,0.00000,0.00000
45.41000,1.98000,1.00000,0.00000,0.00000,0.00000,0.00000
45.61000,1.98000,1.00000,0.00000,0.00000,0.00000,0.00000
45.81000,1.98000,1.00000,0.00000,0.00000,0.00000,0.00000
46.01000,1.98000,1.00000,0.00000,0.00000,0.00000,0.00000
46.21000,1.98000,1.00000,0.00000,0.00000,0.00000,0.00000
46.41000,1.98000,1.00000,0.00000,0.00000,0.00000,0.00000
46.61000,1.98000,0.99999,0.00000,0.00000,0.00000,0.00001
46.81000,1.98000,0.99997,0.00000,0.00000,0.00000,0.00003
47.01000,1.98000,0.99993,0.00000,0.00000,0.00000,0.00007
47.21000,1.98000,0.99990,0.00000,0.00000,0.00000,0.00010
47.41000,1.98000,0.99981,0.00000,0.00000,0.00000,0.00019
47.61000,1.98000,0.99982,0.00000,0.00000,0.00000,0.00018
47.81000,1.98000,0.99980,0.00000,0.00001,0.00000,0.00020
48.01000,1.98000,0.99985,0.00000,0.00000,0.00000,0.00014
48.21000,1.98000,0.99993,0.00000,0.00000,0.00000,0.00007
48.41000,1.98000,0.99996,0.00000,0.00000,0.00000,0.00004
48.61000,1.98000,0.99997,0.00000,0.00000,0.00000,0.00003
48.81000,1.98000,0.99998,0.00000,0.00000,0.00000,0.00002
49.01000,1.98000,0.99999,0.00000,0.00000,0.00000,0.00001
49.21000,1.98000,0.99999,0.00000,0.00000,0.00000,0.00001
49.41000,1.98000,0.99999,0.00000,0.00000,0.00000,0.00001
49.61000,1.98000,0.99999,0.00000,0.00000,0.00000,0.00001
49.81000,1.98000,1.00000,0.00000,0.00000,0.00000,0.00000
50.01000,1.98000,0.99999,0.00000,0.00000,0.00000,0.00000
50.21000,1.98000,0.99983,0.00000,0.00016,0.00000,0.00002
50.41000,1.98000,0.99028,0.00000,0.00787,0.00000,0.00185
50.61000,1.98000,0.86938,0.00004,0.09482,0.00008,0.03568
50.81000,1.98000,0.85773,0.00006,0.10444,0.00014,0.03763
51.01000,1.98000,0.83491,0.00008,0.12633,0.00028,0.03840
51.21000,1.98000,0.85981,0.00007,0.11172,0.00036,0.02805
51.41000,1.98000,0.89306,0.00005,0.08692,0.00039,0.01958
51.61000,1.98000,0.98577,0.00000,0.01190,0.00005,0.00227
51.81000,1.98000,0.99991,0.00000,0.00008,0.00000,0.00001
52.01000,1.98000,1.00000,0.00000,0.00000,0.00000,0.00000
52.21000,1.98000,1.00000,0.00000,0.00000,0.00000,0.00000
52.41000,1.98000,1.00000,0.00000,0.00000,0.00000,0.00000
52.61000,1.98000,1.00000,0.00000,0.00000,0.00000,0.00000
52.81000,1.98000,1.00000,0.00000,0.00000,0.00000,0.00000
53.01000,1.98000,1.00000,0.00000,0.00000,0.00000,0.00000
53.21000,1.98000,1.00000,0.00000,0.00000,0.00000,0.00000
53.41000,1.98000,1.00000,0.00000,0.00000,0.00000,0.00000
53.61000,1.98000,1.00000,0.00000,0.00000,0.00000,0.00000
53.81000,1.98000,1.00000,0.00000,0.00000,0.00000,0.00000
54.01000,1.98000,1.00000,0.00000,0.00000,0.00000,0.00000
54.21000,1.98000,1.00000,0.00000,0.00000,0.00000,0.00000
54.41000,1.98000,1.00000,0.00000,0.00000,0.00000,0.00000
54.61000,1.98000,1.00000,0.00000,0.00000,0.00000,0.00000
54.81000,1.98000,1.00000,0.00000,0.00000,0.00000,0.00000
55.01000,1.98000,1.00000,0.00000,0.00000,0.00000,0.00000
55.21000,1.98000,1.00000,0.00000,0.00000,0.00000,0.00000
55.41000,1.98000,1.00000,0.00000,0.00000,0.00000,0.00000
55.61000,1.98000,0.99999,0.00000,0.00000,0.00000,0.00001
55.81000,1.98000,0.99997,0.00000,0.00000,0.00000,0.00003
56.01000,1.98000,0.99991,0.00000,0.00000,0.00000,0.00008
56.21000,1.98000,0.99987,0.00000,0.00001,0.00000,0.00013
56.41000,1.98000,0.99983,0.00000,0.00001,0.00000,0.00016
56.61000,1.98000,0.99967,0.00000,0.00001,0.00000,0.00032
56.81000,1.98000,0.99956,0.00000,0.00001,0.00000,0.00043
57.01000,1.98000,0.99982,0.00000,0.00000,0.00000,0.00018
57.21000,1.98000,0.99990,0.00000,0.00000,0.00000,0.00010
57.41000,1.98000,0.99992,0.00000,0.00000,0.00000,0.00008
57.61000,1.98000,0.99996,0.00000,0.00000,0.00000,0.00004
57.81000,1.98000,0.99997,0.00000,0.00000,0.00000,0.00003
58.01000,1.98000,0.99998,0.00000,0.00000,0.00000,0.00002
58.21000,1.98000,0.99999,0.00000,0.00000,0.00000,0.00001
58.41000,1.98000,0.99999,0.00000,0.00000,0.00000,0.00001
58.61000,1.98000,1.00000,0.00000,0.00000,0.00000,0.00000
58.81000,1.98000,0.99992,0.00000,0.00007,0.00000,0.00000
59.01000,1.98000,0.94410,0.00002,0.05487,0.00000,0.00101
59.21000,1.98000,0.83563,0.00007,0.15924,0.00001,0.00505
59.41000,1.98000,0.77835,0.00013,0.20923,0.00004,0.01226
59.61000,1.98000,0.75265,0.00018,0.23102,0.00007,0.01608
59.81000,1.98000,0.75072,0.00019,0.23681,0.00008,0.01220
60.01000,1.98000,0.74482,0.00023,0.24384,0.00010,0.01101
60.21000,1.98000,0.86399,0.00008,0.13228,0.00004,0.00361
60.41000,1.98000,0.99743,0.00000,0.00255,0.00000,0.00002
60.61000,1.98000,0.99989,0.00000,0.00009,0.00000,0.00002
60.81000,1.98000,0.99999,0.00000,0.00000,0.00000,0.00000
61.01000,1.98000,1.00000,0.00000,0.00000,0.00000,0.00000
61.21000,1.98000,1.00000,0.00000,0.00000,0.00000,0.00000
61.41000,1.98000,1.00000,0.00000,0.00000,0.00000,0.00000
61.61000,1.98000,1.00000,0.00000,0.00000,0.00000,0.00000
61.81000,1.98000,1.00000,0.00000,0.00000,0.00000,0.00000
62.01000,1.98000,1.00000,0.00000,0.00000,0.00000,0.00000
62.21000,1.98000,0.99999,0.00000,0.00000,0.00000,0.00001
62.41000,1.98000,0.99999,0.00000,0.00000,0.00000,0.00001
62.61000,1.98000,0.99999,0.00000,0.00000,0.00000,0.00001
62.81000,1.98000,0.99998,0.00000,0.00000,0.00000,0.00001
63.01000,1.98000,0.99999,0.00000,0.00000,0.00000,0.00001
63.21000,1.98000,0.99997,0.00000,0.00000,0.00000,0.00003
63.41000,1.98000,0.99998,0.00000,0.00000,0.00000,0.00002
63.61000,1.98000,0.99996,0.00000,0.00000,0.00000,0.00003
63.81000,1.98000,0.99996,0.00000,0.00000,0.00000,0.00004
64.01000,1.98000,0.99997,0.00000,0.00000,0.00000,0.00003
64.21000,1.98000,0.99999,0.00000,0.00000,0.00000,0.00001
64.41000,1.98000,0.99999,0.00000,0.00000,0.00000,0.00000
64.61000,1.98000,0.99993,0.00000,0.00006,0.00000,0.00001
64.81000,1.98000,0.97252,0.00000,0.02746,0.00000,0.00001
65.01000,1.98000,0.74285,0.00024,0.25537,0.00002,0.00152
65.21000,1.98000,0.70067,0.00033,0.29660,0.00003,0.00237
65.41000,1.98000,0.67148,0.00040,0.32583,0.00005,0.00225
65.61000,1.98000,0.67042,0.00039,0.32704,0.00005,0.00210
65.81000,1.98000,0.67716,0.00028,0.32097,0.00003,0.00156
66.01000,1.98000,0.72221,0.00018,0.27602,0.00003,0.00156
66.21000,1.98000,0.97046,0.00000,0.02949,0.00000,0.00005
66.41000,1.98000,0.99809,0.00000,0.00191,0.00000,0.00001
66.61000,1.98000,0.99996,0.00000,0.00003,0.00000,0.00001
66.81000,1.98000,1.00000,0.00000,0.00000,0.00000,0.00000
67.01000,1.98000,1.00000,0.00000,0.00000,0.00000,0.00000
67.21000,1.98000,1.00000,0.00000,0.00000,0.00000,0.00000
67.41000,1.98000,1.00000,0.00000,0.00000,0.00000,0.00000
67.61000,1.98000,1.00000,0.00000,0.00000,0.00000,0.00000
67.81000,1.98000,1.00000,0.00000,0.00000,0.00000,0.00000
68.01000,1.98000,0.99999,0.00000,0.00000,0.00000,0.00001
68.21000,1.98000,0.99996,0.00000,0.00000,0.00000,0.00003
68.41000,1.98000,0.99994,0.00000,0.00000,0.00000,0.00006
68.61000,1.98000,0.99994,0.00000,0.00000,0.00000,0.00006
68.81000,1.98000,0.99993,0.00000,0.00000,0.00000,0.00007
69.01000,1.98000,0.99993,0.00000,0.00000,0.00000,0.00007
69.21000,1.98000,0.99993,0.00000,0.00000,0.00000,0.00007
69.41000,1.98000,0.99996,0.00000,0.00000,0.00000,0.00004
69.61000,1.98000,0.99992,0.00000,0.00000,0.00000,0.00008
69.81000,1.98000,0.99992,0.00000,0.00000,0.00000,0.00008
70.01000,1.98000,0.99999,0.00000,0.00000,0.00000,0.00001
70.21000,1.98000,0.99999,0.00000,0.00000,0.00000,0.00000
70.41000,1.98000,0.99997,0.00000,0.00002,0.00000,0.00000
70.61000,1.98000,0.99800,0.00000,0.00183,0.00000,0.00017
70.81000,1.98000,0.94732,0.00001,0.04345,0.00000,0.00922
71.01000,1.98000,0.93359,0.00001,0.05181,0.00001,0.01458
71.21000,1.98000,0.92396,0.00002,0.06514,0.00001,0.01088
71.41000,1.98000,0.91998,0.00002,0.07243,0.00002,0.00755
71.61000,1.98000,0.93295,0.00002,0.06119,0.00002,0.00582
71.81000,1.98000,0.97908,0.00000,0.01967,0.00000,0.00124
72.01000,1.98000,0.99871,0.00000,0.00123,0.00000,0.00006
72.21000,1.98000,0.99995,0.00000,0.00003,0.00000,0.00002
72.41000,1.98000,1.00000,0.00000,0.00000,0.00000,0.00000
72.61000,1.98000,1.00000,0.00000,0.00000,0.00000,0.00000
72.81000,1.98000,1.00000,0.00000,0.00000,0.00000,0.00000
73.01000,1.98000,1.00000,0.00000,0.00000,0.00000,0.00000
73.21000,1.98000,1.00000,0.00000,0.00000,0.00000,0.00000
73.41000,1.98000,1.00000,0.00000,0.00000,0.00000,0.00000
73.61000,1.98000,1.00000,0.00000,0.00000,0.00000,0.00000
73.81000,1.98000,1.00000,0.00000,0.00000,0.00000,0.00000
74.01000,1.98000,1.00000,0.00000,0.00000,0.00000,0.00000
74.21000,1.98000,1.00000,0.00000,0.00000,0.00000,0.00000
74.41000,1.98000,1.00000,0.00000,0.00000,0.00000,0.00000
74.61000,1.98000,1.00000,0.00000,0.00000,0.00000,0.00000
74.81000,1.98000,0.99997,0.00000,0.00000,0.00000,0.00003
75.01000,1.98000,0.99998,0.00000,0.00000,0.00000,0.00002
75.21000,1.98000,0.99997,0.00000,0.00000,0.00000,0.00003
75.41000,1.98000,0.99997,0.00000,0.00000,0.00000,0.00003
75.61000,1.98000,0.99998,0.00000,0.00000,0.00000,0.00002
75.81000,1.98000,0.99995,0.00000,0.00000,0.00000,0.00005
76.01000,1.98000,0.99995,0.00000,0.00000,0.00000,0.00005
76.21000,1.98000,0.99993,0.00000,0.00000,0.00000,0.00006
76.41000,1.98000,0.99997,0.00000,0.00000,0.00000,0.00003
76.61000,1.98000,0.99997,0.00000,0.00000,0.00000,0.00003
76.81000,1.98000,0.99998,0.00000,0.00000,0.00000,0.00002
77.01000,1.98000,0.99998,0.00000,0.00000,0.00000,0.00002
77.21000,1.98000,0.99998,0.00000,0.00000,0.00000,0.00001
77.41000,1.98000,0.99999,0.00000,0.00000,0.00000,0.00001
77.61000,1.98000,0.99999,0.00000,0.00000,0.00000,0.00001
77.81000,1.98000,0.99999,0.00000,0.00000,0.00000,0.00001
78.01000,1.98000,0.99999,0.00000,0.00000,0.00000,0.00001
78.21000,1.98000,0.99999,0.00000,0.00000,0.00000,0.00001
78.41000,1.98000,0.99999,0.00000,0.00000,0.00000,0.00001
78.61000,1.98000,1.00000,0.00000,0.00000,0.00000,0.00000
78.81000,1.98000,0.99998,0.00000,0.00001,0.00000,0.00002
79.01000,1.98000,0.98853,0.00000,0.00417,0.00000,0.00730
79.21000,1.98000,0.94404,0.00002,0.01808,0.00003,0.03783
79.41000,1.98000,0.93292,0.00003,0.02255,0.00007,0.04444
79.61000,1.98000,0.93246,0.00003,0.02630,0.00011,0.04109
79.81000,1.98000,0.94412,0.00003,0.02372,0.00014,0.03199
80.01000,1.98000,0.94259,0.00003,0.02367,0.00025,0.03346
80.21000,1.98000,0.96166,0.00002,0.01590,0.00029,0.02213
80.41000,1.98000,0.99975,0.00000,0.00018,0.00000,0.00008
80.61000,1.98000,0.99999,0.00000,0.00000,0.00000,0.00001
80.81000,1.98000,1.00000,0.00000,0.00000,0.00000,0.00000
81.01000,1.98000,1.00000,0.00000,0.00000,0.00000,0.00000
81.21000,1.98000,1.00000,0.00000,0.00000,0.00000,0.00000
81.41000,1.98000,1.00000,0.00000,0.00000,0.00000,0.00000
81.61000,1.98000,1.00000,0.00000,0.00000,0.00000,0.00000
81.81000,1.98000,1.00000,0.00000,0.00000,0.00000,0.00000
82.01000,1.98000,1.00000,0.00000,0.00000,0.00000,0.00000
82.21000,1.98000,1.00000,0.00000,0.00000,0.00000,0.00000
82.41000,1.98000,1.00000,0.00000,0.00000,0.00000,0.00000
82.61000,1.98000,1.00000,0.00000,0.00000,0.00000,0.00000
82.81000,1.98000,0.99999,0.00000,0.00000,0.00000,0.00001
83.01000,1.98000,0.99999,0.00000,0.00000,0.00000,0.00001
83.21000,1.98000,0.99999,0.00000,0.00000,0.00000,0.00001
83.41000,1.98000,0.99999,0.00000,0.00000,0.00000,0.00001
83.61000,1.98000,0.99998,0.00000,0.00000,0.00000,0.00002
83.81000,1.98000,0.99996,0.00000,0.00000,0.00000,0.00004
84.01000,1.98000,0.99994,0.00000,0.00000,0.00000,0.00005
84.21000,1.98000,0.99997,0.00000,0.00000,0.00000,0.00003
84.41000,1.98000,0.99994,0.00000,0.00000,0.00000,0.00006
84.61000,1.98000,0.99996,0.00000,0.00000,0.00000,0.00004
84.81000,1.98000,0.99994,0.00000,0.00000,0.00000,0.00006
85.01000,1.98000,0.99992,0.00000,0.00000,0.00000,0.00007
85.21000,1.98000,0.99994,0.00000,0.00000,0.00000,0.00006
85.41000,1.98000,0.99995,0.00000,0.00000,0.00000,0.00005
85.61000,1.98000,0.99995,0.00000,0.00000,0.00000,0.00005
85.81000,1.98000,0.99997,0.00000,0.00000,0.00000,0.00003
86.01000,1.98000,0.99998,0.00000,0.00000,0.00000,0.00002
86.21000,1.98000,0.99999,0.00000,0.00000,0.00000,0.00001
86.41000,1.98000,0.99996,0.00000,0.00002,0.00000,0.00002
86.61000,1.98000,0.98585,0.00000,0.01372,0.00000,0.00043
86.81000,1.98000,0.79774,0.00003,0.18513,0.00003,0.01707
87.01000,1.98000,0.71332,0.00010,0.24377,0.00014,0.04267
87.21000,1.98000,0.68541,0.00012,0.27443,0.00021,0.03983
87.41000,1.98000,0.68235,0.00013,0.28653,0.00023,0.03076
87.61000,1.98000,0.65055,0.00018,0.32066,0.00037,0.02824
87.81000,1.98000,0.77569,0.00013,0.21269,0.00028,0.01120
88.01000,1.98000,0.99858,0.00000,0.00140,0.00000,0.00001
88.21000,1.98000,0.99990,0.00000,0.00009,0.00000,0.00000
88.41000,1.98000,1.00000,0.00000,0.00000,0.00000,0.00000
88.61000,1.98000,1.00000,0.00000,0.00000,0.00000,0.00000
88.81000,1.98000,1.00000,0.00000,0.00000,0.00000,0.00000
89.01000,1.98000,1.00000,0.00000,0.00000,0.00000,0.00000
89.21000,1.98000,1.00000,0.00000,0.00000,0.00000,0.00000
89.41000,1.98000,1.00000,0.00000,0.00000,0.00000,0.00000
89.61000,1.98000,1.00000,0.00000,0.00000,0.00000,0.00000
89.81000,1.98000,0.99999,0.00000,0.00000,0.00000,0.00001
90.01000,1.98000,0.99999,0.00000,0.00000,0.00000,0.00001
90.21000,1.98000,0.99999,0.00000,0.00000,0.00000,0.00001
90.41000,1.98000,0.99999,0.00000,0.00000,0.00000,0.00001
90.61000,1.98000,0.99999,0.00000,0.00000,0.00000,0.00001
90.81000,1.98000,0.99998,0.00000,0.00000,0.00000,0.00002
91.01000,1.98000,0.99996,0.00000,0.00000,0.00000,0.00004
91.21000,1.98000,0.99994,0.00000,0.00000,0.00000,0.00006
91.41000,1.98000,0.99992,0.00000,0.00000,0.00000,0.00008
91.61000,1.98000,0.99990,0.00000,0.00000,0.00000,0.00009
91.81000,1.98000,0.99990,0.00000,0.00000,0.00000,0.00010
92.01000,1.98000,0.99996,0.00000,0.00000,0.00000,0.00003
92.21000,1.98000,0.99999,0.00000,0.00000,0.00000,0.00000
92.41000,1.98000,0.99999,0.00000,0.00001,0.00000,0.00001
92.61000,1.98000,0.99975,0.00000,0.00023,0.00000,0.00002
92.81000,1.98000,0.91938,0.00009,0.07013,0.00002,0.01038
93.01000,1.98000,0.87791,0.00013,0.10107,0.00005,0.02084
93.21000,1.98000,0.88058,0.00008,0.09906,0.00005,0.02023
93.41000,1.98000,0.87009,0.00010,0.10900,0.00007,0.02074
93.61000,1.98000,0.84841,0.00014,0.12750,0.00014,0.02381
93.81000,1.98000,0.88776,0.00010,0.09836,0.00015,0.01364
94.01000,1.98000,0.99535,0.00000,0.00440,0.00000,0.00025
94.21000,1.98000,0.99987,0.00000,0.00012,0.00000,0.00001
94.41000,1.98000,0.99999,0.00000,0.00000,0.00000,0.00001
94.61000,1.98000,1.00000,0.00000,0.00000,0.00000,0.00000
94.81000,1.98000,1.00000,0.00000,0.00000,0.00000,0.00000
95.01000,1.98000,1.00000,0.00000,0.00000,0.00000,0.00000
95.21000,1.98000,1.00000,0.00000,0.00000,0.00000,0.00000
95.41000,1.98000,1.00000,0.00000,0.00000,0.00000,0.00000
95.61000,1.98000,1.00000,0.00000,0.00000,0.00000,0.00000
95.81000,1.98000,1.00000,0.00000,0.00000,0.00000,0.00000
96.01000,1.98000,1.00000,0.00000,0.00000,0.00000,0.00000
96.21000,1.98000,1.00000,0.00000,0.00000,0.00000,0.00000
96.41000,1.98000,0.99999,0.00000,0.00000,0.00000,0.00001
96.61000,1.98000,0.99999,0.00000,0.00000,0.00000,0.00001
96.81000,1.98000,0.99996,0.00000,0.00000,0.00000,0.00004
97.01000,1.98000,0.99987,0.00000,0.00000,0.00000,0.00013
97.21000,1.98000,0.99995,0.00000,0.00000,0.00000,0.00005
97.41000,1.98000,0.99996,0.00000,0.00000,0.00000,0.00004
97.61000,1.98000,0.99996,0.00000,0.00000,0.00000,0.00004
97.81000,1.98000,0.99992,0.00000,0.00000,0.00000,0.00008
98.01000,1.98000,0.99984,0.00000,0.00000,0.00000,0.00016
98.21000,1.98000,0.99984,0.00000,0.00000,0.00000,0.00016
98.41000,1.98000,0.99989,0.00000,0.00000,0.00000,0.00011
98.61000,1.98000,0.99993,0.00000,0.00000,0.00000,0.00007
98.81000,1.98000,0.99994,0.00000,0.00000,0.00000,0.00006
99.01000,1.98000,0.99996,0.00000,0.00000,0.00000,0.00004
99.21000,1.98000,0.99998,0.00000,0.00000,0.00000,0.00002
99.41000,1.98000,1.00000,0.00000,0.00000,0.00000,0.00000
99.61000,1.98000,0.99999,0.00000,0.00000,0.00000,0.00000
99.81000,1.98000,0.99585,0.00000,0.00414,0.00000,0.00000
100.01000,1.98000,0.79156,0.00008,0.20748,0.00001,0.00087
100.21000,1.98000,0.72001,0.00020,0.27806,0.00002,0.00170
100.41000,1.98000,0.71039,0.00037,0.28759,0.00004,0.00160
100.61000,1.98000,0.76255,0.00049,0.23589,0.00005,0.00101
100.81000,1.98000,0.79891,0.00048,0.19980,0.00006,0.00076
101.01000,1.98000,0.89427,0.00023,0.10502,0.00004,0.00044
101.21000,1.98000,0.99576,0.00000,0.00422,0.00000,0.00001
101.41000,1.98000,0.99987,0.00000,0.00012,0.00000,0.00000
101.61000,1.98000,1.00000,0.00000,0.00000,0.00000,0.00000
101.81000,1.98000,1.00000,0.00000,0.00000,0.00000,0.00000
102.01000,1.98000,1.00000,0.00000,0.00000,0.00000,0.00000
102.21000,1.98000,1.00000,0.00000,0.00000,0.00000,0.00000
102.41000,1.98000,1.00000,0.00000,0.00000,0.00000,0.00000
102.61000,1.98000,1.00000,0.00000,0.00000,0.00000,0.00000
102.81000,1.98000,0.99999,0.00000,0.00000,0.00000,0.00001
103.01000,1.98000,0.99997,0.00000,0.00000,0.00000,0.00003
103.21000,1.98000,0.99988,0.00000,0.00000,0.00000,0.00012
103.41000,1.98000,0.99996,0.00000,0.00000,0.00000,0.00004
103.61000,1.98000,0.99990,0.00000,0.00000,0.00000,0.00010
103.81000,1.98000,0.99961,0.00000,0.00001,0.00000,0.00038
104.01000,1.98000,0.99931,0.00000,0.00001,0.00000,0.00068
104.21000,1.98000,0.99955,0.00000,0.00001,0.00000,0.00044
104.41000,1.98000,0.99963,0.00000,0.00001,0.00000,0.00036
104.61000,1.98000,0.99968,0.00000,0.00001,0.00000,0.00032
104.81000,1.98000,0.99977,0.00000,0.00001,0.00000,0.00023
105.01000,1.98000,0.99986,0.00000,0.00000,0.00000,0.00014
105.21000,1.98000,0.99994,0.00000,0.00000,0.00000,0.00006
105.41000,1.98000,1.00000,0.00000,0.00000,0.00000,0.00000
105.61000,1.98000,0.99999,0.00000,0.00001,0.00000,0.00000
105.81000,1.98000,0.99894,0.00000,0.00106,0.00000,0.00000
106.01000,1.98000,0.78557,0.00010,0.21171,0.00001,0.00261
106.21000,1.98000,0.70905,0.00028,0.28569,0.00004,0.00493
106.41000,1.98000,0.64922,0.00050,0.34555,0.00010,0.00463
106.61000,1.98000,0.65807,0.00065,0.33819,0.00012,0.00297
106.81000,1.98000,0.76859,0.00089,0.22858,0.00013,0.00180
107.01000,1.98000,0.91465,0.00071,0.08398,0.00008,0.00058
107.21000,1.98000,0.99947,0.00000,0.00053,0.00000,0.00000
107.41000,1.98000,0.99999,0.00000,0.00001,0.00000,0.00000
107.61000,1.98000,1.00000,0.00000,0.00000,0.00000,0.00000
107.81000,1.98000,1.00000,0.00000,0.00000,0.00000,0.00000
108.01000,1.98000,1.00000,0.00000,0.00000,0.00000,0.00000
108.21000,1.98000,1.00000,0.00000,0.00000,0.00000,0.00000
108.41000,1.98000,1.00000,0.00000,0.00000,0.00000,0.00000
108.61000,1.98000,0.99948,0.00000,0.00000,0.00000,0.00052
108.81000,1.98000,0.99889,0.00000,0.00000,0.00000,0.00110
109.01000,1.98000,0.99579,0.00000,0.00001,0.00000,0.00421
109.21000,1.98000,0.99791,0.00000,0.00000,0.00000,0.00209
109.41000,1.98000,0.99918,0.00000,0.00000,0.00000,0.00081
109.61000,1.98000,0.99922,0.00000,0.00001,0.00000,0.00077
109.81000,1.98000,0.99990,0.00000,0.00000,0.00000,0.00009
110.01000,1.98000,0.99986,0.00000,0.00007,0.00000,0.00007
110.21000,1.98000,0.99595,0.00000,0.00405,0.00000,0.00001
110.41000,1.98000,0.80941,0.00025,0.18955,0.00000,0.00079
110.61000,1.98000,0.76241,0.00036,0.23626,0.00000,0.00096
110.81000,1.98000,0.67653,0.00128,0.31979,0.00004,0.00235
111.01000,1.98000,0.64711,0.00088,0.35042,0.00003,0.00156
111.21000,1.98000,0.59864,0.00085,0.39831,0.00006,0.00214
111.41000,1.98000,0.61056,0.00092,0.38691,0.00007,0.00154
111.61000,1.98000,0.96873,0.00003,0.03121,0.00000,0.00002
111.81000,1.98000,0.99823,0.00000,0.00177,0.00000,0.00000
112.01000,1.98000,0.99988,0.00000,0.00011,0.00000,0.00000
112.21000,1.98000,1.00000,0.00000,0.00000,0.00000,0.00000
112.41000,1.98000,1.00000,0.00000,0.00000,0.00000,0.00000
112.61000,1.98000,1.00000,0.00000,0.00000,0.00000,0.00000
112.81000,1.98000,1.00000,0.00000,0.00000,0.00000,0.00000
113.01000,1.98000,1.00000,0.00000,0.00000,0.00000,0.00000
113.21000,1.98000,1.00000,0.00000,0.00000,0.00000,0.00000
113.41000,1.98000,1.00000,0.00000,0.00000,0.00000,0.00000
113.61000,1.98000,0.99997,0.00000,0.00000,0.00000,0.00003
113.81000,1.98000,0.99994,0.00000,0.00000,0.00000,0.00006
114.01000,1.98000,0.99982,0.00000,0.00000,0.00000,0.00018
114.21000,1.98000,0.99972,0.00000,0.00001,0.00000,0.00027
114.41000,1.98000,0.99914,0.00000,0.00001,0.00000,0.00085
114.61000,1.98000,0.99743,0.00000,0.00002,0.00000,0.00255
114.81000,1.98000,0.99900,0.00000,0.00001,0.00000,0.00099
115.01000,1.98000,0.99957,0.00000,0.00001,0.00000,0.00043
115.21000,1.98000,0.99992,0.00000,0.00002,0.00000,0.00006
115.41000,1.98000,0.99961,0.00000,0.00031,0.00000,0.00009
115.61000,1.98000,0.98920,0.00000,0.01074,0.00000,0.00006
115.81000,1.98000,0.87173,0.00002,0.12387,0.00000,0.00438
116.01000,1.98000,0.79334,0.00005,0.20086,0.00001,0.00575
116.21000,1.98000,0.73312,0.00008,0.26182,0.00001,0.00497
116.41000,1.98000,0.73416,0.00006,0.26244,0.00001,0.00334
116.61000,1.98000,0.73453,0.00004,0.26265,0.00001,0.00278
116.81000,1.98000,0.71394,0.00007,0.28335,0.00002,0.00262
117.01000,1.98000,0.97815,0.00000,0.02182,0.00000,0.00004
117.21000,1.98000,0.99780,0.00000,0.00218,0.00000,0.00002
117.41000,1.98000,0.99998,0.00000,0.00001,0.00000,0.00001
117.61000,1.98000,1.00000,0.00000,0.00000,0.00000,0.00000
117.81000,1.98000,1.00000,0.00000,0.00000,0.00000,0.00000
118.01000,1.98000,1.00000,0.00000,0.00000,0.00000,0.00000
118.21000,1.98000,1.00000,0.00000,0.00000,0.00000,0.00000
118.41000,1.98000,1.00000,0.00000,0.00000,0.00000,0.00000
118.61000,1.98000,1.00000,0.00000,0.00000,0.00000,0.00000
118.81000,1.98000,1.00000,0.00000,0.00000,0.00000,0.00000
119.01000,1.98000,0.99996,0.00000,0.00000,0.00000,0.00004
119.21000,1.98000,0.99991,0.00000,0.00001,0.00000,0.00009
119.41000,1.98000,0.99978,0.00000,0.00001,0.00000,0.00021
119.61000,1.98000,0.99975,0.00000,0.00002,0.00000,0.00023
119.81000,1.98000,0.99985,0.00000,0.00001,0.00000,0.00013
120.01000,1.98000,0.99981,0.00000,0.00002,0.00000,0.00017
120.21000,1.98000,0.99997,0.00000,0.00002,0.00000,0.00001
120.41000,1.98000,0.99939,0.00000,0.00061,0.00000,0.00000
120.61000,1.98000,0.94821,0.00000,0.05178,0.00000,0.00001
120.81000,1.98000,0.67654,0.00003,0.32243,0.00001,0.00099
121.01000,1.98000,0.63520,0.00005,0.36289,0.00003,0.00184
121.21000,1.98000,0.61926,0.00005,0.37932,0.00005,0.00133
121.41000,1.98000,0.62826,0.00005,0.37040,0.00006,0.00123
121.61000,1.98000,0.66322,0.00005,0.33573,0.00008,0.00092
121.81000,1.98000,0.82620,0.00006,0.17323,0.00008,0.00043
122.01000,1.98000,0.99702,0.00000,0.00297,0.00000,0.00000
122.21000,1.98000,0.99981,0.00000,0.00019,0.00000,0.00000
122.41000,1.98000,1.00000,0.00000,0.00000,0.00000,0.00000
122.61000,1.98000,1.00000,0.00000,0.00000,0.00000,0.00000
122.81000,1.98000,1.00000,0.00000,0.00000,0.00000,0.00000
123.01000,1.98000,1.00000,0.00000,0.00000,0.00000,0.00000
123.21000,1.98000,0.99985,0.00000,0.00000,0.00000,0.00014
123.41000,1.98000,0.99971,0.00000,0.00001,0.00000,0.00028
123.61000,1.98000,0.99951,0.00000,0.00001,0.00000,0.00047
123.81000,1.98000,0.99941,0.00000,0.00001,0.00000,0.00057
124.01000,1.98000,0.99894,0.00001,0.00003,0.00001,0.00102
124.21000,1.98000,0.99958,0.00000,0.00002,0.00000,0.00040
124.41000,1.98000,0.99995,0.00000,0.00000,0.00000,0.00004
124.61000,1.98000,0.99998,0.00000,0.00000,0.00000,0.00002
124.81000,1.98000,0.99999,0.00000,0.00000,0.00000,0.00001
125.01000,1.98000,1.00000,0.00000,0.00000,0.00000,0.00000
125.21000,1.98000,1.00000,0.00000,0.00000,0.00000,0.00000
125.41000,1.98000,1.00000,0.00000,0.00000,0.00000,0.00000
125.61000,1.98000,0.99983,0.00000,0.00017,0.00000,0.00000
125.81000,1.98000,0.87721,0.00002,0.12226,0.00000,0.00051
126.01000,1.98000,0.69248,0.00007,0.30178,0.00002,0.00565
126.21000,1.98000,0.70374,0.00006,0.29010,0.00001,0.00609
126.41000,1.98000,0.68824,0.00008,0.30345,0.00002,0.00821
126.61000,1.98000,0.69397,0.00008,0.29855,0.00002,0.00738
126.81000,1.98000,0.68143,0.00010,0.31076,0.00003,0.00768
127.01000,1.98000,0.94689,0.00001,0.05265,0.00000,0.00045
127.21000,1.98000,0.99936,0.00000,0.00064,0.00000,0.00000
127.41000,1.98000,0.99997,0.00000,0.00003,0.00000,0.00001
127.61000,1.98000,1.00000,0.00000,0.00000,0.00000,0.00000
127.81000,1.98000,1.00000,0.00000,0.00000,0.00000,0.00000
128.00999,1.98001,1.00000,0.00000,0.00000,0.00000,0.00000
128.21001,1.98000,1.00000,0.00000,0.00000,0.00000,0.00000
128.41000,1.98000,1.00000,0.00000,0.00000,0.00000,0.00000
128.61000,1.98000,1.00000,0.00000,0.00000,0.00000,0.00000
128.81000,1.98000,0.99999,0.00000,0.00000,0.00000,0.00001
129.00999,1.98001,0.99998,0.00000,0.00000,0.00000,0.00002
129.21001,1.98000,0.99998,0.00000,0.00000,0.00000,0.00002
129.41000,1.98000,0.99996,0.00000,0.00000,0.00000,0.00003
129.61000,1.98000,0.99995,0.00000,0.00000,0.00000,0.00005
129.81000,1.98000,0.99996,0.00000,0.00000,0.00000,0.00003
130.00999,1.98001,0.99997,0.00000,0.00000,0.00000,0.00003
130.21001,1.98000,0.99993,0.00000,0.00000,0.00000,0.00007
130.41000,1.98000,0.99993,0.00000,0.00000,0.00000,0.00007
130.61000,1.98000,0.99996,0.00000,0.00000,0.00000,0.00004
130.81000,1.98000,0.99998,0.00000,0.00000,0.00000,0.00002
131.00999,1.98001,1.00000,0.00000,0.00000,0.00000,0.00000
131.21001,1.98000,0.99999,0.00000,0.00001,0.00000,0.00000
131.41000,1.98000,0.99985,0.00000,0.00015,0.00000,0.00000
131.61000,1.98000,0.95033,0.00001,0.04960,0.00000,0.00006
131.81000,1.98000,0.83739,0.00008,0.16166,0.00000,0.00087
132.00999,1.98001,0.81211,0.00010,0.18665,0.00000,0.00114
132.21001,1.98000,0.79039,0.00014,0.20841,0.00000,0.00107
132.41000,1.98000,0.77210,0.00017,0.22663,0.00000,0.00110
132.61000,1.98000,0.80639,0.00012,0.19275,0.00000,0.00074
132.81000,1.98000,0.94101,0.00002,0.05888,0.00000,0.00009
133.00999,1.98001,0.99680,0.00000,0.00319,0.00000,0.00001
133.21001,1.98000,0.99988,0.00000,0.00011,0.00000,0.00000
133.41000,1.98000,1.00000,0.00000,0.00000,0.00000,0.00000
133.61000,1.98000,1.00000,0.00000,0.00000,0.00000,0.00000
133.81000,1.98000,1.00000,0.00000,0.00000,0.00000,0.00000
134.00999,1.98001,1.00000,0.00000,0.00000,0.00000,0.00000
134.21001,1.98000,0.99999,0.00000,0.00000,0.00000,0.00000
134.41000,1.98000,0.99999,0.00000,0.00000,0.00000,0.00001
134.61000,1.98000,0.99998,0.00000,0.00000,0.00000,0.00002
134.81000,1.98000,0.99996,0.00000,0.00000,0.00000,0.00004
135.00999,1.98001,0.99995,0.00000,0.00001,0.00000,0.00004
135.21001,1.98000,0.99992,0.00000,0.00001,0.00000,0.00007
135.41000,1.98000,0.99996,0.00000,0.00000,0.00000,0.00004
135.61000,1.98000,0.99997,0.00000,0.00000,0.00000,0.00003
135.81000,1.98000,0.99999,0.00000,0.00000,0.00000,0.00001
136.00999,1.98001,0.99999,0.00000,0.00000,0.00000,0.00001
136.21001,1.98000,0.99998,0.00000,0.00000,0.00000,0.00002
136.41000,1.98000,0.99999,0.00000,0.00000,0.00000,0.00001
136.61000,1.98000,1.00000,0.00000,0.00000,0.00000,0.00000
136.81000,1.98000,0.99999,0.00000,0.00000,0.00000,0.00000
137.00999,1.98001,0.99999,0.00000,0.00000,0.00000,0.00001
137.21001,1.98000,0.99970,0.00005,0.00009,0.00000,0.00016
137.41000,1.98000,0.99986,0.00004,0.00003,0.00000,0.00007
137.61000,1.98000,0.99675,0.00307,0.00002,0.00000,0.00016
137.81000,1.98000,0.99769,0.00227,0.00001,0.00000,0.00004
138.00999,1.98001,0.99553,0.00446,0.00000,0.00000,0.00001
138.21001,1.98000,0.99509,0.00490,0.00000,0.00000,0.00000
138.41000,1.98000,0.99481,0.00518,0.00000,0.00000,0.00000
138.61000,1.98000,0.99933,0.00066,0.00000,0.00000,0.00000
138.81000,1.98000,0.99846,0.00153,0.00000,0.00000,0.00000
