Time (seconds), Duration (seconds),pred_(unlabeled),pred_On,pred_Off,pred_Dimmer,pred_Lighter
0.01000,1.98000,0.99998,0.00000,0.00002,0.00000,0.00000
0.21000,1.98000,0.99998,0.00000,0.00002,0.00000,0.00000
0.41000,1.98000,0.99995,0.00000,0.00004,0.00000,0.00000
0.61000,1.98000,0.98950,0.00002,0.01047,0.00000,0.00000
0.81000,1.98000,0.60335,0.00094,0.39556,0.00003,0.00012
1.01000,1.98000,0.90397,0.00368,0.09227,0.00004,0.00005
1.21000,1.98000,0.98189,0.01329,0.00458,0.00005,0.00019
1.41000,1.98000,0.99021,0.00802,0.00149,0.00002,0.00026
1.61000,1.98000,0.99350,0.00586,0.00059,0.00001,0.00004
1.81000,1.98000,0.98432,0.01400,0.00144,0.00008,0.00016
2.01000,1.98000,0.97688,0.02056,0.00184,0.00010,0.00063
2.21000,1.98000,0.99081,0.00766,0.00034,0.00006,0.00113
2.41000,1.98000,0.99822,0.00035,0.00003,0.00041,0.00100
2.61000,1.98000,0.99262,0.00086,0.00016,0.00178,0.00457
2.81000,1.98000,0.99980,0.00007,0.00000,0.00002,0.00011
3.01000,1.98000,0.99965,0.00013,0.00000,0.00000,0.00021
3.21000,1.98000,0.99916,0.00017,0.00000,0.00002,0.00066
3.41000,1.98000,0.99245,0.00010,0.00000,0.00063,0.00682
3.61000,1.98000,0.99690,0.00001,0.00000,0.00018,0.00290
3.81000,1.98000,0.99907,0.00002,0.00000,0.00002,0.00089
4.01000,1.98000,0.99963,0.00001,0.00001,0.00005,0.00030
4.21000,1.98000,0.99980,0.00001,0.00003,0.00003,0.00013
4.41000,1.98000,0.99987,0.00000,0.00005,0.00002,0.00006
4.61000,1.98000,0.99963,0.00001,0.00017,0.00009,0.00010
4.81000,1.98000,0.99972,0.00001,0.00003,0.00011,0.00013
5.01000,1.98000,0.99894,0.00003,0.00001,0.00046,0.00056
5.21000,1.98000,0.99916,0.00005,0.00001,0.00051,0.00027
5.41000,1.98000,0.99776,0.00005,0.00001,0.00141,0.00077
5.61000,1.98000,0.99862,0.00002,0.00001,0.00055,0.00080
5.81000,1.98000,0.99904,0.00001,0.00001,0.00026,0.00067
6.01000,1.98000,0.99954,0.00000,0.00000,0.00004,0.00041
6.21000,1.98000,0.99967,0.00000,0.00000,0.00003,0.00029
6.41000,1.98000,0.99968,0.00000,0.00000,0.00006,0.00027
6.61000,1.98000,0.99972,0.00000,0.00000,0.00006,0.00022
6.81000,1.98000,0.99966,0.00000,0.00001,0.00008,0.00025
7.01000,1.98000,0.99970,0.00000,0.00000,0.00010,0.00020
7.21000,1.98000,0.99966,0.00000,0.00000,0.00011,0.00023
7.41000,1.98000,0.99972,0.00000,0.00000,0.00008,0.00020
7.61000,1.98000,0.99974,0.00000,0.00000,0.00006,0.00020
7.81000,1.98000,0.99975,0.00000,0.00000,0.00006,0.00019
8.01000,1.98000,0.99974,0.00000,0.00000,0.00007,0.00019
8.21000,1.98000,0.99973,0.00000,0.00000,0.00008,0.00019
8.41000,1.98000,0.99974,0.00000,0.00000,0.00009,0.00017
8.61000,1.98000,0.99975,0.00000,0.00000,0.00009,0.00016
8.81000,1.98000,0.99977,0.00000,0.00000,0.00007,0.00016
9.01000,1.98000,0.99985,0.00000,0.00000,0.00003,0.00012
9.21000,1.98000,0.99993,0.00000,0.00000,0.00001,0.00006
9.41000,1.98000,0.99994,0.00000,0.00000,0.00001,0.00006
9.61000,1.98000,0.99994,0.00000,0.00000,0.00000,0.00005
9.81000,1.98000,0.99997,0.00000,0.00000,0.00000,0.00002
10.01000,1.98000,0.99991,0.00000,0.00000,0.00000,0.00008
10.21000,1.98000,0.99988,0.00000,0.00000,0.00001,0.00011
10.41000,1.98000,0.99981,0.00001,0.00000,0.00012,0.00006
10.61000,1.98000,0.99896,0.00004,0.00084,0.00007,0.00010
10.81000,1.98000,0.72203,0.00030,0.27459,0.00055,0.00252
11.01000,1.98000,0.93515,0.00650,0.05179,0.00059,0.00596
11.21000,1.98000,0.99171,0.00773,0.00025,0.00003,0.00027
11.41000,1.98000,0.99464,0.00503,0.00009,0.00002,0.00022
11.61000,1.98000,0.99734,0.00261,0.00002,0.00000,0.00003
11.81000,1.98000,0.97121,0.02864,0.00002,0.00004,0.00010
12.01000,1.98000,0.99965,0.00027,0.00000,0.00004,0.00004
12.21000,1.98000,0.99870,0.00093,0.00003,0.00013,0.00021
12.41000,1.98000,0.99487,0.00140,0.00023,0.00199,0.00150
12.61000,1.98000,0.99264,0.00200,0.00007,0.00428,0.00101
12.81000,1.98000,0.99582,0.00367,0.00002,0.00034,0.00016
13.01000,1.98000,0.99307,0.00603,0.00002,0.00046,0.00042
13.21000,1.98000,0.99387,0.00564,0.00002,0.00022,0.00025
13.41000,1.98000,0.99763,0.00215,0.00000,0.00004,0.00018
13.61000,1.98000,0.99163,0.00755,0.00000,0.00041,0.00041
13.81000,1.98000,0.98286,0.01359,0.00003,0.00262,0.00090
14.01000,1.98000,0.99118,0.00691,0.00001,0.00156,0.00034
14.21000,1.98000,0.97566,0.01514,0.00007,0.00673,0.00240
14.41000,1.98000,0.99673,0.00230,0.00014,0.00020,0.00063
14.61000,1.98000,0.99949,0.00027,0.00005,0.00009,0.00011
14.81000,1.98000,0.99960,0.00019,0.00002,0.00001,0.00019
15.01000,1.98000,0.99977,0.00012,0.00000,0.00001,0.00010
15.21000,1.98000,0.99997,0.00000,0.00000,0.00000,0.00003
15.41000,1.98000,0.99999,0.00000,0.00000,0.00000,0.00001
15.61000,1.98000,0.99860,0.00003,0.00000,0.00006,0.00131
15.81000,1.98000,0.99283,0.00011,0.00018,0.00535,0.00152
16.01000,1.98000,0.86939,0.00243,0.07124,0.04867,0.00826
16.21000,1.98000,0.07367,0.00026,0.92478,0.00078,0.00050
16.41000,1.98000,0.99771,0.00016,0.00184,0.00005,0.00025
16.61000,1.98000,0.99982,0.00004,0.00006,0.00001,0.00006
16.81000,1.98000,0.99973,0.00001,0.00016,0.00002,0.00009
17.01000,1.98000,0.99992,0.00000,0.00005,0.00001,0.00002
17.21000,1.98000,0.99967,0.00000,0.00000,0.00009,0.00024
17.41000,1.98000,0.99974,0.00000,0.00000,0.00005,0.00020
17.61000,1.98000,0.99972,0.00000,0.00000,0.00007,0.00021
17.81000,1.98000,0.99976,0.00000,0.00000,0.00007,0.00017
18.01000,1.98000,0.99973,0.00000,0.00000,0.00007,0.00019
18.21000,1.98000,0.99988,0.00000,0.00000,0.00002,0.00010
18.41000,1.98000,0.99989,0.00000,0.00000,0.00002,0.00009
18.61000,1.98000,0.99983,0.00003,0.00000,0.00004,0.00010
18.81000,1.98000,0.99905,0.00016,0.00000,0.00016,0.00063
19.01000,1.98000,0.99714,0.00020,0.00000,0.00026,0.00240
19.21000,1.98000,0.97062,0.00054,0.00003,0.00299,0.02583
19.41000,1.98000,0.97064,0.00012,0.00000,0.00091,0.02832
19.61000,1.98000,0.99388,0.00032,0.00000,0.00008,0.00572
19.81000,1.98000,0.99644,0.00053,0.00007,0.00000,0.00296
20.01000,1.98000,0.99887,0.00048,0.00004,0.00001,0.00061
20.21000,1.98000,0.98365,0.00476,0.00405,0.00067,0.00688
20.41000,1.98000,0.03451,0.00029,0.96109,0.00218,0.00194
20.61000,1.98000,0.99883,0.00021,0.00056,0.00005,0.00035
20.81000,1.98000,0.99982,0.00004,0.00005,0.00002,0.00008
21.01000,1.98000,0.99973,0.00001,0.00013,0.00002,0.00011
21.21000,1.98000,0.99990,0.00000,0.00003,0.00001,0.00005
21.41000,1.98000,0.99978,0.00000,0.00000,0.00004,0.00017
21.61000,1.98000,0.99987,0.00000,0.00000,0.00002,0.00010
21.81000,1.98000,0.99992,0.00000,0.00000,0.00001,0.00006
22.01000,1.98000,0.99996,0.00000,0.00000,0.00000,0.00003
22.21000,1.98000,0.99996,0.00001,0.00000,0.00000,0.00002
22.41000,1.98000,0.99990,0.00004,0.00000,0.00001,0.00006
22.61000,1.98000,0.99973,0.00003,0.00000,0.00002,0.00022
22.81000,1.98000,0.99878,0.00003,0.00000,0.00003,0.00117
23.01000,1.98000,0.99907,0.00003,0.00000,0.00001,0.00088
23.21000,1.98000,0.99986,0.00008,0.00002,0.00001,0.00003
23.41000,1.98000,0.99865,0.00034,0.00090,0.00004,0.00007
23.61000,1.98000,0.10840,0.00047,0.88758,0.00247,0.00107
23.81000,1.98000,0.53398,0.00053,0.46196,0.00218,0.00134
24.01000,1.98000,0.99967,0.00009,0.00011,0.00002,0.00012
24.21000,1.98000,0.99987,0.00006,0.00000,0.00001,0.00006
24.41000,1.98000,0.99996,0.00001,0.00000,0.00001,0.00002
24.61000,1.98000,0.99993,0.00001,0.00001,0.00002,0.00002
24.81000,1.98000,0.99932,0.00003,0.00000,0.00054,0.00012
25.01000,1.98000,0.99920,0.00004,0.00000,0.00053,0.00023
25.21000,1.98000,0.99976,0.00004,0.00000,0.00009,0.00011
25.41000,1.98000,0.99988,0.00002,0.00000,0.00002,0.00008
25.61000,1.98000,0.99979,0.00014,0.00000,0.00001,0.00006
25.81000,1.98000,0.99952,0.00017,0.00000,0.00002,0.00029
26.01000,1.98000,0.99800,0.00062,0.00000,0.00010,0.00128
26.21000,1.98000,0.98785,0.00021,0.00000,0.00037,0.01157
26.41000,1.98000,0.99901,0.00008,0.00000,0.00005,0.00086
26.61000,1.98000,0.99972,0.00015,0.00000,0.00000,0.00012
26.81000,1.98000,0.99952,0.00024,0.00004,0.00001,0.00020
27.01000,1.98000,0.97954,0.00154,0.01611,0.00029,0.00252
27.21000,1.98000,0.04850,0.00036,0.94659,0.00234,0.00221
27.41000,1.98000,0.99923,0.00012,0.00036,0.00005,0.00023
27.61000,1.98000,0.99990,0.00002,0.00002,0.00001,0.00005
27.81000,1.98000,0.99991,0.00001,0.00002,0.00001,0.00006
28.01000,1.98000,0.99997,0.00000,0.00000,0.00000,0.00003
28.21000,1.98000,0.99974,0.00000,0.00000,0.00006,0.00020
28.41000,1.98000,0.99981,0.00000,0.00000,0.00005,0.00015
28.61000,1.98000,0.99982,0.00000,0.00000,0.00004,0.00014
28.81000,1.98000,0.99972,0.00000,0.00000,0.00013,0.00015
29.01000,1.98000,0.99970,0.00000,0.00000,0.00012,0.00017
29.21000,1.98000,0.99953,0.00000,0.00000,0.00025,0.00022
29.41000,1.98000,0.99966,0.00000,0.00000,0.00011,0.00023
29.61000,1.98000,0.99976,0.00000,0.00000,0.00003,0.00020
29.81000,1.98000,0.99976,0.00000,0.00000,0.00003,0.00021
30.01000,1.98000,0.99986,0.00000,0.00000,0.00001,0.00012
30.21000,1.98000,0.99980,0.00000,0.00000,0.00002,0.00018
30.41000,1.98000,0.99977,0.00000,0.00000,0.00004,0.00019
30.61000,1.98000,0.99990,0.00000,0.00000,0.00001,0.00008
30.81000,1.98000,0.99997,0.00000,0.00000,0.00000,0.00003
31.01000,1.98000,0.99999,0.00000,0.00000,0.00000,0.00001
31.21000,1.98000,0.99992,0.00001,0.00000,0.00002,0.00005
31.41000,1.98000,0.99735,0.00039,0.00006,0.00164,0.00055
31.61000,1.98000,0.19796,0.01832,0.15945,0.56413,0.06013
31.81000,1.98000,0.99095,0.00131,0.00028,0.00268,0.00479
32.01000,1.98000,0.99937,0.00018,0.00003,0.00005,0.00037
32.21000,1.98000,0.99979,0.00004,0.00002,0.00001,0.00014
32.41000,1.98000,0.99984,0.00001,0.00010,0.00000,0.00005
32.61000,1.98000,0.99981,0.00012,0.00001,0.00001,0.00005
32.81000,1.98000,0.99990,0.00000,0.00000,0.00001,0.00008
33.01000,1.98000,0.99980,0.00006,0.00000,0.00007,0.00006
33.21000,1.98000,0.99960,0.00013,0.00000,0.00017,0.00010
33.41000,1.98000,0.99540,0.00099,0.00001,0.00295,0.00065
33.61000,1.98000,0.99724,0.00011,0.00001,0.00188,0.00075
33.81000,1.98000,0.99808,0.00010,0.00002,0.00090,0.00091
34.01000,1.98000,0.99972,0.00001,0.00000,0.00006,0.00021
34.21000,1.98000,0.99975,0.00001,0.00000,0.00001,0.00024
34.41000,1.98000,0.99992,0.00000,0.00000,0.00000,0.00008
34.61000,1.98000,0.99994,0.00001,0.00000,0.00000,0.00004
34.81000,1.98000,0.99759,0.00050,0.00007,0.00120,0.00063
35.01000,1.98000,0.58517,0.05075,0.09155,0.23446,0.03808
35.21000,1.98000,0.98862,0.00240,0.00019,0.00726,0.00154
35.41000,1.98000,0.99963,0.00011,0.00005,0.00005,0.00015
35.61000,1.98000,0.99989,0.00002,0.00002,0.00001,0.00006
35.81000,1.98000,0.99990,0.00001,0.00001,0.00001,0.00007
36.01000,1.98000,0.99997,0.00000,0.00000,0.00000,0.00002
36.21000,1.98000,0.99988,0.00000,0.00000,0.00003,0.00009
36.41000,1.98000,0.99989,0.00000,0.00000,0.00003,0.00008
36.61000,1.98000,0.99990,0.00002,0.00000,0.00002,0.00006
36.81000,1.98000,0.99941,0.00024,0.00000,0.00019,0.00017
37.01000,1.98000,0.99957,0.00026,0.00000,0.00006,0.00011
37.21000,1.98000,0.99682,0.00118,0.00000,0.00143,0.00057
37.41000,1.98000,0.98792,0.00241,0.00001,0.00565,0.00401
37.61000,1.98000,0.99891,0.00032,0.00000,0.00013,0.00064
37.81000,1.98000,0.99921,0.00033,0.00002,0.00003,0.00042
38.01000,1.98000,0.99906,0.00018,0.00002,0.00001,0.00073
38.21000,1.98000,0.99995,0.00002,0.00000,0.00000,0.00003
38.41000,1.98000,0.99999,0.00000,0.00000,0.00000,0.00001
38.61000,1.98000,0.99903,0.00018,0.00000,0.00010,0.00068
38.81000,1.98000,0.98080,0.00078,0.00124,0.01568,0.00149
39.01000,1.98000,0.46064,0.00207,0.46650,0.06294,0.00786
39.21000,1.98000,0.81826,0.00029,0.17954,0.00075,0.00115
39.41000,1.98000,0.99992,0.00001,0.00001,0.00000,0.00005
39.61000,1.98000,0.99996,0.00001,0.00000,0.00000,0.00002
39.81000,1.98000,0.99997,0.00000,0.00002,0.00000,0.00001
40.01000,1.98000,0.99997,0.00001,0.00000,0.00000,0.00001
40.21000,1.98000,0.99988,0.00003,0.00000,0.00002,0.00007
40.41000,1.98000,0.99994,0.00002,0.00000,0.00001,0.00003
40.61000,1.98000,0.99984,0.00002,0.00000,0.00006,0.00008
40.81000,1.98000,0.99988,0.00004,0.00000,0.00002,0.00005
41.01000,1.98000,0.99852,0.00059,0.00004,0.00058,0.00028
41.21000,1.98000,0.97133,0.00484,0.00008,0.02030,0.00345
41.41000,1.98000,0.99671,0.00089,0.00003,0.00156,0.00082
41.61000,1.98000,0.99878,0.00073,0.00002,0.00022,0.00026
41.81000,1.98000,0.99940,0.00019,0.00011,0.00008,0.00022
42.01000,1.98000,0.99935,0.00016,0.00005,0.00025,0.00019
42.21000,1.98000,0.99933,0.00002,0.00001,0.00034,0.00031
42.41000,1.98000,0.99929,0.00004,0.00001,0.00041,0.00025
42.61000,1.98000,0.99917,0.00005,0.00000,0.00046,0.00032
42.81000,1.98000,0.99931,0.00001,0.00000,0.00011,0.00057
43.01000,1.98000,0.99913,0.00001,0.00000,0.00003,0.00083
43.21000,1.98000,0.99969,0.00000,0.00000,0.00000,0.00030
43.41000,1.98000,0.99993,0.00000,0.00000,0.00000,0.00007
43.61000,1.98000,0.99998,0.00000,0.00000,0.00000,0.00002
43.81000,1.98000,0.99978,0.00000,0.00000,0.00000,0.00022
44.01000,1.98000,0.99764,0.00003,0.00002,0.00095,0.00138
44.21000,1.98000,0.97288,0.00062,0.01053,0.01384,0.00214
44.41000,1.98000,0.08755,0.00022,0.90580,0.00434,0.00210
44.61000,1.98000,0.91460,0.00007,0.08452,0.00020,0.00061
44.81000,1.98000,0.99991,0.00002,0.00002,0.00000,0.00004
45.01000,1.98000,0.99990,0.00004,0.00001,0.00002,0.00003
45.21000,1.98000,0.99994,0.00000,0.00003,0.00001,0.00002
45.41000,1.98000,0.99931,0.00001,0.00001,0.00038,0.00029
45.61000,1.98000,0.99934,0.00001,0.00000,0.00023,0.00042
45.81000,1.98000,0.99955,0.00000,0.00000,0.00008,0.00036
46.01000,1.98000,0.99967,0.00000,0.00000,0.00006,0.00027
46.21000,1.98000,0.99978,0.00000,0.00000,0.00004,0.00018
46.41000,1.98000,0.99980,0.00000,0.00000,0.00002,0.00018
46.61000,1.98000,0.99983,0.00000,0.00000,0.00001,0.00016
46.81000,1.98000,0.99981,0.00000,0.00000,0.00001,0.00019
47.01000,1.98000,0.99983,0.00000,0.00000,0.00001,0.00016
47.21000,1.98000,0.99978,0.00000,0.00000,0.00001,0.00021
47.41000,1.98000,0.99990,0.00000,0.00000,0.00000,0.00010
47.61000,1.98000,0.99999,0.00000,0.00000,0.00000,0.00001
47.81000,1.98000,0.99999,0.00000,0.00000,0.00000,0.00001
48.01000,1.98000,0.99992,0.00001,0.00000,0.00004,0.00002
48.21000,1.98000,0.99270,0.00026,0.00394,0.00249,0.00061
48.41000,1.98000,0.10662,0.00034,0.85133,0.02651,0.01520
48.61000,1.98000,0.99886,0.00029,0.00003,0.00043,0.00039
48.81000,1.98000,0.99965,0.00012,0.00001,0.00003,0.00018
49.01000,1.98000,0.99993,0.00002,0.00000,0.00000,0.00005
49.21000,1.98000,0.99997,0.00000,0.00001,0.00000,0.00002
49.41000,1.98000,0.99988,0.00000,0.00002,0.00004,0.00006
49.61000,1.98000,0.99937,0.00001,0.00000,0.00043,0.00019
49.81000,1.98000,0.99916,0.00002,0.00000,0.00061,0.00021
50.01000,1.98000,0.99914,0.00001,0.00000,0.00047,0.00038
50.21000,1.98000,0.99950,0.00000,0.00000,0.00011,0.00038
50.41000,1.98000,0.99971,0.00000,0.00000,0.00005,0.00024
50.61000,1.98000,0.99979,0.00000,0.00000,0.00002,0.00019
50.81000,1.98000,0.99984,0.00000,0.00000,0.00002,0.00014
51.01000,1.98000,0.99963,0.00001,0.00000,0.00014,0.00022
51.21000,1.98000,0.99948,0.00003,0.00000,0.00028,0.00021
51.41000,1.98000,0.99940,0.00008,0.00000,0.00037,0.00015
51.61000,1.98000,0.99936,0.00022,0.00000,0.00029,0.00012
51.81000,1.98000,0.99877,0.00099,0.00000,0.00016,0.00008
52.01000,1.98000,0.99926,0.00059,0.00000,0.00004,0.00011
52.21000,1.98000,0.99895,0.00043,0.00000,0.00026,0.00036
52.41000,1.98000,0.99741,0.00172,0.00000,0.00038,0.00048
52.61000,1.98000,0.99789,0.00154,0.00000,0.00022,0.00035
52.81000,1.98000,0.99941,0.00044,0.00000,0.00002,0.00013
53.01000,1.98000,0.99967,0.00025,0.00000,0.00001,0.00007
53.21000,1.98000,0.99705,0.00103,0.00004,0.00007,0.00180
53.41000,1.98000,0.77945,0.03118,0.05854,0.02048,0.11036
53.61000,1.98000,0.98027,0.00531,0.00787,0.00189,0.00466
53.81000,1.98000,0.99903,0.00068,0.00005,0.00004,0.00021
54.01000,1.98000,0.99923,0.00061,0.00002,0.00002,0.00012
54.21000,1.98000,0.99922,0.00059,0.00004,0.00006,0.00010
54.41000,1.98000,0.99903,0.00082,0.00003,0.00007,0.00005
54.61000,1.98000,0.99769,0.00113,0.00000,0.00090,0.00028
54.81000,1.98000,0.99778,0.00137,0.00000,0.00058,0.00027
55.01000,1.98000,0.99769,0.00205,0.00000,0.00010,0.00016
55.21000,1.98000,0.99884,0.00083,0.00000,0.00013,0.00020
55.41000,1.98000,0.99503,0.00200,0.00004,0.00214,0.00079
55.61000,1.98000,0.97475,0.00198,0.00007,0.01572,0.00747
55.81000,1.98000,0.99666,0.00107,0.00003,0.00152,0.00072
56.01000,1.98000,0.99736,0.00113,0.00008,0.00051,0.00093
56.21000,1.98000,0.99860,0.00028,0.00032,0.00013,0.00067
56.41000,1.98000,0.99949,0.00012,0.00003,0.00009,0.00028
56.61000,1.98000,0.99968,0.00001,0.00000,0.00006,0.00024
56.81000,1.98000,0.99986,0.00000,0.00000,0.00002,0.00011
57.01000,1.98000,0.99995,0.00000,0.00000,0.00000,0.00004
57.21000,1.98000,0.99996,0.00000,0.00000,0.00000,0.00003
57.41000,1.98000,0.99998,0.00000,0.00000,0.00000,0.00002
57.61000,1.98000,0.99993,0.00001,0.00000,0.00001,0.00006
57.81000,1.98000,0.99806,0.00003,0.00000,0.00012,0.00179
58.01000,1.98000,0.99853,0.00001,0.00000,0.00003,0.00142
58.21000,1.98000,0.99997,0.00001,0.00000,0.00001,0.00001
58.41000,1.98000,0.99995,0.00001,0.00004,0.00000,0.00000
58.61000,1.98000,0.99625,0.00013,0.00350,0.00007,0.00004
58.81000,1.98000,0.13065,0.00034,0.86653,0.00169,0.00080
59.01000,1.98000,0.60849,0.00018,0.39065,0.00031,0.00037
59.21000,1.98000,0.99772,0.00018,0.00197,0.00005,0.00008
59.41000,1.98000,0.99970,0.00010,0.00006,0.00003,0.00011
59.61000,1.98000,0.99954,0.00003,0.00030,0.00005,0.00007
59.81000,1.98000,0.99867,0.00116,0.00003,0.00013,0.00002
60.01000,1.98000,0.99964,0.00002,0.00000,0.00013,0.00020
60.21000,1.98000,0.99931,0.00018,0.00000,0.00030,0.00021
60.41000,1.98000,0.99874,0.00027,0.00000,0.00052,0.00046
60.61000,1.98000,0.99837,0.00017,0.00000,0.00048,0.00097
60.81000,1.98000,0.99946,0.00009,0.00000,0.00008,0.00037
61.01000,1.98000,0.99962,0.00023,0.00000,0.00002,0.00012
61.21000,1.98000,0.99908,0.00023,0.00000,0.00012,0.00057
61.41000,1.98000,0.99534,0.00012,0.00000,0.00030,0.00424
61.61000,1.98000,0.99466,0.00005,0.00000,0.00017,0.00511
61.81000,1.98000,0.99745,0.00001,0.00001,0.00003,0.00250
62.01000,1.98000,0.99983,0.00000,0.00000,0.00000,0.00017
62.21000,1.98000,0.99993,0.00000,0.00000,0.00000,0.00006
62.41000,1.98000,0.99994,0.00001,0.00000,0.00000,0.00006
62.61000,1.98000,0.99981,0.00001,0.00011,0.00004,0.00003
62.81000,1.98000,0.98310,0.00034,0.01279,0.00319,0.00057
63.01000,1.98000,0.04422,0.00023,0.94776,0.00528,0.00251
63.21000,1.98000,0.99655,0.00005,0.00271,0.00008,0.00061
63.41000,1.98000,0.99987,0.00001,0.00005,0.00001,0.00007
63.61000,1.98000,0.99993,0.00001,0.00002,0.00000,0.00004
63.81000,1.98000,0.99989,0.00000,0.00006,0.00001,0.00004
64.01000,1.98000,0.99986,0.00000,0.00000,0.00002,0.00012
64.21000,1.98000,0.99991,0.00000,0.00000,0.00001,0.00007
64.41000,1.98000,0.99990,0.00000,0.00000,0.00000,0.00009
64.61000,1.98000,0.99972,0.00000,0.00000,0.00000,0.00028
64.81000,1.98000,0.99987,0.00000,0.00000,0.00000,0.00013
65.01000,1.98000,0.99935,0.00000,0.00000,0.00001,0.00065
65.21000,1.98000,0.99921,0.00000,0.00000,0.00002,0.00077
65.41000,1.98000,0.99990,0.00000,0.00000,0.00000,0.00010
65.61000,1.98000,0.99996,0.00000,0.00001,0.00000,0.00002
65.81000,1.98000,0.99999,0.00000,0.00001,0.00000,0.00000
66.01000,1.98000,1.00000,0.00000,0.00000,0.00000,0.00000
66.21000,1.98000,0.99997,0.00000,0.00000,0.00000,0.00003
66.41000,1.98000,0.99992,0.00000,0.00005,0.00001,0.00001
66.61000,1.98000,0.80531,0.00031,0.18947,0.00256,0.00235
66.81000,1.98000,0.23608,0.00028,0.75183,0.00812,0.00370
67.01000,1.98000,0.99852,0.00008,0.00102,0.00006,0.00031
67.21000,1.98000,0.99991,0.00002,0.00002,0.00001,0.00004
67.41000,1.98000,0.99992,0.00001,0.00003,0.00001,0.00003
67.61000,1.98000,0.99989,0.00001,0.00002,0.00001,0.00007
67.81000,1.98000,0.99961,0.00001,0.00000,0.00009,0.00029
68.01000,1.98000,0.99958,0.00003,0.00000,0.00019,0.00020
68.21000,1.98000,0.99974,0.00002,0.00000,0.00004,0.00021
68.41000,1.98000,0.99986,0.00001,0.00000,0.00001,0.00013
68.61000,1.98000,0.99993,0.00000,0.00000,0.00000,0.00007
68.81000,1.98000,0.99997,0.00000,0.00000,0.00000,0.00003
69.01000,1.98000,0.99975,0.00000,0.00000,0.00001,0.00023
69.21000,1.98000,0.99865,0.00001,0.00000,0.00004,0.00131
69.41000,1.98000,0.99977,0.00000,0.00000,0.00006,0.00017
69.61000,1.98000,0.99999,0.00000,0.00000,0.00000,0.00000
69.81000,1.98000,1.00000,0.00000,0.00000,0.00000,0.00000
70.01000,1.98000,0.99997,0.00000,0.00003,0.00000,0.00000
70.21000,1.98000,0.90601,0.00026,0.09256,0.00069,0.00048
70.41000,1.98000,0.09800,0.00078,0.89479,0.00575,0.00068
70.61000,1.98000,0.96298,0.00004,0.03673,0.00009,0.00016
70.81000,1.98000,0.99981,0.00001,0.00016,0.00000,0.00002
71.01000,1.98000,0.99997,0.00000,0.00001,0.00000,0.00001
71.21000,1.98000,0.99994,0.00000,0.00003,0.00000,0.00003
71.41000,1.98000,0.99995,0.00000,0.00001,0.00000,0.00003
71.61000,1.98000,0.99990,0.00000,0.00000,0.00002,0.00008
71.81000,1.98000,0.99984,0.00000,0.00000,0.00002,0.00014
72.01000,1.98000,0.99974,0.00000,0.00000,0.00001,0.00024
72.21000,1.98000,0.99947,0.00001,0.00000,0.00001,0.00050
72.41000,1.98000,0.99917,0.00001,0.00000,0.00001,0.00081
72.61000,1.98000,0.99697,0.00001,0.00000,0.00001,0.00301
72.81000,1.98000,0.99638,0.00000,0.00000,0.00001,0.00361
73.01000,1.98000,0.99982,0.00000,0.00000,0.00000,0.00018
73.21000,1.98000,0.99999,0.00000,0.00000,0.00000,0.00000
73.41000,1.98000,1.00000,0.00000,0.00000,0.00000,0.00000
73.61000,1.98000,1.00000,0.00000,0.00000,0.00000,0.00000
73.81000,1.98000,0.99999,0.00000,0.00001,0.00000,0.00000
74.01000,1.98000,0.99836,0.00002,0.00153,0.00003,0.00005
74.21000,1.98000,0.05760,0.00017,0.93787,0.00286,0.00150
74.41000,1.98000,0.97250,0.00004,0.02713,0.00008,0.00025
74.61000,1.98000,0.99974,0.00002,0.00019,0.00001,0.00004
74.81000,1.98000,0.99993,0.00000,0.00004,0.00000,0.00002
75.01000,1.98000,0.99992,0.00000,0.00006,0.00000,0.00001
75.21000,1.98000,0.99987,0.00000,0.00005,0.00001,0.00006
75.41000,1.98000,0.99976,0.00000,0.00000,0.00004,0.00020
75.61000,1.98000,0.99985,0.00000,0.00000,0.00003,0.00012
75.81000,1.98000,0.99992,0.00000,0.00000,0.00002,0.00006
76.01000,1.98000,0.99997,0.00000,0.00000,0.00000,0.00003
76.21000,1.98000,0.99996,0.00001,0.00000,0.00000,0.00003
76.41000,1.98000,0.99996,0.00002,0.00000,0.00000,0.00002
76.61000,1.98000,0.99993,0.00002,0.00000,0.00000,0.00004
76.81000,1.98000,0.99991,0.00003,0.00000,0.00000,0.00006
77.01000,1.98000,0.99973,0.00003,0.00000,0.00001,0.00023
77.21000,1.98000,0.99999,0.00000,0.00000,0.00000,0.00001
77.41000,1.98000,1.00000,0.00000,0.00000,0.00000,0.00000
77.61000,1.98000,0.99996,0.00001,0.00002,0.00000,0.00000
77.81000,1.98000,0.99869,0.00015,0.00115,0.00001,0.00001
78.01000,1.98000,0.55593,0.00634,0.43743,0.00019,0.00011
78.21000,1.98000,0.58056,0.00222,0.41680,0.00010,0.00032
78.41000,1.98000,0.99067,0.00034,0.00884,0.00002,0.00013
78.61000,1.98000,0.99973,0.00018,0.00005,0.00000,0.00004
78.81000,1.98000,0.99961,0.00021,0.00007,0.00003,0.00009
79.01000,1.98000,0.99984,0.00004,0.00005,0.00001,0.00006
79.21000,1.98000,0.99973,0.00007,0.00002,0.00003,0.00015
79.41000,1.98000,0.99937,0.00000,0.00000,0.00002,0.00061
79.61000,1.98000,0.99982,0.00000,0.00000,0.00000,0.00018
79.81000,1.98000,0.99998,0.00000,0.00000,0.00000,0.00002
80.01000,1.98000,0.99999,0.00000,0.00000,0.00000,0.00001
80.21000,1.98000,0.99988,0.00000,0.00000,0.00002,0.00010
80.41000,1.98000,0.99975,0.00000,0.00000,0.00020,0.00005
80.61000,1.98000,0.99990,0.00000,0.00008,0.00000,0.00001
80.81000,1.98000,0.99991,0.00000,0.00008,0.00000,0.00000
81.01000,1.98000,0.99989,0.00000,0.00010,0.00000,0.00000
81.21000,1.98000,0.98089,0.00016,0.01887,0.00006,0.00003
81.41000,1.98000,0.09207,0.00025,0.90695,0.00059,0.00014
81.61000,1.98000,0.86765,0.00009,0.13200,0.00009,0.00018
81.81000,1.98000,0.99985,0.00005,0.00005,0.00001,0.00004
82.01000,1.98000,0.99984,0.00011,0.00000,0.00000,0.00004
82.21000,1.98000,0.99988,0.00005,0.00002,0.00001,0.00004
82.41000,1.98000,0.99943,0.00050,0.00000,0.00003,0.00004
82.61000,1.98000,0.99883,0.00085,0.00000,0.00012,0.00019
82.81000,1.98000,0.99486,0.00452,0.00000,0.00023,0.00038
83.01000,1.98000,0.99843,0.00122,0.00000,0.00005,0.00030
83.21000,1.98000,0.99816,0.00153,0.00000,0.00002,0.00029
83.41000,1.98000,0.99276,0.00454,0.00000,0.00006,0.00263
83.61000,1.98000,0.99926,0.00057,0.00000,0.00002,0.00014
83.81000,1.98000,0.99925,0.00055,0.00016,0.00000,0.00004
84.01000,1.98000,0.99977,0.00015,0.00007,0.00000,0.00001
84.21000,1.98000,0.99992,0.00004,0.00004,0.00000,0.00000
84.41000,1.98000,0.99480,0.00027,0.00479,0.00010,0.00004
84.61000,1.98000,0.00860,0.00007,0.99101,0.00024,0.00007
84.81000,1.98000,0.97636,0.00030,0.02300,0.00008,0.00027
85.01000,1.98000,0.99989,0.00002,0.00003,0.00000,0.00005
85.21000,1.98000,0.99997,0.00000,0.00000,0.00000,0.00003
85.41000,1.98000,0.99998,0.00000,0.00001,0.00000,0.00001
85.61000,1.98000,0.99997,0.00000,0.00000,0.00000,0.00003
85.81000,1.98000,0.99972,0.00000,0.00000,0.00000,0.00028
86.01000,1.98000,0.99986,0.00000,0.00000,0.00000,0.00013
86.21000,1.98000,0.99997,0.00000,0.00000,0.00001,0.00003
86.41000,1.98000,0.99999,0.00000,0.00000,0.00000,0.00001
86.61000,1.98000,0.99998,0.00000,0.00001,0.00000,0.00001
86.81000,1.98000,0.99995,0.00000,0.00001,0.00001,0.00003
87.01000,1.98000,0.99956,0.00000,0.00029,0.00003,0.00012
87.21000,1.98000,0.99988,0.00000,0.00009,0.00000,0.00002
87.41000,1.98000,1.00000,0.00000,0.00000,0.00000,0.00000
87.61000,1.98000,1.00000,0.00000,0.00000,0.00000,0.00000
87.81000,1.98000,0.99999,0.00000,0.00001,0.00000,0.00000
88.01000,1.98000,0.94835,0.00020,0.04994,0.00089,0.00061
88.21000,1.98000,0.01464,0.00016,0.98252,0.00180,0.00087
88.41000,1.98000,0.99919,0.00033,0.00030,0.00003,0.00015
88.61000,1.98000,0.99970,0.00024,0.00001,0.00001,0.00003
88.81000,1.98000,0.99964,0.00020,0.00005,0.00005,0.00006
89.01000,1.98000,0.99945,0.00017,0.00021,0.00012,0.00005
89.21000,1.98000,0.99394,0.00363,0.00001,0.00222,0.00021
89.41000,1.98000,0.99514,0.00171,0.00001,0.00270,0.00044
89.61000,1.98000,0.98387,0.00295,0.00003,0.01158,0.00156
89.81000,1.98000,0.99568,0.00122,0.00002,0.00184,0.00124
90.01000,1.98000,0.99803,0.00036,0.00003,0.00035,0.00123
90.21000,1.98000,0.99929,0.00028,0.00000,0.00009,0.00033
90.41000,1.98000,0.99990,0.00001,0.00000,0.00000,0.00009
90.61000,1.98000,0.99998,0.00000,0.00000,0.00000,0.00001
90.81000,1.98000,0.99996,0.00000,0.00000,0.00000,0.00004
91.01000,1.98000,0.99968,0.00001,0.00000,0.00002,0.00030
91.21000,1.98000,0.95766,0.00005,0.00008,0.00138,0.04082
91.41000,1.98000,0.99100,0.00001,0.00067,0.00087,0.00745
91.61000,1.98000,0.99993,0.00001,0.00000,0.00001,0.00005
91.81000,1.98000,0.99999,0.00000,0.00000,0.00000,0.00001
92.01000,1.98000,0.99997,0.00001,0.00001,0.00000,0.00001
92.21000,1.98000,0.99819,0.00005,0.00170,0.00003,0.00003
92.41000,1.98000,0.05525,0.00031,0.93754,0.00557,0.00133
92.61000,1.98000,0.52747,0.00027,0.46917,0.00123,0.00186
92.81000,1.98000,0.99974,0.00008,0.00010,0.00000,0.00007
93.01000,1.98000,0.99995,0.00003,0.00000,0.00000,0.00002
93.21000,1.98000,0.99997,0.00002,0.00000,0.00000,0.00001
93.41000,1.98000,0.99994,0.00005,0.00000,0.00000,0.00000
93.61000,1.98000,0.99961,0.00002,0.00000,0.00001,0.00035
93.81000,1.98000,0.99869,0.00001,0.00000,0.00021,0.00109
94.01000,1.98000,0.99991,0.00001,0.00000,0.00002,0.00006
94.21000,1.98000,1.00000,0.00000,0.00000,0.00000,0.00000
94.41000,1.98000,0.99999,0.00000,0.00000,0.00000,0.00000
94.61000,1.98000,1.00000,0.00000,0.00000,0.00000,0.00000
94.81000,1.98000,1.00000,0.00000,0.00000,0.00000,0.00000
95.01000,1.98000,0.99999,0.00000,0.00001,0.00000,0.00000
95.21000,1.98000,0.99999,0.00000,0.00001,0.00000,0.00000
95.41000,1.98000,0.99996,0.00001,0.00003,0.00000,0.00000
95.61000,1.98000,0.99745,0.00015,0.00232,0.00001,0.00006
95.81000,1.98000,0.70833,0.00026,0.29082,0.00005,0.00054
96.01000,1.98000,0.87093,0.00074,0.12794,0.00001,0.00038
96.21000,1.98000,0.99470,0.00471,0.00023,0.00000,0.00036
96.41000,1.98000,0.99852,0.00118,0.00001,0.00000,0.00029
96.61000,1.98000,0.99980,0.00013,0.00002,0.00000,0.00005
96.81000,1.98000,0.99977,0.00018,0.00002,0.00000,0.00003
97.01000,1.98000,0.99999,0.00001,0.00000,0.00000,0.00000
97.21000,1.98000,1.00000,0.00000,0.00000,0.00000,0.00000
97.41000,1.98000,0.99999,0.00000,0.00001,0.00000,0.00000
97.61000,1.98000,0.99999,0.00000,0.00001,0.00000,0.00000
97.81000,1.98000,0.99999,0.00000,0.00001,0.00000,0.00000
98.01000,1.98000,0.99984,0.00001,0.00016,0.00000,0.00000
98.21000,1.98000,0.99086,0.00013,0.00893,0.00007,0.00001
98.41000,1.98000,0.10300,0.00025,0.89553,0.00102,0.00020
98.61000,1.98000,0.85300,0.00007,0.14667,0.00009,0.00016
98.81000,1.98000,0.99965,0.00007,0.00023,0.00001,0.00004
99.01000,1.98000,0.99992,0.00004,0.00001,0.00000,0.00003
99.21000,1.98000,0.99990,0.00002,0.00006,0.00000,0.00002
99.41000,1.98000,0.99980,0.00017,0.00000,0.00000,0.00003
99.61000,1.98000,0.99997,0.00000,0.00000,0.00000,0.00002
99.81000,1.98000,0.99992,0.00002,0.00000,0.00001,0.00005
100.01000,1.98000,0.99960,0.00016,0.00000,0.00011,0.00014
100.21000,1.98000,0.99523,0.00006,0.00000,0.00020,0.00451
100.41000,1.98000,0.99971,0.00009,0.00000,0.00015,0.00005
100.61000,1.98000,0.99975,0.00012,0.00010,0.00002,0.00000
100.81000,1.98000,0.99706,0.00023,0.00264,0.00005,0.00003
101.01000,1.98000,0.48706,0.00033,0.51028,0.00164,0.00070
101.21000,1.98000,0.49594,0.00014,0.49999,0.00144,0.00249
101.41000,1.98000,0.99902,0.00003,0.00054,0.00012,0.00030
101.61000,1.98000,0.99988,0.00002,0.00002,0.00002,0.00007
101.81000,1.98000,0.99989,0.00000,0.00002,0.00001,0.00007
102.01000,1.98000,0.99992,0.00000,0.00002,0.00002,0.00004
102.21000,1.98000,0.99991,0.00000,0.00000,0.00002,0.00007
102.41000,1.98000,0.99996,0.00000,0.00000,0.00000,0.00004
102.61000,1.98000,0.99997,0.00000,0.00000,0.00000,0.00002
102.81000,1.98000,0.99969,0.00007,0.00000,0.00004,0.00020
103.01000,1.98000,0.99994,0.00002,0.00000,0.00001,0.00003
103.21000,1.98000,0.99595,0.00050,0.00000,0.00033,0.00322
103.41000,1.98000,0.99301,0.00042,0.00017,0.00580,0.00059
103.61000,1.98000,0.99709,0.00209,0.00031,0.00033,0.00018
103.81000,1.98000,0.70602,0.00393,0.27850,0.00427,0.00728
104.01000,1.98000,0.25591,0.00025,0.73885,0.00205,0.00295
104.21000,1.98000,0.98986,0.00003,0.00942,0.00019,0.00051
104.41000,1.98000,0.99985,0.00001,0.00005,0.00001,0.00008
104.61000,1.98000,0.99993,0.00000,0.00001,0.00001,0.00006
104.81000,1.98000,0.99995,0.00000,0.00001,0.00001,0.00003
105.01000,1.98000,0.99983,0.00001,0.00000,0.00005,0.00011
105.21000,1.98000,0.99949,0.00004,0.00000,0.00027,0.00020
105.41000,1.98000,0.99783,0.00012,0.00000,0.00068,0.00137
105.61000,1.98000,0.96532,0.00025,0.00004,0.00278,0.03161
105.81000,1.98000,0.98465,0.00003,0.00001,0.00035,0.01495
106.01000,1.98000,0.99648,0.00002,0.00000,0.00001,0.00348
106.21000,1.98000,0.99926,0.00000,0.00000,0.00000,0.00074
106.41000,1.98000,0.99967,0.00000,0.00000,0.00000,0.00032
106.61000,1.98000,0.99997,0.00000,0.00000,0.00000,0.00003
106.81000,1.98000,0.99998,0.00000,0.00001,0.00000,0.00001
107.01000,1.98000,0.99999,0.00000,0.00001,0.00000,0.00000
107.21000,1.98000,0.99999,0.00000,0.00001,0.00000,0.00000
107.41000,1.98000,0.99545,0.00007,0.00437,0.00006,0.00006
107.61000,1.98000,0.68056,0.00088,0.31634,0.00137,0.00085
107.81000,1.98000,0.09920,0.00043,0.89787,0.00112,0.00138
108.01000,1.98000,0.99948,0.00017,0.00023,0.00002,0.00010
108.21000,1.98000,0.99996,0.00002,0.00001,0.00000,0.00001
108.41000,1.98000,0.99996,0.00001,0.00000,0.00000,0.00002
108.61000,1.98000,0.99997,0.00001,0.00000,0.00000,0.00002
108.81000,1.98000,0.99985,0.00001,0.00000,0.00000,0.00014
109.01000,1.98000,0.99946,0.00001,0.00000,0.00001,0.00052
109.21000,1.98000,0.99766,0.00000,0.00000,0.00002,0.00232
109.41000,1.98000,0.99838,0.00000,0.00000,0.00000,0.00161
109.61000,1.98000,0.99876,0.00000,0.00000,0.00000,0.00124
109.81000,1.98000,0.99997,0.00000,0.00000,0.00000,0.00003
110.01000,1.98000,1.00000,0.00000,0.00000,0.00000,0.00000
110.21000,1.98000,0.99999,0.00000,0.00000,0.00000,0.00000
110.41000,1.98000,0.99980,0.00000,0.00018,0.00001,0.00001
110.61000,1.98000,0.97812,0.00010,0.02110,0.00033,0.00035
110.81000,1.98000,0.15404,0.00025,0.83430,0.00577,0.00564
111.01000,1.98000,0.98785,0.00136,0.00788,0.00175,0.00116
111.21000,1.98000,0.99937,0.00022,0.00015,0.00010,0.00017
111.41000,1.98000,0.99961,0.00002,0.00025,0.00007,0.00005
111.61000,1.98000,0.99972,0.00000,0.00024,0.00002,0.00002
111.81000,1.98000,0.99913,0.00001,0.00001,0.00028,0.00056
112.01000,1.98000,0.99964,0.00000,0.00000,0.00008,0.00028
112.21000,1.98000,0.99985,0.00000,0.00000,0.00001,0.00014
112.41000,1.98000,0.99982,0.00000,0.00000,0.00000,0.00017
112.61000,1.98000,0.99989,0.00000,0.00000,0.00000,0.00011
112.81000,1.98000,0.99976,0.00000,0.00000,0.00000,0.00024
113.01000,1.98000,0.99878,0.00000,0.00000,0.00000,0.00122
113.21000,1.98000,0.99923,0.00000,0.00000,0.00000,0.00077
113.41000,1.98000,0.99996,0.00000,0.00000,0.00000,0.00004
113.61000,1.98000,1.00000,0.00000,0.00000,0.00000,0.00000
113.81000,1.98000,0.99999,0.00000,0.00001,0.00000,0.00000
114.01000,1.98000,0.99892,0.00002,0.00097,0.00005,0.00004
114.21000,1.98000,0.63493,0.00073,0.35661,0.00595,0.00177
114.41000,1.98000,0.63043,0.00029,0.36445,0.00248,0.00236
114.61000,1.98000,0.99987,0.00002,0.00002,0.00000,0.00008
114.81000,1.98000,0.99994,0.00002,0.00000,0.00000,0.00004
115.01000,1.98000,0.99998,0.00000,0.00001,0.00000,0.00001
115.21000,1.98000,0.99994,0.00003,0.00000,0.00001,0.00002
115.41000,1.98000,0.99990,0.00001,0.00000,0.00002,0.00007
115.61000,1.98000,0.99993,0.00002,0.00000,0.00001,0.00004
115.81000,1.98000,0.99992,0.00002,0.00000,0.00001,0.00006
116.01000,1.98000,0.99993,0.00001,0.00000,0.00000,0.00005
116.21000,1.98000,0.99996,0.00002,0.00000,0.00000,0.00002
116.41000,1.98000,0.99996,0.00001,0.00000,0.00000,0.00003
116.61000,1.98000,0.99998,0.00000,0.00000,0.00000,0.00002
116.81000,1.98000,0.99991,0.00000,0.00000,0.00000,0.00009
117.01000,1.98000,0.99997,0.00000,0.00001,0.00000,0.00001
117.21000,1.98000,0.99993,0.00004,0.00003,0.00000,0.00000
117.41000,1.98000,0.99607,0.00040,0.00338,0.00009,0.00005
117.61000,1.98000,0.26335,0.00084,0.73226,0.00253,0.00101
117.81000,1.98000,0.35854,0.00023,0.63948,0.00041,0.00134
118.01000,1.98000,0.99948,0.00024,0.00014,0.00001,0.00014
118.21000,1.98000,0.99945,0.00018,0.00004,0.00003,0.00031
118.41000,1.98000,0.99992,0.00000,0.00002,0.00000,0.00006
118.61000,1.98000,0.99992,0.00000,0.00002,0.00001,0.00005
118.81000,1.98000,0.99987,0.00000,0.00000,0.00001,0.00012
119.01000,1.98000,0.99992,0.00000,0.00000,0.00001,0.00007
119.21000,1.98000,0.99996,0.00000,0.00000,0.00000,0.00003
119.41000,1.98000,0.99997,0.00001,0.00000,0.00000,0.00002
119.61000,1.98000,0.99984,0.00003,0.00000,0.00003,0.00010
119.81000,1.98000,0.94298,0.00067,0.00005,0.01507,0.04123
120.01000,1.98000,0.68320,0.00033,0.00378,0.05928,0.25342
120.21000,1.98000,0.98147,0.00015,0.00032,0.00081,0.01725
120.41000,1.98000,0.99930,0.00012,0.00022,0.00001,0.00036
120.61000,1.98000,0.99962,0.00033,0.00001,0.00000,0.00004
120.81000,1.98000,0.99986,0.00012,0.00000,0.00000,0.00002
121.01000,1.98000,0.99946,0.00049,0.00000,0.00001,0.00004
121.21000,1.98000,0.99979,0.00017,0.00001,0.00002,0.00001
121.41000,1.98000,0.99818,0.00176,0.00002,0.00001,0.00003
121.61000,1.98000,0.95223,0.04588,0.00086,0.00027,0.00077
121.81000,1.98000,0.98683,0.01173,0.00079,0.00005,0.00060
122.01000,1.98000,0.99877,0.00077,0.00021,0.00001,0.00023
122.21000,1.98000,0.99834,0.00012,0.00050,0.00007,0.00097
122.41000,1.98000,0.99980,0.00000,0.00010,0.00001,0.00009
122.61000,1.98000,0.99991,0.00000,0.00001,0.00000,0.00008
122.81000,1.98000,0.99977,0.00000,0.00000,0.00006,0.00017
123.01000,1.98000,0.99971,0.00000,0.00000,0.00010,0.00019
123.21000,1.98000,0.99971,0.00000,0.00000,0.00011,0.00018
123.41000,1.98000,0.99971,0.00000,0.00000,0.00011,0.00018
