Time (seconds), Duration (seconds),pred_(unlabeled),pred_On,pred_Off,pred_Dimmer,pred_Lighter
0.01000,1.98000,1.00000,0.00000,0.00000,0.00000,0.00000
0.21000,1.98000,1.00000,0.00000,0.00000,0.00000,0.00000
0.41000,1.98000,1.00000,0.00000,0.00000,0.00000,0.00000
0.61000,1.98000,1.00000,0.00000,0.00000,0.00000,0.00000
0.81000,1.98000,1.00000,0.00000,0.00000,0.00000,0.00000
1.01000,1.98000,1.00000,0.00000,0.00000,0.00000,0.00000
1.21000,1.98000,1.00000,0.00000,0.00000,0.00000,0.00000
1.41000,1.98000,1.00000,0.00000,0.00000,0.00000,0.00000
1.61000,1.98000,1.00000,0.00000,0.00000,0.00000,0.00000
1.81000,1.98000,1.00000,0.00000,0.00000,0.00000,0.00000
2.01000,1.98000,1.00000,0.00000,0.00000,0.00000,0.00000
2.21000,1.98000,1.00000,0.00000,0.00000,0.00000,0.00000
2.41000,1.98000,1.00000,0.00000,0.00000,0.00000,0.00000
2.61000,1.98000,1.00000,0.00000,0.00000,0.00000,0.00000
2.81000,1.98000,1.00000,0.00000,0.00000,0.00000,0.00000
3.01000,1.98000,1.00000,0.00000,0.00000,0.00000,0.00000
3.21000,1.98000,1.00000,0.00000,0.00000,0.00000,0.00000
3.41000,1.98000,1.00000,0.00000,0.00000,0.00000,0.00000
3.61000,1.98000,1.00000,0.00000,0.00000,0.00000,0.00000
3.81000,1.98000,1.00000,0.00000,0.00000,0.00000,0.00000
4.01000,1.98000,1.00000,0.00000,0.00000,0.00000,0.00000
4.21000,1.98000,1.00000,0.00000,0.00000,0.00000,0.00000
4.41000,1.98000,1.00000,0.00000,0.00000,0.00000,0.00000
4.61000,1.98000,1.00000,0.00000,0.00000,0.00000,0.00000
4.81000,1.98000,1.00000,0.00000,0.00000,0.00000,0.00000
5.01000,1.98000,1.00000,0.00000,0.00000,0.00000,0.00000
5.21000,1.98000,1.00000,0.00000,0.00000,0.00000,0.00000
5.41000,1.98000,1.00000,0.00000,0.00000,0.00000,0.00000
5.61000,1.98000,1.00000,0.00000,0.00000,0.00000,0.00000
5.81000,1.98000,1.00000,0.00000,0.00000,0.00000,0.00000
6.01000,1.98000,1.00000,0.00000,0.00000,0.00000,0.00000
6.21000,1.98000,1.00000,0.00000,0.00000,0.00000,0.00000
6.41000,1.98000,1.00000,0.00000,0.00000,0.00000,0.00000
6.61000,1.98000,1.00000,0.00000,0.00000,0.00000,0.00000
6.81000,1.98000,1.00000,0.00000,0.00000,0.00000,0.00000
7.01000,1.98000,1.00000,0.00000,0.00000,0.00000,0.00000
7.21000,1.98000,1.00000,0.00000,0.00000,0.00000,0.00000
7.41000,1.98000,1.00000,0.00000,0.00000,0.00000,0.00000
7.61000,1.98000,1.00000,0.00000,0.00000,0.00000,0.00000
7.81000,1.98000,1.00000,0.00000,0.00000,0.00000,0.00000
8.01000,1.98000,1.00000,0.00000,0.00000,0.00000,0.00000
8.21000,1.98000,1.00000,0.00000,0.00000,0.00000,0.00000
8.41000,1.98000,1.00000,0.00000,0.00000,0.00000,0.00000
8.61000,1.98000,1.00000,0.00000,0.00000,0.00000,0.00000
8.81000,1.98000,1.00000,0.00000,0.00000,0.00000,0.00000
9.01000,1.98000,1.00000,0.00000,0.00000,0.00000,0.00000
9.21000,1.98000,1.00000,0.00000,0.00000,0.00000,0.00000
9.41000,1.98000,1.00000,0.00000,0.00000,0.00000,0.00000
9.61000,1.98000,1.00000,0.00000,0.00000,0.00000,0.00000
9.81000,1.98000,0.99988,0.00000,0.00000,0.00012,0.00000
10.01000,1.98000,0.97858,0.00014,0.00001,0.01871,0.00256
10.21000,1.98000,0.89929,0.00143,0.00012,0.05294,0.04622
10.41000,1.98000,0.81072,0.00274,0.00040,0.02945,0.15669
10.61000,1.98000,0.77584,0.00273,0.00047,0.00725,0.21371
10.81000,1.98000,0.74760,0.00182,0.00045,0.00185,0.24828
11.01000,1.98000,0.99195,0.00003,0.00012,0.00001,0.00788
11.21000,1.98000,0.99702,0.00000,0.00009,0.00000,0.00289
11.41000,1.98000,0.99835,0.00000,0.00002,0.00000,0.00163
11.61000,1.98000,0.99952,0.00000,0.00002,0.00000,0.00046
11.81000,1.98000,0.99945,0.00000,0.00001,0.00000,0.00054
12.01000,1.98000,0.99961,0.00000,0.00001,0.00000,0.00039
12.21000,1.98000,0.99929,0.00000,0.00001,0.00000,0.00070
12.41000,1.98000,0.99879,0.00000,0.00002,0.00000,0.00119
12.61000,1.98000,0.99522,0.00000,0.00004,0.00000,0.00474
12.81000,1.98000,0.99537,0.00000,0.00004,0.00000,0.00458
13.01000,1.98000,0.99598,0.00000,0.00004,0.00000,0.00398
13.21000,1.98000,0.99769,0.00000,0.00003,0.00000,0.00228
13.41000,1.98000,0.99786,0.00000,0.00003,0.00000,0.00211
13.61000,1.98000,0.99834,0.00000,0.00002,0.00000,0.00164
13.81000,1.98000,0.99608,0.00000,0.00005,0.00000,0.00387
14.01000,1.98000,0.99828,0.00000,0.00003,0.00000,0.00169
14.21000,1.98000,0.99928,0.00000,0.00001,0.00000,0.00071
14.41000,1.98000,0.99957,0.00000,0.00001,0.00000,0.00042
14.61000,1.98000,0.99983,0.00000,0.00000,0.00000,0.00016
14.81000,1.98000,0.99985,0.00000,0.00000,0.00001,0.00014
15.01000,1.98000,0.99997,0.00000,0.00000,0.00000,0.00003
15.21000,1.98000,0.99999,0.00000,0.00000,0.00000,0.00001
15.41000,1.98000,1.00000,0.00000,0.00000,0.00000,0.00000
15.61000,1.98000,1.00000,0.00000,0.00000,0.00000,0.00000
15.81000,1.98000,1.00000,0.00000,0.00000,0.00000,0.00000
16.01000,1.98000,1.00000,0.00000,0.00000,0.00000,0.00000
16.21000,1.98000,1.00000,0.00000,0.00000,0.00000,0.00000
16.41000,1.98000,1.00000,0.00000,0.00000,0.00000,0.00000
16.61000,1.98000,1.00000,0.00000,0.00000,0.00000,0.00000
16.81000,1.98000,1.00000,0.00000,0.00000,0.00000,0.00000
17.01000,1.98000,1.00000,0.00000,0.00000,0.00000,0.00000
17.21000,1.98000,1.00000,0.00000,0.00000,0.00000,0.00000
17.41000,1.98000,1.00000,0.00000,0.00000,0.00000,0.00000
17.61000,1.98000,1.00000,0.00000,0.00000,0.00000,0.00000
17.81000,1.98000,1.00000,0.00000,0.00000,0.00000,0.00000
18.01000,1.98000,1.00000,0.00000,0.00000,0.00000,0.00000
18.21000,1.98000,1.00000,0.00000,0.00000,0.00000,0.00000
18.41000,1.98000,1.00000,0.00000,0.00000,0.00000,0.00000
18.61000,1.98000,0.99999,0.00000,0.00000,0.00001,0.00000
18.81000,1.98000,0.99849,0.00000,0.00000,0.00149,0.00002
19.01000,1.98000,0.95492,0.00034,0.00001,0.03819,0.00654
19.21000,1.98000,0.81455,0.00246,0.00012,0.08924,0.09362
19.41000,1.98000,0.79982,0.00259,0.00030,0.02742,0.16987
19.61000,1.98000,0.79787,0.00189,0.00035,0.00736,0.19253
19.81000,1.98000,0.89227,0.00048,0.00027,0.00075,0.10623
20.01000,1.98000,0.99755,0.00000,0.00006,0.00001,0.00239
20.21000,1.98000,0.99963,0.00000,0.00001,0.00000,0.00036
20.41000,1.98000,0.99961,0.00000,0.00001,0.00000,0.00038
20.61000,1.98000,0.99974,0.00000,0.00001,0.00000,0.00026
20.81000,1.98000,0.99992,0.00000,0.00000,0.00000,0.00008
21.01000,1.98000,0.99991,0.00000,0.00000,0.00000,0.00009
21.21000,1.98000,0.99976,0.00000,0.00001,0.00000,0.00023
21.41000,1.98000,0.99917,0.00000,0.00002,0.00000,0.00081
21.61000,1.98000,0.99956,0.00000,0.00002,0.00000,0.00043
21.81000,1.98000,0.99782,0.00000,0.00006,0.00000,0.00212
22.01000,1.98000,0.99836,0.00000,0.00007,0.00000,0.00157
22.21000,1.98000,0.99581,0.00000,0.00013,0.00000,0.00405
22.41000,1.98000,0.99811,0.00000,0.00010,0.00000,0.00179
22.61000,1.98000,0.99843,0.00000,0.00012,0.00000,0.00144
22.81000,1.98000,0.99795,0.00000,0.00017,0.00001,0.00186
23.01000,1.98000,0.99781,0.00000,0.00015,0.00002,0.00201
23.21000,1.98000,0.99901,0.00000,0.00005,0.00005,0.00089
23.41000,1.98000,0.99964,0.00000,0.00001,0.00005,0.00030
23.61000,1.98000,0.99993,0.00000,0.00000,0.00003,0.00004
23.81000,1.98000,0.99999,0.00000,0.00000,0.00001,0.00000
24.01000,1.98000,0.99999,0.00000,0.00000,0.00001,0.00000
24.21000,1.98000,1.00000,0.00000,0.00000,0.00000,0.00000
24.41000,1.98000,1.00000,0.00000,0.00000,0.00000,0.00000
24.61000,1.98000,1.00000,0.00000,0.00000,0.00000,0.00000
24.81000,1.98000,1.00000,0.00000,0.00000,0.00000,0.00000
25.01000,1.98000,1.00000,0.00000,0.00000,0.00000,0.00000
25.21000,1.98000,1.00000,0.00000,0.00000,0.00000,0.00000
25.41000,1.98000,1.00000,0.00000,0.00000,0.00000,0.00000
25.61000,1.98000,1.00000,0.00000,0.00000,0.00000,0.00000
25.81000,1.98000,1.00000,0.00000,0.00000,0.00000,0.00000
26.01000,1.98000,1.00000,0.00000,0.00000,0.00000,0.00000
26.21000,1.98000,1.00000,0.00000,0.00000,0.00000,0.00000
26.41000,1.98000,1.00000,0.00000,0.00000,0.00000,0.00000
26.61000,1.98000,1.00000,0.00000,0.00000,0.00000,0.00000
26.81000,1.98000,1.00000,0.00000,0.00000,0.00000,0.00000
27.01000,1.98000,1.00000,0.00000,0.00000,0.00000,0.00000
27.21000,1.98000,1.00000,0.00000,0.00000,0.00000,0.00000
27.41000,1.98000,1.00000,0.00000,0.00000,0.00000,0.00000
27.61000,1.98000,1.00000,0.00000,0.00000,0.00000,0.00000
27.81000,1.98000,1.00000,0.00000,0.00000,0.00000,0.00000
28.01000,1.98000,0.99999,0.00000,0.00000,0.00001,0.00000
28.21000,1.98000,0.99974,0.00000,0.00000,0.00026,0.00000
28.41000,1.98000,0.97412,0.00014,0.00000,0.02336,0.00238
28.61000,1.98000,0.86742,0.00119,0.00008,0.07931,0.05200
28.81000,1.98000,0.70923,0.00284,0.00043,0.05042,0.23707
29.01000,1.98000,0.68023,0.00239,0.00050,0.01463,0.30225
29.21000,1.98000,0.76518,0.00078,0.00043,0.00172,0.23189
29.41000,1.98000,0.97553,0.00002,0.00023,0.00002,0.02420
29.61000,1.98000,0.99628,0.00000,0.00006,0.00000,0.00366
29.81000,1.98000,0.99902,0.00000,0.00001,0.00000,0.00097
30.01000,1.98000,0.99970,0.00000,0.00001,0.00000,0.00029
30.21000,1.98000,0.99983,0.00000,0.00000,0.00000,0.00017
30.41000,1.98000,0.99989,0.00000,0.00000,0.00000,0.00011
30.61000,1.98000,0.99992,0.00000,0.00000,0.00000,0.00008
30.81000,1.98000,0.99996,0.00000,0.00000,0.00000,0.00004
31.01000,1.98000,0.99997,0.00000,0.00000,0.00000,0.00003
31.21000,1.98000,0.99994,0.00000,0.00000,0.00000,0.00005
31.41000,1.98000,0.99991,0.00000,0.00001,0.00000,0.00008
31.61000,1.98000,0.99950,0.00000,0.00004,0.00000,0.00046
31.81000,1.98000,0.99742,0.00000,0.00010,0.00000,0.00247
32.01000,1.98000,0.99814,0.00000,0.00010,0.00000,0.00176
32.21000,1.98000,0.99530,0.00000,0.00020,0.00000,0.00449
32.41000,1.98000,0.99589,0.00001,0.00021,0.00001,0.00388
32.61000,1.98000,0.99804,0.00000,0.00013,0.00002,0.00180
32.81000,1.98000,0.99948,0.00000,0.00002,0.00003,0.00047
33.01000,1.98000,0.99968,0.00000,0.00001,0.00006,0.00025
33.21000,1.98000,0.99989,0.00000,0.00000,0.00005,0.00005
33.41000,1.98000,0.99999,0.00000,0.00000,0.00001,0.00000
33.61000,1.98000,0.99998,0.00000,0.00000,0.00002,0.00000
33.81000,1.98000,0.99999,0.00000,0.00000,0.00001,0.00000
34.01000,1.98000,1.00000,0.00000,0.00000,0.00000,0.00000
34.21000,1.98000,1.00000,0.00000,0.00000,0.00000,0.00000
34.41000,1.98000,1.00000,0.00000,0.00000,0.00000,0.00000
34.61000,1.98000,1.00000,0.00000,0.00000,0.00000,0.00000
34.81000,1.98000,1.00000,0.00000,0.00000,0.00000,0.00000
35.01000,1.98000,1.00000,0.00000,0.00000,0.00000,0.00000
35.21000,1.98000,1.00000,0.00000,0.00000,0.00000,0.00000
35.41000,1.98000,1.00000,0.00000,0.00000,0.00000,0.00000
35.61000,1.98000,1.00000,0.00000,0.00000,0.00000,0.00000
35.81000,1.98000,1.00000,0.00000,0.00000,0.00000,0.00000
36.01000,1.98000,1.00000,0.00000,0.00000,0.00000,0.00000
36.21000,1.98000,1.00000,0.00000,0.00000,0.00000,0.00000
36.41000,1.98000,1.00000,0.00000,0.00000,0.00000,0.00000
36.61000,1.98000,1.00000,0.00000,0.00000,0.00000,0.00000
36.81000,1.98000,1.00000,0.00000,0.00000,0.00000,0.00000
37.01000,1.98000,1.00000,0.00000,0.00000,0.00000,0.00000
37.21000,1.98000,1.00000,0.00000,0.00000,0.00000,0.00000
37.41000,1.98000,1.00000,0.00000,0.00000,0.00000,0.00000
37.61000,1.98000,1.00000,0.00000,0.00000,0.00000,0.00000
37.81000,1.98000,1.00000,0.00000,0.00000,0.00000,0.00000
38.01000,1.98000,0.99998,0.00000,0.00000,0.00002,0.00000
38.21000,1.98000,0.99939,0.00000,0.00000,0.00060,0.00001
38.41000,1.98000,0.97566,0.00012,0.00000,0.02206,0.00217
38.61000,1.98000,0.73816,0.00300,0.00008,0.15909,0.09967
38.81000,1.98000,0.71149,0.00352,0.00021,0.07860,0.20619
39.01000,1.98000,0.69074,0.00283,0.00031,0.02060,0.28552
39.21000,1.98000,0.76510,0.00136,0.00030,0.00401,0.22924
39.41000,1.98000,0.99201,0.00002,0.00009,0.00004,0.00784
39.61000,1.98000,0.99932,0.00000,0.00003,0.00000,0.00065
39.81000,1.98000,0.99962,0.00000,0.00001,0.00000,0.00037
40.01000,1.98000,0.99990,0.00000,0.00000,0.00000,0.00009
40.21000,1.98000,0.99994,0.00000,0.00000,0.00000,0.00006
40.41000,1.98000,0.99997,0.00000,0.00000,0.00000,0.00003
40.61000,1.98000,0.99997,0.00000,0.00000,0.00000,0.00003
40.81000,1.98000,0.99994,0.00000,0.00000,0.00000,0.00006
41.01000,1.98000,0.99991,0.00000,0.00000,0.00000,0.00009
41.21000,1.98000,0.99991,0.00000,0.00000,0.00000,0.00009
41.41000,1.98000,0.99994,0.00000,0.00000,0.00000,0.00006
41.61000,1.98000,0.99994,0.00000,0.00000,0.00000,0.00006
41.81000,1.98000,0.99964,0.00000,0.00001,0.00000,0.00036
42.01000,1.98000,0.99955,0.00000,0.00001,0.00000,0.00044
42.21000,1.98000,0.99970,0.00000,0.00001,0.00000,0.00029
42.41000,1.98000,0.99963,0.00000,0.00001,0.00000,0.00036
42.61000,1.98000,0.99937,0.00000,0.00002,0.00000,0.00061
42.81000,1.98000,0.99809,0.00000,0.00004,0.00000,0.00187
43.01000,1.98000,0.99786,0.00000,0.00005,0.00000,0.00209
43.21000,1.98000,0.99858,0.00000,0.00003,0.00000,0.00138
43.41000,1.98000,0.99836,0.00000,0.00005,0.00000,0.00160
43.61000,1.98000,0.99764,0.00000,0.00006,0.00000,0.00230
43.81000,1.98000,0.99865,0.00000,0.00003,0.00000,0.00132
44.01000,1.98000,0.99856,0.00000,0.00003,0.00001,0.00141
44.21000,1.98000,0.99965,0.00000,0.00001,0.00001,0.00033
44.41000,1.98000,0.99993,0.00000,0.00000,0.00001,0.00006
44.61000,1.98000,0.99997,0.00000,0.00000,0.00001,0.00002
44.81000,1.98000,0.99999,0.00000,0.00000,0.00001,0.00000
45.01000,1.98000,1.00000,0.00000,0.00000,0.00000,0.00000
45.21000,1.98000,1.00000,0.00000,0.00000,0.00000,0.00000
45.41000,1.98000,1.00000,0.00000,0.00000,0.00000,0.00000
45.61000,1.98000,1.00000,0.00000,0.00000,0.00000,0.00000
45.81000,1.98000,1.00000,0.00000,0.00000,0.00000,0.00000
46.01000,1.98000,1.00000,0.00000,0.00000,0.00000,0.00000
46.21000,1.98000,1.00000,0.00000,0.00000,0.00000,0.00000
46.41000,1.98000,1.00000,0.00000,0.00000,0.00000,0.00000
46.61000,1.98000,1.00000,0.00000,0.00000,0.00000,0.00000
46.81000,1.98000,1.00000,0.00000,0.00000,0.00000,0.00000
47.01000,1.98000,1.00000,0.00000,0.00000,0.00000,0.00000
47.21000,1.98000,1.00000,0.00000,0.00000,0.00000,0.00000
47.41000,1.98000,1.00000,0.00000,0.00000,0.00000,0.00000
47.61000,1.98000,1.00000,0.00000,0.00000,0.00000,0.00000
47.81000,1.98000,1.00000,0.00000,0.00000,0.00000,0.00000
48.01000,1.98000,1.00000,0.00000,0.00000,0.00000,0.00000
48.21000,1.98000,1.00000,0.00000,0.00000,0.00000,0.00000
48.41000,1.98000,1.00000,0.00000,0.00000,0.00000,0.00000
48.61000,1.98000,0.99995,0.00000,0.00000,0.00005,0.00000
48.81000,1.98000,0.99469,0.00001,0.00000,0.00512,0.00018
49.01000,1.98000,0.94201,0.00023,0.00002,0.04458,0.01315
49.21000,1.98000,0.78373,0.00178,0.00014,0.08733,0.12702
49.41000,1.98000,0.73280,0.00236,0.00028,0.04095,0.22360
49.61000,1.98000,0.73807,0.00180,0.00032,0.01129,0.24853
49.81000,1.98000,0.89663,0.00034,0.00025,0.00083,0.10195
50.01000,1.98000,0.99764,0.00000,0.00006,0.00001,0.00229
50.21000,1.98000,0.99956,0.00000,0.00001,0.00000,0.00043
50.41000,1.98000,0.99989,0.00000,0.00001,0.00000,0.00010
50.61000,1.98000,0.99942,0.00000,0.00001,0.00000,0.00056
50.81000,1.98000,0.99970,0.00000,0.00001,0.00000,0.00029
51.01000,1.98000,0.99982,0.00000,0.00001,0.00000,0.00017
51.21000,1.98000,0.99984,0.00000,0.00001,0.00000,0.00015
51.41000,1.98000,0.99990,0.00000,0.00000,0.00000,0.00010
51.61000,1.98000,0.99992,0.00000,0.00000,0.00000,0.00007
51.81000,1.98000,0.99995,0.00000,0.00000,0.00000,0.00005
52.01000,1.98000,0.99984,0.00000,0.00001,0.00000,0.00016
52.21000,1.98000,0.99984,0.00000,0.00001,0.00000,0.00015
52.41000,1.98000,0.99979,0.00000,0.00001,0.00000,0.00020
52.61000,1.98000,0.99960,0.00000,0.00002,0.00000,0.00039
52.81000,1.98000,0.99909,0.00000,0.00003,0.00000,0.00088
53.01000,1.98000,0.99842,0.00000,0.00004,0.00000,0.00154
53.21000,1.98000,0.99832,0.00000,0.00004,0.00000,0.00164
53.41000,1.98000,0.99869,0.00000,0.00003,0.00000,0.00128
53.61000,1.98000,0.99949,0.00000,0.00001,0.00000,0.00050
53.81000,1.98000,0.99987,0.00000,0.00000,0.00000,0.00013
54.01000,1.98000,0.99985,0.00000,0.00000,0.00000,0.00015
54.21000,1.98000,0.99992,0.00000,0.00000,0.00000,0.00008
54.41000,1.98000,0.99992,0.00000,0.00000,0.00000,0.00007
54.61000,1.98000,0.99998,0.00000,0.00000,0.00000,0.00002
54.81000,1.98000,0.99999,0.00000,0.00000,0.00000,0.00001
55.01000,1.98000,0.99999,0.00000,0.00000,0.00000,0.00000
55.21000,1.98000,0.99999,0.00000,0.00000,0.00000,0.00000
55.41000,1.98000,1.00000,0.00000,0.00000,0.00000,0.00000
55.61000,1.98000,1.00000,0.00000,0.00000,0.00000,0.00000
55.81000,1.98000,1.00000,0.00000,0.00000,0.00000,0.00000
56.01000,1.98000,1.00000,0.00000,0.00000,0.00000,0.00000
56.21000,1.98000,1.00000,0.00000,0.00000,0.00000,0.00000
56.41000,1.98000,1.00000,0.00000,0.00000,0.00000,0.00000
56.61000,1.98000,1.00000,0.00000,0.00000,0.00000,0.00000
56.81000,1.98000,1.00000,0.00000,0.00000,0.00000,0.00000
57.01000,1.98000,1.00000,0.00000,0.00000,0.00000,0.00000
57.21000,1.98000,1.00000,0.00000,0.00000,0.00000,0.00000
57.41000,1.98000,1.00000,0.00000,0.00000,0.00000,0.00000
57.61000,1.98000,1.00000,0.00000,0.00000,0.00000,0.00000
57.81000,1.98000,1.00000,0.00000,0.00000,0.00000,0.00000
58.01000,1.98000,1.00000,0.00000,0.00000,0.00000,0.00000
58.21000,1.98000,1.00000,0.00000,0.00000,0.00000,0.00000
58.41000,1.98000,1.00000,0.00000,0.00000,0.00000,0.00000
58.61000,1.98000,0.99999,0.00000,0.00000,0.00001,0.00000
58.81000,1.98000,0.99980,0.00000,0.00000,0.00020,0.00000
59.01000,1.98000,0.99914,0.00005,0.00000,0.00075,0.00007
59.21000,1.98000,0.93837,0.00354,0.00004,0.03093,0.02712
59.41000,1.98000,0.70796,0.01424,0.00023,0.04778,0.22979
59.61000,1.98000,0.75257,0.00633,0.00020,0.00765,0.23326
59.81000,1.98000,0.88494,0.00121,0.00016,0.00058,0.11311
60.01000,1.98000,0.99131,0.00005,0.00008,0.00002,0.00853
60.21000,1.98000,0.99823,0.00000,0.00003,0.00000,0.00174
60.41000,1.98000,0.99821,0.00000,0.00003,0.00000,0.00176
60.61000,1.98000,0.99952,0.00000,0.00001,0.00000,0.00048
60.81000,1.98000,0.99932,0.00000,0.00001,0.00000,0.00067
61.01000,1.98000,0.99970,0.00000,0.00000,0.00000,0.00030
61.21000,1.98000,0.99967,0.00000,0.00001,0.00000,0.00032
61.41000,1.98000,0.99966,0.00000,0.00001,0.00000,0.00034
61.61000,1.98000,0.99991,0.00000,0.00000,0.00000,0.00009
61.81000,1.98000,0.99989,0.00000,0.00001,0.00000,0.00010
62.01000,1.98000,0.99990,0.00000,0.00002,0.00000,0.00008
62.21000,1.98000,0.99991,0.00000,0.00004,0.00000,0.00005
62.41000,1.98000,0.99991,0.00000,0.00007,0.00000,0.00002
62.61000,1.98000,0.99786,0.00000,0.00113,0.00000,0.00101
62.81000,1.98000,0.99794,0.00000,0.00095,0.00000,0.00111
63.01000,1.98000,0.99672,0.00000,0.00113,0.00000,0.00215
63.21000,1.98000,0.99703,0.00000,0.00083,0.00000,0.00214
63.41000,1.98000,0.99716,0.00000,0.00094,0.00000,0.00189
63.61000,1.98000,0.99702,0.00000,0.00084,0.00001,0.00214
63.81000,1.98000,0.99892,0.00000,0.00019,0.00003,0.00086
64.01000,1.98000,0.99958,0.00000,0.00003,0.00009,0.00031
64.21000,1.98000,0.99989,0.00000,0.00000,0.00006,0.00005
64.41000,1.98000,0.99992,0.00000,0.00000,0.00007,0.00001
64.61000,1.98000,0.99999,0.00000,0.00000,0.00001,0.00000
64.81000,1.98000,1.00000,0.00000,0.00000,0.00000,0.00000
65.01000,1.98000,1.00000,0.00000,0.00000,0.00000,0.00000
65.21000,1.98000,1.00000,0.00000,0.00000,0.00000,0.00000
65.41000,1.98000,1.00000,0.00000,0.00000,0.00000,0.00000
65.61000,1.98000,1.00000,0.00000,0.00000,0.00000,0.00000
65.81000,1.98000,1.00000,0.00000,0.00000,0.00000,0.00000
66.01000,1.98000,1.00000,0.00000,0.00000,0.00000,0.00000
66.21000,1.98000,1.00000,0.00000,0.00000,0.00000,0.00000
66.41000,1.98000,1.00000,0.00000,0.00000,0.00000,0.00000
66.61000,1.98000,1.00000,0.00000,0.00000,0.00000,0.00000
66.81000,1.98000,1.00000,0.00000,0.00000,0.00000,0.00000
67.01000,1.98000,1.00000,0.00000,0.00000,0.00000,0.00000
67.21000,1.98000,1.00000,0.00000,0.00000,0.00000,0.00000
67.41000,1.98000,1.00000,0.00000,0.00000,0.00000,0.00000
67.61000,1.98000,1.00000,0.00000,0.00000,0.00000,0.00000
67.81000,1.98000,1.00000,0.00000,0.00000,0.00000,0.00000
68.01000,1.98000,1.00000,0.00000,0.00000,0.00000,0.00000
68.21000,1.98000,1.00000,0.00000,0.00000,0.00000,0.00000
68.41000,1.98000,1.00000,0.00000,0.00000,0.00000,0.00000
68.61000,1.98000,1.00000,0.00000,0.00000,0.00000,0.00000
68.81000,1.98000,0.99997,0.00000,0.00000,0.00003,0.00000
69.01000,1.98000,0.99490,0.00026,0.00000,0.00429,0.00056
69.21000,1.98000,0.98114,0.00106,0.00001,0.00694,0.01085
69.41000,1.98000,0.84929,0.00238,0.00008,0.00519,0.14306
69.61000,1.98000,0.82434,0.00166,0.00009,0.00143,0.17248
69.81000,1.98000,0.95548,0.00015,0.00004,0.00005,0.04427
70.01000,1.98000,0.99507,0.00002,0.00004,0.00000,0.00488
70.21000,1.98000,0.99848,0.00000,0.00002,0.00000,0.00150
70.41000,1.98000,0.99930,0.00000,0.00001,0.00000,0.00070
70.61000,1.98000,0.99983,0.00000,0.00000,0.00000,0.00017
70.81000,1.98000,0.99993,0.00000,0.00000,0.00000,0.00007
71.01000,1.98000,0.99988,0.00000,0.00000,0.00000,0.00012
71.21000,1.98000,0.99993,0.00000,0.00000,0.00000,0.00007
71.41000,1.98000,0.99995,0.00000,0.00000,0.00000,0.00005
71.61000,1.98000,0.99978,0.00000,0.00001,0.00000,0.00021
71.81000,1.98000,0.99974,0.00000,0.00001,0.00000,0.00025
72.01000,1.98000,0.99948,0.00000,0.00001,0.00000,0.00050
72.21000,1.98000,0.99914,0.00000,0.00002,0.00000,0.00084
72.41000,1.98000,0.99882,0.00000,0.00002,0.00000,0.00116
72.61000,1.98000,0.99915,0.00000,0.00002,0.00000,0.00083
72.81000,1.98000,0.99794,0.00000,0.00004,0.00000,0.00202
73.01000,1.98000,0.99689,0.00000,0.00006,0.00000,0.00305
73.21000,1.98000,0.99811,0.00000,0.00004,0.00000,0.00185
73.41000,1.98000,0.99899,0.00000,0.00002,0.00000,0.00099
73.61000,1.98000,0.99964,0.00000,0.00001,0.00000,0.00035
73.81000,1.98000,0.99991,0.00000,0.00000,0.00000,0.00009
74.01000,1.98000,0.99998,0.00000,0.00000,0.00000,0.00002
74.21000,1.98000,0.99999,0.00000,0.00000,0.00000,0.00000
74.41000,1.98000,1.00000,0.00000,0.00000,0.00000,0.00000
74.61000,1.98000,1.00000,0.00000,0.00000,0.00000,0.00000
74.81000,1.98000,1.00000,0.00000,0.00000,0.00000,0.00000
75.01000,1.98000,1.00000,0.00000,0.00000,0.00000,0.00000
75.21000,1.98000,1.00000,0.00000,0.00000,0.00000,0.00000
75.41000,1.98000,1.00000,0.00000,0.00000,0.00000,0.00000
75.61000,1.98000,1.00000,0.00000,0.00000,0.00000,0.00000
75.81000,1.98000,1.00000,0.00000,0.00000,0.00000,0.00000
76.01000,1.98000,1.00000,0.00000,0.00000,0.00000,0.00000
76.21000,1.98000,1.00000,0.00000,0.00000,0.00000,0.00000
76.41000,1.98000,1.00000,0.00000,0.00000,0.00000,0.00000
76.61000,1.98000,1.00000,0.00000,0.00000,0.00000,0.00000
76.81000,1.98000,1.00000,0.00000,0.00000,0.00000,0.00000
77.01000,1.98000,1.00000,0.00000,0.00000,0.00000,0.00000
77.21000,1.98000,1.00000,0.00000,0.00000,0.00000,0.00000
77.41000,1.98000,1.00000,0.00000,0.00000,0.00000,0.00000
77.61000,1.98000,1.00000,0.00000,0.00000,0.00000,0.00000
77.81000,1.98000,1.00000,0.00000,0.00000,0.00000,0.00000
78.01000,1.98000,1.00000,0.00000,0.00000,0.00000,0.00000
78.21000,1.98000,0.99973,0.00023,0.00000,0.00004,0.00000
78.41000,1.98000,0.91855,0.04935,0.00040,0.02767,0.00404
78.61000,1.98000,0.72087,0.13619,0.00332,0.09666,0.04297
78.81000,1.98000,0.70635,0.10236,0.01024,0.04065,0.14040
79.01000,1.98000,0.75611,0.05174,0.00975,0.01069,0.17172
79.21000,1.98000,0.84360,0.01885,0.00843,0.00288,0.12624
79.41000,1.98000,0.99550,0.00023,0.00216,0.00002,0.00208
79.61000,1.98000,0.99880,0.00001,0.00058,0.00000,0.00060
79.81000,1.98000,0.99980,0.00000,0.00004,0.00000,0.00016
80.01000,1.98000,0.99998,0.00000,0.00000,0.00000,0.00002
80.21000,1.98000,0.99999,0.00000,0.00000,0.00000,0.00001
80.41000,1.98000,0.99994,0.00000,0.00000,0.00000,0.00006
80.61000,1.98000,0.99993,0.00000,0.00000,0.00000,0.00007
80.81000,1.98000,0.99998,0.00000,0.00000,0.00000,0.00002
81.01000,1.98000,0.99984,0.00000,0.00001,0.00000,0.00015
81.21000,1.98000,0.99964,0.00000,0.00002,0.00000,0.00034
81.41000,1.98000,0.99943,0.00000,0.00003,0.00000,0.00055
81.61000,1.98000,0.99833,0.00000,0.00005,0.00000,0.00162
81.81000,1.98000,0.99764,0.00000,0.00008,0.00000,0.00228
82.01000,1.98000,0.99894,0.00000,0.00003,0.00000,0.00103
82.21000,1.98000,0.99706,0.00000,0.00006,0.00001,0.00287
82.41000,1.98000,0.99709,0.00000,0.00005,0.00003,0.00283
82.61000,1.98000,0.99906,0.00000,0.00002,0.00002,0.00091
82.81000,1.98000,0.99963,0.00000,0.00000,0.00004,0.00033
83.01000,1.98000,0.99981,0.00000,0.00000,0.00003,0.00015
83.21000,1.98000,0.99992,0.00000,0.00000,0.00001,0.00007
83.41000,1.98000,0.99994,0.00000,0.00000,0.00003,0.00003
83.61000,1.98000,0.99996,0.00000,0.00000,0.00002,0.00002
83.81000,1.98000,0.99980,0.00000,0.00000,0.00014,0.00006
84.01000,1.98000,0.99996,0.00000,0.00000,0.00004,0.00001
84.21000,1.98000,0.99997,0.00000,0.00000,0.00002,0.00001
84.41000,1.98000,0.99997,0.00000,0.00000,0.00002,0.00001
84.61000,1.98000,1.00000,0.00000,0.00000,0.00000,0.00000
84.81000,1.98000,1.00000,0.00000,0.00000,0.00000,0.00000
85.01000,1.98000,1.00000,0.00000,0.00000,0.00000,0.00000
85.21000,1.98000,1.00000,0.00000,0.00000,0.00000,0.00000
85.41000,1.98000,1.00000,0.00000,0.00000,0.00000,0.00000
85.61000,1.98000,1.00000,0.00000,0.00000,0.00000,0.00000
85.81000,1.98000,1.00000,0.00000,0.00000,0.00000,0.00000
86.01000,1.98000,1.00000,0.00000,0.00000,0.00000,0.00000
86.21000,1.98000,1.00000,0.00000,0.00000,0.00000,0.00000
86.41000,1.98000,1.00000,0.00000,0.00000,0.00000,0.00000
86.61000,1.98000,1.00000,0.00000,0.00000,0.00000,0.00000
86.81000,1.98000,1.00000,0.00000,0.00000,0.00000,0.00000
87.01000,1.98000,1.00000,0.00000,0.00000,0.00000,0.00000
87.21000,1.98000,1.00000,0.00000,0.00000,0.00000,0.00000
87.41000,1.98000,1.00000,0.00000,0.00000,0.00000,0.00000
87.61000,1.98000,1.00000,0.00000,0.00000,0.00000,0.00000
87.81000,1.98000,1.00000,0.00000,0.00000,0.00000,0.00000
88.01000,1.98000,1.00000,0.00000,0.00000,0.00000,0.00000
88.21000,1.98000,1.00000,0.00000,0.00000,0.00000,0.00000
88.41000,1.98000,1.00000,0.00000,0.00000,0.00000,0.00000
88.61000,1.98000,1.00000,0.00000,0.00000,0.00000,0.00000
88.81000,1.98000,0.99988,0.00000,0.00000,0.00010,0.00001
89.01000,1.98000,0.95365,0.00002,0.00000,0.01611,0.03021
89.21000,1.98000,0.86024,0.00006,0.00001,0.00886,0.13084
89.41000,1.98000,0.78341,0.00006,0.00001,0.00230,0.21422
89.61000,1.98000,0.76550,0.00005,0.00002,0.00051,0.23393
89.81000,1.98000,0.89466,0.00001,0.00001,0.00003,0.10529
90.01000,1.98000,0.99505,0.00000,0.00000,0.00000,0.00494
90.21000,1.98000,0.99934,0.00000,0.00000,0.00000,0.00066
90.41000,1.98000,0.99979,0.00000,0.00000,0.00000,0.00021
90.61000,1.98000,0.99992,0.00000,0.00000,0.00000,0.00008
90.81000,1.98000,0.99985,0.00000,0.00000,0.00000,0.00015
91.01000,1.98000,0.99989,0.00000,0.00000,0.00000,0.00010
91.21000,1.98000,0.99991,0.00000,0.00000,0.00000,0.00008
91.41000,1.98000,0.99970,0.00000,0.00000,0.00000,0.00030
91.61000,1.98000,0.99940,0.00000,0.00000,0.00000,0.00059
91.81000,1.98000,0.99952,0.00000,0.00000,0.00000,0.00048
92.01000,1.98000,0.99972,0.00000,0.00000,0.00000,0.00028
92.21000,1.98000,0.99931,0.00000,0.00001,0.00000,0.00068
92.41000,1.98000,0.99876,0.00000,0.00002,0.00000,0.00122
92.61000,1.98000,0.99865,0.00000,0.00003,0.00000,0.00132
92.81000,1.98000,0.99676,0.00000,0.00005,0.00000,0.00319
93.01000,1.98000,0.99581,0.00000,0.00007,0.00000,0.00412
93.21000,1.98000,0.99569,0.00000,0.00009,0.00000,0.00423
93.41000,1.98000,0.99473,0.00000,0.00013,0.00000,0.00514
93.61000,1.98000,0.99703,0.00000,0.00011,0.00000,0.00286
93.81000,1.98000,0.99903,0.00000,0.00005,0.00000,0.00092
94.01000,1.98000,0.99953,0.00000,0.00002,0.00000,0.00045
94.21000,1.98000,0.99991,0.00000,0.00000,0.00000,0.00009
94.41000,1.98000,0.99996,0.00000,0.00000,0.00000,0.00004
94.61000,1.98000,0.99999,0.00000,0.00000,0.00000,0.00001
94.81000,1.98000,0.99999,0.00000,0.00000,0.00000,0.00001
95.01000,1.98000,0.99999,0.00000,0.00000,0.00000,0.00001
95.21000,1.98000,0.99999,0.00000,0.00000,0.00000,0.00001
95.41000,1.98000,0.99999,0.00000,0.00000,0.00000,0.00001
95.61000,1.98000,0.99999,0.00000,0.00000,0.00000,0.00001
95.81000,1.98000,0.99999,0.00000,0.00000,0.00000,0.00001
96.01000,1.98000,1.00000,0.00000,0.00000,0.00000,0.00000
96.21000,1.98000,1.00000,0.00000,0.00000,0.00000,0.00000
96.41000,1.98000,0.99999,0.00000,0.00000,0.00000,0.00000
96.61000,1.98000,1.00000,0.00000,0.00000,0.00000,0.00000
96.81000,1.98000,1.00000,0.00000,0.00000,0.00000,0.00000
97.01000,1.98000,1.00000,0.00000,0.00000,0.00000,0.00000
97.21000,1.98000,1.00000,0.00000,0.00000,0.00000,0.00000
97.41000,1.98000,0.99991,0.00007,0.00000,0.00002,0.00001
97.61000,1.98000,0.98363,0.00654,0.00053,0.00556,0.00374
97.81000,1.98000,0.89618,0.01614,0.00578,0.02538,0.05651
98.01000,1.98000,0.80065,0.01384,0.01751,0.02087,0.14714
98.21000,1.98000,0.69248,0.01464,0.01255,0.02423,0.25610
98.41000,1.98000,0.93332,0.00250,0.01846,0.00176,0.04395
98.61000,1.98000,0.97497,0.00092,0.00895,0.00042,0.01475
98.81000,1.98000,0.99523,0.00007,0.00309,0.00003,0.00157
99.01000,1.98000,0.99950,0.00000,0.00021,0.00000,0.00029
99.21000,1.98000,0.99988,0.00000,0.00003,0.00000,0.00009
99.41000,1.98000,0.99999,0.00000,0.00000,0.00000,0.00001
99.61000,1.98000,0.99999,0.00000,0.00000,0.00000,0.00001
99.81000,1.98000,1.00000,0.00000,0.00000,0.00000,0.00000
100.01000,1.98000,1.00000,0.00000,0.00000,0.00000,0.00000
100.21000,1.98000,1.00000,0.00000,0.00000,0.00000,0.00000
100.41000,1.98000,1.00000,0.00000,0.00000,0.00000,0.00000
100.61000,1.98000,1.00000,0.00000,0.00000,0.00000,0.00000
100.81000,1.98000,1.00000,0.00000,0.00000,0.00000,0.00000
101.01000,1.98000,1.00000,0.00000,0.00000,0.00000,0.00000
101.21000,1.98000,0.99998,0.00000,0.00000,0.00000,0.00002
101.41000,1.98000,0.99996,0.00000,0.00000,0.00000,0.00004
101.61000,1.98000,0.99992,0.00000,0.00000,0.00000,0.00007
101.81000,1.98000,0.99992,0.00000,0.00000,0.00000,0.00008
102.01000,1.98000,0.99991,0.00000,0.00000,0.00000,0.00008
102.21000,1.98000,0.99988,0.00000,0.00000,0.00001,0.00010
102.41000,1.98000,0.99989,0.00000,0.00000,0.00002,0.00009
102.61000,1.98000,0.99991,0.00000,0.00000,0.00002,0.00006
102.81000,1.98000,0.99993,0.00000,0.00000,0.00003,0.00003
103.01000,1.98000,0.99998,0.00000,0.00000,0.00002,0.00001
103.21000,1.98000,0.99999,0.00000,0.00000,0.00001,0.00000
103.41000,1.98000,0.99999,0.00000,0.00000,0.00001,0.00000
103.61000,1.98000,1.00000,0.00000,0.00000,0.00000,0.00000
103.81000,1.98000,1.00000,0.00000,0.00000,0.00000,0.00000
104.01000,1.98000,1.00000,0.00000,0.00000,0.00000,0.00000
104.21000,1.98000,1.00000,0.00000,0.00000,0.00000,0.00000
104.41000,1.98000,1.00000,0.00000,0.00000,0.00000,0.00000
104.61000,1.98000,1.00000,0.00000,0.00000,0.00000,0.00000
104.81000,1.98000,1.00000,0.00000,0.00000,0.00000,0.00000
105.01000,1.98000,1.00000,0.00000,0.00000,0.00000,0.00000
105.21000,1.98000,1.00000,0.00000,0.00000,0.00000,0.00000
105.41000,1.98000,1.00000,0.00000,0.00000,0.00000,0.00000
105.61000,1.98000,1.00000,0.00000,0.00000,0.00000,0.00000
105.81000,1.98000,1.00000,0.00000,0.00000,0.00000,0.00000
106.01000,1.98000,1.00000,0.00000,0.00000,0.00000,0.00000
106.21000,1.98000,1.00000,0.00000,0.00000,0.00000,0.00000
106.41000,1.98000,1.00000,0.00000,0.00000,0.00000,0.00000
106.61000,1.98000,1.00000,0.00000,0.00000,0.00000,0.00000
106.81000,1.98000,1.00000,0.00000,0.00000,0.00000,0.00000
107.01000,1.98000,1.00000,0.00000,0.00000,0.00000,0.00000
107.21000,1.98000,1.00000,0.00000,0.00000,0.00000,0.00000
107.41000,1.98000,1.00000,0.00000,0.00000,0.00000,0.00000
107.61000,1.98000,1.00000,0.00000,0.00000,0.00000,0.00000
107.81000,1.98000,1.00000,0.00000,0.00000,0.00000,0.00000
108.01000,1.98000,1.00000,0.00000,0.00000,0.00000,0.00000
108.21000,1.98000,1.00000,0.00000,0.00000,0.00000,0.00000
108.41000,1.98000,1.00000,0.00000,0.00000,0.00000,0.00000
108.61000,1.98000,1.00000,0.00000,0.00000,0.00000,0.00000
108.81000,1.98000,0.99939,0.00000,0.00000,0.00056,0.00005
109.01000,1.98000,0.96988,0.00004,0.00001,0.01516,0.01491
109.21000,1.98000,0.92237,0.00007,0.00004,0.00709,0.07043
109.41000,1.98000,0.81598,0.00020,0.00010,0.00467,0.17905
109.61000,1.98000,0.82901,0.00015,0.00011,0.00128,0.16945
109.81000,1.98000,0.95910,0.00003,0.00007,0.00009,0.04071
110.01000,1.98000,0.99829,0.00000,0.00001,0.00000,0.00169
110.21000,1.98000,0.99978,0.00000,0.00000,0.00000,0.00022
110.41000,1.98000,0.99985,0.00000,0.00000,0.00000,0.00015
110.61000,1.98000,0.99994,0.00000,0.00000,0.00000,0.00006
110.81000,1.98000,0.99998,0.00000,0.00000,0.00000,0.00002
111.01000,1.98000,0.99997,0.00000,0.00000,0.00000,0.00003
111.21000,1.98000,0.99998,0.00000,0.00000,0.00000,0.00002
111.41000,1.98000,0.99998,0.00000,0.00000,0.00000,0.00002
111.61000,1.98000,0.99995,0.00000,0.00000,0.00000,0.00005
111.81000,1.98000,0.99985,0.00000,0.00000,0.00000,0.00014
112.01000,1.98000,0.99991,0.00000,0.00000,0.00000,0.00008
112.21000,1.98000,0.99989,0.00000,0.00000,0.00000,0.00011
112.41000,1.98000,0.99976,0.00000,0.00000,0.00000,0.00023
112.61000,1.98000,0.99986,0.00000,0.00000,0.00000,0.00014
112.81000,1.98000,0.99950,0.00000,0.00001,0.00000,0.00050
113.01000,1.98000,0.99909,0.00000,0.00001,0.00000,0.00090
113.21000,1.98000,0.99941,0.00000,0.00001,0.00000,0.00058
113.41000,1.98000,0.99964,0.00000,0.00001,0.00000,0.00036
113.61000,1.98000,0.99907,0.00000,0.00002,0.00000,0.00091
113.81000,1.98000,0.99900,0.00000,0.00002,0.00000,0.00098
114.01000,1.98000,0.99948,0.00000,0.00001,0.00000,0.00051
114.21000,1.98000,0.99934,0.00000,0.00002,0.00000,0.00064
114.41000,1.98000,0.99936,0.00000,0.00001,0.00000,0.00063
114.61000,1.98000,0.99966,0.00000,0.00001,0.00001,0.00033
114.81000,1.98000,0.99988,0.00000,0.00000,0.00000,0.00011
115.01000,1.98000,0.99981,0.00000,0.00000,0.00002,0.00017
115.21000,1.98000,0.99994,0.00000,0.00000,0.00002,0.00004
115.41000,1.98000,0.99997,0.00000,0.00000,0.00002,0.00001
115.61000,1.98000,0.99999,0.00000,0.00000,0.00001,0.00000
115.81000,1.98000,0.99999,0.00000,0.00000,0.00001,0.00000
116.01000,1.98000,1.00000,0.00000,0.00000,0.00000,0.00000
116.21000,1.98000,1.00000,0.00000,0.00000,0.00000,0.00000
116.41000,1.98000,1.00000,0.00000,0.00000,0.00000,0.00000
116.61000,1.98000,1.00000,0.00000,0.00000,0.00000,0.00000
116.81000,1.98000,1.00000,0.00000,0.00000,0.00000,0.00000
117.01000,1.98000,1.00000,0.00000,0.00000,0.00000,0.00000
117.21000,1.98000,1.00000,0.00000,0.00000,0.00000,0.00000
117.41000,1.98000,1.00000,0.00000,0.00000,0.00000,0.00000
117.61000,1.98000,1.00000,0.00000,0.00000,0.00000,0.00000
117.81000,1.98000,1.00000,0.00000,0.00000,0.00000,0.00000
118.01000,1.98000,1.00000,0.00000,0.00000,0.00000,0.00000
118.21000,1.98000,1.00000,0.00000,0.00000,0.00000,0.00000
118.41000,1.98000,1.00000,0.00000,0.00000,0.00000,0.00000
118.61000,1.98000,1.00000,0.00000,0.00000,0.00000,0.00000
118.81000,1.98000,1.00000,0.00000,0.00000,0.00000,0.00000
119.01000,1.98000,1.00000,0.00000,0.00000,0.00000,0.00000
119.21000,1.98000,1.00000,0.00000,0.00000,0.00000,0.00000
119.41000,1.98000,1.00000,0.00000,0.00000,0.00000,0.00000
119.61000,1.98000,1.00000,0.00000,0.00000,0.00000,0.00000
119.81000,1.98000,0.99999,0.00000,0.00000,0.00001,0.00000
120.01000,1.98000,0.99986,0.00000,0.00000,0.00013,0.00001
120.21000,1.98000,0.92584,0.00030,0.00000,0.06148,0.01238
120.41000,1.98000,0.85978,0.00090,0.00005,0.05306,0.08620
120.61000,1.98000,0.85684,0.00048,0.00012,0.00677,0.13579
120.81000,1.98000,0.71591,0.00070,0.00024,0.00261,0.28054
121.01000,1.98000,0.83283,0.00017,0.00017,0.00022,0.16661
121.21000,1.98000,0.99580,0.00000,0.00003,0.00000,0.00416
121.41000,1.98000,0.99905,0.00000,0.00002,0.00000,0.00093
121.61000,1.98000,0.99955,0.00000,0.00001,0.00000,0.00044
121.81000,1.98000,0.99981,0.00000,0.00001,0.00000,0.00019
122.01000,1.98000,0.99980,0.00000,0.00000,0.00000,0.00019
122.21000,1.98000,0.99973,0.00000,0.00000,0.00000,0.00026
122.41000,1.98000,0.99984,0.00000,0.00000,0.00000,0.00016
122.61000,1.98000,0.99989,0.00000,0.00000,0.00000,0.00011
122.81000,1.98000,0.99978,0.00000,0.00000,0.00000,0.00022
123.01000,1.98000,0.99981,0.00000,0.00000,0.00000,0.00019
123.21000,1.98000,0.99981,0.00000,0.00000,0.00000,0.00019
123.41000,1.98000,0.99986,0.00000,0.00000,0.00000,0.00014
123.61000,1.98000,0.99975,0.00000,0.00000,0.00000,0.00025
123.81000,1.98000,0.99982,0.00000,0.00000,0.00000,0.00017
124.01000,1.98000,0.99978,0.00000,0.00001,0.00000,0.00022
124.21000,1.98000,0.99982,0.00000,0.00001,0.00000,0.00017
124.41000,1.98000,0.99948,0.00000,0.00002,0.00000,0.00050
124.61000,1.98000,0.99900,0.00000,0.00003,0.00000,0.00096
124.81000,1.98000,0.99905,0.00000,0.00004,0.00000,0.00091
125.01000,1.98000,0.99933,0.00000,0.00002,0.00000,0.00065
125.21000,1.98000,0.99766,0.00000,0.00006,0.00000,0.00229
125.41000,1.98000,0.98751,0.00001,0.00039,0.00009,0.01201
125.61000,1.98000,0.99540,0.00000,0.00011,0.00005,0.00443
