Time (seconds), Duration (seconds),pred_(unlabeled),pred_On,pred_Off,pred_Dimmer,pred_Lighter
0.01000,1.98000,0.99956,0.00019,0.00025,0.00000,0.00000
0.21000,1.98000,0.99965,0.00001,0.00034,0.00000,0.00000
0.41000,1.98000,0.99969,0.00000,0.00031,0.00000,0.00000
0.61000,1.98000,0.99930,0.00000,0.00070,0.00000,0.00000
0.81000,1.98000,0.99980,0.00001,0.00019,0.00000,0.00000
1.01000,1.98000,0.99843,0.00000,0.00157,0.00000,0.00000
1.21000,1.98000,0.99918,0.00000,0.00081,0.00000,0.00000
1.41000,1.98000,0.99880,0.00000,0.00119,0.00000,0.00000
1.61000,1.98000,0.99923,0.00000,0.00076,0.00000,0.00000
1.81000,1.98000,0.99810,0.00000,0.00190,0.00000,0.00000
2.01000,1.98000,0.99931,0.00000,0.00069,0.00000,0.00000
2.21000,1.98000,0.99758,0.00000,0.00242,0.00000,0.00000
2.41000,1.98000,0.99904,0.00000,0.00096,0.00000,0.00000
2.61000,1.98000,0.99652,0.00000,0.00348,0.00000,0.00000
2.81000,1.98000,0.99723,0.00000,0.00277,0.00000,0.00000
3.01000,1.98000,0.99728,0.00000,0.00272,0.00000,0.00000
3.21000,1.98000,0.99417,0.00000,0.00582,0.00000,0.00000
3.41000,1.98000,0.99161,0.00000,0.00837,0.00001,0.00001
3.61000,1.98000,0.98409,0.00000,0.01586,0.00002,0.00002
3.81000,1.98000,0.88757,0.00000,0.11190,0.00030,0.00023
4.01000,1.98000,0.96830,0.00000,0.03140,0.00024,0.00007
4.21000,1.98000,0.99415,0.00000,0.00571,0.00008,0.00007
4.41000,1.98000,0.99935,0.00000,0.00061,0.00002,0.00001
4.61000,1.98000,0.99978,0.00000,0.00015,0.00004,0.00003
4.81000,1.98000,0.99984,0.00000,0.00003,0.00012,0.00001
5.01000,1.98000,0.99953,0.00000,0.00001,0.00045,0.00001
5.21000,1.98000,0.99978,0.00000,0.00000,0.00022,0.00001
5.41000,1.98000,0.99975,0.00000,0.00000,0.00024,0.00001
5.61000,1.98000,0.99985,0.00000,0.00000,0.00013,0.00001
5.81000,1.98000,0.99989,0.00001,0.00000,0.00008,0.00003
6.01000,1.98000,0.99978,0.00000,0.00000,0.00017,0.00005
6.21000,1.98000,0.99991,0.00000,0.00000,0.00008,0.00001
6.41000,1.98000,0.99994,0.00000,0.00000,0.00005,0.00002
6.61000,1.98000,0.99983,0.00000,0.00000,0.00007,0.00010
6.81000,1.98000,0.99972,0.00000,0.00000,0.00003,0.00025
7.01000,1.98000,0.99836,0.00000,0.00002,0.00007,0.00155
7.21000,1.98000,0.99690,0.00004,0.00005,0.00032,0.00269
7.41000,1.98000,0.99881,0.00003,0.00002,0.00010,0.00104
7.61000,1.98000,0.99839,0.00042,0.00013,0.00020,0.00086
7.81000,1.98000,0.99811,0.00049,0.00020,0.00035,0.00085
8.01000,1.98000,0.99456,0.00267,0.00074,0.00008,0.00194
8.21000,1.98000,0.99811,0.00004,0.00026,0.00004,0.00156
8.41000,1.98000,0.99997,0.00000,0.00002,0.00000,0.00001
8.61000,1.98000,0.99224,0.00001,0.00371,0.00023,0.00381
8.81000,1.98000,0.99978,0.00001,0.00009,0.00000,0.00012
9.01000,1.98000,0.99993,0.00000,0.00004,0.00000,0.00003
9.21000,1.98000,0.99998,0.00000,0.00002,0.00000,0.00000
9.41000,1.98000,0.99931,0.00001,0.00056,0.00000,0.00012
9.61000,1.98000,0.99996,0.00001,0.00002,0.00000,0.00001
9.81000,1.98000,0.99651,0.00052,0.00117,0.00009,0.00170
10.01000,1.98000,0.99561,0.00248,0.00107,0.00006,0.00077
10.21000,1.98000,0.87444,0.11409,0.00255,0.00132,0.00760
10.41000,1.98000,0.98725,0.01270,0.00005,0.00000,0.00000
10.61000,1.98000,0.99671,0.00307,0.00017,0.00000,0.00006
10.81000,1.98000,0.99872,0.00109,0.00018,0.00000,0.00001
11.01000,1.98000,0.99933,0.00034,0.00024,0.00000,0.00009
11.21000,1.98000,0.99940,0.00039,0.00019,0.00001,0.00001
11.41000,1.98000,0.99892,0.00092,0.00007,0.00001,0.00008
11.61000,1.98000,0.99676,0.00321,0.00001,0.00001,0.00002
11.81000,1.98000,0.97758,0.02057,0.00052,0.00056,0.00078
12.01000,1.98000,0.99963,0.00030,0.00001,0.00002,0.00004
12.21000,1.98000,0.99997,0.00001,0.00001,0.00001,0.00000
12.41000,1.98000,0.99950,0.00036,0.00000,0.00012,0.00002
12.61000,1.98000,0.99923,0.00033,0.00000,0.00036,0.00007
12.81000,1.98000,0.99967,0.00011,0.00000,0.00020,0.00001
13.01000,1.98000,0.99992,0.00000,0.00000,0.00006,0.00002
13.21000,1.98000,0.99991,0.00000,0.00000,0.00007,0.00001
13.41000,1.98000,0.99924,0.00000,0.00001,0.00060,0.00014
13.61000,1.98000,0.99993,0.00000,0.00000,0.00005,0.00001
13.81000,1.98000,0.99989,0.00000,0.00001,0.00009,0.00001
14.01000,1.98000,1.00000,0.00000,0.00000,0.00000,0.00000
14.21000,1.98000,0.99990,0.00000,0.00010,0.00000,0.00000
14.41000,1.98000,0.99393,0.00002,0.00605,0.00000,0.00000
14.61000,1.98000,0.97728,0.00002,0.02268,0.00002,0.00000
14.81000,1.98000,0.94697,0.00001,0.05301,0.00001,0.00000
15.01000,1.98000,0.99138,0.00000,0.00862,0.00000,0.00000
15.21000,1.98000,0.97166,0.00000,0.02834,0.00000,0.00000
15.41000,1.98000,0.99876,0.00000,0.00124,0.00000,0.00000
15.61000,1.98000,0.93547,0.00018,0.06434,0.00001,0.00000
15.81000,1.98000,0.99731,0.00001,0.00268,0.00000,0.00000
16.01000,1.98000,0.99945,0.00000,0.00054,0.00001,0.00000
16.21000,1.98000,0.99998,0.00000,0.00001,0.00000,0.00000
16.41000,1.98000,0.99990,0.00006,0.00001,0.00002,0.00000
16.61000,1.98000,0.99985,0.00010,0.00000,0.00005,0.00000
16.81000,1.98000,0.99993,0.00006,0.00000,0.00000,0.00000
17.01000,1.98000,0.99998,0.00001,0.00000,0.00001,0.00000
17.21000,1.98000,0.99993,0.00006,0.00000,0.00001,0.00000
17.41000,1.98000,0.99984,0.00015,0.00000,0.00001,0.00000
17.61000,1.98000,0.99952,0.00047,0.00000,0.00000,0.00001
17.81000,1.98000,0.99988,0.00007,0.00000,0.00001,0.00004
18.01000,1.98000,0.99989,0.00006,0.00000,0.00000,0.00004
18.21000,1.98000,0.99973,0.00024,0.00000,0.00000,0.00002
18.41000,1.98000,0.99994,0.00005,0.00000,0.00000,0.00001
18.61000,1.98000,0.99989,0.00010,0.00000,0.00000,0.00001
18.81000,1.98000,0.99791,0.00106,0.00000,0.00002,0.00101
19.01000,1.98000,0.99806,0.00081,0.00008,0.00040,0.00065
19.21000,1.98000,0.98397,0.00079,0.00124,0.00142,0.01257
19.41000,1.98000,0.99639,0.00003,0.00144,0.00081,0.00133
19.61000,1.98000,0.99935,0.00005,0.00015,0.00018,0.00028
19.81000,1.98000,0.99315,0.00002,0.00368,0.00181,0.00133
20.01000,1.98000,0.93581,0.00004,0.00724,0.02837,0.02853
20.21000,1.98000,0.95009,0.00004,0.01306,0.02488,0.01193
20.41000,1.98000,0.98311,0.00000,0.00846,0.00342,0.00501
20.61000,1.98000,0.97021,0.00000,0.02639,0.00126,0.00214
20.81000,1.98000,0.99915,0.00000,0.00053,0.00004,0.00028
21.01000,1.98000,0.99687,0.00000,0.00272,0.00001,0.00039
21.21000,1.98000,0.99560,0.00000,0.00375,0.00011,0.00053
21.41000,1.98000,0.98057,0.00003,0.01408,0.00184,0.00348
21.61000,1.98000,0.99508,0.00001,0.00169,0.00128,0.00195
21.81000,1.98000,0.99925,0.00000,0.00012,0.00005,0.00058
22.01000,1.98000,0.99813,0.00000,0.00043,0.00036,0.00107
22.21000,1.98000,0.99880,0.00000,0.00024,0.00045,0.00051
22.41000,1.98000,0.99967,0.00000,0.00004,0.00017,0.00012
22.61000,1.98000,0.99993,0.00000,0.00000,0.00004,0.00002
22.81000,1.98000,0.99996,0.00000,0.00000,0.00002,0.00001
23.01000,1.98000,0.99987,0.00000,0.00000,0.00009,0.00003
23.21000,1.98000,0.99934,0.00006,0.00001,0.00027,0.00033
23.41000,1.98000,0.99954,0.00000,0.00000,0.00005,0.00041
23.61000,1.98000,0.99633,0.00001,0.00004,0.00046,0.00316
23.81000,1.98000,0.96497,0.00006,0.00030,0.00359,0.03109
24.01000,1.98000,0.30920,0.00193,0.00733,0.03938,0.64215
24.21000,1.98000,0.52817,0.00215,0.00441,0.04431,0.42096
24.41000,1.98000,0.98340,0.00092,0.00522,0.00063,0.00983
24.61000,1.98000,0.95512,0.00071,0.02931,0.00075,0.01413
24.81000,1.98000,0.91826,0.00381,0.07388,0.00033,0.00373
25.01000,1.98000,0.95517,0.00011,0.03061,0.00101,0.01310
25.21000,1.98000,0.97017,0.00002,0.02831,0.00012,0.00138
25.41000,1.98000,0.97456,0.00002,0.02397,0.00009,0.00136
25.61000,1.98000,0.99691,0.00036,0.00248,0.00002,0.00022
25.81000,1.98000,0.99986,0.00000,0.00010,0.00000,0.00004
26.01000,1.98000,0.99992,0.00000,0.00007,0.00000,0.00001
26.21000,1.98000,0.99971,0.00000,0.00018,0.00001,0.00011
26.41000,1.98000,0.99986,0.00000,0.00011,0.00000,0.00003
26.61000,1.98000,0.99886,0.00000,0.00060,0.00004,0.00050
26.81000,1.98000,0.99829,0.00000,0.00116,0.00006,0.00049
27.01000,1.98000,0.99121,0.00000,0.00418,0.00214,0.00248
27.21000,1.98000,0.99869,0.00000,0.00034,0.00065,0.00032
27.41000,1.98000,0.99395,0.00001,0.00110,0.00393,0.00101
27.61000,1.98000,0.99896,0.00000,0.00039,0.00052,0.00013
27.81000,1.98000,0.99933,0.00000,0.00049,0.00010,0.00007
28.01000,1.98000,0.99947,0.00000,0.00037,0.00011,0.00005
28.21000,1.98000,0.99675,0.00000,0.00142,0.00158,0.00024
28.41000,1.98000,0.99874,0.00000,0.00044,0.00035,0.00047
28.61000,1.98000,0.99837,0.00000,0.00037,0.00053,0.00072
28.81000,1.98000,0.99959,0.00001,0.00005,0.00006,0.00029
29.01000,1.98000,0.99949,0.00002,0.00016,0.00003,0.00030
29.21000,1.98000,0.99912,0.00066,0.00002,0.00001,0.00020
29.41000,1.98000,0.99914,0.00071,0.00010,0.00000,0.00005
29.61000,1.98000,0.98485,0.00554,0.00679,0.00042,0.00240
29.81000,1.98000,0.88632,0.09170,0.01084,0.00276,0.00838
30.01000,1.98000,0.98267,0.00385,0.00712,0.00030,0.00607
30.21000,1.98000,0.98715,0.00046,0.01198,0.00018,0.00023
30.41000,1.98000,0.99863,0.00003,0.00109,0.00002,0.00023
30.61000,1.98000,0.99672,0.00002,0.00316,0.00004,0.00006
30.81000,1.98000,0.99982,0.00000,0.00015,0.00001,0.00003
31.01000,1.98000,0.99914,0.00000,0.00083,0.00002,0.00001
31.21000,1.98000,0.99924,0.00000,0.00059,0.00012,0.00006
31.41000,1.98000,0.99988,0.00000,0.00006,0.00005,0.00000
31.61000,1.98000,0.99987,0.00000,0.00005,0.00007,0.00001
31.81000,1.98000,0.99996,0.00000,0.00002,0.00002,0.00000
32.01000,1.98000,0.99990,0.00001,0.00001,0.00007,0.00000
32.21000,1.98000,0.99999,0.00000,0.00000,0.00000,0.00000
32.41000,1.98000,0.99999,0.00000,0.00000,0.00001,0.00000
32.61000,1.98000,0.99982,0.00000,0.00005,0.00006,0.00007
32.81000,1.98000,0.99994,0.00000,0.00004,0.00001,0.00002
33.01000,1.98000,0.99874,0.00000,0.00058,0.00007,0.00062
33.21000,1.98000,0.99999,0.00000,0.00001,0.00000,0.00000
33.41000,1.98000,0.99984,0.00000,0.00016,0.00000,0.00000
33.61000,1.98000,0.99956,0.00000,0.00044,0.00000,0.00000
33.81000,1.98000,0.97928,0.00001,0.02068,0.00002,0.00002
34.01000,1.98000,0.99619,0.00000,0.00381,0.00000,0.00000
34.21000,1.98000,0.94563,0.00000,0.05433,0.00001,0.00003
34.41000,1.98000,0.98824,0.00002,0.01169,0.00002,0.00004
34.61000,1.98000,0.99624,0.00006,0.00364,0.00005,0.00002
34.81000,1.98000,0.98531,0.00234,0.01205,0.00015,0.00016
35.01000,1.98000,0.99562,0.00033,0.00402,0.00002,0.00001
35.21000,1.98000,0.99811,0.00022,0.00047,0.00040,0.00079
35.41000,1.98000,0.99726,0.00095,0.00038,0.00027,0.00114
35.61000,1.98000,0.98933,0.00092,0.00246,0.00056,0.00673
35.81000,1.98000,0.99564,0.00098,0.00077,0.00056,0.00205
36.01000,1.98000,0.99772,0.00023,0.00029,0.00068,0.00108
36.21000,1.98000,0.99922,0.00009,0.00027,0.00020,0.00021
36.41000,1.98000,0.99935,0.00002,0.00030,0.00011,0.00023
36.61000,1.98000,0.99978,0.00000,0.00012,0.00001,0.00008
36.81000,1.98000,0.99969,0.00000,0.00016,0.00003,0.00012
37.01000,1.98000,0.99954,0.00000,0.00025,0.00013,0.00009
37.21000,1.98000,0.99999,0.00000,0.00000,0.00000,0.00000
37.41000,1.98000,0.99992,0.00000,0.00003,0.00002,0.00004
37.61000,1.98000,0.99972,0.00000,0.00011,0.00008,0.00009
37.81000,1.98000,0.99724,0.00004,0.00075,0.00096,0.00100
38.01000,1.98000,0.99979,0.00001,0.00001,0.00005,0.00014
38.21000,1.98000,0.99893,0.00002,0.00002,0.00008,0.00094
38.41000,1.98000,0.99984,0.00001,0.00000,0.00002,0.00012
38.61000,1.98000,0.84363,0.00289,0.00433,0.05493,0.09422
38.81000,1.98000,0.98416,0.00027,0.00051,0.00725,0.00782
39.01000,1.98000,0.85453,0.00027,0.00995,0.02278,0.11247
39.21000,1.98000,0.68637,0.00003,0.01003,0.06389,0.23968
39.41000,1.98000,0.87100,0.00005,0.00138,0.00897,0.11860
39.61000,1.98000,0.93431,0.00001,0.00200,0.00542,0.05825
39.81000,1.98000,0.98589,0.00000,0.00093,0.00023,0.01295
40.01000,1.98000,0.97583,0.00000,0.00328,0.00017,0.02072
40.21000,1.98000,0.99879,0.00000,0.00053,0.00001,0.00067
40.41000,1.98000,0.99742,0.00000,0.00185,0.00001,0.00071
40.61000,1.98000,0.99934,0.00000,0.00020,0.00000,0.00046
40.81000,1.98000,0.99852,0.00000,0.00065,0.00000,0.00084
41.01000,1.98000,0.99918,0.00000,0.00029,0.00000,0.00053
41.21000,1.98000,0.99964,0.00000,0.00013,0.00000,0.00024
41.41000,1.98000,0.99889,0.00000,0.00068,0.00000,0.00042
41.61000,1.98000,0.99993,0.00000,0.00005,0.00000,0.00002
41.81000,1.98000,0.99984,0.00000,0.00014,0.00000,0.00002
42.01000,1.98000,0.99987,0.00000,0.00010,0.00000,0.00003
42.21000,1.98000,0.99996,0.00000,0.00003,0.00000,0.00001
42.41000,1.98000,0.99990,0.00000,0.00009,0.00000,0.00000
42.61000,1.98000,0.99846,0.00001,0.00139,0.00004,0.00010
42.81000,1.98000,0.99939,0.00026,0.00031,0.00001,0.00003
43.01000,1.98000,0.99972,0.00002,0.00024,0.00001,0.00001
43.21000,1.98000,0.99986,0.00005,0.00008,0.00000,0.00001
43.41000,1.98000,0.99971,0.00000,0.00023,0.00000,0.00005
43.61000,1.98000,0.99830,0.00000,0.00134,0.00001,0.00034
43.81000,1.98000,0.99794,0.00000,0.00122,0.00001,0.00082
44.01000,1.98000,0.99810,0.00000,0.00111,0.00001,0.00078
44.21000,1.98000,0.99993,0.00000,0.00005,0.00000,0.00003
44.41000,1.98000,0.99857,0.00000,0.00010,0.00000,0.00133
44.61000,1.98000,0.96599,0.00000,0.01575,0.00009,0.01818
44.81000,1.98000,0.98475,0.00000,0.00290,0.00016,0.01219
45.01000,1.98000,0.89333,0.00000,0.02018,0.00674,0.07976
45.21000,1.98000,0.99320,0.00001,0.00059,0.00073,0.00546
45.41000,1.98000,0.99890,0.00022,0.00014,0.00014,0.00060
45.61000,1.98000,0.99912,0.00053,0.00005,0.00004,0.00026
45.81000,1.98000,0.99978,0.00011,0.00003,0.00002,0.00005
46.01000,1.98000,0.99931,0.00026,0.00024,0.00004,0.00014
46.21000,1.98000,0.99994,0.00002,0.00003,0.00000,0.00001
46.41000,1.98000,0.99975,0.00023,0.00002,0.00000,0.00001
46.61000,1.98000,0.99875,0.00125,0.00000,0.00000,0.00000
46.81000,1.98000,0.99870,0.00109,0.00006,0.00000,0.00015
47.01000,1.98000,0.99988,0.00002,0.00004,0.00000,0.00005
47.21000,1.98000,0.99989,0.00000,0.00010,0.00000,0.00001
47.41000,1.98000,0.99936,0.00000,0.00043,0.00003,0.00017
47.61000,1.98000,0.99958,0.00001,0.00033,0.00002,0.00006
47.81000,1.98000,0.99928,0.00000,0.00050,0.00009,0.00012
48.01000,1.98000,0.99913,0.00000,0.00074,0.00008,0.00006
48.21000,1.98000,0.99238,0.00000,0.00538,0.00092,0.00132
48.41000,1.98000,0.99804,0.00000,0.00120,0.00054,0.00022
48.61000,1.98000,0.99983,0.00000,0.00010,0.00006,0.00001
48.81000,1.98000,0.99991,0.00000,0.00004,0.00005,0.00001
49.01000,1.98000,0.99997,0.00001,0.00002,0.00000,0.00000
49.21000,1.98000,0.99997,0.00002,0.00000,0.00000,0.00000
49.41000,1.98000,0.99954,0.00046,0.00000,0.00000,0.00000
49.61000,1.98000,0.99419,0.00576,0.00003,0.00002,0.00001
49.81000,1.98000,0.95054,0.04879,0.00026,0.00024,0.00017
50.01000,1.98000,0.49079,0.50177,0.00240,0.00261,0.00243
50.21000,1.98000,0.99755,0.00236,0.00005,0.00001,0.00004
50.41000,1.98000,0.99924,0.00060,0.00011,0.00002,0.00002
50.61000,1.98000,0.99991,0.00000,0.00007,0.00001,0.00000
50.81000,1.98000,0.99903,0.00000,0.00077,0.00012,0.00008
51.01000,1.98000,0.99993,0.00000,0.00006,0.00002,0.00000
51.21000,1.98000,0.99981,0.00000,0.00014,0.00004,0.00001
51.41000,1.98000,0.99999,0.00000,0.00000,0.00000,0.00000
51.61000,1.98000,1.00000,0.00000,0.00000,0.00000,0.00000
51.81000,1.98000,0.99999,0.00000,0.00000,0.00000,0.00000
52.01000,1.98000,1.00000,0.00000,0.00000,0.00000,0.00000
52.21000,1.98000,1.00000,0.00000,0.00000,0.00000,0.00000
52.41000,1.98000,0.99999,0.00000,0.00000,0.00000,0.00000
52.61000,1.98000,0.99997,0.00000,0.00000,0.00002,0.00000
52.81000,1.98000,0.99998,0.00000,0.00000,0.00001,0.00000
53.01000,1.98000,0.99995,0.00000,0.00001,0.00002,0.00003
53.21000,1.98000,0.99931,0.00000,0.00023,0.00022,0.00024
53.41000,1.98000,0.99918,0.00000,0.00018,0.00026,0.00038
53.61000,1.98000,0.99975,0.00000,0.00010,0.00005,0.00010
53.81000,1.98000,0.99985,0.00000,0.00014,0.00000,0.00000
54.01000,1.98000,0.99960,0.00000,0.00040,0.00000,0.00000
54.21000,1.98000,0.99613,0.00000,0.00387,0.00000,0.00000
54.41000,1.98000,0.93424,0.00000,0.06569,0.00002,0.00005
54.61000,1.98000,0.97499,0.00000,0.02500,0.00000,0.00001
54.81000,1.98000,0.89596,0.00000,0.10401,0.00002,0.00000
55.01000,1.98000,0.75606,0.00000,0.24391,0.00001,0.00001
55.21000,1.98000,0.99780,0.00000,0.00220,0.00000,0.00000
55.41000,1.98000,0.91620,0.00002,0.08377,0.00001,0.00000
55.61000,1.98000,0.99377,0.00000,0.00623,0.00000,0.00000
55.81000,1.98000,0.98749,0.00000,0.01228,0.00010,0.00012
56.01000,1.98000,0.99806,0.00001,0.00172,0.00002,0.00019
56.21000,1.98000,0.99685,0.00003,0.00272,0.00005,0.00035
56.41000,1.98000,0.99917,0.00000,0.00072,0.00003,0.00007
56.61000,1.98000,0.99909,0.00001,0.00073,0.00003,0.00014
56.81000,1.98000,0.99980,0.00000,0.00018,0.00001,0.00001
57.01000,1.98000,0.99851,0.00000,0.00081,0.00005,0.00062
57.21000,1.98000,0.99961,0.00000,0.00023,0.00002,0.00014
57.41000,1.98000,0.99924,0.00005,0.00059,0.00002,0.00010
57.61000,1.98000,0.99992,0.00000,0.00007,0.00000,0.00000
57.81000,1.98000,0.99985,0.00011,0.00003,0.00000,0.00000
58.01000,1.98000,0.99800,0.00041,0.00157,0.00001,0.00000
58.21000,1.98000,0.99856,0.00060,0.00080,0.00000,0.00003
58.41000,1.98000,0.98351,0.00013,0.01627,0.00003,0.00007
58.61000,1.98000,0.99955,0.00009,0.00034,0.00000,0.00002
58.81000,1.98000,0.99913,0.00003,0.00083,0.00000,0.00000
59.01000,1.98000,0.99994,0.00003,0.00003,0.00000,0.00000
59.21000,1.98000,0.99999,0.00000,0.00000,0.00000,0.00000
59.41000,1.98000,0.99873,0.00000,0.00006,0.00006,0.00114
59.61000,1.98000,0.99587,0.00000,0.00029,0.00011,0.00372
59.81000,1.98000,0.84462,0.00006,0.01006,0.00484,0.14043
60.01000,1.98000,0.44659,0.00031,0.11989,0.02313,0.41008
60.21000,1.98000,0.98376,0.00000,0.00154,0.00027,0.01442
60.41000,1.98000,0.99693,0.00001,0.00108,0.00002,0.00195
60.61000,1.98000,0.98784,0.00010,0.00638,0.00008,0.00560
60.81000,1.98000,0.89358,0.00025,0.07943,0.00149,0.02525
61.01000,1.98000,0.93509,0.00001,0.04294,0.00070,0.02126
61.21000,1.98000,0.98108,0.00000,0.01779,0.00007,0.00106
61.41000,1.98000,0.98691,0.00034,0.00745,0.00144,0.00386
61.61000,1.98000,0.97986,0.00026,0.00942,0.00195,0.00851
61.81000,1.98000,0.99911,0.00006,0.00024,0.00035,0.00024
62.01000,1.98000,0.99979,0.00001,0.00003,0.00009,0.00008
62.21000,1.98000,0.99940,0.00000,0.00008,0.00038,0.00014
62.41000,1.98000,0.99918,0.00000,0.00008,0.00023,0.00050
62.61000,1.98000,0.99890,0.00000,0.00003,0.00055,0.00051
62.81000,1.98000,0.99956,0.00000,0.00001,0.00019,0.00024
63.01000,1.98000,0.99085,0.00000,0.00025,0.00490,0.00399
63.21000,1.98000,0.98287,0.00000,0.00091,0.00630,0.00992
63.41000,1.98000,0.77809,0.00000,0.01566,0.04958,0.15667
63.61000,1.98000,0.99833,0.00000,0.00043,0.00031,0.00093
63.81000,1.98000,0.99376,0.00000,0.00260,0.00039,0.00324
64.01000,1.98000,0.99520,0.00000,0.00331,0.00054,0.00095
64.21000,1.98000,0.97707,0.00000,0.01150,0.00506,0.00638
64.41000,1.98000,0.99691,0.00000,0.00109,0.00026,0.00174
64.61000,1.98000,0.99325,0.00000,0.00060,0.00010,0.00605
64.81000,1.98000,0.99482,0.00000,0.00027,0.00004,0.00487
65.01000,1.98000,0.74241,0.00000,0.01092,0.00283,0.24385
65.21000,1.98000,0.69782,0.00000,0.03162,0.01230,0.25826
65.41000,1.98000,0.97629,0.00001,0.00425,0.00051,0.01893
65.61000,1.98000,0.99774,0.00000,0.00093,0.00002,0.00131
65.81000,1.98000,0.98256,0.00004,0.00909,0.00016,0.00815
66.01000,1.98000,0.99740,0.00003,0.00189,0.00004,0.00064
66.21000,1.98000,0.99091,0.00001,0.00905,0.00000,0.00003
66.41000,1.98000,0.99583,0.00001,0.00416,0.00000,0.00000
66.61000,1.98000,0.99835,0.00033,0.00132,0.00000,0.00000
66.81000,1.98000,0.99610,0.00138,0.00252,0.00000,0.00000
67.01000,1.98000,0.97913,0.00947,0.01140,0.00000,0.00000
67.21000,1.98000,0.99778,0.00071,0.00151,0.00000,0.00000
67.41000,1.98000,0.99931,0.00029,0.00040,0.00000,0.00000
67.61000,1.98000,0.99985,0.00002,0.00012,0.00001,0.00000
67.81000,1.98000,0.99994,0.00004,0.00002,0.00000,0.00000
68.01000,1.98000,1.00000,0.00000,0.00000,0.00000,0.00000
68.21000,1.98000,0.99996,0.00000,0.00000,0.00003,0.00000
68.41000,1.98000,0.99994,0.00001,0.00000,0.00004,0.00000
68.61000,1.98000,0.99994,0.00005,0.00000,0.00000,0.00001
68.81000,1.98000,1.00000,0.00000,0.00000,0.00000,0.00000
69.01000,1.98000,0.99987,0.00012,0.00000,0.00000,0.00001
69.21000,1.98000,0.99888,0.00110,0.00000,0.00000,0.00003
69.41000,1.98000,0.99113,0.00878,0.00000,0.00000,0.00009
69.61000,1.98000,0.87855,0.12129,0.00000,0.00000,0.00015
69.81000,1.98000,0.78514,0.21431,0.00000,0.00005,0.00050
70.01000,1.98000,0.81591,0.18344,0.00000,0.00006,0.00058
70.21000,1.98000,0.99275,0.00709,0.00001,0.00005,0.00010
70.41000,1.98000,0.99890,0.00108,0.00000,0.00001,0.00001
70.61000,1.98000,0.99997,0.00002,0.00000,0.00000,0.00000
70.81000,1.98000,0.99995,0.00002,0.00001,0.00002,0.00000
71.01000,1.98000,0.99913,0.00001,0.00016,0.00064,0.00007
71.21000,1.98000,0.99996,0.00000,0.00001,0.00002,0.00001
71.41000,1.98000,0.99949,0.00001,0.00013,0.00031,0.00007
71.61000,1.98000,0.99989,0.00000,0.00002,0.00004,0.00005
71.81000,1.98000,0.99940,0.00002,0.00005,0.00015,0.00039
72.01000,1.98000,0.99996,0.00000,0.00000,0.00000,0.00003
72.21000,1.98000,0.99967,0.00000,0.00007,0.00001,0.00025
72.41000,1.98000,0.99908,0.00000,0.00061,0.00008,0.00023
72.61000,1.98000,0.99990,0.00000,0.00005,0.00000,0.00004
72.81000,1.98000,0.99950,0.00000,0.00048,0.00000,0.00001
73.01000,1.98000,0.99971,0.00002,0.00027,0.00000,0.00000
73.21000,1.98000,0.99911,0.00003,0.00085,0.00001,0.00000
73.41000,1.98000,0.98395,0.00857,0.00739,0.00004,0.00005
73.61000,1.98000,0.98344,0.00057,0.01597,0.00001,0.00000
73.81000,1.98000,0.97283,0.00079,0.02630,0.00006,0.00002
74.01000,1.98000,0.97120,0.00058,0.02822,0.00001,0.00000
74.21000,1.98000,0.94006,0.04967,0.01026,0.00001,0.00000
74.41000,1.98000,0.99381,0.00433,0.00186,0.00000,0.00000
74.61000,1.98000,0.99639,0.00277,0.00084,0.00000,0.00000
74.81000,1.98000,0.99732,0.00265,0.00003,0.00000,0.00000
75.01000,1.98000,0.99913,0.00086,0.00001,0.00000,0.00000
75.21000,1.98000,0.99953,0.00047,0.00000,0.00000,0.00000
75.41000,1.98000,0.99987,0.00013,0.00000,0.00000,0.00000
75.61000,1.98000,0.99970,0.00030,0.00000,0.00000,0.00000
75.81000,1.98000,0.99935,0.00064,0.00001,0.00000,0.00000
76.01000,1.98000,0.99926,0.00071,0.00002,0.00000,0.00000
76.21000,1.98000,0.99990,0.00009,0.00002,0.00000,0.00000
76.41000,1.98000,0.99991,0.00008,0.00000,0.00000,0.00000
76.61000,1.98000,0.99987,0.00011,0.00002,0.00000,0.00000
76.81000,1.98000,0.99966,0.00000,0.00019,0.00003,0.00011
77.01000,1.98000,0.99867,0.00000,0.00042,0.00012,0.00079
77.21000,1.98000,0.99145,0.00000,0.00316,0.00235,0.00303
77.41000,1.98000,0.99853,0.00000,0.00023,0.00064,0.00060
77.61000,1.98000,0.98201,0.00000,0.00334,0.01052,0.00413
77.81000,1.98000,0.99792,0.00000,0.00031,0.00062,0.00114
78.01000,1.98000,0.99607,0.00000,0.00063,0.00123,0.00206
78.21000,1.98000,0.96149,0.00000,0.00793,0.00284,0.02774
78.41000,1.98000,0.81586,0.00000,0.03466,0.04158,0.10790
78.61000,1.98000,0.46526,0.00000,0.03503,0.05147,0.44824
78.81000,1.98000,0.28883,0.00000,0.07957,0.16288,0.46872
79.01000,1.98000,0.62970,0.00000,0.01153,0.01173,0.34704
79.21000,1.98000,0.96745,0.00000,0.00122,0.00675,0.02458
79.41000,1.98000,0.99257,0.00000,0.00020,0.00122,0.00602
79.61000,1.98000,0.99249,0.00000,0.00088,0.00479,0.00184
79.81000,1.98000,0.99936,0.00000,0.00010,0.00030,0.00023
80.01000,1.98000,0.99925,0.00000,0.00013,0.00053,0.00009
80.21000,1.98000,0.99969,0.00000,0.00001,0.00027,0.00002
80.41000,1.98000,0.99953,0.00000,0.00001,0.00042,0.00004
80.61000,1.98000,0.99991,0.00000,0.00000,0.00008,0.00001
80.81000,1.98000,0.99983,0.00000,0.00000,0.00016,0.00000
81.01000,1.98000,0.99998,0.00000,0.00000,0.00001,0.00000
81.21000,1.98000,0.99998,0.00000,0.00000,0.00002,0.00001
81.41000,1.98000,0.99992,0.00000,0.00000,0.00004,0.00004
81.61000,1.98000,0.99997,0.00000,0.00000,0.00001,0.00002
81.81000,1.98000,0.99996,0.00000,0.00000,0.00002,0.00002
82.01000,1.98000,0.99999,0.00000,0.00000,0.00001,0.00000
82.21000,1.98000,0.99993,0.00000,0.00000,0.00004,0.00003
82.41000,1.98000,0.99992,0.00000,0.00000,0.00004,0.00003
82.61000,1.98000,0.99979,0.00000,0.00000,0.00004,0.00016
82.81000,1.98000,0.99916,0.00002,0.00000,0.00020,0.00063
83.01000,1.98000,0.99414,0.00013,0.00000,0.00108,0.00465
83.21000,1.98000,0.99799,0.00020,0.00000,0.00037,0.00145
83.41000,1.98000,0.99982,0.00000,0.00000,0.00000,0.00018
83.61000,1.98000,0.99395,0.00000,0.00000,0.00004,0.00600
83.81000,1.98000,0.99306,0.00008,0.00000,0.00017,0.00668
84.01000,1.98000,0.82432,0.00001,0.00011,0.00147,0.17410
84.21000,1.98000,0.40248,0.00001,0.00040,0.00159,0.59553
84.41000,1.98000,0.97124,0.00000,0.00037,0.00023,0.02815
84.61000,1.98000,0.97569,0.00001,0.00023,0.00020,0.02387
84.81000,1.98000,0.99852,0.00000,0.00011,0.00001,0.00136
85.01000,1.98000,0.99439,0.00000,0.00217,0.00002,0.00342
85.21000,1.98000,0.99799,0.00000,0.00124,0.00001,0.00075
85.41000,1.98000,0.98685,0.00002,0.00178,0.00029,0.01106
85.61000,1.98000,0.98224,0.00021,0.00189,0.00077,0.01488
85.81000,1.98000,0.99402,0.00006,0.00058,0.00030,0.00504
86.01000,1.98000,0.99929,0.00013,0.00005,0.00022,0.00031
86.21000,1.98000,0.99958,0.00001,0.00001,0.00007,0.00033
86.41000,1.98000,0.99950,0.00001,0.00001,0.00013,0.00035
86.61000,1.98000,0.99922,0.00000,0.00000,0.00022,0.00056
86.81000,1.98000,0.99922,0.00000,0.00000,0.00030,0.00047
87.01000,1.98000,0.99950,0.00000,0.00000,0.00024,0.00026
87.21000,1.98000,0.99780,0.00001,0.00000,0.00128,0.00092
87.41000,1.98000,0.99504,0.00003,0.00001,0.00345,0.00146
87.61000,1.98000,0.99669,0.00004,0.00001,0.00181,0.00146
87.81000,1.98000,0.98780,0.00009,0.00005,0.00685,0.00521
88.01000,1.98000,0.99344,0.00013,0.00002,0.00315,0.00325
88.21000,1.98000,0.96901,0.00038,0.00006,0.01078,0.01977
88.41000,1.98000,0.99612,0.00008,0.00001,0.00022,0.00358
88.61000,1.98000,0.97701,0.00093,0.00009,0.00501,0.01695
88.81000,1.98000,0.99869,0.00021,0.00001,0.00010,0.00100
89.01000,1.98000,0.93960,0.00629,0.00064,0.00579,0.04769
89.21000,1.98000,0.99646,0.00147,0.00022,0.00037,0.00149
89.41000,1.98000,0.46548,0.01703,0.02526,0.13921,0.35302
89.61000,1.98000,0.34837,0.01025,0.03187,0.19522,0.41430
89.81000,1.98000,0.60205,0.00884,0.01305,0.19760,0.17846
90.01000,1.98000,0.98416,0.00009,0.00345,0.00341,0.00889
90.21000,1.98000,0.99171,0.00000,0.00103,0.00433,0.00292
90.41000,1.98000,0.99903,0.00000,0.00037,0.00015,0.00045
90.61000,1.98000,0.99945,0.00000,0.00013,0.00022,0.00020
90.81000,1.98000,0.99916,0.00000,0.00018,0.00044,0.00023
91.01000,1.98000,0.99923,0.00000,0.00003,0.00033,0.00042
91.21000,1.98000,0.99965,0.00000,0.00001,0.00017,0.00017
91.41000,1.98000,0.99898,0.00000,0.00002,0.00058,0.00042
91.61000,1.98000,0.99817,0.00000,0.00001,0.00156,0.00025
91.81000,1.98000,0.99898,0.00000,0.00001,0.00075,0.00026
92.01000,1.98000,0.99804,0.00001,0.00002,0.00070,0.00124
92.21000,1.98000,0.99977,0.00000,0.00000,0.00011,0.00012
92.41000,1.98000,0.99881,0.00002,0.00002,0.00068,0.00048
92.61000,1.98000,0.99976,0.00003,0.00000,0.00012,0.00009
92.81000,1.98000,0.99765,0.00098,0.00001,0.00088,0.00049
93.01000,1.98000,0.98705,0.00068,0.00003,0.00674,0.00550
93.21000,1.98000,0.99952,0.00007,0.00000,0.00004,0.00037
93.41000,1.98000,0.99945,0.00005,0.00000,0.00002,0.00047
93.61000,1.98000,0.99999,0.00000,0.00001,0.00000,0.00000
93.81000,1.98000,0.99997,0.00001,0.00001,0.00000,0.00000
94.01000,1.98000,0.99981,0.00003,0.00013,0.00001,0.00001
94.21000,1.98000,0.99868,0.00049,0.00075,0.00005,0.00003
94.41000,1.98000,0.99897,0.00003,0.00097,0.00001,0.00001
94.61000,1.98000,0.99906,0.00028,0.00064,0.00000,0.00001
94.81000,1.98000,0.99429,0.00061,0.00499,0.00006,0.00004
95.01000,1.98000,0.99361,0.00254,0.00383,0.00002,0.00001
95.21000,1.98000,0.99228,0.00023,0.00747,0.00001,0.00001
95.41000,1.98000,0.99985,0.00001,0.00013,0.00000,0.00000
95.61000,1.98000,0.99854,0.00020,0.00024,0.00053,0.00048
95.81000,1.98000,0.99980,0.00005,0.00001,0.00002,0.00011
96.01000,1.98000,0.99972,0.00010,0.00002,0.00003,0.00013
96.21000,1.98000,0.99910,0.00003,0.00023,0.00056,0.00009
96.41000,1.98000,0.99855,0.00002,0.00049,0.00092,0.00002
96.61000,1.98000,0.99957,0.00000,0.00001,0.00042,0.00000
96.81000,1.98000,0.99976,0.00000,0.00005,0.00018,0.00000
97.01000,1.98000,0.99993,0.00000,0.00001,0.00006,0.00000
97.21000,1.98000,0.99984,0.00000,0.00009,0.00007,0.00001
97.41000,1.98000,0.99952,0.00000,0.00029,0.00019,0.00000
97.61000,1.98000,0.99785,0.00000,0.00080,0.00135,0.00000
97.81000,1.98000,0.98850,0.00001,0.00190,0.00941,0.00018
98.01000,1.98000,0.99746,0.00007,0.00065,0.00159,0.00021
98.21000,1.98000,0.99934,0.00000,0.00005,0.00006,0.00055
98.41000,1.98000,0.99730,0.00000,0.00034,0.00062,0.00173
98.61000,1.98000,0.82621,0.00002,0.02314,0.08361,0.06702
98.81000,1.98000,0.51563,0.00001,0.05245,0.12781,0.30410
99.01000,1.98000,0.71763,0.00001,0.04702,0.14089,0.09444
99.21000,1.98000,0.94916,0.00001,0.00381,0.02816,0.01886
99.41000,1.98000,0.97253,0.00015,0.00210,0.00906,0.01616
99.61000,1.98000,0.99874,0.00005,0.00020,0.00027,0.00074
99.81000,1.98000,0.98476,0.00095,0.00424,0.00553,0.00452
100.01000,1.98000,0.99782,0.00005,0.00040,0.00035,0.00138
100.21000,1.98000,0.99885,0.00012,0.00061,0.00027,0.00015
100.41000,1.98000,0.97617,0.00725,0.00539,0.00928,0.00191
100.61000,1.98000,0.90307,0.09470,0.00015,0.00178,0.00029
100.81000,1.98000,0.99664,0.00305,0.00001,0.00027,0.00002
101.01000,1.98000,0.99563,0.00270,0.00010,0.00152,0.00006
101.21000,1.98000,0.99472,0.00028,0.00029,0.00459,0.00012
101.41000,1.98000,0.99981,0.00000,0.00000,0.00012,0.00006
101.61000,1.98000,0.99997,0.00000,0.00000,0.00003,0.00000
101.81000,1.98000,0.99990,0.00000,0.00001,0.00008,0.00001
102.01000,1.98000,0.99890,0.00000,0.00012,0.00078,0.00019
102.21000,1.98000,0.99985,0.00000,0.00002,0.00004,0.00009
102.41000,1.98000,0.99944,0.00000,0.00008,0.00042,0.00006
102.61000,1.98000,0.99562,0.00000,0.00023,0.00168,0.00246
102.81000,1.98000,0.99925,0.00000,0.00007,0.00036,0.00032
103.01000,1.98000,0.99995,0.00000,0.00001,0.00001,0.00003
103.21000,1.98000,0.99999,0.00000,0.00001,0.00000,0.00000
103.41000,1.98000,0.99848,0.00000,0.00009,0.00012,0.00131
103.61000,1.98000,0.99898,0.00000,0.00001,0.00007,0.00093
103.81000,1.98000,0.74601,0.00014,0.00275,0.01228,0.23882
104.01000,1.98000,0.98628,0.00009,0.00091,0.00084,0.01189
104.21000,1.98000,0.99633,0.00007,0.00026,0.00003,0.00330
104.41000,1.98000,0.99876,0.00036,0.00025,0.00001,0.00062
104.61000,1.98000,0.99865,0.00060,0.00027,0.00001,0.00047
104.81000,1.98000,0.99804,0.00042,0.00148,0.00000,0.00006
105.01000,1.98000,0.99994,0.00000,0.00006,0.00000,0.00000
105.21000,1.98000,0.99829,0.00016,0.00155,0.00000,0.00000
105.41000,1.98000,0.99370,0.00375,0.00252,0.00001,0.00003
105.61000,1.98000,0.99420,0.00123,0.00456,0.00000,0.00000
105.81000,1.98000,0.99798,0.00106,0.00093,0.00002,0.00001
106.01000,1.98000,0.99558,0.00181,0.00257,0.00002,0.00001
106.21000,1.98000,0.99746,0.00123,0.00092,0.00031,0.00008
106.41000,1.98000,0.99627,0.00032,0.00258,0.00074,0.00009
106.61000,1.98000,0.99879,0.00002,0.00044,0.00069,0.00006
106.81000,1.98000,0.99649,0.00002,0.00028,0.00309,0.00011
107.01000,1.98000,0.99900,0.00001,0.00002,0.00088,0.00009
107.21000,1.98000,0.99953,0.00000,0.00000,0.00044,0.00003
107.41000,1.98000,0.99970,0.00000,0.00000,0.00028,0.00002
107.61000,1.98000,0.99975,0.00000,0.00000,0.00023,0.00001
107.81000,1.98000,0.99999,0.00000,0.00000,0.00001,0.00000
108.01000,1.98000,0.99987,0.00000,0.00000,0.00011,0.00002
108.21000,1.98000,0.99999,0.00000,0.00000,0.00001,0.00000
108.41000,1.98000,0.99997,0.00000,0.00000,0.00000,0.00002
108.61000,1.98000,0.99999,0.00000,0.00000,0.00000,0.00001
108.81000,1.98000,0.99994,0.00004,0.00000,0.00000,0.00002
109.01000,1.98000,0.99974,0.00026,0.00000,0.00000,0.00000
109.21000,1.98000,0.99901,0.00098,0.00000,0.00000,0.00001
109.41000,1.98000,0.93075,0.06547,0.00083,0.00034,0.00261
109.61000,1.98000,0.37049,0.61513,0.00583,0.00218,0.00638
109.81000,1.98000,0.99740,0.00236,0.00016,0.00001,0.00007
110.01000,1.98000,0.99803,0.00137,0.00049,0.00005,0.00006
110.21000,1.98000,0.99982,0.00001,0.00015,0.00001,0.00001
110.41000,1.98000,0.99963,0.00000,0.00031,0.00005,0.00001
110.61000,1.98000,0.99997,0.00000,0.00002,0.00001,0.00000
110.81000,1.98000,0.99975,0.00000,0.00010,0.00014,0.00001
111.01000,1.98000,0.99995,0.00000,0.00000,0.00005,0.00000
111.21000,1.98000,0.99996,0.00000,0.00000,0.00003,0.00001
111.41000,1.98000,0.99994,0.00000,0.00000,0.00005,0.00001
111.61000,1.98000,0.99997,0.00000,0.00000,0.00002,0.00001
111.81000,1.98000,0.99985,0.00000,0.00002,0.00009,0.00004
112.01000,1.98000,0.99984,0.00000,0.00002,0.00006,0.00007
112.21000,1.98000,0.99969,0.00000,0.00005,0.00008,0.00018
112.41000,1.98000,0.99922,0.00000,0.00015,0.00016,0.00047
112.61000,1.98000,0.99823,0.00000,0.00048,0.00046,0.00084
112.81000,1.98000,0.99979,0.00000,0.00008,0.00001,0.00012
113.01000,1.98000,0.99975,0.00000,0.00023,0.00000,0.00001
113.21000,1.98000,0.99949,0.00000,0.00051,0.00000,0.00000
113.41000,1.98000,0.99836,0.00000,0.00164,0.00000,0.00000
113.61000,1.98000,0.99995,0.00000,0.00005,0.00000,0.00000
113.81000,1.98000,0.99959,0.00000,0.00041,0.00000,0.00000
114.01000,1.98000,0.99990,0.00000,0.00010,0.00000,0.00000
114.21000,1.98000,0.99723,0.00000,0.00277,0.00000,0.00000
114.41000,1.98000,0.99998,0.00000,0.00001,0.00000,0.00000
114.61000,1.98000,0.99989,0.00000,0.00011,0.00000,0.00000
114.81000,1.98000,0.99999,0.00000,0.00000,0.00000,0.00000
115.01000,1.98000,0.99980,0.00002,0.00019,0.00000,0.00000
115.21000,1.98000,0.99958,0.00001,0.00041,0.00000,0.00000
115.41000,1.98000,0.99908,0.00004,0.00088,0.00000,0.00000
115.61000,1.98000,0.99967,0.00001,0.00032,0.00000,0.00000
115.81000,1.98000,0.99940,0.00002,0.00059,0.00000,0.00000
116.01000,1.98000,0.99976,0.00000,0.00024,0.00000,0.00000
116.21000,1.98000,0.99994,0.00000,0.00006,0.00000,0.00000
116.41000,1.98000,0.99611,0.00000,0.00388,0.00001,0.00001
116.61000,1.98000,0.99947,0.00000,0.00052,0.00000,0.00000
116.81000,1.98000,0.99960,0.00000,0.00037,0.00001,0.00002
117.01000,1.98000,0.99967,0.00000,0.00032,0.00000,0.00000
117.21000,1.98000,0.99886,0.00000,0.00077,0.00002,0.00034
117.41000,1.98000,0.99951,0.00000,0.00027,0.00001,0.00021
117.61000,1.98000,0.99979,0.00000,0.00002,0.00000,0.00019
117.81000,1.98000,0.99405,0.00000,0.00502,0.00010,0.00083
118.01000,1.98000,0.98406,0.00000,0.00631,0.00056,0.00906
118.21000,1.98000,0.95972,0.00000,0.01653,0.00645,0.01729
118.41000,1.98000,0.98073,0.00000,0.00951,0.00324,0.00652
118.61000,1.98000,0.99132,0.00000,0.00745,0.00024,0.00099
118.81000,1.98000,0.99763,0.00000,0.00068,0.00011,0.00157
119.01000,1.98000,0.99957,0.00000,0.00031,0.00001,0.00011
119.21000,1.98000,0.99884,0.00000,0.00106,0.00001,0.00009
119.41000,1.98000,0.99891,0.00000,0.00109,0.00000,0.00000
119.61000,1.98000,0.99868,0.00000,0.00132,0.00000,0.00000
119.81000,1.98000,0.99910,0.00000,0.00090,0.00000,0.00000
120.01000,1.98000,0.99991,0.00000,0.00009,0.00000,0.00000
120.21000,1.98000,0.99985,0.00000,0.00015,0.00000,0.00000
120.41000,1.98000,0.99984,0.00000,0.00016,0.00000,0.00000
120.61000,1.98000,0.99999,0.00000,0.00001,0.00000,0.00000
120.81000,1.98000,0.99978,0.00000,0.00022,0.00000,0.00000
121.01000,1.98000,0.99997,0.00000,0.00003,0.00000,0.00000
121.21000,1.98000,0.99941,0.00000,0.00059,0.00000,0.00000
121.41000,1.98000,0.99968,0.00000,0.00032,0.00000,0.00000
121.61000,1.98000,0.99952,0.00000,0.00048,0.00000,0.00000
121.81000,1.98000,0.99996,0.00001,0.00003,0.00000,0.00000
122.01000,1.98000,0.99972,0.00012,0.00016,0.00000,0.00000
122.21000,1.98000,0.99980,0.00020,0.00000,0.00000,0.00000
122.41000,1.98000,0.99898,0.00102,0.00000,0.00000,0.00000
122.61000,1.98000,0.99998,0.00002,0.00000,0.00000,0.00000
122.81000,1.98000,0.99986,0.00002,0.00000,0.00000,0.00012
123.01000,1.98000,0.99794,0.00008,0.00007,0.00007,0.00184
123.21000,1.98000,0.96651,0.00002,0.00157,0.00241,0.02949
123.41000,1.98000,0.99497,0.00005,0.00003,0.00007,0.00488
123.61000,1.98000,0.98253,0.00002,0.00064,0.00049,0.01632
123.81000,1.98000,0.99434,0.00003,0.00238,0.00101,0.00223
124.01000,1.98000,0.99980,0.00002,0.00014,0.00002,0.00002
124.21000,1.98000,0.99914,0.00000,0.00086,0.00000,0.00000
124.41000,1.98000,0.99974,0.00000,0.00026,0.00000,0.00000
124.61000,1.98000,0.99886,0.00000,0.00114,0.00000,0.00000
124.81000,1.98000,0.99949,0.00050,0.00001,0.00000,0.00000
125.01000,1.98000,0.99651,0.00349,0.00000,0.00000,0.00000
125.21000,1.98000,0.98764,0.01236,0.00000,0.00000,0.00000
125.41000,1.98000,0.99839,0.00161,0.00000,0.00000,0.00000
125.61000,1.98000,0.99822,0.00178,0.00000,0.00000,0.00000
125.81000,1.98000,0.99077,0.00923,0.00000,0.00000,0.00000
126.01000,1.98000,0.98854,0.01146,0.00000,0.00000,0.00000
126.21000,1.98000,0.99926,0.00074,0.00000,0.00000,0.00000
126.41000,1.98000,0.98597,0.01403,0.00000,0.00000,0.00000
126.61000,1.98000,0.99329,0.00671,0.00000,0.00000,0.00000
126.81000,1.98000,0.96285,0.03714,0.00000,0.00000,0.00000
127.01000,1.98000,0.99901,0.00099,0.00000,0.00000,0.00000
127.21000,1.98000,0.99536,0.00463,0.00001,0.00000,0.00000
127.41000,1.98000,0.99606,0.00393,0.00001,0.00000,0.00000
127.61000,1.98000,0.99977,0.00023,0.00000,0.00000,0.00000
127.81000,1.98000,0.99994,0.00004,0.00001,0.00001,0.00000
128.00999,1.98001,0.99996,0.00000,0.00001,0.00002,0.00001
128.21001,1.98000,0.99992,0.00000,0.00000,0.00006,0.00001
128.41000,1.98000,0.99999,0.00000,0.00000,0.00000,0.00000
128.61000,1.98000,0.99997,0.00000,0.00000,0.00002,0.00000
128.81000,1.98000,0.99997,0.00000,0.00000,0.00002,0.00001
