Time (seconds), Duration (seconds),pred_(unlabeled),pred_empty_box,pred_table
0.00250,0.49500,0.10202,0.89795,0.00003
0.10250,0.49500,0.09336,0.90664,0.00001
0.20250,0.49500,0.09549,0.90451,0.00001
0.30250,0.49500,0.07715,0.92285,0.00000
0.40250,0.49500,0.08366,0.91633,0.00001
0.50250,0.49500,0.05818,0.94181,0.00001
0.60250,0.49500,0.07954,0.92044,0.00001
0.70250,0.49500,0.07242,0.92757,0.00000
0.80250,0.49500,0.18913,0.81078,0.00008
0.90250,0.49500,0.20888,0.79097,0.00015
1.00250,0.49500,0.16813,0.83178,0.00009
1.10250,0.49500,0.20183,0.79808,0.00009
1.20250,0.49500,0.21208,0.78773,0.00018
1.30250,0.49500,0.06876,0.93117,0.00007
1.40250,0.49500,0.10528,0.89418,0.00054
1.50250,0.49500,0.06228,0.93765,0.00007
1.60250,0.49500,0.07173,0.92822,0.00004
1.70250,0.49500,0.05131,0.94864,0.00005
1.80250,0.49500,0.03848,0.96149,0.00003
1.90250,0.49500,0.03583,0.96416,0.00000
2.00250,0.49500,0.04608,0.95390,0.00003
2.10250,0.49500,0.04357,0.95642,0.00001
2.20250,0.49500,0.07238,0.92759,0.00003
2.30250,0.49500,0.05564,0.94432,0.00003
2.40250,0.49500,0.10468,0.89530,0.00002
2.50250,0.49500,0.05565,0.94435,0.00001
2.60250,0.49500,0.08439,0.91560,0.00001
2.70250,0.49500,0.12260,0.87739,0.00001
2.80250,0.49500,0.08740,0.91258,0.00001
2.90250,0.49500,0.11958,0.88039,0.00002
3.00250,0.49500,0.08293,0.91696,0.00011
3.10250,0.49500,0.04571,0.95407,0.00022
3.20250,0.49500,0.02707,0.97256,0.00037
3.30250,0.49500,0.04728,0.95270,0.00002
3.40250,0.49500,0.07964,0.92031,0.00005
3.50250,0.49500,0.07042,0.92956,0.00002
3.60250,0.49500,0.03914,0.96074,0.00012
3.70250,0.49500,0.03342,0.96658,0.00001
3.80250,0.49500,0.05469,0.94529,0.00002
3.90250,0.49500,0.05455,0.94544,0.00001
4.00250,0.49500,0.06578,0.93416,0.00006
4.10250,0.49500,0.05874,0.94123,0.00002
4.20250,0.49500,0.05734,0.94265,0.00001
4.30250,0.49500,0.03036,0.96961,0.00003
4.40250,0.49500,0.09130,0.90867,0.00003
4.50250,0.49500,0.04205,0.95793,0.00002
4.60250,0.49500,0.05627,0.94370,0.00002
4.70250,0.49500,0.03583,0.96414,0.00003
4.80250,0.49500,0.10100,0.89885,0.00015
4.90250,0.49500,0.09744,0.90250,0.00006
5.00250,0.49500,0.07765,0.92233,0.00002
5.10250,0.49500,0.06670,0.93329,0.00000
5.20250,0.49500,0.08548,0.91451,0.00001
5.30250,0.49500,0.09815,0.90185,0.00001
5.40250,0.49500,0.05771,0.94229,0.00000
5.50250,0.49500,0.07583,0.92416,0.00001
5.60250,0.49500,0.06473,0.93527,0.00001
5.70250,0.49500,0.04620,0.95379,0.00001
5.80250,0.49500,0.05088,0.94906,0.00006
5.90250,0.49500,0.03693,0.96306,0.00001
6.00250,0.49500,0.02392,0.97607,0.00001
6.10250,0.49500,0.03696,0.96303,0.00002
6.20250,0.49500,0.04694,0.95303,0.00003
6.30250,0.49500,0.06942,0.93051,0.00008
6.40250,0.49500,0.05489,0.94506,0.00005
6.50250,0.49500,0.09790,0.90183,0.00027
6.60250,0.49500,0.05865,0.93950,0.00185
6.70250,0.49500,0.03289,0.96593,0.00118
6.80250,0.49500,0.06139,0.93697,0.00163
6.90250,0.49500,0.03155,0.96767,0.00078
7.00250,0.49500,0.04196,0.95697,0.00107
7.10250,0.49500,0.03072,0.96815,0.00113
7.20250,0.49500,0.04583,0.95335,0.00082
7.30250,0.49500,0.04377,0.95617,0.00006
7.40250,0.49500,0.04474,0.95522,0.00004
7.50250,0.49500,0.03989,0.96010,0.00001
7.60250,0.49500,0.03586,0.96411,0.00003
7.70250,0.49500,0.02912,0.97087,0.00001
7.80250,0.49500,0.05713,0.94286,0.00000
7.90250,0.49500,0.01589,0.98402,0.00008
8.00250,0.49500,0.02600,0.97395,0.00004
8.10250,0.49500,0.02591,0.97389,0.00019
8.20250,0.49500,0.04298,0.95673,0.00029
8.30250,0.49500,0.05696,0.94251,0.00053
8.40250,0.49500,0.06461,0.93526,0.00013
8.50250,0.49500,0.08203,0.91706,0.00090
8.60250,0.49500,0.04408,0.95568,0.00024
8.70250,0.49500,0.03274,0.96671,0.00054
8.80250,0.49500,0.03397,0.96495,0.00108
8.90250,0.49500,0.05490,0.94470,0.00039
9.00250,0.49500,0.03348,0.96633,0.00020
9.10250,0.49500,0.07756,0.92164,0.00080
9.20250,0.49500,0.03641,0.96252,0.00107
9.30250,0.49500,0.02227,0.97499,0.00274
9.40250,0.49500,0.02821,0.96899,0.00279
9.50250,0.49500,0.11048,0.88853,0.00099
9.60250,0.49500,0.04244,0.95654,0.00102
9.70250,0.49500,0.03403,0.96577,0.00019
9.80250,0.49500,0.03518,0.96456,0.00026
9.90250,0.49500,0.05577,0.94413,0.00010
10.00250,0.49500,0.12934,0.87046,0.00020
10.10250,0.49500,0.15614,0.84383,0.00003
10.20250,0.49500,0.16967,0.83032,0.00001
10.30250,0.49500,0.06466,0.93534,0.00000
10.40250,0.49500,0.04924,0.95076,0.00000
10.50250,0.49500,0.06609,0.93391,0.00000
10.60250,0.49500,0.06603,0.93397,0.00000
10.70250,0.49500,0.04663,0.95337,0.00000
10.80250,0.49500,0.05049,0.94951,0.00000
10.90250,0.49500,0.09692,0.90308,0.00000
11.00250,0.49500,0.12156,0.87843,0.00000
11.10250,0.49500,0.10597,0.89402,0.00000
11.20250,0.49500,0.04551,0.95449,0.00000
11.30250,0.49500,0.05970,0.94030,0.00000
11.40250,0.49500,0.01664,0.98336,0.00000
11.50250,0.49500,0.01927,0.98072,0.00001
11.60250,0.49500,0.00867,0.99133,0.00000
11.70250,0.49500,0.05088,0.94912,0.00000
11.80250,0.49500,0.08105,0.91895,0.00000
11.90250,0.49500,0.14820,0.85179,0.00001
12.00250,0.49500,0.12079,0.87921,0.00001
12.10250,0.49500,0.09958,0.90042,0.00001
12.20250,0.49500,0.09894,0.90105,0.00001
12.30250,0.49500,0.11687,0.88311,0.00002
12.40250,0.49500,0.05400,0.94597,0.00003
12.50250,0.49500,0.11255,0.88744,0.00001
12.60250,0.49500,0.05477,0.94519,0.00004
12.70250,0.49500,0.14875,0.85117,0.00008
12.80250,0.49500,0.04610,0.95372,0.00018
12.90250,0.49500,0.04189,0.95808,0.00003
13.00250,0.49500,0.02050,0.97940,0.00010
13.10250,0.49500,0.02787,0.97212,0.00001
13.20250,0.49500,0.01756,0.98242,0.00001
13.30250,0.49500,0.05124,0.94874,0.00002
13.40250,0.49500,0.06582,0.93417,0.00000
13.50250,0.49500,0.08410,0.91590,0.00000
13.60250,0.49500,0.10710,0.89289,0.00001
13.70250,0.49500,0.12339,0.87656,0.00004
13.80250,0.49500,0.10736,0.89257,0.00007
13.90250,0.49500,0.06972,0.93016,0.00011
14.00250,0.49500,0.05949,0.94032,0.00019
14.10250,0.49500,0.03605,0.96269,0.00125
14.20250,0.49500,0.07350,0.92579,0.00071
14.30250,0.49500,0.03747,0.96244,0.00009
14.40250,0.49500,0.03637,0.96354,0.00009
14.50250,0.49500,0.02261,0.97703,0.00035
14.60250,0.49500,0.03827,0.96122,0.00051
14.70250,0.49500,0.01917,0.98060,0.00023
14.80250,0.49500,0.05709,0.94247,0.00044
14.90250,0.49500,0.02681,0.97160,0.00159
15.00250,0.49500,0.03993,0.95779,0.00228
15.10250,0.49500,0.03916,0.96070,0.00014
15.20250,0.49500,0.04645,0.95338,0.00017
15.30250,0.49500,0.02167,0.97795,0.00038
15.40250,0.49500,0.02980,0.96993,0.00026
15.50250,0.49500,0.05303,0.94556,0.00141
15.60250,0.49500,0.09811,0.89926,0.00264
15.70250,0.49500,0.10102,0.89631,0.00267
15.80250,0.49500,0.16860,0.83103,0.00037
15.90250,0.49500,0.07837,0.92138,0.00025
16.00250,0.49500,0.06043,0.93953,0.00004
16.10250,0.49500,0.08687,0.91310,0.00003
16.20250,0.49500,0.05745,0.94231,0.00024
16.30250,0.49500,0.05000,0.94963,0.00037
16.40250,0.49500,0.02144,0.97825,0.00030
16.50250,0.49500,0.02646,0.97310,0.00044
16.60250,0.49500,0.03208,0.96292,0.00500
16.70250,0.49500,0.08947,0.90069,0.00983
16.80250,0.49500,0.08137,0.88289,0.03574
16.90250,0.49500,0.09649,0.88364,0.01986
17.00250,0.49500,0.05939,0.93531,0.00529
17.10250,0.49500,0.06797,0.92268,0.00935
17.20250,0.49500,0.02747,0.97191,0.00063
17.30250,0.49500,0.03083,0.96723,0.00194
17.40250,0.49500,0.02123,0.97450,0.00427
17.50250,0.49500,0.05096,0.94303,0.00601
17.60250,0.49500,0.03416,0.96371,0.00213
17.70250,0.49500,0.02507,0.97423,0.00070
17.80250,0.49500,0.01852,0.98142,0.00006
17.90250,0.49500,0.04519,0.95481,0.00001
18.00250,0.49500,0.06111,0.93882,0.00007
18.10250,0.49500,0.04727,0.95270,0.00002
18.20250,0.49500,0.02778,0.97216,0.00005
18.30250,0.49500,0.01385,0.98609,0.00006
18.40250,0.49500,0.02286,0.97710,0.00004
18.50250,0.49500,0.03073,0.96899,0.00028
18.60250,0.49500,0.07816,0.92102,0.00083
18.70250,0.49500,0.03365,0.96624,0.00011
18.80250,0.49500,0.09063,0.90934,0.00003
18.90250,0.49500,0.10552,0.89447,0.00001
19.00250,0.49500,0.26528,0.73463,0.00009
19.10250,0.49500,0.12733,0.87264,0.00002
19.20250,0.49500,0.06596,0.93403,0.00002
19.30250,0.49500,0.03455,0.96533,0.00012
19.40250,0.49500,0.04625,0.95362,0.00012
19.50250,0.49500,0.04894,0.95091,0.00015
19.60250,0.49500,0.03288,0.96707,0.00005
19.70250,0.49500,0.03827,0.96140,0.00033
19.80250,0.49500,0.02985,0.96981,0.00034
19.90250,0.49500,0.11188,0.88807,0.00006
20.00250,0.49500,0.12640,0.87356,0.00004
20.10250,0.49500,0.22305,0.77694,0.00001
20.20250,0.49500,0.21031,0.78967,0.00002
20.30250,0.49500,0.23357,0.76640,0.00003
20.40250,0.49500,0.16978,0.83021,0.00000
20.50250,0.49500,0.17012,0.82987,0.00001
20.60250,0.49500,0.15186,0.84814,0.00000
20.70250,0.49500,0.19990,0.80010,0.00000
20.80250,0.49500,0.09337,0.90662,0.00001
20.90250,0.49500,0.23225,0.76775,0.00000
21.00250,0.49500,0.07797,0.92202,0.00001
21.10250,0.49500,0.14424,0.85575,0.00001
21.20250,0.49500,0.04665,0.95334,0.00001
21.30250,0.49500,0.04693,0.95306,0.00001
21.40250,0.49500,0.02146,0.97853,0.00001
21.50250,0.49500,0.02963,0.97037,0.00000
21.60250,0.49500,0.02492,0.97507,0.00002
21.70250,0.49500,0.02103,0.97897,0.00001
21.80250,0.49500,0.00763,0.99235,0.00002
21.90250,0.49500,0.00686,0.99313,0.00001
22.00250,0.49500,0.01050,0.98949,0.00000
22.10250,0.49500,0.00764,0.99236,0.00000
22.20250,0.49500,0.02920,0.97080,0.00000
22.30250,0.49500,0.01395,0.98605,0.00000
22.40250,0.49500,0.01606,0.98394,0.00000
22.50250,0.49500,0.02814,0.97185,0.00000
22.60250,0.49500,0.12861,0.87138,0.00000
22.70250,0.49500,0.08250,0.91750,0.00000
22.80250,0.49500,0.07264,0.92734,0.00002
22.90250,0.49500,0.14240,0.85760,0.00000
23.00250,0.49500,0.12660,0.87340,0.00000
23.10250,0.49500,0.04698,0.95302,0.00000
23.20250,0.49500,0.04491,0.95509,0.00000
23.30250,0.49500,0.00747,0.99253,0.00000
23.40250,0.49500,0.02396,0.97604,0.00000
23.50250,0.49500,0.00623,0.99377,0.00000
23.60250,0.49500,0.07353,0.92647,0.00000
23.70250,0.49500,0.05606,0.94394,0.00000
23.80250,0.49500,0.19841,0.80158,0.00000
23.90250,0.49500,0.17472,0.82526,0.00003
24.00250,0.49500,0.20429,0.79568,0.00003
24.10250,0.49500,0.14567,0.85430,0.00003
24.20250,0.49500,0.08980,0.91020,0.00000
24.30250,0.49500,0.14325,0.85675,0.00000
24.40250,0.49500,0.15893,0.84107,0.00000
24.50250,0.49500,0.32185,0.67814,0.00001
24.60250,0.49500,0.26719,0.73281,0.00000
24.70250,0.49500,0.32022,0.67977,0.00001
24.80250,0.49500,0.43906,0.56050,0.00044
24.90250,0.49500,0.47336,0.52435,0.00229
25.00250,0.49500,0.20365,0.79562,0.00074
25.10250,0.49500,0.12184,0.87762,0.00054
25.20250,0.49500,0.12380,0.87499,0.00120
25.30250,0.49500,0.03497,0.96488,0.00015
25.40250,0.49500,0.08325,0.91666,0.00008
25.50250,0.49500,0.06908,0.92266,0.00826
25.60250,0.49500,0.30232,0.69093,0.00675
25.70250,0.49500,0.19835,0.80079,0.00085
25.80250,0.49500,0.22837,0.73316,0.03847
25.90250,0.49500,0.54474,0.45287,0.00239
26.00250,0.49500,0.37396,0.62592,0.00012
26.10250,0.49500,0.16022,0.83963,0.00015
26.20250,0.49500,0.38386,0.61610,0.00004
26.30250,0.49500,0.16945,0.83050,0.00005
26.40250,0.49500,0.36827,0.63170,0.00003
26.50250,0.49500,0.15753,0.84246,0.00001
26.60250,0.49500,0.34249,0.65742,0.00009
26.70250,0.49500,0.22484,0.77509,0.00007
26.80250,0.49500,0.50040,0.49950,0.00010
26.90250,0.49500,0.92749,0.07251,0.00000
27.00250,0.49500,0.85274,0.14719,0.00007
27.10250,0.49500,0.88183,0.11816,0.00000
27.20250,0.49500,0.99762,0.00238,0.00000
27.30250,0.49500,0.99710,0.00290,0.00000
27.40250,0.49500,0.99972,0.00028,0.00000
27.50250,0.49500,0.99992,0.00007,0.00000
27.60250,0.49500,0.99983,0.00017,0.00000
27.70250,0.49500,0.99916,0.00084,0.00000
27.80250,0.49500,1.00000,0.00000,0.00000
27.90250,0.49500,0.99947,0.00053,0.00000
28.00250,0.49500,0.93224,0.06776,0.00000
28.10250,0.49500,0.66333,0.33629,0.00038
28.20250,0.49500,0.96329,0.03671,0.00000
28.30250,0.49500,0.93608,0.06392,0.00000
28.40250,0.49500,0.92302,0.07698,0.00000
28.50250,0.49500,0.81503,0.18497,0.00000
28.60250,0.49500,0.99386,0.00614,0.00000
28.70250,0.49500,0.99138,0.00862,0.00000
28.80250,0.49500,0.99191,0.00809,0.00000
28.90250,0.49500,0.92135,0.07859,0.00006
29.00250,0.49500,0.99200,0.00800,0.00000
29.10250,0.49500,0.94386,0.05614,0.00000
29.20250,0.49500,0.81799,0.18201,0.00000
29.30250,0.49500,0.88527,0.11473,0.00000
29.40250,0.49500,0.75488,0.24512,0.00000
29.50250,0.49500,0.73137,0.26863,0.00000
29.60250,0.49500,0.51431,0.48544,0.00024
29.70250,0.49500,0.29329,0.70664,0.00007
29.80250,0.49500,0.27631,0.72366,0.00003
29.90250,0.49500,0.12513,0.87474,0.00013
30.00250,0.49500,0.13065,0.86910,0.00025
30.10250,0.49500,0.07152,0.92843,0.00005
30.20250,0.49500,0.08176,0.91824,0.00000
30.30250,0.49500,0.08227,0.91771,0.00002
30.40250,0.49500,0.24951,0.75049,0.00001
30.50250,0.49500,0.23046,0.76952,0.00002
30.60250,0.49500,0.15203,0.84796,0.00001
30.70250,0.49500,0.14247,0.85752,0.00000
30.80250,0.49500,0.07283,0.92701,0.00015
30.90250,0.49500,0.01685,0.98299,0.00016
31.00250,0.49500,0.01178,0.98806,0.00015
31.10250,0.49500,0.01785,0.98189,0.00026
31.20250,0.49500,0.01414,0.98575,0.00011
31.30250,0.49500,0.01627,0.98370,0.00003
31.40250,0.49500,0.00830,0.99167,0.00003
31.50250,0.49500,0.05209,0.94789,0.00001
31.60250,0.49500,0.00811,0.99186,0.00004
31.70250,0.49500,0.02121,0.97876,0.00004
31.80250,0.49500,0.00877,0.99112,0.00011
31.90250,0.49500,0.01672,0.98322,0.00005
32.00250,0.49500,0.00610,0.99377,0.00014
32.10250,0.49500,0.01213,0.98773,0.00014
32.20250,0.49500,0.00566,0.99427,0.00008
32.30250,0.49500,0.01699,0.98297,0.00004
32.40250,0.49500,0.00580,0.99360,0.00060
32.50250,0.49500,0.01478,0.98513,0.00009
32.60250,0.49500,0.00337,0.99615,0.00049
32.70250,0.49500,0.01193,0.98786,0.00021
32.80250,0.49500,0.00474,0.99452,0.00074
32.90250,0.49500,0.00869,0.99085,0.00046
33.00250,0.49500,0.00535,0.99420,0.00044
33.10250,0.49500,0.02528,0.97459,0.00012
33.20250,0.49500,0.01791,0.98183,0.00026
33.30250,0.49500,0.03880,0.96078,0.00042
33.40250,0.49500,0.02880,0.97109,0.00011
33.50250,0.49500,0.03871,0.96018,0.00111
33.60250,0.49500,0.08912,0.91086,0.00002
33.70250,0.49500,0.07395,0.92594,0.00010
33.80250,0.49500,0.08091,0.91908,0.00001
33.90250,0.49500,0.05376,0.94623,0.00001
34.00250,0.49500,0.06888,0.93107,0.00005
34.10250,0.49500,0.04086,0.95904,0.00011
34.20250,0.49500,0.04835,0.95157,0.00008
34.30250,0.49500,0.07434,0.92559,0.00007
34.40250,0.49500,0.06257,0.93737,0.00005
34.50250,0.49500,0.07398,0.92590,0.00011
34.60250,0.49500,0.04613,0.95382,0.00005
34.70250,0.49500,0.04719,0.95253,0.00028
34.80250,0.49500,0.02103,0.97872,0.00025
34.90250,0.49500,0.04594,0.95395,0.00011
35.00250,0.49500,0.07657,0.92340,0.00003
35.10250,0.49500,0.04137,0.95851,0.00012
35.20250,0.49500,0.23216,0.76782,0.00002
35.30250,0.49500,0.05541,0.94439,0.00020
35.40250,0.49500,0.03480,0.96510,0.00010
35.50250,0.49500,0.01491,0.98428,0.00081
35.60250,0.49500,0.01009,0.98860,0.00131
35.70250,0.49500,0.00751,0.99215,0.00035
35.80250,0.49500,0.00574,0.99385,0.00041
35.90250,0.49500,0.00534,0.99446,0.00021
36.00250,0.49500,0.00530,0.99465,0.00005
36.10250,0.49500,0.00418,0.99541,0.00041
36.20250,0.49500,0.00576,0.99391,0.00033
36.30250,0.49500,0.00282,0.99678,0.00040
36.40250,0.49500,0.00385,0.99536,0.00079
36.50250,0.49500,0.00567,0.99125,0.00309
36.60250,0.49500,0.00475,0.99371,0.00154
36.70250,0.49500,0.00529,0.99354,0.00117
36.80250,0.49500,0.01041,0.98781,0.00179
36.90250,0.49500,0.02406,0.97207,0.00387
37.00250,0.49500,0.05891,0.93984,0.00125
37.10250,0.49500,0.02385,0.97385,0.00230
37.20250,0.49500,0.03367,0.96536,0.00097
37.30250,0.49500,0.00558,0.99422,0.00020
37.40250,0.49500,0.00838,0.99155,0.00007
37.50250,0.49500,0.01441,0.98552,0.00007
37.60250,0.49500,0.00855,0.99145,0.00001
37.70250,0.49500,0.00864,0.99136,0.00000
37.80250,0.49500,0.00919,0.99080,0.00000
37.90250,0.49500,0.01458,0.98541,0.00001
38.00250,0.49500,0.00596,0.99403,0.00001
38.10250,0.49500,0.00136,0.99861,0.00003
38.20250,0.49500,0.00401,0.99588,0.00011
38.30250,0.49500,0.00236,0.99715,0.00050
38.40250,0.49500,0.00471,0.99510,0.00019
38.50250,0.49500,0.01069,0.98885,0.00047
38.60250,0.49500,0.00448,0.99532,0.00019
38.70250,0.49500,0.00300,0.99688,0.00013
38.80250,0.49500,0.00091,0.99898,0.00011
38.90250,0.49500,0.00109,0.99851,0.00040
39.00250,0.49500,0.00129,0.99760,0.00111
39.10250,0.49500,0.00126,0.99772,0.00102
39.20250,0.49500,0.00148,0.99839,0.00013
39.30250,0.49500,0.00093,0.99894,0.00013
39.40250,0.49500,0.00394,0.99603,0.00002
39.50250,0.49500,0.00788,0.99210,0.00002
39.60250,0.49500,0.02212,0.97787,0.00001
39.70250,0.49500,0.02196,0.97804,0.00000
39.80250,0.49500,0.02423,0.97577,0.00000
39.90250,0.49500,0.01432,0.98568,0.00000
40.00250,0.49500,0.01868,0.98130,0.00002
40.10250,0.49500,0.01714,0.98273,0.00013
40.20250,0.49500,0.01240,0.98756,0.00003
40.30250,0.49500,0.00908,0.99090,0.00002
40.40250,0.49500,0.01301,0.98696,0.00003
40.50250,0.49500,0.02009,0.97987,0.00004
40.60250,0.49500,0.04526,0.95474,0.00000
40.70250,0.49500,0.03801,0.96199,0.00000
40.80250,0.49500,0.02262,0.97737,0.00001
40.90250,0.49500,0.03416,0.96584,0.00000
41.00250,0.49500,0.01247,0.98752,0.00000
41.10250,0.49500,0.01167,0.98830,0.00002
41.20250,0.49500,0.03042,0.96954,0.00003
41.30250,0.49500,0.01310,0.98688,0.00003
41.40250,0.49500,0.01111,0.98885,0.00004
41.50250,0.49500,0.00902,0.99095,0.00003
41.60250,0.49500,0.02032,0.97966,0.00002
41.70250,0.49500,0.01268,0.98731,0.00001
41.80250,0.49500,0.01630,0.98368,0.00001
41.90250,0.49500,0.02127,0.97872,0.00001
42.00250,0.49500,0.03493,0.96506,0.00001
42.10250,0.49500,0.01609,0.98381,0.00010
42.20250,0.49500,0.01777,0.98214,0.00009
42.30250,0.49500,0.00647,0.99267,0.00086
42.40250,0.49500,0.01561,0.98436,0.00003
42.50250,0.49500,0.12004,0.87996,0.00001
42.60250,0.49500,0.05346,0.94653,0.00001
42.70250,0.49500,0.21207,0.78793,0.00000
42.80250,0.49500,0.05967,0.94030,0.00003
42.90250,0.49500,0.18983,0.81016,0.00000
43.00250,0.49500,0.09283,0.90715,0.00001
43.10250,0.49500,0.10782,0.89218,0.00000
43.20250,0.49500,0.07270,0.92730,0.00000
43.30250,0.49500,0.06810,0.93190,0.00000
43.40250,0.49500,0.14236,0.85764,0.00000
43.50250,0.49500,0.24224,0.75776,0.00000
43.60250,0.49500,0.15598,0.84402,0.00000
43.70250,0.49500,0.21494,0.78506,0.00000
43.80250,0.49500,0.05864,0.94135,0.00001
43.90250,0.49500,0.12755,0.87245,0.00000
44.00250,0.49500,0.09080,0.90920,0.00000
44.10250,0.49500,0.24316,0.75683,0.00000
44.20250,0.49500,0.17039,0.82961,0.00000
44.30250,0.49500,0.07124,0.92875,0.00001
44.40250,0.49500,0.03745,0.96253,0.00002
44.50250,0.49500,0.05068,0.94928,0.00004
44.60250,0.49500,0.03418,0.96573,0.00009
44.70250,0.49500,0.11638,0.88357,0.00005
44.80250,0.49500,0.09843,0.90156,0.00001
44.90250,0.49500,0.04271,0.95728,0.00000
45.00250,0.49500,0.02357,0.97642,0.00000
45.10250,0.49500,0.01517,0.98482,0.00001
45.20250,0.49500,0.00508,0.99491,0.00001
45.30250,0.49500,0.00296,0.99704,0.00001
45.40250,0.49500,0.00378,0.99621,0.00001
45.50250,0.49500,0.00784,0.99215,0.00001
45.60250,0.49500,0.01220,0.98780,0.00000
45.70250,0.49500,0.02853,0.97147,0.00000
45.80250,0.49500,0.00932,0.99067,0.00000
45.90250,0.49500,0.01806,0.98194,0.00000
46.00250,0.49500,0.00828,0.99172,0.00000
46.10250,0.49500,0.01755,0.98245,0.00000
46.20250,0.49500,0.00461,0.99539,0.00000
46.30250,0.49500,0.01390,0.98610,0.00000
46.40250,0.49500,0.00695,0.99305,0.00000
46.50250,0.49500,0.01720,0.98280,0.00000
46.60250,0.49500,0.00741,0.99259,0.00000
46.70250,0.49500,0.03010,0.96990,0.00000
46.80250,0.49500,0.01694,0.98303,0.00003
46.90250,0.49500,0.07875,0.92125,0.00000
47.00250,0.49500,0.03039,0.96960,0.00001
47.10250,0.49500,0.13564,0.86435,0.00001
47.20250,0.49500,0.18063,0.81937,0.00000
47.30250,0.49500,0.19009,0.80991,0.00000
47.40250,0.49500,0.08093,0.91906,0.00000
47.50250,0.49500,0.01275,0.98725,0.00000
47.60250,0.49500,0.00943,0.99053,0.00004
47.70250,0.49500,0.00416,0.99581,0.00004
47.80250,0.49500,0.00859,0.99140,0.00002
47.90250,0.49500,0.00598,0.99400,0.00002
48.00250,0.49500,0.00790,0.99203,0.00006
48.10250,0.49500,0.00314,0.99680,0.00006
48.20250,0.49500,0.00346,0.99651,0.00003
48.30250,0.49500,0.00539,0.99456,0.00006
48.40250,0.49500,0.00745,0.99252,0.00004
48.50250,0.49500,0.00385,0.99613,0.00002
48.60250,0.49500,0.01010,0.98984,0.00006
48.70250,0.49500,0.00597,0.99397,0.00006
48.80250,0.49500,0.00334,0.99663,0.00003
48.90250,0.49500,0.01134,0.98863,0.00003
49.00250,0.49500,0.00415,0.99563,0.00022
49.10250,0.49500,0.00966,0.99020,0.00014
49.20250,0.49500,0.00374,0.99617,0.00009
49.30250,0.49500,0.00463,0.99533,0.00004
49.40250,0.49500,0.00461,0.99519,0.00020
49.50250,0.49500,0.00927,0.99062,0.00011
49.60250,0.49500,0.02539,0.97422,0.00039
49.70250,0.49500,0.03498,0.96457,0.00045
49.80250,0.49500,0.04657,0.95284,0.00059
49.90250,0.49500,0.02487,0.97497,0.00016
50.00250,0.49500,0.01092,0.98904,0.00004
50.10250,0.49500,0.00643,0.99353,0.00003
50.20250,0.49500,0.00575,0.99423,0.00002
50.30250,0.49500,0.01048,0.98948,0.00004
50.40250,0.49500,0.00514,0.99482,0.00004
50.50250,0.49500,0.01996,0.97999,0.00006
50.60250,0.49500,0.01395,0.98595,0.00010
50.70250,0.49500,0.01337,0.98660,0.00003
50.80250,0.49500,0.01393,0.98604,0.00003
50.90250,0.49500,0.00959,0.99037,0.00003
51.00250,0.49500,0.00317,0.99670,0.00013
51.10250,0.49500,0.00771,0.99225,0.00004
51.20250,0.49500,0.00338,0.99656,0.00005
51.30250,0.49500,0.00882,0.99114,0.00004
51.40250,0.49500,0.03119,0.96880,0.00001
51.50250,0.49500,0.00897,0.99095,0.00008
51.60250,0.49500,0.01910,0.98088,0.00002
51.70250,0.49500,0.00691,0.99305,0.00004
51.80250,0.49500,0.00306,0.99671,0.00023
51.90250,0.49500,0.00941,0.99057,0.00002
52.00250,0.49500,0.00828,0.99164,0.00008
52.10250,0.49500,0.03190,0.96808,0.00001
52.20250,0.49500,0.02661,0.97338,0.00000
52.30250,0.49500,0.00781,0.99218,0.00001
52.40250,0.49500,0.02446,0.97551,0.00003
52.50250,0.49500,0.00771,0.99228,0.00001
52.60250,0.49500,0.01588,0.98409,0.00003
52.70250,0.49500,0.03222,0.96777,0.00001
52.80250,0.49500,0.11756,0.88243,0.00001
52.90250,0.49500,0.10709,0.89291,0.00000
53.00250,0.49500,0.14154,0.85846,0.00000
53.10250,0.49500,0.17324,0.82676,0.00000
53.20250,0.49500,0.13597,0.86403,0.00000
53.30250,0.49500,0.02878,0.97120,0.00002
53.40250,0.49500,0.04453,0.95547,0.00000
53.50250,0.49500,0.01745,0.98254,0.00001
53.60250,0.49500,0.02343,0.97656,0.00001
53.70250,0.49500,0.03709,0.96291,0.00000
53.80250,0.49500,0.09166,0.90833,0.00001
53.90250,0.49500,0.10415,0.89584,0.00001
54.00250,0.49500,0.08389,0.91609,0.00001
54.10250,0.49500,0.04515,0.95469,0.00016
54.20250,0.49500,0.04984,0.95003,0.00013
54.30250,0.49500,0.03304,0.96696,0.00000
54.40250,0.49500,0.01171,0.98829,0.00000
54.50250,0.49500,0.01129,0.98871,0.00000
54.60250,0.49500,0.02264,0.97736,0.00000
54.70250,0.49500,0.01601,0.98399,0.00000
54.80250,0.49500,0.01260,0.98740,0.00001
54.90250,0.49500,0.05232,0.94768,0.00000
55.00250,0.49500,0.02020,0.97980,0.00001
55.10250,0.49500,0.02154,0.97844,0.00002
55.20250,0.49500,0.02990,0.97009,0.00001
55.30250,0.49500,0.02742,0.97256,0.00002
55.40250,0.49500,0.01539,0.98459,0.00002
55.50250,0.49500,0.01478,0.98520,0.00002
55.60250,0.49500,0.00840,0.99156,0.00004
55.70250,0.49500,0.03910,0.96090,0.00001
55.80250,0.49500,0.01441,0.98558,0.00000
55.90250,0.49500,0.17973,0.82027,0.00000
56.00250,0.49500,0.03738,0.96262,0.00000
56.10250,0.49500,0.14540,0.85460,0.00000
56.20250,0.49500,0.08402,0.91598,0.00000
56.30250,0.49500,0.10959,0.89041,0.00001
56.40250,0.49500,0.12680,0.87316,0.00003
56.50250,0.49500,0.06020,0.93968,0.00012
56.60250,0.49500,0.04724,0.95274,0.00001
56.70250,0.49500,0.01219,0.98780,0.00001
56.80250,0.49500,0.01592,0.98404,0.00004
56.90250,0.49500,0.05766,0.94232,0.00002
57.00250,0.49500,0.02911,0.97087,0.00002
57.10250,0.49500,0.00481,0.99506,0.00013
57.20250,0.49500,0.00219,0.99753,0.00027
57.30250,0.49500,0.00613,0.99365,0.00022
57.40250,0.49500,0.01549,0.98444,0.00007
57.50250,0.49500,0.01864,0.98135,0.00001
57.60250,0.49500,0.01660,0.98340,0.00000
57.70250,0.49500,0.00539,0.99460,0.00001
57.80250,0.49500,0.01334,0.98666,0.00000
57.90250,0.49500,0.00461,0.99536,0.00002
58.00250,0.49500,0.00781,0.99218,0.00002
58.10250,0.49500,0.00467,0.99528,0.00005
58.20250,0.49500,0.00346,0.99634,0.00020
58.30250,0.49500,0.01154,0.98845,0.00001
58.40250,0.49500,0.00259,0.99738,0.00003
58.50250,0.49500,0.01038,0.98960,0.00002
58.60250,0.49500,0.00672,0.99326,0.00002
58.70250,0.49500,0.00717,0.99282,0.00001
58.80250,0.49500,0.00451,0.99548,0.00000
58.90250,0.49500,0.01065,0.98934,0.00001
59.00250,0.49500,0.01353,0.98647,0.00001
59.10250,0.49500,0.01869,0.98131,0.00000
59.20250,0.49500,0.00531,0.99467,0.00002
59.30250,0.49500,0.00599,0.99397,0.00004
59.40250,0.49500,0.00807,0.99182,0.00011
59.50250,0.49500,0.00475,0.99519,0.00006
59.60250,0.49500,0.00786,0.99205,0.00008
59.70250,0.49500,0.00798,0.99192,0.00011
59.80250,0.49500,0.00879,0.99116,0.00005
59.90250,0.49500,0.00367,0.99625,0.00008
60.00250,0.49500,0.00680,0.99313,0.00007
60.10250,0.49500,0.00389,0.99605,0.00005
60.20250,0.49500,0.00690,0.99308,0.00003
60.30250,0.49500,0.01980,0.98019,0.00001
60.40250,0.49500,0.01915,0.98082,0.00003
60.50250,0.49500,0.02417,0.97577,0.00006
60.60250,0.49500,0.01173,0.98781,0.00046
60.70250,0.49500,0.00551,0.99254,0.00195
60.80250,0.49500,0.00846,0.99017,0.00137
60.90250,0.49500,0.01275,0.98645,0.00079
61.00250,0.49500,0.01630,0.98282,0.00088
61.10250,0.49500,0.00381,0.99593,0.00025
61.20250,0.49500,0.00299,0.99672,0.00029
61.30250,0.49500,0.00127,0.99815,0.00058
61.40250,0.49500,0.00232,0.99743,0.00026
61.50250,0.49500,0.00113,0.99840,0.00046
61.60250,0.49500,0.00118,0.99821,0.00061
61.70250,0.49500,0.00444,0.99540,0.00016
61.80250,0.49500,0.00140,0.99835,0.00025
61.90250,0.49500,0.00530,0.99455,0.00014
62.00250,0.49500,0.00264,0.99726,0.00010
62.10250,0.49500,0.00282,0.99705,0.00013
62.20250,0.49500,0.00331,0.99657,0.00011
62.30250,0.49500,0.00607,0.99387,0.00006
62.40250,0.49500,0.00600,0.99390,0.00010
62.50250,0.49500,0.01983,0.98017,0.00001
62.60250,0.49500,0.01041,0.98958,0.00001
62.70250,0.49500,0.01376,0.98624,0.00000
62.80250,0.49500,0.05913,0.94087,0.00000
62.90250,0.49500,0.04830,0.95170,0.00000
63.00250,0.49500,0.09093,0.90906,0.00000
63.10250,0.49500,0.03167,0.96832,0.00001
63.20250,0.49500,0.04562,0.95435,0.00003
63.30250,0.49500,0.05453,0.94545,0.00002
63.40250,0.49500,0.10366,0.89628,0.00006
63.50250,0.49500,0.07562,0.92433,0.00006
63.60250,0.49500,0.10941,0.89040,0.00019
63.70250,0.49500,0.03201,0.96783,0.00016
63.80250,0.49500,0.02344,0.97599,0.00057
63.90250,0.49500,0.01099,0.98816,0.00085
64.00250,0.49500,0.02449,0.97547,0.00005
64.10250,0.49500,0.01172,0.98820,0.00008
64.20250,0.49500,0.00969,0.99026,0.00005
64.30250,0.49500,0.01216,0.98773,0.00010
64.40250,0.49500,0.00527,0.99467,0.00006
64.50250,0.49500,0.00839,0.99151,0.00009
64.60250,0.49500,0.00681,0.99309,0.00009
64.70250,0.49500,0.00774,0.99218,0.00008
64.80250,0.49500,0.00203,0.99780,0.00017
64.90250,0.49500,0.00658,0.99319,0.00023
65.00250,0.49500,0.00726,0.99231,0.00043
65.10250,0.49500,0.01905,0.98082,0.00014
65.20250,0.49500,0.01090,0.98816,0.00094
65.30250,0.49500,0.00759,0.98923,0.00317
65.40250,0.49500,0.00834,0.99119,0.00047
65.50250,0.49500,0.00668,0.99317,0.00014
65.60250,0.49500,0.01621,0.98377,0.00002
65.70250,0.49500,0.00902,0.99091,0.00006
65.80250,0.49500,0.00995,0.99003,0.00003
65.90250,0.49500,0.00700,0.99296,0.00003
66.00250,0.49500,0.02418,0.97581,0.00001
66.10250,0.49500,0.01613,0.98380,0.00007
66.20250,0.49500,0.10342,0.89651,0.00008
66.30250,0.49500,0.01938,0.98049,0.00013
66.40250,0.49500,0.05010,0.94965,0.00024
66.50250,0.49500,0.00997,0.98927,0.00075
66.60250,0.49500,0.01750,0.98198,0.00053
66.70250,0.49500,0.02027,0.97951,0.00021
66.80250,0.49500,0.01135,0.98856,0.00009
66.90250,0.49500,0.01915,0.98070,0.00015
67.00250,0.49500,0.01761,0.98207,0.00033
67.10250,0.49500,0.02525,0.97432,0.00044
67.20250,0.49500,0.00632,0.99352,0.00016
67.30250,0.49500,0.00528,0.99446,0.00026
67.40250,0.49500,0.00358,0.99633,0.00010
67.50250,0.49500,0.00641,0.99340,0.00019
67.60250,0.49500,0.00666,0.99332,0.00002
67.70250,0.49500,0.01341,0.98656,0.00003
67.80250,0.49500,0.00793,0.99202,0.00006
67.90250,0.49500,0.01072,0.98925,0.00003
68.00250,0.49500,0.01361,0.98632,0.00007
68.10250,0.49500,0.02636,0.97355,0.00009
68.20250,0.49500,0.01784,0.98203,0.00013
68.30250,0.49500,0.04232,0.95733,0.00035
68.40250,0.49500,0.04345,0.95580,0.00075
68.50250,0.49500,0.10570,0.89427,0.00003
68.60250,0.49500,0.05827,0.94165,0.00008
68.70250,0.49500,0.02533,0.97430,0.00038
68.80250,0.49500,0.01678,0.98307,0.00015
68.90250,0.49500,0.01314,0.98683,0.00003
69.00250,0.49500,0.00927,0.99068,0.00006
69.10250,0.49500,0.02424,0.97576,0.00001
69.20250,0.49500,0.01260,0.98737,0.00003
69.30250,0.49500,0.01418,0.98581,0.00000
69.40250,0.49500,0.01697,0.98299,0.00004
69.50250,0.49500,0.02233,0.97752,0.00015
69.60250,0.49500,0.08158,0.91830,0.00012
69.70250,0.49500,0.05190,0.94809,0.00000
69.80250,0.49500,0.13552,0.86447,0.00000
69.90250,0.49500,0.03305,0.96693,0.00002
70.00250,0.49500,0.03157,0.96842,0.00001
70.10250,0.49500,0.01562,0.98431,0.00007
70.20250,0.49500,0.03512,0.96472,0.00016
70.30250,0.49500,0.08259,0.91736,0.00006
70.40250,0.49500,0.05276,0.94715,0.00009
70.50250,0.49500,0.02482,0.97511,0.00006
70.60250,0.49500,0.00730,0.99246,0.00024
70.70250,0.49500,0.02658,0.97332,0.00010
70.80250,0.49500,0.04792,0.95206,0.00001
70.90250,0.49500,0.04231,0.95767,0.00003
71.00250,0.49500,0.02054,0.97933,0.00014
71.10250,0.49500,0.00715,0.99261,0.00023
71.20250,0.49500,0.00695,0.99280,0.00025
71.30250,0.49500,0.00737,0.98562,0.00701
71.40250,0.49500,0.00838,0.98700,0.00462
71.50250,0.49500,0.00767,0.99054,0.00179
71.60250,0.49500,0.00562,0.99259,0.00180
71.70250,0.49500,0.01077,0.98832,0.00091
71.80250,0.49500,0.02401,0.97527,0.00072
71.90250,0.49500,0.01400,0.98505,0.00095
72.00250,0.49500,0.00672,0.99239,0.00090
72.10250,0.49500,0.00291,0.99666,0.00043
72.20250,0.49500,0.00213,0.99768,0.00018
72.30250,0.49500,0.00487,0.99509,0.00004
72.40250,0.49500,0.00956,0.99042,0.00002
72.50250,0.49500,0.00566,0.99432,0.00002
72.60250,0.49500,0.00762,0.99229,0.00009
72.70250,0.49500,0.00593,0.99337,0.00069
72.80250,0.49500,0.01229,0.98710,0.00062
72.90250,0.49500,0.01135,0.98650,0.00215
73.00250,0.49500,0.00775,0.99175,0.00050
73.10250,0.49500,0.01346,0.98632,0.00022
73.20250,0.49500,0.01098,0.98872,0.00029
73.30250,0.49500,0.01850,0.98091,0.00058
73.40250,0.49500,0.00918,0.99065,0.00017
73.50250,0.49500,0.01506,0.98476,0.00019
73.60250,0.49500,0.00629,0.99345,0.00025
73.70250,0.49500,0.00986,0.98979,0.00034
73.80250,0.49500,0.00875,0.99108,0.00017
73.90250,0.49500,0.01245,0.98740,0.00015
74.00250,0.49500,0.01053,0.98936,0.00011
74.10250,0.49500,0.01432,0.98537,0.00031
74.20250,0.49500,0.00673,0.99254,0.00073
74.30250,0.49500,0.01318,0.98671,0.00012
74.40250,0.49500,0.00546,0.99436,0.00018
74.50250,0.49500,0.00977,0.99020,0.00003
74.60250,0.49500,0.00499,0.99495,0.00005
74.70250,0.49500,0.00881,0.99118,0.00001
74.80250,0.49500,0.01019,0.98981,0.00000
74.90250,0.49500,0.02077,0.97921,0.00002
75.00250,0.49500,0.00927,0.99071,0.00002
75.10250,0.49500,0.00551,0.99441,0.00008
75.20250,0.49500,0.02187,0.97812,0.00001
75.30250,0.49500,0.01603,0.98397,0.00000
75.40250,0.49500,0.02749,0.97251,0.00000
75.50250,0.49500,0.01053,0.98947,0.00000
75.60250,0.49500,0.00545,0.99455,0.00000
75.70250,0.49500,0.00492,0.99507,0.00001
75.80250,0.49500,0.01157,0.98843,0.00001
75.90250,0.49500,0.00898,0.99101,0.00001
76.00250,0.49500,0.00868,0.99129,0.00003
76.10250,0.49500,0.00889,0.99094,0.00017
76.20250,0.49500,0.00339,0.99654,0.00007
76.30250,0.49500,0.00599,0.99391,0.00010
76.40250,0.49500,0.00370,0.99605,0.00025
76.50250,0.49500,0.01175,0.98799,0.00026
76.60250,0.49500,0.00260,0.99599,0.00140
76.70250,0.49500,0.00698,0.99288,0.00014
76.80250,0.49500,0.00200,0.99788,0.00012
76.90250,0.49500,0.00276,0.99707,0.00017
77.00250,0.49500,0.00369,0.99613,0.00018
77.10250,0.49500,0.00840,0.99158,0.00002
77.20250,0.49500,0.02756,0.97243,0.00002
77.30250,0.49500,0.01060,0.98939,0.00001
77.40250,0.49500,0.01045,0.98953,0.00002
77.50250,0.49500,0.00265,0.99716,0.00018
77.60250,0.49500,0.00796,0.99195,0.00009
77.70250,0.49500,0.00540,0.99357,0.00102
77.80250,0.49500,0.00678,0.99213,0.00109
77.90250,0.49500,0.00217,0.99657,0.00126
78.00250,0.49500,0.00581,0.99398,0.00021
78.10250,0.49500,0.00716,0.99236,0.00048
78.20250,0.49500,0.00776,0.99162,0.00062
78.30250,0.49500,0.00588,0.99408,0.00004
78.40250,0.49500,0.00403,0.99568,0.00029
78.50250,0.49500,0.00471,0.99521,0.00009
78.60250,0.49500,0.00237,0.99762,0.00001
78.70250,0.49500,0.00510,0.99489,0.00001
78.80250,0.49500,0.00575,0.99370,0.00055
78.90250,0.49500,0.01715,0.98275,0.00010
79.00250,0.49500,0.00680,0.99291,0.00029
79.10250,0.49500,0.00450,0.99160,0.00390
79.20250,0.49500,0.00537,0.99427,0.00036
79.30250,0.49500,0.00766,0.99231,0.00003
79.40250,0.49500,0.00969,0.99029,0.00002
79.50250,0.49500,0.00983,0.99016,0.00001
79.60250,0.49500,0.01541,0.98456,0.00002
79.70250,0.49500,0.06643,0.93357,0.00000
79.80250,0.49500,0.04084,0.95916,0.00000
79.90250,0.49500,0.05876,0.94123,0.00000
80.00250,0.49500,0.10505,0.89493,0.00002
80.10250,0.49500,0.06119,0.93881,0.00001
80.20250,0.49500,0.12765,0.87233,0.00002
80.30250,0.49500,0.21976,0.78022,0.00002
80.40250,0.49500,0.36111,0.63889,0.00000
80.50250,0.49500,0.14146,0.85853,0.00001
80.60250,0.49500,0.19269,0.80731,0.00000
80.70250,0.49500,0.09227,0.90773,0.00000
80.80250,0.49500,0.09363,0.90635,0.00002
80.90250,0.49500,0.02158,0.97842,0.00000
81.00250,0.49500,0.01829,0.98171,0.00000
81.10250,0.49500,0.01092,0.98907,0.00001
81.20250,0.49500,0.03183,0.96817,0.00001
81.30250,0.49500,0.11735,0.88265,0.00000
81.40250,0.49500,0.04849,0.95145,0.00006
81.50250,0.49500,0.18372,0.81628,0.00000
81.60250,0.49500,0.15127,0.84872,0.00001
81.70250,0.49500,0.21800,0.78198,0.00002
81.80250,0.49500,0.26970,0.73030,0.00000
81.90250,0.49500,0.35572,0.64428,0.00000
82.00250,0.49500,0.22496,0.77504,0.00001
82.10250,0.49500,0.34117,0.65882,0.00001
82.20250,0.49500,0.26317,0.73683,0.00000
82.30250,0.49500,0.06747,0.93232,0.00022
82.40250,0.49500,0.01495,0.98458,0.00048
82.50250,0.49500,0.15284,0.84708,0.00009
82.60250,0.49500,0.03984,0.96012,0.00004
82.70250,0.49500,0.13495,0.86504,0.00001
82.80250,0.49500,0.03627,0.96367,0.00006
82.90250,0.49500,0.04950,0.95046,0.00004
83.00250,0.49500,0.02183,0.97814,0.00003
83.10250,0.49500,0.02850,0.97146,0.00004
83.20250,0.49500,0.01690,0.98292,0.00018
83.30250,0.49500,0.04975,0.95022,0.00003
83.40250,0.49500,0.01818,0.98164,0.00018
83.50250,0.49500,0.04091,0.95905,0.00004
83.60250,0.49500,0.02211,0.97771,0.00018
83.70250,0.49500,0.03426,0.96571,0.00002
83.80250,0.49500,0.02515,0.97464,0.00022
83.90250,0.49500,0.05186,0.94778,0.00036
84.00250,0.49500,0.07442,0.92555,0.00003
84.10250,0.49500,0.05937,0.94049,0.00014
84.20250,0.49500,0.10411,0.89583,0.00006
84.30250,0.49500,0.10290,0.89704,0.00006
84.40250,0.49500,0.14410,0.85586,0.00003
84.50250,0.49500,0.10137,0.89861,0.00002
84.60250,0.49500,0.18673,0.81325,0.00003
84.70250,0.49500,0.12461,0.87531,0.00008
84.80250,0.49500,0.15567,0.84424,0.00008
84.90250,0.49500,0.24388,0.75612,0.00000
85.00250,0.49500,0.17005,0.82992,0.00003
85.10250,0.49500,0.21732,0.78267,0.00001
85.20250,0.49500,0.06143,0.93855,0.00002
85.30250,0.49500,0.03439,0.96549,0.00012
85.40250,0.49500,0.03670,0.96318,0.00012
85.50250,0.49500,0.07067,0.92930,0.00003
85.60250,0.49500,0.10481,0.89517,0.00003
85.70250,0.49500,0.06292,0.93704,0.00004
85.80250,0.49500,0.05053,0.94945,0.00002
85.90250,0.49500,0.04787,0.95211,0.00002
86.00250,0.49500,0.00897,0.99101,0.00002
86.10250,0.49500,0.02809,0.97190,0.00001
86.20250,0.49500,0.01654,0.98345,0.00001
86.30250,0.49500,0.04887,0.95113,0.00000
86.40250,0.49500,0.01442,0.98556,0.00002
86.50250,0.49500,0.03316,0.96681,0.00003
86.60250,0.49500,0.05584,0.94410,0.00006
86.70250,0.49500,0.02741,0.97236,0.00023
86.80250,0.49500,0.06024,0.93971,0.00005
86.90250,0.49500,0.01829,0.98107,0.00065
87.00250,0.49500,0.05417,0.94561,0.00021
87.10250,0.49500,0.02045,0.97951,0.00003
87.20250,0.49500,0.09831,0.90162,0.00006
87.30250,0.49500,0.03129,0.96853,0.00018
87.40250,0.49500,0.30845,0.69154,0.00001
87.50250,0.49500,0.13134,0.86852,0.00014
87.60250,0.49500,0.78069,0.21930,0.00001
87.70250,0.49500,1.00000,0.00000,0.00000
87.80250,0.49500,0.99878,0.00122,0.00000
87.90250,0.49500,0.99991,0.00009,0.00000
88.00250,0.49500,1.00000,0.00000,0.00000
88.10250,0.49500,0.99993,0.00006,0.00000
88.20250,0.49500,0.99924,0.00042,0.00034
88.30250,0.49500,0.99971,0.00029,0.00000
88.40250,0.49500,0.99982,0.00018,0.00000
88.50250,0.49500,0.99997,0.00003,0.00000
88.60250,0.49500,1.00000,0.00000,0.00000
88.70250,0.49500,0.99999,0.00001,0.00000
88.80250,0.49500,0.92695,0.07188,0.00117
88.90250,0.49500,0.99594,0.00175,0.00231
89.00250,0.49500,0.98730,0.00152,0.01118
89.10250,0.49500,0.91512,0.04604,0.03884
89.20250,0.49500,0.81716,0.01650,0.16634
89.30250,0.49500,0.55700,0.04629,0.39671
89.40250,0.49500,0.88162,0.01059,0.10779
89.50250,0.49500,0.55788,0.00108,0.44104
89.60250,0.49500,0.96211,0.00046,0.03743
89.70250,0.49500,0.96108,0.00039,0.03853
89.80250,0.49500,0.99979,0.00018,0.00004
89.90250,0.49500,0.99999,0.00001,0.00000
90.00250,0.49500,0.99994,0.00006,0.00000
90.10250,0.49500,1.00000,0.00000,0.00000
90.20250,0.49500,0.99999,0.00000,0.00001
90.30250,0.49500,1.00000,0.00000,0.00000
90.40250,0.49500,0.99998,0.00002,0.00000
90.50250,0.49500,1.00000,0.00000,0.00000
90.60250,0.49500,0.99996,0.00001,0.00003
90.70250,0.49500,1.00000,0.00000,0.00000
90.80250,0.49500,0.99772,0.00005,0.00223
90.90250,0.49500,1.00000,0.00000,0.00000
91.00250,0.49500,0.99999,0.00001,0.00000
91.10250,0.49500,1.00000,0.00000,0.00000
91.20250,0.49500,1.00000,0.00000,0.00000
91.30250,0.49500,1.00000,0.00000,0.00000
91.40250,0.49500,0.99999,0.00001,0.00000
91.50250,0.49500,0.99998,0.00002,0.00000
91.60250,0.49500,0.99992,0.00008,0.00000
91.70250,0.49500,1.00000,0.00000,0.00000
91.80250,0.49500,0.99998,0.00002,0.00000
91.90250,0.49500,0.99137,0.00863,0.00000
92.00250,0.49500,0.99989,0.00011,0.00000
92.10250,0.49500,1.00000,0.00000,0.00000
92.20250,0.49500,1.00000,0.00000,0.00000
92.30250,0.49500,0.99991,0.00009,0.00000
92.40250,0.49500,1.00000,0.00000,0.00000
92.50250,0.49500,0.99983,0.00017,0.00000
92.60250,0.49500,0.99999,0.00000,0.00001
92.70250,0.49500,0.99818,0.00182,0.00000
92.80250,0.49500,0.99961,0.00030,0.00009
92.90250,0.49500,0.99982,0.00001,0.00017
93.00250,0.49500,0.99996,0.00003,0.00001
93.10250,0.49500,0.99863,0.00137,0.00000
93.20250,0.49500,0.99752,0.00248,0.00000
93.30250,0.49500,0.99996,0.00004,0.00000
93.40250,0.49500,0.99999,0.00001,0.00000
93.50250,0.49500,1.00000,0.00000,0.00000
93.60250,0.49500,0.99997,0.00003,0.00000
93.70250,0.49500,0.99999,0.00001,0.00000
93.80250,0.49500,0.99696,0.00304,0.00000
93.90250,0.49500,0.99823,0.00172,0.00004
94.00250,0.49500,0.99658,0.00262,0.00081
94.10250,0.49500,0.99368,0.00091,0.00542
94.20250,0.49500,0.99770,0.00226,0.00004
94.30250,0.49500,0.98818,0.01180,0.00002
94.40250,0.49500,0.98813,0.01187,0.00000
94.50250,0.49500,0.99980,0.00019,0.00000
94.60250,0.49500,1.00000,0.00000,0.00000
94.70250,0.49500,0.99992,0.00008,0.00000
94.80250,0.49500,0.99991,0.00009,0.00000
94.90250,0.49500,0.99834,0.00166,0.00000
95.00250,0.49500,0.99997,0.00003,0.00000
95.10250,0.49500,0.99997,0.00003,0.00000
95.20250,0.49500,1.00000,0.00000,0.00000
95.30250,0.49500,1.00000,0.00000,0.00000
95.40250,0.49500,1.00000,0.00000,0.00000
95.50250,0.49500,1.00000,0.00000,0.00000
95.60250,0.49500,0.99999,0.00001,0.00000
95.70250,0.49500,1.00000,0.00000,0.00000
95.80250,0.49500,1.00000,0.00000,0.00000
95.90250,0.49500,0.99991,0.00009,0.00000
96.00250,0.49500,0.99554,0.00446,0.00000
96.10250,0.49500,0.87446,0.00622,0.11932
96.20250,0.49500,0.99999,0.00001,0.00000
96.30250,0.49500,1.00000,0.00000,0.00000
96.40250,0.49500,1.00000,0.00000,0.00000
96.50250,0.49500,1.00000,0.00000,0.00000
96.60250,0.49500,1.00000,0.00000,0.00000
96.70250,0.49500,0.99992,0.00008,0.00000
96.80250,0.49500,0.99998,0.00002,0.00000
96.90250,0.49500,0.99999,0.00001,0.00000
97.00250,0.49500,0.97307,0.02693,0.00000
97.10250,0.49500,0.99809,0.00191,0.00000
97.20250,0.49500,1.00000,0.00000,0.00000
97.30250,0.49500,1.00000,0.00000,0.00000
97.40250,0.49500,0.99999,0.00001,0.00000
97.50250,0.49500,0.99969,0.00031,0.00000
97.60250,0.49500,1.00000,0.00000,0.00000
97.70250,0.49500,0.99986,0.00014,0.00000
97.80250,0.49500,0.99970,0.00030,0.00000
97.90250,0.49500,1.00000,0.00000,0.00000
98.00250,0.49500,1.00000,0.00000,0.00000
98.10250,0.49500,1.00000,0.00000,0.00000
98.20250,0.49500,1.00000,0.00000,0.00000
98.30250,0.49500,0.99999,0.00001,0.00000
98.40250,0.49500,1.00000,0.00000,0.00000
98.50250,0.49500,0.99989,0.00011,0.00001
98.60250,0.49500,0.99900,0.00027,0.00073
98.70250,0.49500,0.99978,0.00022,0.00000
98.80250,0.49500,0.99888,0.00101,0.00011
98.90250,0.49500,0.99999,0.00001,0.00000
99.00250,0.49500,0.99998,0.00002,0.00000
99.10250,0.49500,0.99998,0.00002,0.00000
99.20250,0.49500,1.00000,0.00000,0.00000
99.30250,0.49500,1.00000,0.00000,0.00000
99.40250,0.49500,1.00000,0.00000,0.00000
99.50250,0.49500,1.00000,0.00000,0.00000
99.60250,0.49500,0.99992,0.00000,0.00008
99.70250,0.49500,0.99968,0.00032,0.00000
99.80250,0.49500,0.99996,0.00000,0.00004
99.90250,0.49500,1.00000,0.00000,0.00000
100.00250,0.49500,0.99997,0.00000,0.00003
100.10250,0.49500,0.99999,0.00001,0.00000
100.20250,0.49500,0.99936,0.00001,0.00064
100.30250,0.49500,0.99881,0.00001,0.00119
100.40250,0.49500,0.99936,0.00000,0.00064
100.50250,0.49500,0.99998,0.00002,0.00000
100.60250,0.49500,0.99990,0.00006,0.00003
100.70250,0.49500,0.99972,0.00000,0.00028
100.80250,0.49500,0.99851,0.00000,0.00148
100.90250,0.49500,1.00000,0.00000,0.00000
101.00250,0.49500,0.99998,0.00001,0.00001
101.10250,0.49500,0.99999,0.00001,0.00000
101.20250,0.49500,0.99988,0.00010,0.00002
101.30250,0.49500,1.00000,0.00000,0.00000
101.40250,0.49500,0.99974,0.00026,0.00000
101.50250,0.49500,1.00000,0.00000,0.00000
101.60250,0.49500,0.99999,0.00000,0.00000
101.70250,0.49500,0.99996,0.00003,0.00000
101.80250,0.49500,0.99978,0.00022,0.00000
101.90250,0.49500,0.99972,0.00002,0.00026
102.00250,0.49500,0.99825,0.00002,0.00173
102.10250,0.49500,0.99548,0.00006,0.00447
102.20250,0.49500,0.99570,0.00025,0.00405
102.30250,0.49500,0.99984,0.00000,0.00016
102.40250,0.49500,0.99984,0.00000,0.00016
102.50250,0.49500,0.99944,0.00000,0.00056
102.60250,0.49500,0.99941,0.00000,0.00058
102.70250,0.49500,0.99826,0.00000,0.00174
102.80250,0.49500,0.88111,0.00000,0.11889
102.90250,0.49500,0.98898,0.00000,0.01101
103.00250,0.49500,0.99827,0.00001,0.00172
103.10250,0.49500,0.99954,0.00000,0.00046
103.20250,0.49500,0.99993,0.00000,0.00007
103.30250,0.49500,0.99964,0.00002,0.00035
103.40250,0.49500,0.99992,0.00001,0.00007
103.50250,0.49500,0.99985,0.00000,0.00015
103.60250,0.49500,0.99998,0.00000,0.00002
103.70250,0.49500,1.00000,0.00000,0.00000
103.80250,0.49500,1.00000,0.00000,0.00000
103.90250,0.49500,1.00000,0.00000,0.00000
104.00250,0.49500,1.00000,0.00000,0.00000
104.10250,0.49500,1.00000,0.00000,0.00000
104.20250,0.49500,1.00000,0.00000,0.00000
104.30250,0.49500,1.00000,0.00000,0.00000
104.40250,0.49500,1.00000,0.00000,0.00000
104.50250,0.49500,0.98997,0.00021,0.00982
104.60250,0.49500,0.99799,0.00028,0.00173
104.70250,0.49500,0.99956,0.00044,0.00000
104.80250,0.49500,1.00000,0.00000,0.00000
104.90250,0.49500,1.00000,0.00000,0.00000
105.00250,0.49500,1.00000,0.00000,0.00000
105.10250,0.49500,0.99977,0.00012,0.00010
105.20250,0.49500,0.99154,0.00003,0.00843
105.30250,0.49500,0.99255,0.00000,0.00745
105.40250,0.49500,1.00000,0.00000,0.00000
105.50250,0.49500,0.98661,0.00001,0.01338
105.60250,0.49500,1.00000,0.00000,0.00000
105.70250,0.49500,1.00000,0.00000,0.00000
105.80250,0.49500,1.00000,0.00000,0.00000
105.90250,0.49500,0.99995,0.00003,0.00003
106.00250,0.49500,0.95747,0.00002,0.04251
106.10250,0.49500,0.99733,0.00000,0.00267
106.20250,0.49500,0.52826,0.00001,0.47173
106.30250,0.49500,0.18816,0.00000,0.81183
106.40250,0.49500,0.46357,0.00001,0.53642
106.50250,0.49500,0.94174,0.00003,0.05823
106.60250,0.49500,0.61285,0.00008,0.38707
106.70250,0.49500,0.83767,0.00068,0.16165
106.80250,0.49500,0.94971,0.00002,0.05027
106.90250,0.49500,0.99865,0.00000,0.00135
107.00250,0.49500,0.99632,0.00000,0.00368
107.10250,0.49500,0.99933,0.00000,0.00067
107.20250,0.49500,0.99701,0.00000,0.00299
107.30250,0.49500,0.99911,0.00062,0.00027
107.40250,0.49500,0.99999,0.00001,0.00000
107.50250,0.49500,0.99998,0.00002,0.00000
107.60250,0.49500,1.00000,0.00000,0.00000
107.70250,0.49500,0.99995,0.00005,0.00000
107.80250,0.49500,1.00000,0.00000,0.00000
107.90250,0.49500,0.99993,0.00007,0.00000
108.00250,0.49500,1.00000,0.00000,0.00000
108.10250,0.49500,1.00000,0.00000,0.00000
108.20250,0.49500,0.99983,0.00017,0.00000
108.30250,0.49500,1.00000,0.00000,0.00000
108.40250,0.49500,0.99801,0.00199,0.00000
108.50250,0.49500,0.99997,0.00003,0.00000
108.60250,0.49500,1.00000,0.00000,0.00000
108.70250,0.49500,0.99999,0.00000,0.00001
108.80250,0.49500,1.00000,0.00000,0.00000
108.90250,0.49500,0.99998,0.00000,0.00002
109.00250,0.49500,0.99351,0.00000,0.00649
109.10250,0.49500,0.99774,0.00000,0.00226
109.20250,0.49500,0.99520,0.00000,0.00480
109.30250,0.49500,0.99997,0.00000,0.00003
109.40250,0.49500,0.99599,0.00001,0.00401
109.50250,0.49500,0.99808,0.00000,0.00192
109.60250,0.49500,0.99972,0.00000,0.00028
109.70250,0.49500,0.70473,0.00000,0.29527
109.80250,0.49500,0.52910,0.00000,0.47090
109.90250,0.49500,0.88187,0.00000,0.11813
110.00250,0.49500,0.87286,0.00028,0.12686
110.10250,0.49500,0.99706,0.00007,0.00287
110.20250,0.49500,0.99998,0.00001,0.00002
110.30250,0.49500,1.00000,0.00000,0.00000
110.40250,0.49500,1.00000,0.00000,0.00000
110.50250,0.49500,1.00000,0.00000,0.00000
110.60250,0.49500,1.00000,0.00000,0.00000
110.70250,0.49500,1.00000,0.00000,0.00000
110.80250,0.49500,0.99998,0.00002,0.00000
110.90250,0.49500,1.00000,0.00000,0.00000
111.00250,0.49500,1.00000,0.00000,0.00000
111.10250,0.49500,0.99998,0.00002,0.00000
111.20250,0.49500,1.00000,0.00000,0.00000
111.30250,0.49500,1.00000,0.00000,0.00000
111.40250,0.49500,0.99999,0.00000,0.00001
111.50250,0.49500,0.99999,0.00000,0.00000
111.60250,0.49500,0.99987,0.00000,0.00012
111.70250,0.49500,1.00000,0.00000,0.00000
111.80250,0.49500,0.92706,0.00001,0.07293
111.90250,0.49500,0.99482,0.00000,0.00518
112.00250,0.49500,0.99983,0.00000,0.00017
112.10250,0.49500,0.92307,0.00000,0.07693
112.20250,0.49500,0.96791,0.00001,0.03208
112.30250,0.49500,0.98164,0.00000,0.01836
112.40250,0.49500,0.99990,0.00000,0.00010
112.50250,0.49500,0.99971,0.00002,0.00027
112.60250,0.49500,0.99991,0.00000,0.00008
112.70250,0.49500,0.99995,0.00003,0.00002
112.80250,0.49500,1.00000,0.00000,0.00000
112.90250,0.49500,1.00000,0.00000,0.00000
113.00250,0.49500,1.00000,0.00000,0.00000
113.10250,0.49500,1.00000,0.00000,0.00000
113.20250,0.49500,1.00000,0.00000,0.00000
113.30250,0.49500,0.99984,0.00000,0.00016
113.40250,0.49500,0.99997,0.00000,0.00003
113.50250,0.49500,0.99876,0.00000,0.00124
113.60250,0.49500,0.98856,0.00000,0.01144
113.70250,0.49500,0.99885,0.00000,0.00115
113.80250,0.49500,0.99924,0.00000,0.00076
113.90250,0.49500,0.99992,0.00000,0.00008
114.00250,0.49500,0.99948,0.00000,0.00052
114.10250,0.49500,1.00000,0.00000,0.00000
114.20250,0.49500,0.99966,0.00000,0.00033
114.30250,0.49500,1.00000,0.00000,0.00000
114.40250,0.49500,0.99999,0.00000,0.00001
114.50250,0.49500,1.00000,0.00000,0.00000
114.60250,0.49500,0.99998,0.00000,0.00001
114.70250,0.49500,1.00000,0.00000,0.00000
114.80250,0.49500,1.00000,0.00000,0.00000
114.90250,0.49500,1.00000,0.00000,0.00000
115.00250,0.49500,0.99997,0.00000,0.00003
115.10250,0.49500,0.99996,0.00000,0.00004
115.20250,0.49500,0.99948,0.00001,0.00051
115.30250,0.49500,0.99958,0.00001,0.00041
115.40250,0.49500,1.00000,0.00000,0.00000
115.50250,0.49500,0.99997,0.00003,0.00000
115.60250,0.49500,1.00000,0.00000,0.00000
115.70250,0.49500,0.99999,0.00000,0.00001
115.80250,0.49500,1.00000,0.00000,0.00000
115.90250,0.49500,0.99999,0.00000,0.00001
116.00250,0.49500,1.00000,0.00000,0.00000
116.10250,0.49500,1.00000,0.00000,0.00000
116.20250,0.49500,1.00000,0.00000,0.00000
116.30250,0.49500,1.00000,0.00000,0.00000
116.40250,0.49500,1.00000,0.00000,0.00000
116.50250,0.49500,1.00000,0.00000,0.00000
116.60250,0.49500,0.99997,0.00003,0.00000
116.70250,0.49500,0.99999,0.00001,0.00000
116.80250,0.49500,1.00000,0.00000,0.00000
116.90250,0.49500,0.99997,0.00002,0.00001
117.00250,0.49500,1.00000,0.00000,0.00000
117.10250,0.49500,1.00000,0.00000,0.00000
117.20250,0.49500,0.99999,0.00001,0.00000
117.30250,0.49500,1.00000,0.00000,0.00000
117.40250,0.49500,0.99998,0.00002,0.00000
117.50250,0.49500,1.00000,0.00000,0.00000
117.60250,0.49500,0.99999,0.00000,0.00001
117.70250,0.49500,1.00000,0.00000,0.00000
117.80250,0.49500,0.99987,0.00013,0.00000
117.90250,0.49500,0.99998,0.00000,0.00002
118.00250,0.49500,1.00000,0.00000,0.00000
118.10250,0.49500,0.99997,0.00001,0.00001
118.20250,0.49500,1.00000,0.00000,0.00000
118.30250,0.49500,1.00000,0.00000,0.00000
118.40250,0.49500,1.00000,0.00000,0.00000
118.50250,0.49500,0.99950,0.00000,0.00050
118.60250,0.49500,1.00000,0.00000,0.00000
118.70250,0.49500,0.99998,0.00000,0.00002
118.80250,0.49500,0.99999,0.00000,0.00001
118.90250,0.49500,1.00000,0.00000,0.00000
119.00250,0.49500,1.00000,0.00000,0.00000
119.10250,0.49500,1.00000,0.00000,0.00000
119.20250,0.49500,1.00000,0.00000,0.00000
119.30250,0.49500,0.99999,0.00000,0.00001
119.40250,0.49500,0.99997,0.00000,0.00003
119.50250,0.49500,0.99997,0.00000,0.00003
119.60250,0.49500,1.00000,0.00000,0.00000
119.70250,0.49500,0.99997,0.00001,0.00003
119.80250,0.49500,1.00000,0.00000,0.00000
119.90250,0.49500,0.99996,0.00001,0.00003
120.00250,0.49500,1.00000,0.00000,0.00000
120.10250,0.49500,0.99999,0.00001,0.00000
120.20250,0.49500,0.99999,0.00000,0.00001
120.30250,0.49500,1.00000,0.00000,0.00000
120.40250,0.49500,0.99926,0.00000,0.00074
120.50250,0.49500,0.99948,0.00000,0.00052
120.60250,0.49500,0.99999,0.00000,0.00001
120.70250,0.49500,0.99958,0.00000,0.00041
120.80250,0.49500,0.99994,0.00001,0.00005
120.90250,0.49500,0.99941,0.00059,0.00000
121.00250,0.49500,0.99890,0.00099,0.00011
121.10250,0.49500,1.00000,0.00000,0.00000
121.20250,0.49500,0.99751,0.00249,0.00000
121.30250,0.49500,0.99974,0.00026,0.00000
121.40250,0.49500,1.00000,0.00000,0.00000
121.50250,0.49500,0.99998,0.00002,0.00000
121.60250,0.49500,1.00000,0.00000,0.00000
121.70250,0.49500,0.99919,0.00081,0.00000
121.80250,0.49500,0.99947,0.00053,0.00000
121.90250,0.49500,0.99670,0.00330,0.00000
122.00250,0.49500,0.99969,0.00031,0.00000
122.10250,0.49500,1.00000,0.00000,0.00000
122.20250,0.49500,0.99862,0.00138,0.00000
122.30250,0.49500,0.99819,0.00181,0.00000
122.40250,0.49500,0.99917,0.00079,0.00004
122.50250,0.49500,0.99929,0.00046,0.00025
122.60250,0.49500,0.97139,0.00000,0.02860
122.70250,0.49500,0.99977,0.00000,0.00023
122.80250,0.49500,0.81453,0.00089,0.18458
122.90250,0.49500,0.97966,0.00003,0.02031
123.00250,0.49500,0.96426,0.00018,0.03556
123.10250,0.49500,0.99848,0.00001,0.00152
123.20250,0.49500,0.84005,0.00009,0.15986
123.30250,0.49500,0.99999,0.00000,0.00001
123.40250,0.49500,0.99996,0.00004,0.00001
123.50250,0.49500,1.00000,0.00000,0.00000
123.60250,0.49500,1.00000,0.00000,0.00000
123.70250,0.49500,1.00000,0.00000,0.00000
123.80250,0.49500,1.00000,0.00000,0.00000
123.90250,0.49500,0.99999,0.00001,0.00000
124.00250,0.49500,1.00000,0.00000,0.00000
124.10250,0.49500,0.88655,0.00208,0.11138
124.20250,0.49500,0.99801,0.00000,0.00199
124.30250,0.49500,0.99960,0.00001,0.00038
124.40250,0.49500,0.99266,0.00090,0.00644
124.50250,0.49500,0.99930,0.00040,0.00030
124.60250,0.49500,0.99983,0.00000,0.00017
124.70250,0.49500,0.99606,0.00000,0.00394
124.80250,0.49500,0.99997,0.00002,0.00001
124.90250,0.49500,0.99747,0.00001,0.00252
125.00250,0.49500,0.99999,0.00001,0.00001
125.10250,0.49500,1.00000,0.00000,0.00000
125.20250,0.49500,1.00000,0.00000,0.00000
125.30250,0.49500,1.00000,0.00000,0.00000
125.40250,0.49500,1.00000,0.00000,0.00000
125.50250,0.49500,1.00000,0.00000,0.00000
125.60250,0.49500,1.00000,0.00000,0.00000
125.70250,0.49500,1.00000,0.00000,0.00000
125.80250,0.49500,1.00000,0.00000,0.00000
125.90250,0.49500,1.00000,0.00000,0.00000
126.00250,0.49500,1.00000,0.00000,0.00000
126.10250,0.49500,1.00000,0.00000,0.00000
126.20250,0.49500,0.99884,0.00000,0.00116
126.30250,0.49500,1.00000,0.00000,0.00000
126.40250,0.49500,0.99950,0.00001,0.00049
126.50250,0.49500,0.99984,0.00012,0.00004
126.60250,0.49500,0.99990,0.00000,0.00009
126.70250,0.49500,0.99983,0.00000,0.00017
126.80250,0.49500,0.99484,0.00003,0.00514
126.90250,0.49500,0.90826,0.00000,0.09174
127.00250,0.49500,0.98378,0.00001,0.01621
127.10250,0.49500,0.23056,0.00001,0.76943
127.20250,0.49500,0.68923,0.00005,0.31073
127.30250,0.49500,0.95147,0.00130,0.04723
127.40250,0.49500,0.77801,0.00005,0.22193
127.50250,0.49500,0.99994,0.00002,0.00004
127.60250,0.49500,0.95579,0.00040,0.04381
127.70250,0.49500,0.99994,0.00002,0.00004
127.80250,0.49500,0.99990,0.00001,0.00009
127.90250,0.49501,0.99998,0.00002,0.00001
128.00250,0.49500,0.99996,0.00003,0.00001
128.10249,0.49501,0.99998,0.00001,0.00000
128.20250,0.49500,0.99998,0.00001,0.00000
128.30251,0.49500,0.99999,0.00001,0.00000
128.40250,0.49501,1.00000,0.00000,0.00000
128.50250,0.49500,1.00000,0.00000,0.00000
128.60249,0.49501,0.99998,0.00001,0.00000
128.70250,0.49500,1.00000,0.00000,0.00000
128.80251,0.49500,1.00000,0.00000,0.00000
128.90250,0.49501,1.00000,0.00000,0.00000
129.00250,0.49500,1.00000,0.00000,0.00000
129.10249,0.49501,1.00000,0.00000,0.00000
129.20250,0.49500,1.00000,0.00000,0.00000
129.30251,0.49500,1.00000,0.00000,0.00000
129.40250,0.49501,0.99998,0.00002,0.00000
129.50250,0.49500,1.00000,0.00000,0.00000
129.60249,0.49501,0.99964,0.00036,0.00000
129.70250,0.49500,0.99996,0.00004,0.00000
129.80251,0.49500,0.99978,0.00022,0.00000
129.90250,0.49501,0.99995,0.00000,0.00005
130.00250,0.49500,0.99997,0.00003,0.00000
130.10249,0.49501,0.99999,0.00001,0.00000
130.20250,0.49500,1.00000,0.00000,0.00000
130.30251,0.49500,0.99980,0.00003,0.00017
130.40250,0.49501,1.00000,0.00000,0.00000
130.50250,0.49500,0.99996,0.00003,0.00001
130.60249,0.49501,0.99999,0.00000,0.00001
130.70250,0.49500,0.99989,0.00000,0.00011
130.80251,0.49500,0.99977,0.00000,0.00023
130.90250,0.49501,0.99995,0.00002,0.00003
131.00250,0.49500,0.99856,0.00000,0.00144
131.10249,0.49501,0.99664,0.00000,0.00336
131.20250,0.49500,0.91115,0.00003,0.08882
131.30251,0.49500,0.94777,0.00001,0.05222
131.40250,0.49501,0.64709,0.00006,0.35285
131.50250,0.49500,0.84405,0.00001,0.15594
131.60249,0.49501,0.35514,0.00001,0.64485
131.70250,0.49500,0.66465,0.00001,0.33534
131.80251,0.49500,0.41081,0.00001,0.58918
131.90250,0.49501,0.32376,0.00001,0.67623
132.00250,0.49500,0.15263,0.00002,0.84736
132.10249,0.49501,0.18912,0.00001,0.81087
132.20250,0.49500,0.02082,0.00003,0.97915
132.30251,0.49500,0.20390,0.00009,0.79600
132.40250,0.49501,0.18351,0.00010,0.81639
132.50250,0.49500,0.11056,0.00004,0.88941
132.60249,0.49501,0.32709,0.00006,0.67285
132.70250,0.49500,0.03556,0.00338,0.96106
132.80251,0.49500,0.20414,0.00021,0.79565
132.90250,0.49501,0.07204,0.00161,0.92635
133.00250,0.49500,0.10420,0.00162,0.89417
133.10249,0.49501,0.03754,0.00102,0.96143
133.20250,0.49500,0.17974,0.00012,0.82013
133.30251,0.49500,0.03305,0.00004,0.96691
133.40250,0.49501,0.15306,0.00012,0.84682
133.50250,0.49500,0.01745,0.00003,0.98252
133.60249,0.49501,0.03020,0.00004,0.96975
133.70250,0.49500,0.00680,0.00002,0.99318
133.80251,0.49500,0.01222,0.00013,0.98765
133.90250,0.49501,0.00326,0.00004,0.99670
134.00250,0.49500,0.00421,0.00007,0.99573
134.10249,0.49501,0.00561,0.00006,0.99433
134.20250,0.49500,0.00793,0.00006,0.99201
134.30251,0.49500,0.00938,0.00005,0.99056
134.40250,0.49501,0.00085,0.00025,0.99890
134.50250,0.49500,0.00330,0.00003,0.99666
134.60249,0.49501,0.00167,0.00005,0.99828
134.70250,0.49500,0.00647,0.00002,0.99351
134.80251,0.49500,0.00301,0.00001,0.99698
134.90250,0.49501,0.00147,0.00000,0.99853
135.00250,0.49500,0.00107,0.00000,0.99893
135.10249,0.49501,0.00138,0.00000,0.99862
135.20250,0.49500,0.00146,0.00000,0.99854
135.30251,0.49500,0.00160,0.00000,0.99840
135.40250,0.49501,0.00320,0.00000,0.99679
135.50250,0.49500,0.00232,0.00000,0.99768
135.60249,0.49501,0.00268,0.00001,0.99731
135.70250,0.49500,0.00183,0.00003,0.99814
135.80251,0.49500,0.00127,0.00002,0.99871
135.90250,0.49501,0.00047,0.00001,0.99952
136.00250,0.49500,0.00239,0.00001,0.99759
136.10249,0.49501,0.00200,0.00003,0.99797
136.20250,0.49500,0.00263,0.00001,0.99736
136.30251,0.49500,0.00348,0.00006,0.99646
136.40250,0.49501,0.00973,0.00008,0.99019
136.50250,0.49500,0.00340,0.00015,0.99645
136.60249,0.49501,0.00351,0.00011,0.99637
136.70250,0.49500,0.00330,0.00009,0.99661
136.80251,0.49500,0.00133,0.00004,0.99863
136.90250,0.49501,0.00088,0.00002,0.99910
137.00250,0.49500,0.00324,0.00002,0.99674
137.10249,0.49501,0.00303,0.00002,0.99695
137.20250,0.49500,0.00623,0.00009,0.99368
137.30251,0.49500,0.01221,0.00003,0.98776
137.40250,0.49501,0.00380,0.00009,0.99611
137.50250,0.49500,0.00703,0.00018,0.99278
137.60249,0.49501,0.00306,0.00010,0.99684
137.70250,0.49500,0.00154,0.00002,0.99844
137.80251,0.49500,0.00282,0.00004,0.99714
137.90250,0.49501,0.00581,0.00003,0.99416
138.00250,0.49500,0.00212,0.00004,0.99784
138.10249,0.49501,0.00242,0.00004,0.99755
138.20250,0.49500,0.00142,0.00002,0.99856
138.30251,0.49500,0.00140,0.00002,0.99858
138.40250,0.49501,0.00100,0.00005,0.99895
138.50250,0.49500,0.00365,0.00002,0.99632
138.60249,0.49501,0.00252,0.00002,0.99747
138.70250,0.49500,0.00251,0.00003,0.99746
138.80251,0.49500,0.00313,0.00004,0.99683
138.90250,0.49501,0.00368,0.00013,0.99619
139.00250,0.49500,0.00363,0.00002,0.99635
139.10249,0.49501,0.00486,0.00000,0.99513
139.20250,0.49500,0.00794,0.00000,0.99206
139.30251,0.49500,0.00287,0.00000,0.99712
139.40250,0.49501,0.00303,0.00000,0.99697
139.50250,0.49500,0.00696,0.00001,0.99304
139.60249,0.49501,0.00118,0.00000,0.99881
139.70250,0.49500,0.00282,0.00000,0.99718
139.80251,0.49500,0.00090,0.00000,0.99910
139.90250,0.49501,0.00191,0.00000,0.99809
140.00250,0.49500,0.00331,0.00000,0.99669
140.10249,0.49501,0.00857,0.00000,0.99143
140.20250,0.49500,0.00430,0.00000,0.99570
140.30251,0.49500,0.00310,0.00000,0.99690
140.40250,0.49501,0.00603,0.00000,0.99397
140.50250,0.49500,0.00221,0.00001,0.99778
140.60249,0.49501,0.00137,0.00000,0.99863
140.70250,0.49500,0.00180,0.00003,0.99817
140.80251,0.49500,0.00081,0.00005,0.99915
140.90250,0.49501,0.00108,0.00006,0.99886
141.00250,0.49500,0.00131,0.00007,0.99862
141.10249,0.49501,0.00205,0.00004,0.99791
141.20250,0.49500,0.00175,0.00003,0.99822
141.30251,0.49500,0.00137,0.00004,0.99859
141.40250,0.49501,0.00226,0.00013,0.99761
141.50250,0.49500,0.00089,0.00018,0.99893
141.60249,0.49501,0.00080,0.00013,0.99908
141.70250,0.49500,0.00153,0.00012,0.99836
141.80251,0.49500,0.00181,0.00013,0.99806
141.90250,0.49501,0.00331,0.00004,0.99666
142.00250,0.49500,0.00944,0.00001,0.99054
142.10249,0.49501,0.01488,0.00020,0.98492
142.20250,0.49500,0.06401,0.00012,0.93587
142.30251,0.49500,0.00729,0.00001,0.99270
142.40250,0.49501,0.00880,0.00007,0.99113
142.50250,0.49500,0.00194,0.00022,0.99785
142.60249,0.49501,0.00158,0.00036,0.99806
142.70250,0.49500,0.00231,0.00008,0.99761
142.80251,0.49500,0.00162,0.00012,0.99826
142.90250,0.49501,0.00659,0.00007,0.99333
143.00250,0.49500,0.00499,0.00001,0.99499
143.10249,0.49501,0.00382,0.00002,0.99617
143.20250,0.49500,0.00193,0.00003,0.99805
143.30251,0.49500,0.00177,0.00003,0.99819
143.40250,0.49501,0.00579,0.00001,0.99420
143.50250,0.49500,0.00360,0.00002,0.99639
143.60249,0.49501,0.00393,0.00005,0.99602
143.70250,0.49500,0.00529,0.00006,0.99465
143.80251,0.49500,0.00163,0.00007,0.99831
143.90250,0.49501,0.00110,0.00021,0.99869
144.00250,0.49500,0.00083,0.00013,0.99904
144.10249,0.49501,0.00122,0.00009,0.99870
144.20250,0.49500,0.00149,0.00003,0.99847
144.30251,0.49500,0.00195,0.00001,0.99804
144.40250,0.49501,0.00125,0.00001,0.99874
144.50250,0.49500,0.00067,0.00001,0.99933
144.60249,0.49501,0.00107,0.00001,0.99892
144.70250,0.49500,0.00098,0.00000,0.99901
144.80251,0.49500,0.00096,0.00001,0.99903
144.90250,0.49501,0.00188,0.00000,0.99812
145.00250,0.49500,0.00283,0.00000,0.99716
145.10249,0.49501,0.00231,0.00000,0.99769
145.20250,0.49500,0.00117,0.00001,0.99883
145.30251,0.49500,0.00075,0.00001,0.99924
145.40250,0.49501,0.00037,0.00000,0.99963
145.50250,0.49500,0.00060,0.00001,0.99939
145.60249,0.49501,0.00059,0.00001,0.99939
145.70250,0.49500,0.00059,0.00001,0.99940
145.80251,0.49500,0.00072,0.00002,0.99926
145.90250,0.49501,0.00060,0.00004,0.99935
146.00250,0.49500,0.00069,0.00003,0.99927
146.10249,0.49501,0.00248,0.00002,0.99749
146.20250,0.49500,0.00263,0.00001,0.99736
146.30251,0.49500,0.00234,0.00001,0.99766
146.40250,0.49501,0.00473,0.00000,0.99527
146.50250,0.49500,0.00099,0.00000,0.99901
146.60249,0.49501,0.00629,0.00000,0.99370
146.70250,0.49500,0.00866,0.00000,0.99133
146.80251,0.49500,0.00584,0.00002,0.99415
146.90250,0.49501,0.00267,0.00000,0.99733
147.00250,0.49500,0.00395,0.00000,0.99605
147.10249,0.49501,0.00175,0.00001,0.99823
147.20250,0.49500,0.00194,0.00001,0.99806
147.30251,0.49500,0.00123,0.00001,0.99876
147.40250,0.49501,0.00123,0.00004,0.99872
147.50250,0.49500,0.00274,0.00004,0.99722
147.60249,0.49501,0.00311,0.00004,0.99685
147.70250,0.49500,0.00306,0.00004,0.99689
147.80251,0.49500,0.00294,0.00002,0.99704
147.90250,0.49501,0.00495,0.00001,0.99504
148.00250,0.49500,0.00467,0.00000,0.99533
148.10249,0.49501,0.00462,0.00001,0.99538
148.20250,0.49500,0.00236,0.00001,0.99763
148.30251,0.49500,0.00119,0.00000,0.99881
148.40250,0.49501,0.00199,0.00001,0.99799
148.50250,0.49500,0.00089,0.00001,0.99910
148.60249,0.49501,0.00367,0.00001,0.99632
148.70250,0.49500,0.00191,0.00000,0.99809
148.80251,0.49500,0.00288,0.00000,0.99712
148.90250,0.49501,0.00185,0.00003,0.99812
149.00250,0.49500,0.00265,0.00004,0.99731
149.10249,0.49501,0.00100,0.00003,0.99896
149.20250,0.49500,0.00077,0.00002,0.99922
149.30251,0.49500,0.00233,0.00001,0.99767
149.40250,0.49501,0.00243,0.00001,0.99756
149.50250,0.49500,0.00153,0.00001,0.99846
149.60249,0.49501,0.00280,0.00003,0.99717
149.70250,0.49500,0.00115,0.00003,0.99882
149.80251,0.49500,0.00254,0.00026,0.99719
149.90250,0.49501,0.00169,0.00013,0.99818
150.00250,0.49500,0.00090,0.00004,0.99906
150.10249,0.49501,0.00064,0.00003,0.99934
150.20250,0.49500,0.00042,0.00004,0.99954
150.30251,0.49500,0.00086,0.00003,0.99911
150.40250,0.49501,0.00088,0.00005,0.99907
150.50250,0.49500,0.00092,0.00002,0.99906
150.60249,0.49501,0.00064,0.00002,0.99934
150.70250,0.49500,0.00098,0.00001,0.99900
150.80251,0.49500,0.00072,0.00002,0.99926
150.90250,0.49501,0.00071,0.00003,0.99926
151.00250,0.49500,0.00051,0.00006,0.99944
151.10249,0.49501,0.00088,0.00004,0.99908
151.20250,0.49500,0.00109,0.00006,0.99885
151.30251,0.49500,0.00067,0.00004,0.99929
151.40250,0.49501,0.00103,0.00004,0.99893
151.50250,0.49500,0.00056,0.00003,0.99941
151.60249,0.49501,0.00043,0.00002,0.99955
151.70250,0.49500,0.00050,0.00002,0.99948
151.80251,0.49500,0.00071,0.00004,0.99925
151.90250,0.49501,0.00145,0.00004,0.99851
152.00250,0.49500,0.00089,0.00003,0.99908
152.10249,0.49501,0.00078,0.00004,0.99918
152.20250,0.49500,0.00064,0.00003,0.99933
152.30251,0.49500,0.00099,0.00003,0.99897
152.40250,0.49501,0.00151,0.00007,0.99842
152.50250,0.49500,0.00103,0.00012,0.99884
152.60249,0.49501,0.00098,0.00017,0.99884
152.70250,0.49500,0.00175,0.00050,0.99775
152.80251,0.49500,0.00137,0.00029,0.99835
152.90250,0.49501,0.00050,0.00015,0.99935
153.00250,0.49500,0.00108,0.00016,0.99876
153.10249,0.49501,0.00053,0.00026,0.99921
153.20250,0.49500,0.00077,0.00019,0.99904
153.30251,0.49500,0.00071,0.00028,0.99901
153.40250,0.49501,0.00095,0.00031,0.99874
153.50250,0.49500,0.00038,0.00036,0.99926
153.60249,0.49501,0.00065,0.00031,0.99904
153.70250,0.49500,0.00089,0.00019,0.99892
153.80251,0.49500,0.00029,0.00008,0.99963
153.90250,0.49501,0.00054,0.00010,0.99936
154.00250,0.49500,0.00089,0.00051,0.99860
154.10249,0.49501,0.00043,0.00028,0.99929
154.20250,0.49500,0.00077,0.00020,0.99903
154.30251,0.49500,0.00139,0.00042,0.99819
154.40250,0.49501,0.00078,0.00027,0.99895
154.50250,0.49500,0.00095,0.00011,0.99894
154.60249,0.49501,0.00063,0.00015,0.99922
154.70250,0.49500,0.00064,0.00008,0.99928
154.80251,0.49500,0.00043,0.00006,0.99950
154.90250,0.49501,0.00046,0.00021,0.99933
155.00250,0.49500,0.00097,0.00022,0.99881
155.10249,0.49501,0.00065,0.00025,0.99910
155.20250,0.49500,0.00194,0.00113,0.99693
155.30251,0.49500,0.00165,0.00045,0.99790
155.40250,0.49501,0.00074,0.00016,0.99910
155.50250,0.49500,0.00062,0.00003,0.99935
155.60249,0.49501,0.00035,0.00015,0.99950
155.70250,0.49500,0.00135,0.00010,0.99855
155.80251,0.49500,0.00062,0.00003,0.99934
155.90250,0.49501,0.00134,0.00001,0.99865
156.00250,0.49500,0.00144,0.00017,0.99839
156.10249,0.49501,0.00195,0.00008,0.99797
156.20250,0.49500,0.00255,0.00003,0.99742
156.30251,0.49500,0.00210,0.00005,0.99785
156.40250,0.49501,0.00106,0.00074,0.99820
156.50250,0.49500,0.00058,0.00012,0.99930
156.60249,0.49501,0.00090,0.00005,0.99905
156.70250,0.49500,0.00127,0.00034,0.99839
156.80251,0.49500,0.00096,0.00039,0.99865
156.90250,0.49501,0.00145,0.00015,0.99840
157.00250,0.49500,0.00074,0.00019,0.99907
157.10249,0.49501,0.00044,0.00026,0.99930
157.20250,0.49500,0.00043,0.00012,0.99945
157.30251,0.49500,0.00060,0.00004,0.99936
157.40250,0.49501,0.00105,0.00006,0.99890
157.50250,0.49500,0.00056,0.00003,0.99941
157.60249,0.49501,0.00054,0.00001,0.99945
157.70250,0.49500,0.00120,0.00002,0.99878
157.80251,0.49500,0.00119,0.00006,0.99875
157.90250,0.49501,0.00090,0.00004,0.99905
158.00250,0.49500,0.00104,0.00002,0.99893
158.10249,0.49501,0.00086,0.00002,0.99911
158.20250,0.49500,0.00103,0.00003,0.99894
158.30251,0.49500,0.00105,0.00002,0.99893
158.40250,0.49501,0.00078,0.00003,0.99918
158.50250,0.49500,0.00146,0.00003,0.99851
158.60249,0.49501,0.00168,0.00018,0.99814
158.70250,0.49500,0.00043,0.00006,0.99951
158.80251,0.49500,0.00088,0.00009,0.99903
158.90250,0.49501,0.00087,0.00019,0.99894
159.00250,0.49500,0.00043,0.00021,0.99936
159.10249,0.49501,0.00067,0.00017,0.99916
159.20250,0.49500,0.00139,0.00016,0.99845
159.30251,0.49500,0.00057,0.00018,0.99924
159.40250,0.49501,0.00103,0.00007,0.99890
159.50250,0.49500,0.00090,0.00005,0.99904
159.60249,0.49501,0.00122,0.00006,0.99872
159.70250,0.49500,0.00214,0.00003,0.99782
159.80251,0.49500,0.00239,0.00003,0.99758
159.90250,0.49501,0.00081,0.00008,0.99911
160.00250,0.49500,0.00120,0.00003,0.99878
160.10249,0.49501,0.00151,0.00025,0.99824
160.20250,0.49500,0.00337,0.00009,0.99654
160.30251,0.49500,0.00099,0.00005,0.99897
160.40250,0.49501,0.00147,0.00006,0.99848
160.50250,0.49500,0.00086,0.00005,0.99909
160.60249,0.49501,0.00075,0.00005,0.99920
160.70250,0.49500,0.00132,0.00005,0.99863
160.80251,0.49500,0.00111,0.00003,0.99886
160.90250,0.49501,0.00138,0.00003,0.99859
161.00250,0.49500,0.00104,0.00002,0.99894
161.10249,0.49501,0.00111,0.00002,0.99887
161.20250,0.49500,0.00077,0.00003,0.99920
161.30251,0.49500,0.00130,0.00005,0.99864
161.40250,0.49501,0.00097,0.00006,0.99897
161.50250,0.49500,0.00067,0.00005,0.99928
161.60249,0.49501,0.00065,0.00008,0.99926
161.70250,0.49500,0.00083,0.00012,0.99906
161.80251,0.49500,0.00050,0.00006,0.99944
161.90250,0.49501,0.00054,0.00003,0.99943
162.00250,0.49500,0.00077,0.00011,0.99913
162.10249,0.49501,0.00066,0.00006,0.99928
162.20250,0.49500,0.00087,0.00008,0.99905
162.30251,0.49500,0.00052,0.00003,0.99945
162.40250,0.49501,0.00045,0.00005,0.99951
162.50250,0.49500,0.00082,0.00008,0.99911
162.60249,0.49501,0.00080,0.00013,0.99907
162.70250,0.49500,0.00119,0.00007,0.99875
162.80251,0.49500,0.00063,0.00009,0.99929
162.90250,0.49501,0.00082,0.00004,0.99913
163.00250,0.49500,0.00063,0.00002,0.99935
163.10249,0.49501,0.00061,0.00002,0.99937
163.20250,0.49500,0.00046,0.00006,0.99948
163.30251,0.49500,0.00047,0.00001,0.99952
163.40250,0.49501,0.00055,0.00001,0.99944
163.50250,0.49500,0.00042,0.00004,0.99954
163.60249,0.49501,0.00069,0.00003,0.99928
163.70250,0.49500,0.00052,0.00002,0.99946
163.80251,0.49500,0.00115,0.00002,0.99884
163.90250,0.49501,0.00153,0.00006,0.99841
164.00250,0.49500,0.00144,0.00002,0.99855
164.10249,0.49501,0.00100,0.00002,0.99898
164.20250,0.49500,0.00157,0.00004,0.99838
164.30251,0.49500,0.00103,0.00004,0.99893
164.40250,0.49501,0.00093,0.00003,0.99904
164.50250,0.49500,0.00126,0.00008,0.99866
164.60249,0.49501,0.00058,0.00010,0.99932
164.70250,0.49500,0.00044,0.00007,0.99949
164.80251,0.49500,0.00045,0.00007,0.99949
164.90250,0.49501,0.00040,0.00009,0.99951
165.00250,0.49500,0.00033,0.00006,0.99961
165.10249,0.49501,0.00054,0.00009,0.99937
165.20250,0.49500,0.00050,0.00008,0.99942
165.30251,0.49500,0.00037,0.00007,0.99956
165.40250,0.49501,0.00056,0.00003,0.99941
165.50250,0.49500,0.00049,0.00003,0.99948
165.60249,0.49501,0.00154,0.00003,0.99843
165.70250,0.49500,0.00069,0.00003,0.99928
165.80251,0.49500,0.00063,0.00005,0.99932
165.90250,0.49501,0.00072,0.00005,0.99924
166.00250,0.49500,0.00074,0.00006,0.99919
166.10249,0.49501,0.00102,0.00002,0.99896
166.20250,0.49500,0.00116,0.00004,0.99880
166.30251,0.49500,0.00147,0.00002,0.99850
166.40250,0.49501,0.00053,0.00003,0.99944
166.50250,0.49500,0.00149,0.00002,0.99849
166.60249,0.49501,0.00108,0.00010,0.99882
166.70250,0.49500,0.00166,0.00005,0.99828
166.80251,0.49500,0.00156,0.00005,0.99840
166.90250,0.49501,0.00198,0.00003,0.99799
167.00250,0.49500,0.00311,0.00002,0.99686
167.10249,0.49501,0.00193,0.00006,0.99801
167.20250,0.49500,0.00109,0.00004,0.99888
167.30251,0.49500,0.00134,0.00007,0.99859
167.40250,0.49501,0.00175,0.00011,0.99814
167.50250,0.49500,0.00066,0.00003,0.99931
167.60249,0.49501,0.00069,0.00001,0.99930
167.70250,0.49500,0.00067,0.00001,0.99932
167.80251,0.49500,0.00132,0.00001,0.99867
167.90250,0.49501,0.00145,0.00001,0.99855
168.00250,0.49500,0.00276,0.00001,0.99723
168.10249,0.49501,0.00205,0.00002,0.99793
168.20250,0.49500,0.00271,0.00001,0.99728
168.30251,0.49500,0.00168,0.00001,0.99831
168.40250,0.49501,0.00256,0.00001,0.99743
168.50250,0.49500,0.00116,0.00001,0.99883
168.60249,0.49501,0.00233,0.00000,0.99766
168.70250,0.49500,0.00190,0.00001,0.99809
168.80251,0.49500,0.00212,0.00001,0.99787
168.90250,0.49501,0.00243,0.00001,0.99756
169.00250,0.49500,0.00309,0.00001,0.99691
169.10249,0.49501,0.00346,0.00001,0.99653
169.20250,0.49500,0.00163,0.00001,0.99836
169.30251,0.49500,0.00242,0.00001,0.99758
169.40250,0.49501,0.00165,0.00001,0.99834
