Time (seconds),Length,unlabeled},On,Off,Dimmer,Lighter
0,0.800000011920929,0.9974195957183838,1.3039580153417774E-06,1.5345812016676064E-06,0.0008534807129763067,0.0017240982269868255
0.10000000149011612,0.7999999523162842,0.997677743434906,1.2277994301257422E-06,1.2390032679832075E-06,0.0007631657063029706,0.0015566995134577155
0.20000000298023224,0.800000011920929,0.9973300695419312,1.5620329349985695E-06,1.3403439425019315E-06,0.0008614187827333808,0.001805658801458776
0.30000001192092896,0.800000011920929,0.9973822832107544,1.3153132840670878E-06,1.6641488400637172E-06,0.0009222198277711868,0.0016925729578360915
0.4000000059604645,0.8000000715255737,0.9975537657737732,1.0712450375649496E-06,1.3019563311900129E-06,0.0007827325025573373,0.0016611694591119885
0.5,0.7999999523162842,0.9975037574768066,1.0870458027056884E-06,1.4278076605478418E-06,0.0008081076084636152,0.0016856404254212976
0.6000000238418579,0.7999999523162842,0.9976216554641724,1.1824088232970098E-06,1.2817080232707667E-06,0.000730284838937223,0.001645548501983285
0.699999988079071,0.800000011920929,0.9975939393043518,1.1341018080202048E-06,1.4626052688981872E-06,0.0008223331533372402,0.0015810733893886209
0.800000011920929,0.800000011920929,0.9979871511459351,5.948710963821213E-07,1.5056477877806174E-06,0.0006895262049511075,0.001321187475696206
0.8999999761581421,0.8000000715255737,0.9984508156776428,3.478856740457559E-07,2.396912123003858E-06,0.00013092538574710488,0.0014155415119603276
1,0.7999999523162842,0.9974031448364258,1.6757124399191525E-07,3.3774676921893843E-06,6.742594268871471E-05,0.002525840885937214
1.100000023841858,0.7999999523162842,0.993364155292511,2.5705830353217607E-07,1.0908267540798988E-05,0.00014693995763082057,0.006477730814367533
1.2000000476837158,0.7999999523162842,0.9967169761657715,2.2865913607006405E-08,2.5284552975790575E-06,3.538491728249937E-05,0.0032451057340949774
1.2999999523162842,0.7999999523162842,0.9916200637817383,1.6991242191011224E-08,3.213546733604744E-05,0.00015250254364218563,0.008195335045456886
1.399999976158142,0.8000000715255737,0.9784829020500183,1.4778931856085364E-08,6.400520214810967E-05,0.0005952640203759074,0.02085789665579796
1.5,0.7999999523162842,0.9736711382865906,5.325777152620503E-09,1.5298764992621727E-05,0.0004068294074386358,0.02590678073465824
1.600000023841858,0.8000000715255737,0.986291229724884,2.3188851727695692E-08,8.472007903037593E-05,0.00019598071230575442,0.013428056612610817
1.7000000476837158,0.7999999523162842,0.9994670748710632,4.6662240293926516E-08,1.7723410564940423E-05,2.5720713892951608E-05,0.0004893440054729581
1.7999999523162842,0.7999999523162842,0.9995657205581665,2.4832948497532925E-07,6.518299778690562E-05,5.823712399433134E-06,0.00036296906182542443
1.899999976158142,0.8000000715255737,0.999728262424469,1.1452082162577426E-06,6.750285683665425E-05,7.382141689049604E-07,0.00020244602637831122
2,0.7999999523162842,0.9997128844261169,2.295617605341249E-06,0.0002485670556779951,1.539405936057392E-08,3.6240118788555264E-05
2.0999999046325684,0.8000001907348633,0.9980944991111755,1.1441810784162953E-05,0.001823377562686801,3.1052063698133736E-10,7.071894651744515E-05
2.200000047683716,0.7999999523162842,0.9957641363143921,4.468290717341006E-05,0.004099561832845211,2.992998293649407E-09,9.164166840491816E-05
2.299999952316284,0.7999999523162842,0.991912841796875,0.0002284630754729733,0.007116150576621294,4.440466128130538E-08,0.0007425146759487689
2.4000000953674316,0.7999999523162842,0.9972233176231384,2.296811726409942E-05,0.0014951478224247694,1.3480578786584374E-07,0.0012583606876432896
2.5,0.7999999523162842,0.9894030690193176,0.0001912342559080571,0.0017765644006431103,8.774320122029167E-06,0.00862038228660822
2.5999999046325684,0.8000001907348633,0.9895737171173096,0.0013043774524703622,0.0003681803063955158,1.601858457433991E-05,0.00873769074678421
2.700000047683716,0.7999999523162842,0.9925612211227417,0.0004464279336389154,0.0008229234372265637,0.00038948148721829057,0.005780063569545746
2.799999952316284,0.7999999523162842,0.9977031350135803,5.16710861120373E-05,8.64798275870271E-05,0.0005153005477041006,0.001643350929953158
2.9000000953674316,0.7999999523162842,0.9871446490287781,0.0002193939872086048,2.9042384994681925E-05,0.0002635949931573123,0.012343204580247402
3,0.7999999523162842,0.9741071462631226,0.0004956655320711434,5.2883919124724343E-05,0.00024590175598859787,0.025098446756601334
3.0999999046325684,0.8000001907348633,0.958087682723999,0.004327370319515467,6.482470053015277E-05,0.0009432032820768654,0.03657684475183487
3.200000047683716,0.7999999523162842,0.9673620462417603,0.007347587030380964,0.0003652102896012366,0.006335975136607885,0.018589161336421967
3.299999952316284,0.7999999523162842,0.9481675028800964,0.015371635556221008,0.000410936918342486,0.017750496044754982,0.018299460411071777
3.4000000953674316,0.7999997138977051,0.9011619091033936,0.05226439610123634,0.00011328564141876996,0.03637692704796791,0.010083428584039211
3.5,0.8000001907348633,0.74575275182724,0.19416970014572144,0.00011921449186047539,0.054390717297792435,0.005567644257098436
3.5999999046325684,0.8000001907348633,0.4697209596633911,0.46566614508628845,2.3425567633239552E-05,0.0621769055724144,0.0024125801865011454
3.700000047683716,0.7999999523162842,0.1825852394104004,0.4377513825893402,1.194342075905297E-05,0.3768354654312134,0.0028159983921796083
3.799999952316284,0.7999999523162842,0.24470524489879608,0.5606392025947571,1.2247934137121774E-05,0.1933174431324005,0.001325927092693746
3.9000000953674316,0.7999997138977051,0.25554409623146057,0.5464966297149658,2.1484813260030933E-05,0.1959974765777588,0.0019403795013204217
4,0.8000001907348633,0.13158953189849854,0.8632800579071045,3.908686721842969E-06,0.004634855315089226,0.0004916106117889285
4.099999904632568,0.8000001907348633,0.1415828913450241,0.8505728244781494,3.0150695238262415E-06,0.0070497323758900166,0.0007915043388493359
4.199999809265137,0.8000001907348633,0.16266946494579315,0.8342618346214294,2.272885467391461E-05,0.001590077648870647,0.0014559304108843207
4.300000190734863,0.7999997138977051,0.44441208243370056,0.5533424019813538,6.287152064032853E-05,0.0006346793379634619,0.0015480353031307459
4.400000095367432,0.7999997138977051,0.7831570506095886,0.21660980582237244,3.7868940125918016E-06,0.00013055093586444855,9.881911682896316E-05
4.5,0.8000001907348633,0.954900324344635,0.0445440337061882,1.2644220532820327E-06,0.00020648202917072922,0.00034788393531925976
4.599999904632568,0.8000001907348633,0.9809278845787048,0.01731352135539055,6.635305908275768E-06,0.0005373361054807901,0.0012146135559305549
4.699999809265137,0.8000001907348633,0.9925668835639954,0.0027398213278502226,4.255527073837584E-06,0.003521700855344534,0.0011673268163576722
4.800000190734863,0.7999997138977051,0.9951357245445251,0.00020112756465096027,2.840438810380874E-06,0.003765159985050559,0.000895159610081464
4.900000095367432,0.7999997138977051,0.9975351691246033,4.351706229499541E-05,1.3656083410751307E-06,0.0015828635077923536,0.0008370997966267169
5,0.8000001907348633,0.9963992834091187,4.6235127229010686E-05,5.024461984248774E-07,0.002436324954032898,0.0011175797553732991
5.099999904632568,0.8000001907348633,0.9950753450393677,2.652744296938181E-05,4.928274393023457E-07,0.0035840836353600025,0.0013135196641087532
5.199999809265137,0.8000001907348633,0.9957754015922546,1.4056023246666882E-05,1.7982992517318053E-07,0.002756264293566346,0.0014541741693392396
5.300000190734863,0.7999997138977051,0.9959875345230103,1.4085271686781198E-05,1.6474936614940816E-07,0.002185740042477846,0.0018124838825315237
5.400000095367432,0.7999997138977051,0.9965424537658691,1.2624852388398722E-05,1.2007390637336357E-07,0.0018852625507861376,0.0015595626318827271
5.5,0.8000001907348633,0.9962201714515686,1.205379066959722E-05,1.197454366774764E-07,0.0019880644977092743,0.001779602374881506
5.599999904632568,0.8000001907348633,0.9972590804100037,1.5566569345537573E-05,1.0031192232418107E-07,0.0015805070288479328,0.0011447356082499027
5.699999809265137,0.8000001907348633,0.9990479946136475,1.560247255838476E-05,1.4730811415120115E-07,0.0004486542602535337,0.00048752769362181425
5.800000190734863,0.7999997138977051,0.9992005825042725,1.547969804960303E-05,3.5315491686560563E-07,0.00012924833572469652,0.0006542526534758508
5.900000095367432,0.7999997138977051,0.9984022378921509,1.0737531738413963E-05,1.7971404986383277E-06,1.0338712854718324E-05,0.001574817462824285
6,0.8000001907348633,0.9977139830589294,1.8172089767176658E-05,5.049892024544533E-06,1.359350562779582E-06,0.0022614714689552784
6.099999904632568,0.8000001907348633,0.9982109069824219,3.563650534488261E-05,1.779552985681221E-05,4.49086826392886E-07,0.0017352169379591942
6.199999809265137,0.8000001907348633,0.9982444047927856,4.202975469524972E-05,0.00019277863611932844,3.6041233215655666E-06,0.0015171347185969353
6.300000190734863,0.7999997138977051,0.9949267506599426,0.0009390821796841919,0.001417240360751748,2.9585056836367585E-05,0.00268739927560091
6.400000095367432,0.7999997138977051,0.9921770691871643,0.0020593306981027126,0.0004502004594542086,0.00019454298308119178,0.005118845030665398
6.5,0.8000001907348633,0.9458674192428589,0.0009807446040213108,0.007429745513945818,0.003316255286335945,0.04240581393241882
6.599999904632568,0.8000001907348633,0.6749666929244995,5.2294944907771423E-05,0.19596096873283386,0.033794526010751724,0.09522553533315659
6.699999809265137,0.8000001907348633,0.7199360132217407,0.0005070589249953628,0.008999941870570183,0.007545937318354845,0.26301100850105286
6.800000190734863,0.7999997138977051,0.9332173466682434,6.250727892620489E-05,0.00025864504277706146,0.008594882674515247,0.05786670744419098
6.900000095367432,0.7999997138977051,0.9497261643409729,4.4704061110678595E-06,0.00018707721028476954,0.00407131714746356,0.04601098597049713
7,0.8000001907348633,0.9476397037506104,9.003848049360386E-07,9.674752072896808E-05,0.001182153937406838,0.051080457866191864
7.099999904632568,0.8000001907348633,0.9269147515296936,3.432232063005358E-07,4.129323497181758E-05,0.0001922954834299162,0.07285133004188538
7.199999809265137,0.8000001907348633,0.9683241844177246,3.8305353200485115E-07,2.4269960704259574E-05,7.893791917013004E-05,0.031572192907333374
7.300000190734863,0.8000001907348633,0.9879971742630005,1.1107230335483109E-07,8.453006557829212E-06,2.954976116598118E-05,0.01196476723998785
7.400000095367432,0.7999997138977051,0.9968087077140808,3.013957083908281E-08,3.411649686313467E-06,5.966888238617685E-06,0.0031819113064557314
7.5,0.8000001907348633,0.9975996017456055,1.5261852226444717E-08,3.736815642696456E-06,5.69695021113148E-06,0.0023909397423267365
7.599999904632568,0.7999997138977051,0.998348593711853,1.715391917400666E-08,3.573914000298828E-06,6.574549843207933E-06,0.0016413318226113915
7.699999809265137,0.8000001907348633,0.9973479509353638,2.371825758018531E-08,6.294085324043408E-06,7.101746177795576E-06,0.0026386696845293045
7.800000190734863,0.8000001907348633,0.9981554746627808,2.0373438047727177E-08,4.619778337655589E-06,5.899861662328476E-06,0.001834067516028881
7.900000095367432,0.7999997138977051,0.9980030059814453,2.7386406031837396E-08,6.452885827457067E-06,5.7618526625446975E-06,0.001984789501875639
8,0.8000001907348633,0.9980682730674744,2.0217258978050268E-08,6.077239049773198E-06,5.0326566451985855E-06,0.0019206489669159055
8.100000381469727,0.7999992370605469,0.9985510110855103,2.1093766733315533E-08,4.631865976989502E-06,4.430692115420243E-06,0.001439955667592585
8.199999809265137,0.8000001907348633,0.9980897903442383,2.40670701145973E-08,5.137800599186448E-06,4.606647962646093E-06,0.0019004717469215393
8.300000190734863,0.8000001907348633,0.9980539083480835,2.3284458805505892E-08,4.977917342330329E-06,4.464130142878275E-06,0.0019366256892681122
8.399999618530273,0.8000001907348633,0.9984485507011414,1.7517164607738778E-08,4.000839908258058E-06,4.105556399736088E-06,0.001543344114907086
8.5,0.8000001907348633,0.998593807220459,2.3526913750515632E-08,5.19036757395952E-06,5.278040134726325E-06,0.0013956848997622728
8.600000381469727,0.7999992370605469,0.9986907839775085,2.5924178359559846E-08,4.386911768960999E-06,7.161129360611085E-06,0.0012976278085261583
8.699999809265137,0.8000001907348633,0.9981516003608704,3.635137346691408E-08,5.642770247504814E-06,4.008496034657583E-06,0.0018387038726359606
8.800000190734863,0.8000001907348633,0.997501015663147,3.7495194504799656E-08,7.267486580531113E-06,4.758495379064698E-06,0.002486845478415489
8.899999618530273,0.8000001907348633,0.9979938864707947,5.357670218586463E-08,8.306201380037237E-06,7.372148957074387E-06,0.0019903848879039288
9,0.8000001907348633,0.9987013339996338,1.398310587319429E-07,1.024798348225886E-05,8.831752893456724E-06,0.0012794163776561618
9.100000381469727,0.7999992370605469,0.999205470085144,1.9640386028640933E-07,1.0472071153344586E-05,3.7444106055772863E-06,0.0007801197934895754
9.199999809265137,0.8000001907348633,0.9992591738700867,4.1509431980557565E-07,1.194024025608087E-05,1.881398475234164E-06,0.0007266047177836299
9.300000190734863,0.8000001907348633,0.9991837739944458,1.9313163193146465E-06,1.2273190804990008E-05,6.720065925946983E-07,0.0008014504564926028
9.399999618530273,0.8000001907348633,0.9995707869529724,5.084220447315602E-06,1.190205330203753E-05,3.2522146398150653E-07,0.00041185534792020917
9.5,0.8000001907348633,0.9997140765190125,6.278719411056954E-06,7.677786925341934E-06,2.2990596448835277E-07,0.0002717727911658585
9.600000381469727,0.7999992370605469,0.9991714954376221,7.78166577219963E-06,7.468082912964746E-06,2.116958768283439E-07,0.0008130345959216356
9.699999809265137,0.8000001907348633,0.996364176273346,3.871007720590569E-05,1.8038659618468955E-05,3.272933497555641E-07,0.0035788093227893114
9.800000190734863,0.8000001907348633,0.9832067489624023,5.415148552856408E-05,0.00010001643386203796,5.789568717773363E-07,0.016638552770018578
9.899999618530273,0.8000001907348633,0.9747573733329773,2.871988181141205E-05,7.670038030482829E-05,1.0768873153210734E-06,0.025136137381196022
10,0.8000001907348633,0.9548183083534241,3.4750471968436614E-05,5.289978435030207E-05,1.3513127896658261E-06,0.04509271681308746
10.100000381469727,0.7999992370605469,0.9173943996429443,2.6605337552609853E-05,5.995536776026711E-05,3.308843361082836E-06,0.08251578360795975
10.199999809265137,0.8000001907348633,0.9473060965538025,3.322202246636152E-05,0.00032166115124709904,9.361828233522829E-06,0.05232960358262062
10.300000190734863,0.8000001907348633,0.9298579692840576,6.485122412414057E-06,0.00016434914141427726,2.5141629521385767E-05,0.06994606554508209
10.399999618530273,0.8000001907348633,0.9570620059967041,5.193593096919358E-06,0.0002771404979284853,3.067095167352818E-05,0.04262498766183853
10.5,0.8000001907348633,0.9786649346351624,1.0592273156362353E-06,4.035191159346141E-05,2.2993544916971587E-05,0.02127065882086754
10.600000381469727,0.7999992370605469,0.9856268763542175,2.05879160830591E-07,2.9490662200259976E-05,1.5215370694932062E-05,0.014328239485621452
10.699999809265137,0.8000001907348633,0.9860485196113586,2.091149866600972E-07,8.56230781209888E-06,1.6542944649700075E-05,0.0139261269941926
10.800000190734863,0.8000001907348633,0.9765543937683105,1.8843444138383347E-07,1.7259008018299937E-05,5.5095599236665294E-05,0.023373054340481758
10.899999618530273,0.8000001907348633,0.9682933688163757,1.5931561847537523E-07,1.1858010111609474E-05,0.0002678022428881377,0.03142676129937172
11,0.8000001907348633,0.977963387966156,8.318035327192774E-08,7.345308404183015E-06,0.0003205613757018,0.021708684042096138
11.100000381469727,0.7999992370605469,0.9871314764022827,6.408104269439718E-08,1.967433036043076E-06,0.00016384711489081383,0.012702535837888718
11.199999809265137,0.8000001907348633,0.9852603077888489,1.2711774388662889E-07,1.2791703056791448E-06,0.0002271658304380253,0.014511133544147015
11.300000190734863,0.8000001907348633,0.9934703707695007,6.719818657074939E-08,1.3176866104913643E-06,0.0001399316533934325,0.0063883038237690926
11.399999618530273,0.8000001907348633,0.990105152130127,1.0480860623829358E-07,3.2044792988017434E-06,0.00047363530029542744,0.009417898952960968
11.5,0.8000001907348633,0.992277979850769,6.819831099846851E-08,2.2493793494504644E-06,0.00043715076753869653,0.007282590493559837
11.600000381469727,0.7999992370605469,0.991040825843811,1.2719134190319892E-07,2.77796721093182E-06,0.00028800652944482863,0.008668200112879276
11.699999809265137,0.8000001907348633,0.9958175420761108,6.066507012292277E-07,2.901688276324421E-06,0.00026141616399399936,0.003917434718459845
11.800000190734863,0.8000001907348633,0.9931703209877014,1.623719981580507E-06,3.7841257380932802E-06,0.00036962542799301445,0.006454587914049625
11.899999618530273,0.8000001907348633,0.9881245493888855,1.5883742889855057E-06,1.355082440568367E-05,0.0015078919241204858,0.010352369397878647
12,0.8000001907348633,0.9904620051383972,3.1871495593804866E-06,1.3460422451316845E-05,0.0015284266555681825,0.00799295399338007
12.100000381469727,0.7999992370605469,0.9902220964431763,4.0248437471746E-06,1.1529567927937023E-05,0.001196891418658197,0.008565429598093033
12.199999809265137,0.8000001907348633,0.9937566518783569,4.791993887920398E-06,4.212770363665186E-06,0.0008135915268212557,0.005420777015388012
12.300000190734863,0.8000001907348633,0.9898966550827026,5.823591436637798E-06,3.092582119279541E-06,0.0012676026672124863,0.008826854638755322
12.399999618530273,0.8000001907348633,0.9929202198982239,3.4072545531671494E-06,8.74984743859386E-06,0.0018168484093621373,0.005250845570117235
12.5,0.8000001907348633,0.9930245876312256,3.3722055832186015E-06,1.0096396181324963E-05,0.0004859267792198807,0.0064760297536849976
12.600000381469727,0.7999992370605469,0.9956258535385132,1.053497544489801E-05,1.2397936188790482E-05,0.0005924634169787169,0.003758846316486597
12.699999809265137,0.8000001907348633,0.9959301352500916,2.18130589928478E-05,2.8592596208909526E-05,0.00010128611029358581,0.0039182258769869804
12.800000190734863,0.8000001907348633,0.9841578602790833,7.822681800462306E-05,4.4388598325895146E-05,1.485603024775628E-05,0.015704616904258728
12.899999618530273,0.8000001907348633,0.9764983057975769,0.0005761302309110761,0.0003013474342878908,6.76137424306944E-05,0.022556694224476814
13,0.8000001907348633,0.9445713758468628,0.005408556666225195,0.002205595839768648,7.54486391087994E-05,0.04773901402950287
13.100000381469727,0.7999992370605469,0.9833831191062927,0.0018440965795889497,0.0008683213964104652,1.3889319234294817E-05,0.01389058493077755
13.199999809265137,0.8000001907348633,0.8473249673843384,0.15044943988323212,0.0003451057418715209,1.980311253646505E-06,0.0018784828716889024
13.300000190734863,0.8000001907348633,0.9882442951202393,0.004254190716892481,0.00015114748384803534,1.2382059139781632E-05,0.007337948773056269
13.399999618530273,0.8000001907348633,0.9718785285949707,0.0028512580320239067,0.015363592654466629,3.2114359783008695E-05,0.009874477051198483
13.5,0.8000001907348633,0.9634668231010437,0.0005287511739879847,0.004355425480753183,0.0006088154623284936,0.031040199100971222
13.600000381469727,0.7999992370605469,0.9710360765457153,0.0009965371573343873,0.012207410298287868,0.00014231847308110446,0.015617616474628448
13.699999809265137,0.8000001907348633,0.9662551879882812,4.015591912320815E-05,0.008762210607528687,0.0006882533780299127,0.024254148826003075
13.800000190734863,0.8000001907348633,0.9698598980903625,0.00011022115359082818,0.0054975091479718685,0.000289456220343709,0.024242885410785675
13.899999618530273,0.8000001907348633,0.9887629747390747,0.0001592109038028866,0.0022253936622291803,0.0011282522464171052,0.007724123075604439
14,0.8000001907348633,0.9797554612159729,3.8911377487238497E-05,0.015683351084589958,0.0017462243558838964,0.0027760700322687626
14.100000381469727,0.7999992370605469,0.9795159101486206,1.3246431990410201E-05,0.01904737390577793,0.00029100803658366203,0.0011325113009661436
14.199999809265137,0.8000001907348633,0.6422669291496277,9.032281377585605E-05,0.317993700504303,0.03475633263587952,0.004892725497484207
14.300000190734863,0.8000001907348633,0.0055141025222837925,2.2131212972453795E-05,0.9943488836288452,4.36196532973554E-05,7.117555651348084E-05
14.399999618530273,0.8000001907348633,0.019361332058906555,5.7150915381498635E-05,0.9555922746658325,0.01986127346754074,0.0051279072649776936
14.5,0.8000001907348633,0.11593320965766907,0.00036028222530148923,0.882038950920105,0.00010290760110365227,0.0015646300744265318
14.600000381469727,0.7999992370605469,0.9403222799301147,0.002145525999367237,0.03552988916635513,0.002185000805184245,0.019817329943180084
14.699999809265137,0.8000001907348633,0.9993817806243896,6.470122025348246E-05,0.0005488142487592995,3.842042239909915E-10,4.7051257752173115E-06
14.800000190734863,0.8000001907348633,0.9995271563529968,1.1921123586944304E-05,0.00016993815370369703,8.244588798334007E-07,0.00029011612059548497
14.899999618530273,0.8000001907348633,0.9981623291969299,2.6743533453554846E-05,6.583763752132654E-05,6.959184020161047E-07,0.001744376146234572
15,0.8000001907348633,0.9984053373336792,1.6283610193568165E-06,5.2637751650763676E-05,5.949881142441882E-06,0.0015345090068876743
15.100000381469727,0.7999992370605469,0.9983386397361755,2.317818825758877E-06,3.453351746429689E-05,3.9769788600096945E-06,0.0016205792780965567
15.199999809265137,0.8000001907348633,0.9965779185295105,7.451355372722901E-07,1.2497180250647943E-05,2.4053053493844345E-05,0.003384920069947839
15.300000190734863,0.8000001907348633,0.9975900650024414,1.4349274124469957E-06,2.6472062018001452E-05,5.953817890258506E-06,0.002376001561060548
15.399999618530273,0.8000011444091797,0.9980888962745667,4.461663593247067E-06,3.544431092450395E-05,2.514621201044065E-06,0.0018686464754864573
15.5,0.7999992370605469,0.9990137219429016,9.318215234088711E-06,9.337986557511613E-05,1.8940954760182649E-06,0.0008816604968160391
15.600000381469727,0.7999992370605469,0.9966353178024292,4.329906914790627E-06,0.0022143111564219,1.750583692228247E-06,0.0011442939285188913
15.699999809265137,0.8000001907348633,0.9971213340759277,2.090545604005456E-05,0.001918804831802845,5.790712293674005E-06,0.0009330875473096967
15.800000190734863,0.8000001907348633,0.9940965175628662,3.18787970172707E-05,0.003585109720006585,7.872354217397515E-06,0.0022787011694163084
15.899999618530273,0.8000011444091797,0.9940313100814819,4.2383442632853985E-05,0.00398356793448329,4.449052539712284E-06,0.0019382669124752283
16,0.7999992370605469,0.9964638948440552,5.183008033782244E-05,0.000978998839855194,7.161035227909451E-06,0.002498120767995715
16.100000381469727,0.7999992370605469,0.9977468848228455,0.0001626195735298097,0.00034434281405992806,4.897602138953516E-06,0.0017411914886906743
16.200000762939453,0.7999992370605469,0.998457670211792,8.957656973507255E-05,4.352830001153052E-05,6.395933269232046E-06,0.0014027964789420366
16.299999237060547,0.8000011444091797,0.9992667436599731,8.528219041181728E-05,3.711869430844672E-05,2.0311308617237955E-06,0.000608757371082902
16.399999618530273,0.8000011444091797,0.9972522258758545,2.3081516701495275E-05,0.0001698030246188864,2.1358511730795726E-05,0.0025335943792015314
16.5,0.7999992370605469,0.9983060359954834,4.541853741102386E-06,7.418680615955964E-05,9.5767054517637E-06,0.0016056080348789692
16.600000381469727,0.7999992370605469,0.9966830611228943,3.1614754334441386E-06,0.00010212991765001789,6.194465095177293E-05,0.003149700118228793
16.700000762939453,0.7999992370605469,0.9989524483680725,3.3573205655557103E-06,2.8150367143098265E-05,1.5008733498689253E-05,0.0010010063415393233
16.799999237060547,0.8000011444091797,0.9975168108940125,2.2607894152315566E-06,2.4653938453411683E-05,2.8575830583577044E-05,0.0024276727344840765
16.899999618530273,0.8000011444091797,0.9976018071174622,2.137213868991239E-06,1.4390480828296859E-05,0.00012089806114090607,0.002260722918435931
17,0.7999992370605469,0.9965066313743591,6.589571626136603E-07,6.373463747877395E-06,0.0005134641542099416,0.0029728475492447615
17.100000381469727,0.7999992370605469,0.9959655404090881,3.1033431469040806E-07,3.0263918233686127E-06,0.0004859933105763048,0.0035452537704259157
17.200000762939453,0.7999992370605469,0.9959978461265564,2.5574908590897394E-07,2.106112333422061E-06,0.0006029764772392809,0.0033968156203627586
17.299999237060547,0.8000011444091797,0.9953910708427429,2.503562939182302E-07,2.406026396784E-06,0.0006022658199071884,0.00400397228077054
17.399999618530273,0.8000011444091797,0.9953244924545288,1.8552229619217542E-07,1.7500632338851574E-06,0.0005516390083357692,0.004121987149119377
17.5,0.7999992370605469,0.9946606159210205,2.301064085941107E-07,2.2260148853092687E-06,0.0006824812153354287,0.0046544247306883335
17.600000381469727,0.7999992370605469,0.9929802417755127,3.4250641078870103E-07,2.9886095944675617E-06,0.000998061615973711,0.00601833825930953
17.700000762939453,0.7999992370605469,0.9929484724998474,3.8126739809740684E-07,2.2244064439291833E-06,0.0008435428026132286,0.006205384619534016
17.799999237060547,0.8000011444091797,0.9923493266105652,4.521300809301465E-07,2.57428200711729E-06,0.0008484192658215761,0.006799135822802782
17.899999618530273,0.8000011444091797,0.9918025135993958,9.054104452843603E-07,3.97600206269999E-06,0.0010080981301143765,0.007184530142694712
18,0.7999992370605469,0.9920229315757751,1.3079411473881919E-06,3.3726662422850495E-06,0.0007716494728811085,0.0072007873095571995
18.100000381469727,0.7999992370605469,0.9898936748504639,1.7363953475069138E-06,5.2633190534834284E-06,0.0010193183552473783,0.009080091491341591
18.200000762939453,0.7999992370605469,0.9923310875892639,3.3861692827485967E-06,4.283467205823399E-06,0.0010085133835673332,0.006652704905718565
18.299999237060547,0.8000011444091797,0.9917722344398499,2.2962078674026998E-06,4.38010965808644E-06,0.0008271272527053952,0.007393954787403345
18.399999618530273,0.8000011444091797,0.9912487864494324,3.1774338822287973E-06,1.0909262528002728E-05,0.0013677573297172785,0.007369364146143198
18.5,0.7999992370605469,0.9921718239784241,3.320657924632542E-06,5.294456968840677E-06,0.0009330930188298225,0.006886485498398542
18.600000381469727,0.7999992370605469,0.9912920594215393,3.6500916849036003E-06,4.414850991452113E-06,0.0011115443194285035,0.00758825708180666
18.700000762939453,0.7999992370605469,0.9904929399490356,2.4546277472836664E-06,2.78459765468142E-06,0.0010251329513266683,0.00847674161195755
18.799999237060547,0.8000011444091797,0.9884619116783142,2.9977761641930556E-06,3.8038785987737356E-06,0.0012023855233564973,0.010328954085707664
18.899999618530273,0.8000011444091797,0.9879938364028931,2.645098220455111E-06,5.282722213451052E-06,0.0015835616504773498,0.01041464414447546
19,0.7999992370605469,0.9908998608589172,4.754010205942905E-06,5.095553660794394E-06,0.0013036875752732158,0.007786613889038563
19.100000381469727,0.7999992370605469,0.9935828447341919,5.1716851885430515E-06,1.7197396573465085E-06,0.0006004259339533746,0.005809767637401819
19.200000762939453,0.7999992370605469,0.9936114549636841,9.278424840886146E-06,4.805315711564617E-06,0.00041292517562396824,0.005961626768112183
19.299999237060547,0.8000011444091797,0.9960002899169922,1.5280065781553276E-05,5.672838142345427E-06,0.0007385721546597779,0.0032401233911514282
19.399999618530273,0.8000011444091797,0.9956819415092468,2.2898939278093167E-05,5.280835921439575E-06,0.0016269126208499074,0.0026628936175256968
19.5,0.7999992370605469,0.9955763220787048,1.6901551134651527E-05,1.0847951671166811E-05,0.00212765671312809,0.002268305281177163
19.600000381469727,0.7999992370605469,0.994316816329956,2.3784476070431992E-05,7.565310170321027E-06,0.002495309105142951,0.003156514372676611
19.700000762939453,0.7999992370605469,0.9941696524620056,1.9502555005601607E-05,7.974680556799285E-06,0.0031743543222546577,0.0026285131461918354
19.799999237060547,0.8000011444091797,0.9937814474105835,1.4306796401797328E-05,4.408564564073458E-06,0.003647961188107729,0.0025518930051475763
19.899999618530273,0.8000011444091797,0.9942531585693359,5.676286036759848E-06,3.5460127492115134E-06,0.0027585404459387064,0.0029790366534143686
20,0.7999992370605469,0.9951027631759644,2.7791770662588533E-06,2.4736716568440897E-06,0.0015271221054717898,0.0033649092074483633
20.100000381469727,0.7999992370605469,0.996622622013092,2.1966352505842224E-06,2.5538970476191025E-06,0.0009498995495960116,0.002422677120193839
20.200000762939453,0.7999992370605469,0.9972285628318787,5.018624960939633E-06,1.213193445437355E-05,0.00040629750583320856,0.002347976202145219
20.299999237060547,0.8000011444091797,0.9866851568222046,1.3015353943046648E-05,5.780041828984395E-05,0.008357701823115349,0.004886297043412924
20.399999618530273,0.8000011444091797,0.937591552734375,9.231137664755806E-05,0.0003709277661982924,0.041985251009464264,0.019959883764386177
20.5,0.7999992370605469,0.7833664417266846,0.0004790977109223604,0.0003206950786989182,0.17833276093006134,0.037501007318496704
20.600000381469727,0.7999992370605469,0.45720261335372925,0.002595115453004837,0.0006926577189005911,0.507706344127655,0.0318031944334507
20.700000762939453,0.7999992370605469,0.16115829348564148,0.021115059033036232,0.0013391776010394096,0.8050922155380249,0.011295273900032043
20.799999237060547,0.8000011444091797,0.15184037387371063,0.12487700581550598,0.001298342365771532,0.7088200449943542,0.013164408504962921
20.899999618530273,0.8000011444091797,0.02785777673125267,0.01739523373544216,0.0006864238530397415,0.9515100717544556,0.0025504971854388714
21,0.7999992370605469,0.2046465426683426,0.008390847593545914,0.00011413167521823198,0.7830642461776733,0.003784237429499626
21.100000381469727,0.7999992370605469,0.365217387676239,0.003994464408606291,0.00022154721955303103,0.626625120639801,0.00394144281744957
21.200000762939453,0.7999992370605469,0.7214410305023193,0.000988064450211823,0.0005416003405116498,0.2671431601047516,0.009886126033961773
21.299999237060547,0.8000011444091797,0.9827650785446167,0.00011636856652330607,4.1767700167838484E-05,0.015704762190580368,0.0013720423448830843
21.399999618530273,0.8000011444091797,0.9917086958885193,3.4325209981034277E-06,3.1025301723275334E-06,0.004264253657311201,0.0040204511024057865
21.5,0.7999992370605469,0.9956563711166382,1.6296844478347339E-06,2.619197402964346E-06,0.0019376806449145079,0.002401708858087659
21.600000381469727,0.7999992370605469,0.9964526891708374,8.016936021704169E-07,7.157130994528416E-07,0.0012668739072978497,0.0022789393551647663
21.700000762939453,0.7999992370605469,0.9935974478721619,2.3049126411933685E-06,3.448655661486555E-06,0.003580598160624504,0.0028162323869764805
21.799999237060547,0.8000011444091797,0.9946913719177246,2.0731272343255114E-06,1.4008080597704975E-06,0.002331262920051813,0.0029739222954958677
21.899999618530273,0.8000011444091797,0.9936581254005432,3.0352673547895392E-06,2.8731246857205406E-06,0.0033874285873025656,0.00294851278886199
22,0.7999992370605469,0.9941807389259338,2.2572958187083714E-06,2.2138553958939156E-06,0.002746859099715948,0.0030678994953632355
22.100000381469727,0.7999992370605469,0.9952498078346252,2.7695709832187276E-06,1.685682491370244E-06,0.0021177830640226603,0.002627921523526311
22.200000762939453,0.7999992370605469,0.9956798553466797,3.197577825631015E-06,1.8181702898800722E-06,0.0018919477006420493,0.0024232366122305393
22.299999237060547,0.8000011444091797,0.9962362051010132,3.042214757442707E-06,1.244644408870954E-06,0.0016184928826987743,0.002141075674444437
22.399999618530273,0.8000011444091797,0.9966375231742859,2.6375792003818788E-06,9.70299083746795E-07,0.0014502496924251318,0.0019086870597675443
22.5,0.7999992370605469,0.9972223043441772,2.6298057491658255E-06,9.413390671397792E-07,0.0012494974071159959,0.0015245910035446286
22.600000381469727,0.7999992370605469,0.9972784519195557,2.908549959101947E-06,9.082148721972771E-07,0.0010644654976204038,0.0016532873269170523
22.700000762939453,0.7999992370605469,0.9973903298377991,3.441753960942151E-06,1.11214342268795E-06,0.0013483628863468766,0.001256733201444149
22.799999237060547,0.8000011444091797,0.9974721074104309,3.4684487673075637E-06,1.1960671599808848E-06,0.0011760127963498235,0.001347349607385695
22.899999618530273,0.8000011444091797,0.9975922703742981,4.462405740923714E-06,1.3430195622277097E-06,0.001307463739067316,0.0010944179957732558
23,0.7999992370605469,0.9973900318145752,7.604005077155307E-06,1.7477481151217944E-06,0.001369123812764883,0.0012314885389059782
23.100000381469727,0.7999992370605469,0.9977784752845764,8.437478754785843E-06,1.6232567077167914E-06,0.0011945804581046104,0.001016821013763547
23.200000762939453,0.7999992370605469,0.9977410435676575,7.108408226486063E-06,1.6522028545296052E-06,0.0012007893528789282,0.0010494454763829708
23.299999237060547,0.8000011444091797,0.9980337619781494,1.2881837392342277E-05,1.6849339772306848E-06,0.0011044858256354928,0.0008471601759083569
23.399999618530273,0.8000011444091797,0.998164713382721,1.2222937584738247E-05,1.3197750377003103E-06,0.0009400022099725902,0.0008817253983579576
23.5,0.7999992370605469,0.9979115724563599,1.3631019101012498E-05,2.011951437452808E-06,0.001160649349913001,0.000912159332074225
23.600000381469727,0.7999992370605469,0.9980370998382568,1.4793708032811992E-05,2.268532171001425E-06,0.0012127429945394397,0.0007331207161769271
23.700000762939453,0.7999992370605469,0.9985529780387878,1.0821206160471775E-05,1.542763698125782E-06,0.0007317287963815033,0.0007028942345641553
23.799999237060547,0.8000011444091797,0.998684823513031,9.907214916893281E-06,2.1487619505933253E-06,0.0006025377078913152,0.0007005255902186036
23.899999618530273,0.8000011444091797,0.9992069005966187,9.95197297015693E-06,2.4976404802146135E-06,0.0002646745997481048,0.0005159618449397385
24,0.7999992370605469,0.9994199275970459,1.979581793420948E-05,3.69727126781072E-06,0.00013086774561088532,0.00042572346865199506
24.100000381469727,0.7999992370605469,0.9993493556976318,2.4007236788747832E-05,5.095204869576264E-06,8.563396113459021E-05,0.0005358418566174805
24.200000762939453,0.7999992370605469,0.9991853833198547,2.0207367924740538E-05,1.4053719496587291E-05,8.354086457984522E-05,0.0006967744557186961
24.299999237060547,0.8000011444091797,0.9989630579948425,2.482045783835929E-05,2.122961450368166E-05,0.00011521825945237651,0.0008757720934227109
24.399999618530273,0.8000011444091797,0.9989720582962036,1.2361665540083777E-05,9.401519491802901E-06,9.610899724066257E-05,0.0009100287570618093
24.5,0.7999992370605469,0.9989592432975769,1.3441499504551757E-05,1.5143377822823822E-05,0.00012022276496281847,0.0008918539970181882
24.600000381469727,0.7999992370605469,0.9983649849891663,2.9875773179810494E-06,3.07022037304705E-06,0.00017678803123999387,0.0014521504053846002
24.700000762939453,0.7999992370605469,0.9972928166389465,1.5494446188313304E-06,2.9189361612225184E-06,0.0002995189861394465,0.0024031419306993484
24.799999237060547,0.8000011444091797,0.9964255690574646,3.897148701526021E-07,2.2434758193412563E-06,0.0007310776272788644,0.0028406435158103704
24.899999618530273,0.8000011444091797,0.9964693188667297,2.2711736846758868E-07,2.2113349587016273E-06,0.0010920297354459763,0.002436187118291855
25,0.7999992370605469,0.9946762919425964,1.8199904161519953E-07,2.2551955680683022E-06,0.0014323759824037552,0.003888931591063738
25.100000381469727,0.7999992370605469,0.9928350448608398,1.3131760567830497E-07,2.2760768842999823E-06,0.0016882347408682108,0.005474376957863569
25.200000762939453,0.7999992370605469,0.9884499907493591,2.0778544751465233E-07,3.7239813082123874E-06,0.002666085259988904,0.008880095556378365
25.299999237060547,0.8000011444091797,0.9872302412986755,2.867270438855485E-07,5.163127298146719E-06,0.004094217903912067,0.008670084178447723
25.399999618530273,0.8000011444091797,0.9852011799812317,3.25432409908899E-07,4.706908384832786E-06,0.004997322801500559,0.009796454571187496
25.5,0.7999992370605469,0.9856884479522705,5.869834467375767E-07,5.74789555685129E-06,0.005122865550220013,0.009182305075228214
25.600000381469727,0.7999992370605469,0.9854387044906616,9.25808421925467E-07,6.2197850638767704E-06,0.003582009579986334,0.010972173884510994
25.700000762939453,0.7999992370605469,0.9899399876594543,1.3604249033960514E-06,5.154225618753117E-06,0.0015362357953563333,0.008517280220985413
25.799999237060547,0.8000011444091797,0.9870349764823914,1.8125787164535723E-06,2.3307575247599743E-06,0.00015477024135179818,0.012806126847863197
25.899999618530273,0.8000011444091797,0.9917545914649963,1.9376157069928013E-05,2.278137435496319E-05,0.00015091079694684595,0.008052390068769455
26,0.7999992370605469,0.9784508347511292,0.00012369052274152637,0.0001376378204440698,0.000804710783995688,0.0204831063747406
26.100000381469727,0.7999992370605469,0.9448996782302856,0.0012335903011262417,0.0008562156581319869,0.006078135222196579,0.04693230986595154
26.200000762939453,0.7999992370605469,0.9568594098091125,0.0021900846622884274,0.000564198475331068,0.0040634083561599255,0.036322884261608124
26.299999237060547,0.8000011444091797,0.782765805721283,0.009731837548315525,0.008358928374946117,0.09908077865839005,0.10006272047758102
26.399999618530273,0.8000011444091797,0.44471806287765503,0.012161390855908394,0.06160478666424751,0.08144310116767883,0.4000726044178009
26.5,0.7999992370605469,0.36051666736602783,0.0042543369345366955,0.048963502049446106,0.0028780149295926094,0.5833874344825745
26.600000381469727,0.7999992370605469,0.6039260625839233,0.0012854853412136436,0.017037617042660713,0.0035830491688102484,0.374167799949646
26.700000762939453,0.7999992370605469,0.8698760867118835,0.0004285327158868313,0.0014575044624507427,0.0004592175828292966,0.12777869403362274
26.799999237060547,0.8000011444091797,0.9677203893661499,1.4726557310495991E-05,0.00015426370373461396,0.00011891734175151214,0.031991664320230484
26.899999618530273,0.8000011444091797,0.9127975702285767,9.838005098572467E-06,0.00011015604104613885,4.819500827579759E-05,0.08703429996967316
27,0.7999992370605469,0.9652337431907654,4.761761374538764E-06,3.495123382890597E-05,3.684147486637812E-06,0.03472290560603142
27.100000381469727,0.7999992370605469,0.9974596500396729,2.802516121391818E-07,8.889127457223367E-06,7.683345302211819E-07,0.002530404832214117
27.200000762939453,0.7999992370605469,0.9985290169715881,2.3998849130180133E-08,4.120137873542262E-06,1.1751359352274449E-06,0.0014657231513410807
27.299999237060547,0.8000011444091797,0.9979840517044067,1.1150117273928117E-08,3.4080953810189385E-06,2.055714048765367E-06,0.0020105133298784494
27.399999618530273,0.8000011444091797,0.998071551322937,1.4947552529065433E-08,4.583076588460244E-06,3.2309676498698536E-06,0.001920529524795711
27.5,0.7999992370605469,0.9977027773857117,1.687132744621067E-08,4.887638624495594E-06,3.249100927860127E-06,0.002289108233526349
27.600000381469727,0.7999992370605469,0.9980114102363586,1.3423567146730875E-08,3.5288480830786284E-06,2.376881411692011E-06,0.0019826856441795826
27.700000762939453,0.7999992370605469,0.9981772899627686,1.4805609183099477E-08,3.153837269564974E-06,1.577787315909518E-06,0.001818020478822291
27.799999237060547,0.8000011444091797,0.998201847076416,2.3990754272062986E-08,4.325015197537141E-06,1.6094210195660708E-06,0.0017922112019732594
27.899999618530273,0.8000011444091797,0.9983521699905396,2.232630968990179E-08,4.012076715298463E-06,1.2362999086690252E-06,0.0016425831709057093
28,0.7999992370605469,0.9983196258544922,2.4141446175462988E-08,3.99151986130164E-06,1.1622562396951253E-06,0.0016752956435084343
28.100000381469727,0.7999992370605469,0.9983697533607483,2.7524569290449108E-08,4.714043370768195E-06,1.0078352943310165E-06,0.0016245939768850803
28.200000762939453,0.7999992370605469,0.9984380602836609,3.247838264996972E-08,4.400009402161231E-06,8.907661026569258E-07,0.0015567069640383124
28.299999237060547,0.8000011444091797,0.9991187453269958,5.6450684127185013E-08,6.8893341449438594E-06,8.692566666468338E-07,0.0008733791764825583
28.399999618530273,0.8000011444091797,0.9992727637290955,5.8806254088494825E-08,4.436150902620284E-06,5.613550797534117E-07,0.0007221046253107488
28.5,0.7999992370605469,0.9991217255592346,1.2019401651741646E-07,8.116385288303718E-06,1.7093898918574268E-07,0.000869844458065927
28.600000381469727,0.7999992370605469,0.9991872310638428,1.9977842669050005E-07,9.688558748166543E-06,2.0696805336228863E-07,0.0008027753792703152
28.700000762939453,0.7999992370605469,0.999567985534668,5.168014922674047E-07,6.9325715230661444E-06,7.439560079092189E-08,0.00042461027624085546
28.799999237060547,0.8000011444091797,0.9995471239089966,1.4010049653734313E-06,4.689211436925689E-06,5.301793493117657E-08,0.0004466775862965733
28.899999618530273,0.8000011444091797,0.9996212720870972,8.751614586799406E-06,6.10503411735408E-06,6.412075492789882E-08,0.00036372069735080004
29,0.7999992370605469,0.9991881847381592,3.705500057549216E-05,9.426596079720184E-06,1.320304079399648E-07,0.0007650748011656106
29.100000381469727,0.7999992370605469,0.998834490776062,3.676627602544613E-05,1.5914787582005374E-05,3.506899020067067E-07,0.0011124579468742013
29.200000762939453,0.7999992370605469,0.9977322816848755,3.5933233448304236E-05,1.722620436339639E-05,1.0002316912505194E-06,0.0022135365288704634
29.299999237060547,0.8000011444091797,0.9940746426582336,8.408109715674073E-05,1.801341204554774E-05,1.5605425005560392E-06,0.0058216797187924385
29.399999618530273,0.8000011444091797,0.9915247559547424,0.00016076637257356197,1.22626188385766E-05,2.508883881091606E-06,0.008299664594233036
29.5,0.7999992370605469,0.9724807739257812,0.00010170212044613436,1.742277709126938E-05,3.216737604816444E-05,0.02736799046397209
29.600000381469727,0.7999992370605469,0.9610891342163086,4.915996760246344E-05,9.258554200641811E-06,0.00011402241216273978,0.03873838856816292
29.700000762939453,0.7999992370605469,0.9499830007553101,2.3367309040622786E-05,7.172630375862354E-06,0.0006588249816559255,0.04932761937379837
29.799999237060547,0.8000011444091797,0.9514848589897156,6.680597834929358E-06,2.836866769939661E-05,0.002492952160537243,0.0459870882332325
29.899999618530273,0.8000011444091797,0.865162193775177,1.0530896361160558E-05,3.851565452350769E-06,0.0034426781348884106,0.13138075172901154
30,0.7999992370605469,0.9193498492240906,1.1940801414311863E-05,3.3847697977762436E-06,0.005305020604282618,0.07532980293035507
30.100000381469727,0.7999992370605469,0.9780870676040649,4.015071681351401E-05,6.214120730874129E-06,0.002877389546483755,0.018989114090800285
30.200000762939453,0.7999992370605469,0.9756803512573242,6.762213888578117E-05,1.511288428446278E-05,0.006013099104166031,0.018223892897367477
30.299999237060547,0.8000011444091797,0.9743481874465942,0.00015276069461833686,4.3346346501493827E-05,0.0005428744480013847,0.02491282857954502
30.399999618530273,0.8000011444091797,0.98094242811203,0.0003093911800533533,2.5833125619101338E-05,5.462047556648031E-05,0.01866765134036541
30.5,0.7999992370605469,0.9781631231307983,0.015160181559622288,7.2090983849193435E-06,4.028535113320686E-05,0.006629123818129301
30.600000381469727,0.7999992370605469,0.9710375666618347,0.026446184143424034,1.0999791811627802E-05,0.0001767419744282961,0.002328538801521063
30.700000762939453,0.7999992370605469,0.9345815777778625,0.051553066819906235,0.0001660479319980368,0.0013884829822927713,0.012310781516134739
30.799999237060547,0.8000011444091797,0.6001412868499756,0.38954073190689087,5.944545773672871E-05,0.005214680917561054,0.005043899640440941
30.899999618530273,0.8000011444091797,0.07385248690843582,0.9230383038520813,4.290522610972403E-06,0.0027070422656834126,0.0003979425528086722
31,0.7999992370605469,0.06083154305815697,0.9383282661437988,4.6876421038177796E-06,0.0006531157996505499,0.0001824462233344093
31.100000381469727,0.7999992370605469,0.07730372995138168,0.9166476130485535,4.1067869460675865E-06,0.005892952438443899,0.00015161518240347505
31.200000762939453,0.7999992370605469,0.04766307771205902,0.9506291747093201,1.0203355031990213E-06,0.00159259676001966,0.00011415403423598036
31.299999237060547,0.7999992370605469,0.18420760333538055,0.7781938910484314,0.00017328726244159043,0.03654879704117775,0.0008763829828239977
31.399999618530273,0.8000011444091797,0.23753364384174347,0.7561490535736084,0.00010497577022761106,0.005094317253679037,0.0011180167784914374
31.5,0.7999992370605469,0.6800515651702881,0.255716472864151,0.0002116098621627316,0.060351476073265076,0.003668910823762417
31.600000381469727,0.8000011444091797,0.9688220024108887,0.030288372188806534,7.351180101977661E-06,0.0006216161418706179,0.00026062558754347265
31.700000762939453,0.7999992370605469,0.9928792715072632,0.005942113697528839,3.556380033842288E-05,0.0008492085617035627,0.00029385561356320977
31.799999237060547,0.7999992370605469,0.9987547397613525,0.0005939629627391696,6.606457645830233E-06,0.0002629178634379059,0.0003817851538769901
31.899999618530273,0.8000011444091797,0.9939631819725037,1.1720089787559118E-05,7.29950579625438E-06,0.004089400637894869,0.0019283763831481338
32,0.7999992370605469,0.9947815537452698,3.0273581614892464E-06,4.3346335587557405E-06,0.003158286679536104,0.0020528784953057766
32.099998474121094,0.8000030517578125,0.9939783215522766,1.489805981691461E-06,1.0059808346341015E-06,0.0025658956728875637,0.003453279146924615
32.20000076293945,0.7999992370605469,0.9942458271980286,1.2253240129211918E-06,1.0719547844928456E-06,0.0018130599055439234,0.003938757814466953
32.29999923706055,0.7999992370605469,0.9935669898986816,1.6932633570831968E-06,1.3566418601840269E-06,0.0028187159914523363,0.003611173015087843
32.400001525878906,0.7999992370605469,0.9952355027198792,1.366755782328255E-06,5.226636403676821E-07,0.0019407991785556078,0.002821803791448474
32.5,0.7999992370605469,0.994553804397583,1.3466971040543285E-06,6.988878453739744E-07,0.0022444017231464386,0.0031997256446629763
32.599998474121094,0.8000030517578125,0.9944784641265869,1.0349048125135596E-06,5.573518819801393E-07,0.0020294019486755133,0.0034905406646430492
32.70000076293945,0.7999992370605469,0.9941319823265076,1.2482687452575192E-06,7.12179996753548E-07,0.0023319877218455076,0.003534083254635334
32.79999923706055,0.7999992370605469,0.9940144419670105,1.3407718597591156E-06,6.38621543203044E-07,0.002314673736691475,0.003668880555778742
32.900001525878906,0.7999992370605469,0.9935938119888306,1.3831420346832601E-06,6.956918809919443E-07,0.002484086900949478,0.003919937647879124
33,0.7999992370605469,0.9919332265853882,3.0224350666685496E-06,1.5476326780117233E-06,0.0027357761282473803,0.005326388403773308
33.099998474121094,0.8000030517578125,0.9951121807098389,1.6664988606862607E-06,2.2474757770396536E-06,4.4195236114319414E-05,0.00483980868011713
33.20000076293945,0.7999992370605469,0.9964143633842468,2.7101066280010855E-06,1.2309695193835068E-05,5.099753252579831E-06,0.0035655552055686712
33.29999923706055,0.7999992370605469,0.998720645904541,5.761260763392784E-05,3.383975695214758E-07,1.0778816772472055E-07,0.001221309183165431
33.400001525878906,0.7999992370605469,0.999508798122406,0.00024456557002849877,3.497107627481455E-06,2.639855892994092E-06,0.000240574823692441
33.5,0.7999992370605469,0.9975707530975342,0.0009474207181483507,2.988772394019179E-05,4.5079600567987654E-06,0.0014473835472017527
33.599998474121094,0.8000030517578125,0.9213457107543945,0.07761095464229584,4.0017512219492346E-05,1.0357509381719865E-05,0.0009929180378094316
33.70000076293945,0.7999992370605469,0.17308670282363892,0.8267762064933777,2.0454966431771027E-07,6.504484645120101E-06,0.00013047156971879303
33.79999923706055,0.7999992370605469,0.18515440821647644,0.8147584199905396,9.918329624269973E-07,7.003882274148054E-06,7.923949306132272E-05
33.900001525878906,0.7999992370605469,0.12146753072738647,0.8784781098365784,6.787153665754886E-07,2.9885572075727396E-05,2.379100442340132E-05
34,0.7999992370605469,0.07634859532117844,0.923512876033783,2.0793954718101304E-06,8.522598363924772E-05,5.1196340791648254E-05
34.099998474121094,0.8000030517578125,0.11071880161762238,0.8889539241790771,6.650467980762187E-07,0.00016600513481535017,0.00016052884166128933
34.20000076293945,0.7999992370605469,0.17226530611515045,0.8272527456283569,1.3311675502336584E-05,6.435126124415547E-05,0.00040433270623907447
34.29999923706055,0.7999992370605469,0.8031134009361267,0.1953602284193039,0.00011884374544024467,0.0005978572298772633,0.0008096594247035682
34.400001525878906,0.7999992370605469,0.8048515915870667,0.19494734704494476,2.112293941536336E-06,9.458198474021628E-05,0.0001044160162564367
34.5,0.7999992370605469,0.9792627096176147,0.020183295011520386,1.011815038509667E-05,0.0001680888090049848,0.0003758183738682419
34.599998474121094,0.8000030517578125,0.990142822265625,0.007909459061920643,8.225664714700542E-06,0.0004220864502713084,0.0015173850115388632
34.70000076293945,0.7999992370605469,0.9987828731536865,0.0003071793762501329,3.5873792967322515E-06,0.00019700214033946395,0.0007093989406712353
34.79999923706055,0.7999992370605469,0.9936099052429199,0.00010793162073241547,7.319664746319177E-06,0.005083010531961918,0.0011919315438717604
34.900001525878906,0.7999992370605469,0.9932178854942322,5.59771251573693E-05,2.7139828944200417E-06,0.004932329524308443,0.001791049842722714
35,0.7999992370605469,0.9945912957191467,1.2598928151419386E-05,1.013180394693336E-06,0.0011424955446273088,0.004252649378031492
35.099998474121094,0.8000030517578125,0.9958310723304749,4.729369902634062E-05,1.4925824416422984E-06,0.0011297441087663174,0.0029903955291956663
35.20000076293945,0.7999992370605469,0.9846366047859192,7.813820411683992E-05,6.456347364292014E-06,0.0003645054530352354,0.014914341270923615
35.29999923706055,0.7999992370605469,0.9418266415596008,0.0004686405009124428,4.101369995623827E-06,0.00015918702410999686,0.0575413703918457
35.400001525878906,0.7999992370605469,0.8797163367271423,0.0011047926964238286,1.4866445781080984E-05,4.339161023381166E-05,0.11912067234516144
35.5,0.7999992370605469,0.9407531023025513,0.0033291189465671778,1.3351606867217924E-05,1.5727911886642687E-05,0.05588872358202934
35.599998474121094,0.8000030517578125,0.7571378946304321,0.007698645815253258,4.852823258261196E-05,6.1981158978596795E-06,0.23510880768299103
35.70000076293945,0.7999992370605469,0.6357605457305908,0.0072800093330442905,5.099341433378868E-05,2.2601500404562103E-06,0.3569062054157257
35.79999923706055,0.7999992370605469,0.9720609188079834,0.007244600914418697,4.5377473725238815E-05,4.1092437186307507E-07,0.020648542791604996
35.900001525878906,0.7999992370605469,0.891572892665863,0.024609552696347237,0.00011522032582433894,1.6065807812992716E-06,0.08370061963796616
36,0.7999992370605469,0.9832440614700317,0.006237421650439501,3.6570068914443254E-05,1.7398566853898956E-07,0.010481775738298893
36.099998474121094,0.8000030517578125,0.9294087290763855,0.00369196361862123,4.147885556449182E-05,1.348046225757571E-07,0.06685764342546463
36.20000076293945,0.7999992370605469,0.9847452044487,0.0006539829773828387,0.00024972337996587157,4.713657020261053E-08,0.014351056888699532
36.29999923706055,0.7999992370605469,0.9963781833648682,0.00025603381800465286,0.0008418921497650445,2.697639445159439E-07,0.0025235547218471766
36.400001525878906,0.7999992370605469,0.9921305179595947,0.0005450533935800195,0.00010960747749777511,1.994717706566007E-07,0.00721454992890358
36.5,0.7999992370605469,0.9704244136810303,0.0001791020476957783,0.00025754072703421116,5.529192890207923E-07,0.029138367623090744
36.599998474121094,0.8000030517578125,0.9792770743370056,2.866387876565568E-05,0.000117826959467493,9.998293535318226E-07,0.020575519651174545
36.70000076293945,0.7999992370605469,0.9915879964828491,0.00015888363122940063,0.0036270925775170326,2.510008926037699E-06,0.0046235425397753716
36.79999923706055,0.7999992370605469,0.9936856031417847,8.655792044010013E-06,0.005442776717245579,1.1834077668027021E-05,0.0008511619525961578
36.900001525878906,0.7999992370605469,0.9919232726097107,3.50103982782457E-05,0.0075675505213439465,1.2779601092915982E-05,0.0004613721393980086
37,0.7999992370605469,0.7614352703094482,0.0003041208547074348,0.23709069192409515,6.730442692060024E-05,0.0011026067659258842
37.099998474121094,0.8000030517578125,0.04227960854768753,4.5843022235203534E-05,0.9565363526344299,0.00016563752433285117,0.000972550013102591
37.20000076293945,0.7999992370605469,0.011501987464725971,3.8064922591729555E-06,0.9876983165740967,0.00020900809613522142,0.0005869687884114683
37.29999923706055,0.7999992370605469,0.0813201367855072,2.039902756223455E-05,0.9132833480834961,1.069243808160536E-05,0.005365363787859678
37.400001525878906,0.7999992370605469,0.49244752526283264,0.0010961254592984915,0.49570432305336,6.063936234568246E-05,0.010691437870264053
37.5,0.7999992370605469,0.8585945963859558,0.0013847440714016557,0.12324333935976028,1.4593612831959035E-05,0.016762705519795418
37.599998474121094,0.8000030517578125,0.9923603534698486,8.842316310619935E-05,0.006828104145824909,3.108804378371133E-07,0.0007228729082271457
37.70000076293945,0.7999992370605469,0.9954643845558167,0.00014399623614735901,0.00043859260040335357,2.2544184048456373E-06,0.003950710874050856
37.79999923706055,0.7999992370605469,0.9984062910079956,3.6786202599614626E-06,2.1016592654632404E-05,2.504616304577212E-06,0.0015664350939914584
37.900001525878906,0.7999992370605469,0.996349036693573,6.363033548950625E-07,1.8040618670056574E-05,6.367802143358858E-06,0.003625943325459957
38,0.7999992370605469,0.9973599910736084,6.63244065890467E-07,4.081826318724779E-06,1.2238270755915437E-05,0.0026229762006551027
38.099998474121094,0.8000030517578125,0.991943895816803,9.790992407943122E-07,8.011815225472674E-06,2.4336890419363044E-05,0.008022855035960674
38.20000076293945,0.7999992370605469,0.9964011311531067,4.946294325236522E-07,8.585966497776099E-06,2.238731576653663E-05,0.0035674592945724726
38.29999923706055,0.7999992370605469,0.995618999004364,6.558975087500585E-07,5.300646989780944E-06,3.0754556064493954E-05,0.004344209097325802
38.400001525878906,0.7999992370605469,0.9973329901695251,6.277095394580101E-07,3.165086127410177E-06,1.7691058019408956E-05,0.0026454944163560867
38.5,0.7999992370605469,0.9980202913284302,7.986021728356718E-07,6.028124971635407E-06,8.092114512692206E-06,0.0019647737499326468
38.599998474121094,0.8000030517578125,0.9980095028877258,1.3544290595746133E-06,8.290679033962078E-06,9.32516013563145E-06,0.001971572171896696
38.70000076293945,0.7999992370605469,0.9977055191993713,4.891922344540944E-06,1.6930693163885735E-05,8.163446182152256E-06,0.0022644996643066406
38.79999923706055,0.7999992370605469,0.9987618923187256,8.588026503275614E-06,2.7135451091453433E-05,7.453960279235616E-06,0.0011948408791795373
38.900001525878906,0.7999992370605469,0.998784065246582,9.136443622992374E-06,2.1868365365662612E-05,4.617365448211785E-06,0.0011803150409832597
39,0.7999992370605469,0.9976252913475037,1.0280896276526619E-05,1.7242056856048293E-05,1.0334928447264247E-05,0.0023368666879832745
39.099998474121094,0.8000030517578125,0.9974175095558167,1.3214423233876005E-05,1.47294858834357E-05,1.600900577614084E-05,0.002538569737225771
39.20000076293945,0.7999992370605469,0.997302234172821,1.3387502804107498E-05,2.8844566259067506E-05,1.2595695807249285E-05,0.002642917213961482
39.29999923706055,0.7999992370605469,0.9969457387924194,4.5576339289254975E-06,1.4963950889068656E-05,4.689903653343208E-05,0.0029877927154302597
39.400001525878906,0.7999992370605469,0.9983853101730347,1.18435832519026E-06,5.186864655115642E-06,4.61821437056642E-05,0.0015620752237737179
39.5,0.7999992370605469,0.9959387183189392,1.1831236861326033E-06,4.751814230985474E-06,8.75276091392152E-05,0.00396782997995615
39.599998474121094,0.8000030517578125,0.994066059589386,1.5364186083388631E-06,5.840957328473451E-06,9.944449266185984E-05,0.0058272117748856544
39.70000076293945,0.7999992370605469,0.9942269325256348,1.921120883707772E-06,7.124952389858663E-06,0.00013267301255837083,0.005631358362734318
39.79999923706055,0.7999992370605469,0.9948230385780334,1.1423688874856452E-06,2.92533150059171E-06,0.00013772788224741817,0.005035240203142166
39.900001525878906,0.7999992370605469,0.9968021512031555,1.7748500340530882E-06,5.631533440464409E-06,0.00011789969721576199,0.003072476014494896
40,0.7999992370605469,0.9982558488845825,2.034977569564944E-06,3.6892215575790033E-06,5.090030754217878E-05,0.001687592943198979
40.099998474121094,0.8000030517578125,0.9984753131866455,4.280022039893083E-06,6.2892690948501695E-06,7.197457307484001E-05,0.0014421032974496484
40.20000076293945,0.7999992370605469,0.9974964261054993,1.8565013306215405E-05,6.902358109073248E-06,0.00013112134183757007,0.00234698923304677
40.29999923706055,0.7999992370605469,0.9981257319450378,1.3713620319322217E-05,4.6000500333320815E-06,8.777587208896875E-05,0.001768164918757975
40.400001525878906,0.7999992370605469,0.9975511431694031,0.00017199026478920132,3.100670437561348E-05,5.7522018323652446E-05,0.0021882972214370966
40.5,0.7999992370605469,0.9985466003417969,0.00020259809389244765,2.5090243070735596E-05,6.626490358030424E-05,0.0011595074320212007
40.599998474121094,0.8000030517578125,0.9925999641418457,0.005058936774730682,0.00026348730898462236,0.0002657678269315511,0.0018119195010513067
40.70000076293945,0.7999992370605469,0.9074229598045349,0.07528837025165558,0.00014983798610046506,0.004309073090553284,0.012829840183258057
40.79999923706055,0.7999992370605469,0.524652361869812,0.44937121868133545,0.0007781363092362881,0.005794437136501074,0.019403904676437378
40.900001525878906,0.7999992370605469,0.4768291115760803,0.23089812695980072,0.015215877443552017,0.009861745871603489,0.2671951651573181
41,0.7999992370605469,0.12675704061985016,0.0034474327694624662,0.04742681235074997,0.012763113714754581,0.809605598449707
41.099998474121094,0.8000030517578125,0.4624108374118805,0.0038309739902615547,0.009326203726232052,0.004092147573828697,0.5203397274017334
41.20000076293945,0.7999992370605469,0.834766685962677,0.0006661434308625758,0.0023920347448438406,0.0033209146931767464,0.15885424613952637
41.29999923706055,0.7999992370605469,0.8945615887641907,7.334354449994862E-05,8.84267283254303E-05,0.0003028963692486286,0.10497382283210754
41.400001525878906,0.7999992370605469,0.9527853727340698,9.847464752965607E-06,0.00020899796800222248,9.087647777050734E-05,0.04690494015812874
41.5,0.7999992370605469,0.9530156254768372,7.641582442374784E-07,4.817594890482724E-05,4.828567398362793E-05,0.04688716307282448
41.599998474121094,0.8000030517578125,0.9978098273277283,3.340296572673651E-08,6.0233237491047475E-06,4.887927389063407E-06,0.002179178176447749
41.70000076293945,0.7999992370605469,0.9976739883422852,7.689383352271761E-09,2.7267526547802845E-06,5.187308488530107E-06,0.002318082144483924
41.79999923706055,0.7999992370605469,0.9975189566612244,9.709257398071713E-09,3.2716538953536656E-06,5.833574505231809E-06,0.002471959451213479
41.900001525878906,0.7999992370605469,0.9979660511016846,1.1274158495666597E-08,3.1606216452928493E-06,4.024459485663101E-06,0.002026680624112487
42,0.7999992370605469,0.9971041083335876,1.1563646040713138E-08,5.677720309904544E-06,4.1695025174703915E-06,0.002886031521484256
42.099998474121094,0.8000030517578125,0.9973824620246887,1.6377365241737607E-08,5.108847290102858E-06,2.9484265269275056E-06,0.002609444782137871
42.20000076293945,0.7999992370605469,0.9985457062721252,2.138296473219725E-08,5.2957457228330895E-06,2.2571584850084037E-06,0.001446761772967875
42.29999923706055,0.7999992370605469,0.9984853267669678,2.2309704306167077E-08,6.240386937861331E-06,1.696888034530275E-06,0.0015067546628415585
42.400001525878906,0.7999992370605469,0.9982836842536926,3.251897950917737E-08,5.221555966272717E-06,1.0755289849839755E-06,0.00171001092530787
42.5,0.7999992370605469,0.9990085363388062,9.915913068425652E-08,1.3070639397483319E-05,6.175145017550676E-07,0.0009776756633073092
42.599998474121094,0.8000030517578125,0.9993219971656799,1.583999420518012E-07,1.3818162187817506E-05,2.5416954940737924E-07,0.0006637262995354831
42.70000076293945,0.7999992370605469,0.9992529153823853,8.35489572637016E-07,3.315381763968617E-05,2.39159788861798E-07,0.0007128805154934525
42.79999923706055,0.7999992370605469,0.9994340538978577,1.654687139307498E-06,2.9814831577823497E-05,2.446904545649886E-07,0.0005341237992979586
42.900001525878906,0.7999992370605469,0.9992477893829346,1.9511997379595414E-05,0.00019051753042731434,1.0113465265249033E-07,0.0005420205998234451
43,0.7999992370605469,0.9985364675521851,4.6553159336326644E-05,0.00016699715342838317,1.950503474290599E-07,0.001249715336598456
43.099998474121094,0.8000030517578125,0.9956488609313965,0.00016912742285057902,0.0013708124170079827,1.0599299002933549E-06,0.002810185309499502
43.20000076293945,0.7999992370605469,0.9871139526367188,7.203757559182122E-05,0.0008312320569530129,4.330715000833152E-06,0.011978315189480782
43.29999923706055,0.7999992370605469,0.9885433912277222,5.6493165175197646E-05,0.0002512395440135151,7.5161542554269545E-06,0.011141380295157433
43.400001525878906,0.7999992370605469,0.9738278388977051,2.634371639942401E-06,2.8046246370649897E-05,1.9946961401728913E-05,0.02612150087952614
43.5,0.7999992370605469,0.9816226959228516,1.5246935447521537E-07,1.4406024092750158E-05,6.462480087066069E-05,0.018298106268048286
43.599998474121094,0.8000030517578125,0.971126914024353,3.4665230685959614E-08,5.736209004680859E-06,0.0005655118147842586,0.028301836922764778
43.70000076293945,0.7999992370605469,0.981134295463562,7.45572936722283E-09,5.727185452997219E-06,0.001477475743740797,0.01738245226442814
43.79999923706055,0.7999992370605469,0.9808223247528076,9.474458551039788E-09,4.9602322178543545E-06,0.002377481432631612,0.01679524965584278
43.900001525878906,0.7999992370605469,0.9962878823280334,9.949079071702727E-08,3.551769395926385E-06,0.001615953049622476,0.0020925942808389664
44,0.7999992370605469,0.9948000907897949,1.1035638181056129E-06,8.703394087206107E-06,0.004129616543650627,0.0010604216950014234
44.099998474121094,0.8000030517578125,0.9856059551239014,5.2709852752741426E-05,6.489329825853929E-05,0.011511010117828846,0.0027653886936604977
44.20000076293945,0.7999992370605469,0.915827214717865,0.0008860256057232618,0.0005773351876996458,0.073941171169281,0.008768394589424133
44.29999923706055,0.7999992370605469,0.7090119123458862,0.03706618398427963,0.007122443988919258,0.2288600355386734,0.017939472571015358
44.400001525878906,0.7999992370605469,0.5546561479568481,0.03013385646045208,0.08171693235635757,0.3228439390659332,0.010649174451828003
44.5,0.7999992370605469,0.10694348812103271,0.024715082719922066,0.021056100726127625,0.840289294719696,0.006995999254286289
44.599998474121094,0.8000030517578125,0.6835646033287048,0.10831358283758163,0.00638332637026906,0.1838206946849823,0.017917798832058907
44.70000076293945,0.7999992370605469,0.7905477285385132,0.0827770084142685,0.001116703380830586,0.12323636561632156,0.0023221573792397976
44.79999923706055,0.7999992370605469,0.9804352521896362,0.008997348137199879,0.00033833199995569885,0.009024200029671192,0.0012047623749822378
44.900001525878906,0.7999992370605469,0.9948603510856628,0.003906938247382641,7.558547076769173E-05,0.0008844442199915648,0.00027263889205642045
45,0.7999992370605469,0.9959748387336731,0.00043204103712923825,5.788337512058206E-05,0.0016057199100032449,0.0019295384408906102
45.099998474121094,0.8000030517578125,0.9977134466171265,3.1982875952962786E-05,1.485468601458706E-05,0.001199978170916438,0.0010397105943411589
45.20000076293945,0.7999992370605469,0.9967378377914429,2.599414438009262E-05,1.1881696082127746E-05,0.0013907545944675803,0.001833536196500063
45.29999923706055,0.7999992370605469,0.9970332980155945,1.087642704078462E-05,9.428624252905138E-06,0.0015752925537526608,0.0013711522333323956
45.400001525878906,0.7999992370605469,0.9974349141120911,7.220585303002736E-06,2.0914426386298146E-06,0.0010118659120053053,0.0015439330600202084
45.5,0.7999992370605469,0.9962591528892517,4.479690687730908E-06,5.1088054533465765E-06,0.0024030813947319984,0.001328166457824409
45.599998474121094,0.8000030517578125,0.9967358112335205,2.808884119076538E-06,1.4763488707103534E-06,0.0013587368885055184,0.0019012033008038998
45.70000076293945,0.7999992370605469,0.9957135319709778,2.7520568437466864E-06,2.4381290586461546E-06,0.0022512837313115597,0.00202999752946198
45.79999923706055,0.7999992370605469,0.9959467053413391,3.477718564681709E-06,1.7073363096642424E-06,0.0017383176600560546,0.0023096860386431217
45.900001525878906,0.7999992370605469,0.9966257214546204,4.92767549076234E-06,2.0218242298142286E-06,0.0012756801443174481,0.0020915577188134193
46,0.7999992370605469,0.9974854588508606,6.02160116613959E-06,1.270025791200169E-06,0.0009188828989863396,0.001588405342772603
46.099998474121094,0.8000030517578125,0.9975273013114929,7.907165127107874E-06,1.7798080307329656E-06,0.00094846251886338,0.0015145308570936322
46.20000076293945,0.7999992370605469,0.9972902536392212,1.1612448361120187E-05,3.20869935421797E-06,0.0011688934173434973,0.0015260345535352826
46.29999923706055,0.7999992370605469,0.9973904490470886,1.4588988960895222E-05,3.132144911432988E-06,0.001036278554238379,0.0015554963611066341
46.400001525878906,0.7999992370605469,0.996999204158783,1.7033937183441594E-05,4.678352979681222E-06,0.0009302375256083906,0.0020488244481384754
46.5,0.7999992370605469,0.9964945316314697,3.9645019569434226E-05,9.494224286754616E-06,0.0013860418694093823,0.0020702455658465624
46.599998474121094,0.8000030517578125,0.9970220327377319,2.4127410142682493E-05,7.806417670508381E-06,0.0012170064728707075,0.0017290274845436215
46.70000076293945,0.7999992370605469,0.9969832897186279,1.4493472917820327E-05,8.192038876586594E-06,0.001229116809554398,0.001764781540259719
46.79999923706055,0.7999992370605469,0.9965587854385376,2.7060941647505388E-05,1.1263957276241854E-05,0.0010313428938388824,0.002371496520936489
