Time (seconds), Duration (seconds),pred_(unlabeled),pred_On,pred_Off,pred_Dimmer,pred_Lighter
0.01000,1.98000,1.00000,0.00000,0.00000,0.00000,0.00000
0.21000,1.98000,0.99998,0.00000,0.00000,0.00002,0.00000
0.41000,1.98000,0.99955,0.00000,0.00001,0.00043,0.00001
0.61000,1.98000,0.92795,0.00056,0.00023,0.06875,0.00251
0.81000,1.98000,0.32503,0.00353,0.00126,0.64682,0.02336
1.01000,1.98000,0.25190,0.00373,0.00120,0.71419,0.02898
1.21000,1.98000,0.80998,0.00179,0.00035,0.17836,0.00951
1.41000,1.98000,0.99497,0.00004,0.00006,0.00465,0.00028
1.61000,1.98000,0.99904,0.00000,0.00008,0.00083,0.00004
1.81000,1.98000,0.99989,0.00000,0.00004,0.00007,0.00000
2.01000,1.98000,1.00000,0.00000,0.00000,0.00000,0.00000
2.21000,1.98000,1.00000,0.00000,0.00000,0.00000,0.00000
2.41000,1.98000,1.00000,0.00000,0.00000,0.00000,0.00000
2.61000,1.98000,1.00000,0.00000,0.00000,0.00000,0.00000
2.81000,1.98000,1.00000,0.00000,0.00000,0.00000,0.00000
3.01000,1.98000,0.99995,0.00000,0.00002,0.00000,0.00003
3.21000,1.98000,0.99923,0.00000,0.00010,0.00001,0.00065
3.41000,1.98000,0.99771,0.00000,0.00017,0.00003,0.00208
3.61000,1.98000,0.99723,0.00000,0.00025,0.00005,0.00247
3.81000,1.98000,0.99900,0.00000,0.00011,0.00002,0.00088
4.01000,1.98000,0.99924,0.00000,0.00019,0.00001,0.00056
4.21000,1.98000,0.99952,0.00000,0.00024,0.00001,0.00023
4.41000,1.98000,0.99976,0.00000,0.00021,0.00001,0.00003
4.61000,1.98000,0.99992,0.00000,0.00007,0.00001,0.00000
4.81000,1.98000,0.99997,0.00000,0.00003,0.00000,0.00000
5.01000,1.98000,0.99998,0.00000,0.00002,0.00000,0.00000
5.21000,1.98000,0.99999,0.00000,0.00001,0.00000,0.00000
5.41000,1.98000,0.99999,0.00000,0.00001,0.00000,0.00000
5.61000,1.98000,1.00000,0.00000,0.00000,0.00000,0.00000
5.81000,1.98000,1.00000,0.00000,0.00000,0.00000,0.00000
6.01000,1.98000,1.00000,0.00000,0.00000,0.00000,0.00000
6.21000,1.98000,1.00000,0.00000,0.00000,0.00000,0.00000
6.41000,1.98000,1.00000,0.00000,0.00000,0.00000,0.00000
6.61000,1.98000,0.99999,0.00000,0.00000,0.00001,0.00000
6.81000,1.98000,0.99942,0.00000,0.00001,0.00055,0.00002
7.01000,1.98000,0.82384,0.00041,0.00073,0.16899,0.00603
7.21000,1.98000,0.44583,0.00121,0.00174,0.53081,0.02041
7.41000,1.98000,0.39984,0.00133,0.00172,0.57389,0.02322
7.61000,1.98000,0.75894,0.00057,0.00076,0.22948,0.01025
7.81000,1.98000,0.99750,0.00001,0.00005,0.00230,0.00014
8.01000,1.98000,0.99962,0.00000,0.00004,0.00033,0.00001
8.21000,1.98000,0.99995,0.00000,0.00002,0.00003,0.00000
8.41000,1.98000,0.99998,0.00000,0.00001,0.00000,0.00000
8.61000,1.98000,1.00000,0.00000,0.00000,0.00000,0.00000
8.81000,1.98000,1.00000,0.00000,0.00000,0.00000,0.00000
9.01000,1.98000,1.00000,0.00000,0.00000,0.00000,0.00000
9.21000,1.98000,1.00000,0.00000,0.00000,0.00000,0.00000
9.41000,1.98000,1.00000,0.00000,0.00000,0.00000,0.00000
9.61000,1.98000,1.00000,0.00000,0.00000,0.00000,0.00000
9.81000,1.98000,1.00000,0.00000,0.00000,0.00000,0.00000
10.01000,1.98000,1.00000,0.00000,0.00000,0.00000,0.00000
10.21000,1.98000,1.00000,0.00000,0.00000,0.00000,0.00000
10.41000,1.98000,1.00000,0.00000,0.00000,0.00000,0.00000
10.61000,1.98000,1.00000,0.00000,0.00000,0.00000,0.00000
10.81000,1.98000,1.00000,0.00000,0.00000,0.00000,0.00000
11.01000,1.98000,0.99999,0.00000,0.00001,0.00000,0.00000
11.21000,1.98000,0.99998,0.00000,0.00001,0.00000,0.00000
11.41000,1.98000,0.99995,0.00000,0.00003,0.00000,0.00001
11.61000,1.98000,0.99960,0.00000,0.00022,0.00006,0.00012
11.81000,1.98000,0.99943,0.00000,0.00028,0.00009,0.00020
12.01000,1.98000,0.99937,0.00000,0.00029,0.00012,0.00022
12.21000,1.98000,0.99970,0.00000,0.00011,0.00006,0.00013
12.41000,1.98000,0.99974,0.00000,0.00013,0.00005,0.00007
12.61000,1.98000,0.99985,0.00000,0.00011,0.00002,0.00001
12.81000,1.98000,0.99997,0.00000,0.00003,0.00001,0.00000
13.01000,1.98000,0.99998,0.00000,0.00002,0.00000,0.00000
13.21000,1.98000,0.99999,0.00000,0.00001,0.00000,0.00000
13.41000,1.98000,0.99999,0.00000,0.00000,0.00000,0.00000
13.61000,1.98000,1.00000,0.00000,0.00000,0.00000,0.00000
13.81000,1.98000,0.99999,0.00000,0.00001,0.00000,0.00000
14.01000,1.98000,0.99999,0.00000,0.00001,0.00000,0.00000
14.21000,1.98000,0.99999,0.00000,0.00001,0.00000,0.00000
14.41000,1.98000,0.99999,0.00000,0.00001,0.00000,0.00000
14.61000,1.98000,0.99999,0.00000,0.00001,0.00000,0.00000
14.81000,1.98000,0.99999,0.00000,0.00001,0.00000,0.00000
15.01000,1.98000,0.99999,0.00000,0.00001,0.00000,0.00000
15.21000,1.98000,1.00000,0.00000,0.00000,0.00000,0.00000
15.41000,1.98000,1.00000,0.00000,0.00000,0.00000,0.00000
15.61000,1.98000,0.99999,0.00000,0.00000,0.00001,0.00000
15.81000,1.98000,0.99967,0.00000,0.00000,0.00031,0.00001
16.01000,1.98000,0.92571,0.00029,0.00015,0.07176,0.00210
16.21000,1.98000,0.44178,0.00190,0.00067,0.53900,0.01666
16.41000,1.98000,0.40486,0.00213,0.00069,0.57161,0.02072
16.61000,1.98000,0.59906,0.00168,0.00049,0.38251,0.01626
16.81000,1.98000,0.99804,0.00002,0.00002,0.00180,0.00012
17.01000,1.98000,0.99956,0.00000,0.00003,0.00039,0.00002
17.21000,1.98000,0.99991,0.00000,0.00003,0.00006,0.00000
17.41000,1.98000,0.99998,0.00000,0.00002,0.00001,0.00000
17.61000,1.98000,1.00000,0.00000,0.00000,0.00000,0.00000
17.81000,1.98000,1.00000,0.00000,0.00000,0.00000,0.00000
18.01000,1.98000,1.00000,0.00000,0.00000,0.00000,0.00000
18.21000,1.98000,1.00000,0.00000,0.00000,0.00000,0.00000
18.41000,1.98000,1.00000,0.00000,0.00000,0.00000,0.00000
18.61000,1.98000,1.00000,0.00000,0.00000,0.00000,0.00000
18.81000,1.98000,0.99998,0.00000,0.00001,0.00001,0.00000
19.01000,1.98000,0.99981,0.00000,0.00010,0.00009,0.00001
19.21000,1.98000,0.99952,0.00000,0.00020,0.00024,0.00004
19.41000,1.98000,0.99893,0.00000,0.00036,0.00061,0.00011
19.61000,1.98000,0.99860,0.00000,0.00041,0.00083,0.00015
19.81000,1.98000,0.99859,0.00000,0.00036,0.00088,0.00018
20.01000,1.98000,0.99996,0.00000,0.00001,0.00002,0.00001
20.21000,1.98000,0.99984,0.00000,0.00011,0.00004,0.00001
20.41000,1.98000,0.99986,0.00000,0.00008,0.00006,0.00000
20.61000,1.98000,0.99993,0.00000,0.00002,0.00004,0.00000
20.81000,1.98000,0.99998,0.00000,0.00000,0.00001,0.00000
21.01000,1.98000,0.99997,0.00000,0.00001,0.00002,0.00000
21.21000,1.98000,0.99987,0.00000,0.00003,0.00010,0.00000
21.41000,1.98000,0.99983,0.00000,0.00003,0.00013,0.00000
21.61000,1.98000,0.99908,0.00000,0.00013,0.00077,0.00001
21.81000,1.98000,0.99762,0.00000,0.00033,0.00201,0.00003
22.01000,1.98000,0.99844,0.00000,0.00036,0.00118,0.00002
22.21000,1.98000,0.99955,0.00000,0.00012,0.00032,0.00001
22.41000,1.98000,0.99931,0.00000,0.00014,0.00053,0.00002
22.61000,1.98000,0.99892,0.00000,0.00017,0.00085,0.00005
22.81000,1.98000,0.99836,0.00000,0.00027,0.00125,0.00013
23.01000,1.98000,0.99462,0.00001,0.00076,0.00401,0.00060
23.21000,1.98000,0.99462,0.00001,0.00096,0.00358,0.00083
23.41000,1.98000,0.97079,0.00007,0.00473,0.01758,0.00683
23.61000,1.98000,0.97033,0.00005,0.00513,0.01592,0.00857
23.81000,1.98000,0.97806,0.00005,0.00329,0.01188,0.00672
24.01000,1.98000,0.99928,0.00000,0.00026,0.00027,0.00020
24.21000,1.98000,0.99921,0.00000,0.00039,0.00033,0.00008
24.41000,1.98000,0.99997,0.00000,0.00002,0.00001,0.00000
24.61000,1.98000,0.99999,0.00000,0.00001,0.00000,0.00000
24.81000,1.98000,0.99999,0.00000,0.00001,0.00000,0.00000
25.01000,1.98000,1.00000,0.00000,0.00000,0.00000,0.00000
25.21000,1.98000,1.00000,0.00000,0.00000,0.00000,0.00000
25.41000,1.98000,1.00000,0.00000,0.00000,0.00000,0.00000
25.61000,1.98000,1.00000,0.00000,0.00000,0.00000,0.00000
25.81000,1.98000,1.00000,0.00000,0.00000,0.00000,0.00000
26.01000,1.98000,0.99998,0.00000,0.00000,0.00002,0.00000
26.21000,1.98000,0.99514,0.00001,0.00002,0.00465,0.00017
26.41000,1.98000,0.77167,0.00028,0.00056,0.22053,0.00696
26.61000,1.98000,0.51443,0.00056,0.00092,0.46781,0.01628
26.81000,1.98000,0.36566,0.00081,0.00116,0.60896,0.02341
27.01000,1.98000,0.90176,0.00021,0.00022,0.09336,0.00445
27.21000,1.98000,0.99665,0.00000,0.00007,0.00312,0.00016
27.41000,1.98000,0.99960,0.00000,0.00006,0.00033,0.00001
27.61000,1.98000,0.99993,0.00000,0.00004,0.00002,0.00000
27.81000,1.98000,1.00000,0.00000,0.00000,0.00000,0.00000
28.01000,1.98000,1.00000,0.00000,0.00000,0.00000,0.00000
28.21000,1.98000,1.00000,0.00000,0.00000,0.00000,0.00000
28.41000,1.98000,1.00000,0.00000,0.00000,0.00000,0.00000
28.61000,1.98000,1.00000,0.00000,0.00000,0.00000,0.00000
28.81000,1.98000,1.00000,0.00000,0.00000,0.00000,0.00000
29.01000,1.98000,0.99999,0.00000,0.00000,0.00000,0.00000
29.21000,1.98000,0.99998,0.00000,0.00001,0.00001,0.00000
29.41000,1.98000,0.99986,0.00000,0.00007,0.00006,0.00000
29.61000,1.98000,0.99973,0.00000,0.00012,0.00014,0.00001
29.81000,1.98000,0.99976,0.00000,0.00009,0.00014,0.00001
30.01000,1.98000,0.99941,0.00000,0.00022,0.00036,0.00001
30.21000,1.98000,0.99891,0.00000,0.00031,0.00074,0.00003
30.41000,1.98000,0.99912,0.00000,0.00022,0.00063,0.00003
30.61000,1.98000,0.99996,0.00000,0.00002,0.00002,0.00000
30.81000,1.98000,0.99997,0.00000,0.00002,0.00001,0.00000
31.01000,1.98000,0.99998,0.00000,0.00001,0.00001,0.00000
31.21000,1.98000,0.99999,0.00000,0.00001,0.00000,0.00000
31.41000,1.98000,0.99999,0.00000,0.00000,0.00000,0.00000
31.61000,1.98000,1.00000,0.00000,0.00000,0.00000,0.00000
31.81000,1.98000,1.00000,0.00000,0.00000,0.00000,0.00000
32.01000,1.98000,0.99999,0.00000,0.00000,0.00000,0.00000
32.21000,1.98000,0.99999,0.00000,0.00000,0.00000,0.00000
32.41000,1.98000,0.99999,0.00000,0.00001,0.00000,0.00000
32.61000,1.98000,0.99998,0.00000,0.00001,0.00001,0.00000
32.81000,1.98000,0.99997,0.00000,0.00001,0.00001,0.00000
33.01000,1.98000,0.99998,0.00000,0.00001,0.00001,0.00000
33.21000,1.98000,0.99998,0.00000,0.00001,0.00001,0.00000
33.41000,1.98000,0.99998,0.00000,0.00001,0.00001,0.00000
33.61000,1.98000,0.99999,0.00000,0.00001,0.00001,0.00000
33.81000,1.98000,0.99999,0.00000,0.00001,0.00000,0.00000
34.01000,1.98000,0.99999,0.00000,0.00000,0.00000,0.00000
34.21000,1.98000,1.00000,0.00000,0.00000,0.00000,0.00000
34.41000,1.98000,1.00000,0.00000,0.00000,0.00000,0.00000
34.61000,1.98000,1.00000,0.00000,0.00000,0.00000,0.00000
34.81000,1.98000,1.00000,0.00000,0.00000,0.00000,0.00000
35.01000,1.98000,1.00000,0.00000,0.00000,0.00000,0.00000
35.21000,1.98000,1.00000,0.00000,0.00000,0.00000,0.00000
35.41000,1.98000,1.00000,0.00000,0.00000,0.00000,0.00000
35.61000,1.98000,1.00000,0.00000,0.00000,0.00000,0.00000
35.81000,1.98000,1.00000,0.00000,0.00000,0.00000,0.00000
36.01000,1.98000,1.00000,0.00000,0.00000,0.00000,0.00000
36.21000,1.98000,0.99999,0.00000,0.00001,0.00000,0.00000
36.41000,1.98000,0.99999,0.00000,0.00001,0.00000,0.00000
36.61000,1.98000,0.99998,0.00000,0.00001,0.00000,0.00000
36.81000,1.98000,0.99998,0.00000,0.00002,0.00001,0.00000
37.01000,1.98000,0.99999,0.00000,0.00001,0.00000,0.00000
37.21000,1.98000,0.99997,0.00000,0.00002,0.00001,0.00000
37.41000,1.98000,0.99998,0.00000,0.00001,0.00001,0.00000
37.61000,1.98000,0.99998,0.00000,0.00001,0.00001,0.00000
37.81000,1.98000,1.00000,0.00000,0.00000,0.00000,0.00000
38.01000,1.98000,0.99999,0.00000,0.00000,0.00001,0.00000
38.21000,1.98000,0.99968,0.00001,0.00000,0.00029,0.00002
38.41000,1.98000,0.98548,0.00013,0.00007,0.01322,0.00110
38.61000,1.98000,0.46925,0.00303,0.00113,0.48840,0.03819
38.81000,1.98000,0.63294,0.00187,0.00108,0.33255,0.03155
39.01000,1.98000,0.52714,0.00207,0.00114,0.44265,0.02701
39.21000,1.98000,0.99078,0.00007,0.00006,0.00833,0.00076
39.41000,1.98000,0.99913,0.00000,0.00006,0.00076,0.00005
39.61000,1.98000,0.99989,0.00000,0.00003,0.00007,0.00000
39.81000,1.98000,0.99999,0.00000,0.00001,0.00000,0.00000
40.01000,1.98000,1.00000,0.00000,0.00000,0.00000,0.00000
40.21000,1.98000,1.00000,0.00000,0.00000,0.00000,0.00000
40.41000,1.98000,1.00000,0.00000,0.00000,0.00000,0.00000
40.61000,1.98000,0.99999,0.00000,0.00000,0.00000,0.00000
40.81000,1.98000,1.00000,0.00000,0.00000,0.00000,0.00000
41.01000,1.98000,1.00000,0.00000,0.00000,0.00000,0.00000
41.21000,1.98000,1.00000,0.00000,0.00000,0.00000,0.00000
41.41000,1.98000,1.00000,0.00000,0.00000,0.00000,0.00000
41.61000,1.98000,0.99998,0.00000,0.00001,0.00001,0.00000
41.81000,1.98000,0.99998,0.00000,0.00001,0.00001,0.00000
42.01000,1.98000,0.99994,0.00000,0.00003,0.00003,0.00000
42.21000,1.98000,0.99981,0.00000,0.00007,0.00011,0.00001
42.41000,1.98000,0.99946,0.00000,0.00017,0.00034,0.00003
42.61000,1.98000,0.99968,0.00000,0.00009,0.00021,0.00002
42.81000,1.98000,0.99982,0.00000,0.00004,0.00013,0.00001
43.01000,1.98000,0.99990,0.00000,0.00003,0.00007,0.00001
43.21000,1.98000,0.99994,0.00000,0.00002,0.00003,0.00000
43.41000,1.98000,0.99998,0.00000,0.00001,0.00001,0.00000
43.61000,1.98000,0.99996,0.00000,0.00002,0.00002,0.00000
43.81000,1.98000,0.99993,0.00000,0.00003,0.00004,0.00000
44.01000,1.98000,0.99994,0.00000,0.00003,0.00003,0.00000
44.21000,1.98000,0.99988,0.00000,0.00005,0.00007,0.00000
44.41000,1.98000,0.99985,0.00000,0.00005,0.00009,0.00001
44.61000,1.98000,0.99959,0.00000,0.00011,0.00027,0.00003
44.81000,1.98000,0.99945,0.00000,0.00015,0.00035,0.00004
45.01000,1.98000,0.99981,0.00000,0.00007,0.00011,0.00001
45.21000,1.98000,0.99990,0.00000,0.00005,0.00005,0.00000
45.41000,1.98000,0.99994,0.00000,0.00003,0.00002,0.00000
45.61000,1.98000,0.99997,0.00000,0.00002,0.00001,0.00000
45.81000,1.98000,0.99998,0.00000,0.00001,0.00001,0.00000
46.01000,1.98000,0.99997,0.00000,0.00002,0.00001,0.00000
46.21000,1.98000,0.99999,0.00000,0.00001,0.00000,0.00000
46.41000,1.98000,0.99999,0.00000,0.00001,0.00000,0.00000
46.61000,1.98000,1.00000,0.00000,0.00000,0.00000,0.00000
46.81000,1.98000,0.99999,0.00000,0.00000,0.00001,0.00000
47.01000,1.98000,0.99995,0.00000,0.00000,0.00005,0.00000
47.21000,1.98000,0.99956,0.00001,0.00000,0.00041,0.00002
47.41000,1.98000,0.99499,0.00015,0.00001,0.00450,0.00035
47.61000,1.98000,0.42960,0.00584,0.00065,0.53293,0.03098
47.81000,1.98000,0.28592,0.00786,0.00082,0.66929,0.03611
48.01000,1.98000,0.32110,0.00703,0.00080,0.63974,0.03133
48.21000,1.98000,0.98949,0.00035,0.00004,0.00940,0.00072
48.41000,1.98000,0.99775,0.00001,0.00009,0.00203,0.00012
48.61000,1.98000,0.99975,0.00000,0.00006,0.00018,0.00001
48.81000,1.98000,0.99996,0.00000,0.00003,0.00001,0.00000
49.01000,1.98000,0.99999,0.00000,0.00001,0.00000,0.00000
49.21000,1.98000,1.00000,0.00000,0.00000,0.00000,0.00000
49.41000,1.98000,1.00000,0.00000,0.00000,0.00000,0.00000
49.61000,1.98000,1.00000,0.00000,0.00000,0.00000,0.00000
49.81000,1.98000,1.00000,0.00000,0.00000,0.00000,0.00000
50.01000,1.98000,1.00000,0.00000,0.00000,0.00000,0.00000
50.21000,1.98000,1.00000,0.00000,0.00000,0.00000,0.00000
50.41000,1.98000,1.00000,0.00000,0.00000,0.00000,0.00000
50.61000,1.98000,0.99999,0.00000,0.00000,0.00000,0.00000
50.81000,1.98000,0.99999,0.00000,0.00001,0.00000,0.00000
51.01000,1.98000,0.99997,0.00000,0.00002,0.00001,0.00000
51.21000,1.98000,0.99997,0.00000,0.00001,0.00001,0.00000
51.41000,1.98000,0.99996,0.00000,0.00002,0.00002,0.00000
51.61000,1.98000,0.99994,0.00000,0.00002,0.00004,0.00000
51.81000,1.98000,0.99995,0.00000,0.00002,0.00003,0.00000
52.01000,1.98000,0.99996,0.00000,0.00002,0.00002,0.00000
52.21000,1.98000,0.99997,0.00000,0.00001,0.00002,0.00000
52.41000,1.98000,0.99996,0.00000,0.00002,0.00002,0.00000
52.61000,1.98000,0.99998,0.00000,0.00001,0.00001,0.00000
52.81000,1.98000,0.99998,0.00000,0.00001,0.00001,0.00000
53.01000,1.98000,0.99997,0.00000,0.00001,0.00002,0.00000
53.21000,1.98000,0.99997,0.00000,0.00002,0.00002,0.00000
53.41000,1.98000,0.99995,0.00000,0.00002,0.00003,0.00000
53.61000,1.98000,0.99995,0.00000,0.00002,0.00003,0.00000
53.81000,1.98000,0.99997,0.00000,0.00002,0.00001,0.00000
54.01000,1.98000,0.99997,0.00000,0.00001,0.00001,0.00000
54.21000,1.98000,0.99997,0.00000,0.00002,0.00001,0.00000
54.41000,1.98000,0.99998,0.00000,0.00001,0.00001,0.00000
54.61000,1.98000,0.99999,0.00000,0.00001,0.00000,0.00000
54.81000,1.98000,0.99996,0.00000,0.00002,0.00001,0.00000
55.01000,1.98000,0.99998,0.00000,0.00002,0.00001,0.00000
55.21000,1.98000,0.99998,0.00000,0.00001,0.00000,0.00000
55.41000,1.98000,0.99997,0.00000,0.00002,0.00001,0.00000
55.61000,1.98000,0.99994,0.00000,0.00004,0.00002,0.00000
55.81000,1.98000,0.99995,0.00000,0.00003,0.00002,0.00000
56.01000,1.98000,0.99938,0.00000,0.00031,0.00030,0.00001
56.21000,1.98000,0.99989,0.00000,0.00006,0.00005,0.00000
56.41000,1.98000,0.99982,0.00000,0.00011,0.00007,0.00000
56.61000,1.98000,0.99966,0.00000,0.00021,0.00013,0.00000
56.81000,1.98000,0.99968,0.00000,0.00019,0.00012,0.00000
57.01000,1.98000,0.99992,0.00000,0.00005,0.00003,0.00000
57.21000,1.98000,0.99998,0.00000,0.00001,0.00001,0.00000
57.41000,1.98000,1.00000,0.00000,0.00000,0.00000,0.00000
57.61000,1.98000,1.00000,0.00000,0.00000,0.00000,0.00000
57.81000,1.98000,0.99999,0.00000,0.00000,0.00001,0.00000
58.01000,1.98000,0.99991,0.00000,0.00000,0.00009,0.00000
58.21000,1.98000,0.99191,0.00003,0.00003,0.00752,0.00052
58.41000,1.98000,0.61432,0.00077,0.00062,0.36347,0.02081
58.61000,1.98000,0.54166,0.00107,0.00069,0.42731,0.02926
58.81000,1.98000,0.49831,0.00141,0.00075,0.46084,0.03869
59.01000,1.98000,0.98818,0.00006,0.00006,0.01040,0.00131
59.21000,1.98000,0.99879,0.00000,0.00005,0.00105,0.00011
59.41000,1.98000,0.99986,0.00000,0.00003,0.00009,0.00001
59.61000,1.98000,0.99997,0.00000,0.00002,0.00001,0.00000
59.81000,1.98000,0.99999,0.00000,0.00001,0.00000,0.00000
60.01000,1.98000,0.99999,0.00000,0.00001,0.00000,0.00000
60.21000,1.98000,0.99999,0.00000,0.00001,0.00000,0.00000
60.41000,1.98000,0.99999,0.00000,0.00001,0.00000,0.00000
60.61000,1.98000,0.99998,0.00000,0.00002,0.00001,0.00000
60.81000,1.98000,0.99998,0.00000,0.00001,0.00001,0.00000
61.01000,1.98000,0.99990,0.00000,0.00004,0.00005,0.00000
61.21000,1.98000,0.99965,0.00000,0.00012,0.00021,0.00002
61.41000,1.98000,0.99958,0.00000,0.00012,0.00026,0.00003
61.61000,1.98000,0.99992,0.00000,0.00003,0.00005,0.00001
61.81000,1.98000,0.99989,0.00000,0.00005,0.00006,0.00000
62.01000,1.98000,0.99997,0.00000,0.00001,0.00001,0.00000
62.21000,1.98000,0.99997,0.00000,0.00002,0.00001,0.00000
62.41000,1.98000,0.99999,0.00000,0.00001,0.00000,0.00000
62.61000,1.98000,1.00000,0.00000,0.00000,0.00000,0.00000
62.81000,1.98000,0.99999,0.00000,0.00000,0.00000,0.00000
63.01000,1.98000,0.99999,0.00000,0.00000,0.00000,0.00000
63.21000,1.98000,0.99999,0.00000,0.00001,0.00000,0.00000
63.41000,1.98000,0.99999,0.00000,0.00001,0.00000,0.00000
63.61000,1.98000,0.99999,0.00000,0.00000,0.00000,0.00000
63.81000,1.98000,0.99999,0.00000,0.00001,0.00000,0.00000
64.01000,1.98000,0.99999,0.00000,0.00001,0.00000,0.00000
64.21000,1.98000,0.99999,0.00000,0.00001,0.00001,0.00000
64.41000,1.98000,0.99999,0.00000,0.00001,0.00000,0.00000
64.61000,1.98000,0.99999,0.00000,0.00000,0.00000,0.00000
64.81000,1.98000,0.99999,0.00000,0.00000,0.00000,0.00000
65.01000,1.98000,0.99999,0.00000,0.00001,0.00000,0.00000
65.21000,1.98000,0.99998,0.00000,0.00001,0.00001,0.00000
65.41000,1.98000,0.99998,0.00000,0.00001,0.00001,0.00000
65.61000,1.98000,0.99998,0.00000,0.00001,0.00001,0.00000
65.81000,1.98000,0.99999,0.00000,0.00001,0.00000,0.00000
66.01000,1.98000,0.99999,0.00000,0.00001,0.00000,0.00000
66.21000,1.98000,0.99999,0.00000,0.00001,0.00000,0.00000
66.41000,1.98000,0.99999,0.00000,0.00000,0.00000,0.00000
66.61000,1.98000,0.99999,0.00000,0.00000,0.00000,0.00000
66.81000,1.98000,0.99998,0.00000,0.00002,0.00000,0.00000
67.01000,1.98000,0.99999,0.00000,0.00001,0.00000,0.00000
67.21000,1.98000,0.99999,0.00000,0.00001,0.00000,0.00000
67.41000,1.98000,0.99999,0.00000,0.00001,0.00000,0.00000
67.61000,1.98000,0.99998,0.00000,0.00001,0.00001,0.00000
67.81000,1.98000,0.99998,0.00000,0.00002,0.00001,0.00000
68.01000,1.98000,0.99998,0.00000,0.00001,0.00000,0.00000
68.21000,1.98000,0.99999,0.00000,0.00001,0.00000,0.00000
68.41000,1.98000,1.00000,0.00000,0.00000,0.00000,0.00000
68.61000,1.98000,1.00000,0.00000,0.00000,0.00000,0.00000
68.81000,1.98000,1.00000,0.00000,0.00000,0.00000,0.00000
69.01000,1.98000,1.00000,0.00000,0.00000,0.00000,0.00000
69.21000,1.98000,1.00000,0.00000,0.00000,0.00000,0.00000
69.41000,1.98000,1.00000,0.00000,0.00000,0.00000,0.00000
69.61000,1.98000,1.00000,0.00000,0.00000,0.00000,0.00000
69.81000,1.98000,1.00000,0.00000,0.00000,0.00000,0.00000
70.01000,1.98000,1.00000,0.00000,0.00000,0.00000,0.00000
70.21000,1.98000,1.00000,0.00000,0.00000,0.00000,0.00000
70.41000,1.98000,1.00000,0.00000,0.00000,0.00000,0.00000
70.61000,1.98000,1.00000,0.00000,0.00000,0.00000,0.00000
70.81000,1.98000,1.00000,0.00000,0.00000,0.00000,0.00000
71.01000,1.98000,1.00000,0.00000,0.00000,0.00000,0.00000
71.21000,1.98000,1.00000,0.00000,0.00000,0.00000,0.00000
71.41000,1.98000,1.00000,0.00000,0.00000,0.00000,0.00000
71.61000,1.98000,1.00000,0.00000,0.00000,0.00000,0.00000
71.81000,1.98000,0.99998,0.00000,0.00000,0.00001,0.00000
72.01000,1.98000,0.99949,0.00000,0.00000,0.00049,0.00002
72.21000,1.98000,0.83619,0.00031,0.00026,0.15777,0.00547
72.41000,1.98000,0.51704,0.00087,0.00071,0.46250,0.01888
72.61000,1.98000,0.57601,0.00085,0.00059,0.40515,0.01740
72.81000,1.98000,0.92327,0.00027,0.00012,0.07282,0.00352
73.01000,1.98000,0.99570,0.00001,0.00007,0.00403,0.00019
73.21000,1.98000,0.99965,0.00000,0.00003,0.00030,0.00001
73.41000,1.98000,0.99997,0.00000,0.00001,0.00002,0.00000
73.61000,1.98000,0.99997,0.00000,0.00002,0.00001,0.00000
73.81000,1.98000,1.00000,0.00000,0.00000,0.00000,0.00000
74.01000,1.98000,1.00000,0.00000,0.00000,0.00000,0.00000
74.21000,1.98000,1.00000,0.00000,0.00000,0.00000,0.00000
74.41000,1.98000,1.00000,0.00000,0.00000,0.00000,0.00000
74.61000,1.98000,1.00000,0.00000,0.00000,0.00000,0.00000
74.81000,1.98000,1.00000,0.00000,0.00000,0.00000,0.00000
75.01000,1.98000,1.00000,0.00000,0.00000,0.00000,0.00000
75.21000,1.98000,1.00000,0.00000,0.00000,0.00000,0.00000
75.41000,1.98000,1.00000,0.00000,0.00000,0.00000,0.00000
75.61000,1.98000,0.99999,0.00000,0.00000,0.00000,0.00000
75.81000,1.98000,0.99999,0.00000,0.00001,0.00000,0.00000
76.01000,1.98000,0.99999,0.00000,0.00001,0.00000,0.00000
76.21000,1.98000,0.99999,0.00000,0.00001,0.00000,0.00000
76.41000,1.98000,0.99999,0.00000,0.00001,0.00000,0.00000
76.61000,1.98000,0.99999,0.00000,0.00001,0.00000,0.00000
76.81000,1.98000,0.99999,0.00000,0.00000,0.00000,0.00000
77.01000,1.98000,1.00000,0.00000,0.00000,0.00000,0.00000
77.21000,1.98000,1.00000,0.00000,0.00000,0.00000,0.00000
77.41000,1.98000,1.00000,0.00000,0.00000,0.00000,0.00000
77.61000,1.98000,1.00000,0.00000,0.00000,0.00000,0.00000
77.81000,1.98000,0.99999,0.00000,0.00000,0.00000,0.00000
78.01000,1.98000,0.99999,0.00000,0.00001,0.00000,0.00000
78.21000,1.98000,0.99999,0.00000,0.00001,0.00000,0.00000
78.41000,1.98000,0.99999,0.00000,0.00000,0.00000,0.00000
78.61000,1.98000,0.99999,0.00000,0.00001,0.00000,0.00000
78.81000,1.98000,0.99999,0.00000,0.00000,0.00000,0.00000
79.01000,1.98000,1.00000,0.00000,0.00000,0.00000,0.00000
79.21000,1.98000,0.99999,0.00000,0.00000,0.00000,0.00000
79.41000,1.98000,0.99999,0.00000,0.00001,0.00000,0.00000
79.61000,1.98000,0.99999,0.00000,0.00001,0.00000,0.00000
79.81000,1.98000,1.00000,0.00000,0.00000,0.00000,0.00000
80.01000,1.98000,1.00000,0.00000,0.00000,0.00000,0.00000
80.21000,1.98000,1.00000,0.00000,0.00000,0.00000,0.00000
80.41000,1.98000,1.00000,0.00000,0.00000,0.00000,0.00000
80.61000,1.98000,0.99997,0.00000,0.00000,0.00003,0.00000
80.81000,1.98000,0.99993,0.00000,0.00000,0.00007,0.00000
81.01000,1.98000,0.95461,0.00011,0.00005,0.04391,0.00131
81.21000,1.98000,0.47422,0.00115,0.00037,0.50930,0.01496
81.41000,1.98000,0.36902,0.00148,0.00036,0.60713,0.02200
81.61000,1.98000,0.51523,0.00144,0.00025,0.46586,0.01721
81.81000,1.98000,0.98326,0.00005,0.00007,0.01565,0.00098
82.01000,1.98000,0.99821,0.00000,0.00004,0.00166,0.00008
82.21000,1.98000,0.99984,0.00000,0.00003,0.00013,0.00001
82.41000,1.98000,0.99997,0.00000,0.00002,0.00001,0.00000
82.61000,1.98000,1.00000,0.00000,0.00000,0.00000,0.00000
82.81000,1.98000,0.99999,0.00000,0.00000,0.00000,0.00000
83.01000,1.98000,0.99999,0.00000,0.00001,0.00000,0.00000
83.21000,1.98000,0.99999,0.00000,0.00000,0.00000,0.00000
83.41000,1.98000,0.99999,0.00000,0.00001,0.00001,0.00000
83.61000,1.98000,0.99984,0.00000,0.00006,0.00009,0.00000
83.81000,1.98000,0.99979,0.00000,0.00008,0.00013,0.00001
84.01000,1.98000,0.99979,0.00000,0.00007,0.00013,0.00001
84.21000,1.98000,0.99982,0.00000,0.00005,0.00012,0.00001
84.41000,1.98000,0.99995,0.00000,0.00002,0.00003,0.00000
84.61000,1.98000,0.99989,0.00000,0.00004,0.00007,0.00000
84.81000,1.98000,0.99993,0.00000,0.00003,0.00004,0.00000
85.01000,1.98000,0.99998,0.00000,0.00001,0.00001,0.00000
85.21000,1.98000,0.99997,0.00000,0.00002,0.00002,0.00000
85.41000,1.98000,0.99996,0.00000,0.00002,0.00002,0.00000
85.61000,1.98000,0.99997,0.00000,0.00001,0.00002,0.00000
85.81000,1.98000,0.99997,0.00000,0.00001,0.00001,0.00000
86.01000,1.98000,0.99998,0.00000,0.00001,0.00001,0.00000
86.21000,1.98000,0.99998,0.00000,0.00001,0.00001,0.00000
86.41000,1.98000,0.99998,0.00000,0.00001,0.00001,0.00000
86.61000,1.98000,0.99998,0.00000,0.00001,0.00001,0.00000
86.81000,1.98000,0.99999,0.00000,0.00001,0.00000,0.00000
87.01000,1.98000,0.99999,0.00000,0.00001,0.00000,0.00000
87.21000,1.98000,0.99998,0.00000,0.00001,0.00001,0.00000
87.41000,1.98000,0.99997,0.00000,0.00002,0.00001,0.00000
87.61000,1.98000,0.99997,0.00000,0.00001,0.00002,0.00000
87.81000,1.98000,0.99998,0.00000,0.00001,0.00001,0.00000
88.01000,1.98000,0.99998,0.00000,0.00001,0.00001,0.00000
88.21000,1.98000,0.99999,0.00000,0.00001,0.00000,0.00000
88.41000,1.98000,0.99999,0.00000,0.00001,0.00000,0.00000
88.61000,1.98000,0.99999,0.00000,0.00000,0.00000,0.00000
88.81000,1.98000,1.00000,0.00000,0.00000,0.00000,0.00000
89.01000,1.98000,1.00000,0.00000,0.00000,0.00000,0.00000
89.21000,1.98000,1.00000,0.00000,0.00000,0.00000,0.00000
89.41000,1.98000,1.00000,0.00000,0.00000,0.00000,0.00000
89.61000,1.98000,1.00000,0.00000,0.00000,0.00000,0.00000
89.81000,1.98000,1.00000,0.00000,0.00000,0.00000,0.00000
90.01000,1.98000,1.00000,0.00000,0.00000,0.00000,0.00000
90.21000,1.98000,1.00000,0.00000,0.00000,0.00000,0.00000
90.41000,1.98000,1.00000,0.00000,0.00000,0.00000,0.00000
90.61000,1.98000,1.00000,0.00000,0.00000,0.00000,0.00000
90.81000,1.98000,0.99999,0.00000,0.00000,0.00001,0.00000
91.01000,1.98000,0.99982,0.00000,0.00000,0.00016,0.00001
91.21000,1.98000,0.91089,0.00018,0.00024,0.08362,0.00507
91.41000,1.98000,0.43276,0.00117,0.00103,0.53188,0.03315
91.61000,1.98000,0.40693,0.00117,0.00103,0.55510,0.03578
91.81000,1.98000,0.92932,0.00033,0.00014,0.06521,0.00499
92.01000,1.98000,0.99387,0.00002,0.00005,0.00559,0.00047
92.21000,1.98000,0.99932,0.00000,0.00003,0.00062,0.00003
92.41000,1.98000,0.99992,0.00000,0.00002,0.00006,0.00000
92.61000,1.98000,0.99998,0.00000,0.00002,0.00001,0.00000
92.81000,1.98000,1.00000,0.00000,0.00000,0.00000,0.00000
93.01000,1.98000,1.00000,0.00000,0.00000,0.00000,0.00000
93.21000,1.98000,1.00000,0.00000,0.00000,0.00000,0.00000
93.41000,1.98000,1.00000,0.00000,0.00000,0.00000,0.00000
93.61000,1.98000,1.00000,0.00000,0.00000,0.00000,0.00000
93.81000,1.98000,1.00000,0.00000,0.00000,0.00000,0.00000
94.01000,1.98000,1.00000,0.00000,0.00000,0.00000,0.00000
94.21000,1.98000,0.99999,0.00000,0.00000,0.00000,0.00000
94.41000,1.98000,0.99999,0.00000,0.00001,0.00000,0.00000
94.61000,1.98000,0.99999,0.00000,0.00001,0.00001,0.00000
94.81000,1.98000,0.99999,0.00000,0.00001,0.00001,0.00000
95.01000,1.98000,0.99998,0.00000,0.00001,0.00001,0.00000
95.21000,1.98000,0.99995,0.00000,0.00002,0.00003,0.00000
95.41000,1.98000,0.99982,0.00000,0.00005,0.00012,0.00001
95.61000,1.98000,0.99991,0.00000,0.00002,0.00006,0.00000
95.81000,1.98000,0.99994,0.00000,0.00002,0.00004,0.00000
96.01000,1.98000,0.99985,0.00000,0.00004,0.00010,0.00000
96.21000,1.98000,0.99987,0.00000,0.00004,0.00009,0.00000
96.41000,1.98000,0.99979,0.00000,0.00005,0.00015,0.00001
96.61000,1.98000,0.99980,0.00000,0.00005,0.00014,0.00000
96.81000,1.98000,0.99989,0.00000,0.00004,0.00007,0.00000
97.01000,1.98000,0.99992,0.00000,0.00004,0.00004,0.00000
97.21000,1.98000,0.99996,0.00000,0.00002,0.00002,0.00000
97.41000,1.98000,0.99998,0.00000,0.00001,0.00001,0.00000
97.61000,1.98000,0.99999,0.00000,0.00001,0.00000,0.00000
97.81000,1.98000,0.99999,0.00000,0.00000,0.00000,0.00000
98.01000,1.98000,1.00000,0.00000,0.00000,0.00000,0.00000
98.21000,1.98000,1.00000,0.00000,0.00000,0.00000,0.00000
98.41000,1.98000,1.00000,0.00000,0.00000,0.00000,0.00000
98.61000,1.98000,1.00000,0.00000,0.00000,0.00000,0.00000
98.81000,1.98000,0.99999,0.00000,0.00001,0.00000,0.00000
99.01000,1.98000,0.99999,0.00000,0.00001,0.00000,0.00000
99.21000,1.98000,0.99999,0.00000,0.00001,0.00000,0.00000
99.41000,1.98000,1.00000,0.00000,0.00000,0.00000,0.00000
99.61000,1.98000,0.99997,0.00000,0.00000,0.00003,0.00000
99.81000,1.98000,0.99985,0.00000,0.00000,0.00014,0.00001
100.01000,1.98000,0.97823,0.00011,0.00005,0.01993,0.00168
100.21000,1.98000,0.59786,0.00174,0.00040,0.36684,0.03315
100.41000,1.98000,0.51050,0.00120,0.00077,0.44987,0.03766
100.61000,1.98000,0.59449,0.00090,0.00059,0.37997,0.02405
100.81000,1.98000,0.96638,0.00012,0.00006,0.03086,0.00258
101.01000,1.98000,0.99580,0.00001,0.00006,0.00384,0.00030
101.21000,1.98000,0.99962,0.00000,0.00004,0.00031,0.00003
101.41000,1.98000,0.99991,0.00000,0.00005,0.00004,0.00000
101.61000,1.98000,0.99999,0.00000,0.00001,0.00000,0.00000
101.81000,1.98000,0.99999,0.00000,0.00001,0.00000,0.00000
102.01000,1.98000,0.99999,0.00000,0.00000,0.00000,0.00000
102.21000,1.98000,1.00000,0.00000,0.00000,0.00000,0.00000
102.41000,1.98000,1.00000,0.00000,0.00000,0.00000,0.00000
102.61000,1.98000,1.00000,0.00000,0.00000,0.00000,0.00000
102.81000,1.98000,1.00000,0.00000,0.00000,0.00000,0.00000
103.01000,1.98000,1.00000,0.00000,0.00000,0.00000,0.00000
103.21000,1.98000,1.00000,0.00000,0.00000,0.00000,0.00000
103.41000,1.98000,0.99999,0.00000,0.00000,0.00000,0.00000
103.61000,1.98000,0.99999,0.00000,0.00001,0.00000,0.00000
103.81000,1.98000,0.99999,0.00000,0.00001,0.00001,0.00000
104.01000,1.98000,0.99998,0.00000,0.00001,0.00001,0.00000
104.21000,1.98000,0.99998,0.00000,0.00001,0.00001,0.00000
104.41000,1.98000,0.99997,0.00000,0.00001,0.00002,0.00000
104.61000,1.98000,0.99996,0.00000,0.00001,0.00002,0.00000
104.81000,1.98000,0.99993,0.00000,0.00002,0.00004,0.00000
105.01000,1.98000,0.99984,0.00000,0.00005,0.00011,0.00000
105.21000,1.98000,0.99964,0.00000,0.00009,0.00025,0.00001
105.41000,1.98000,0.99955,0.00000,0.00011,0.00032,0.00002
105.61000,1.98000,0.99941,0.00000,0.00014,0.00043,0.00002
105.81000,1.98000,0.99948,0.00000,0.00014,0.00036,0.00002
106.01000,1.98000,0.99958,0.00000,0.00013,0.00028,0.00002
106.21000,1.98000,0.99974,0.00000,0.00010,0.00014,0.00001
106.41000,1.98000,0.99998,0.00000,0.00001,0.00001,0.00000
106.61000,1.98000,0.99999,0.00000,0.00001,0.00000,0.00000
106.81000,1.98000,1.00000,0.00000,0.00000,0.00000,0.00000
107.01000,1.98000,0.99999,0.00000,0.00001,0.00000,0.00000
107.21000,1.98000,0.99999,0.00000,0.00000,0.00000,0.00000
107.41000,1.98000,0.99999,0.00000,0.00000,0.00001,0.00000
107.61000,1.98000,0.99996,0.00000,0.00000,0.00003,0.00001
107.81000,1.98000,0.99878,0.00000,0.00001,0.00084,0.00037
108.01000,1.98000,0.87400,0.00036,0.00026,0.08275,0.04263
108.21000,1.98000,0.27041,0.00122,0.00078,0.49548,0.23211
108.41000,1.98000,0.73021,0.00058,0.00035,0.17785,0.09101
108.61000,1.98000,0.92736,0.00008,0.00065,0.05378,0.01813
108.81000,1.98000,0.99572,0.00002,0.00002,0.00387,0.00037
109.01000,1.98000,0.99900,0.00000,0.00004,0.00091,0.00005
109.21000,1.98000,0.99989,0.00000,0.00003,0.00008,0.00000
109.41000,1.98000,0.99998,0.00000,0.00002,0.00000,0.00000
109.61000,1.98000,0.99999,0.00000,0.00001,0.00000,0.00000
109.81000,1.98000,1.00000,0.00000,0.00000,0.00000,0.00000
110.01000,1.98000,1.00000,0.00000,0.00000,0.00000,0.00000
110.21000,1.98000,1.00000,0.00000,0.00000,0.00000,0.00000
110.41000,1.98000,0.99999,0.00000,0.00000,0.00000,0.00000
110.61000,1.98000,0.99999,0.00000,0.00001,0.00001,0.00000
110.81000,1.98000,0.99996,0.00000,0.00002,0.00002,0.00000
111.01000,1.98000,0.99991,0.00000,0.00003,0.00006,0.00000
111.21000,1.98000,0.99973,0.00000,0.00005,0.00022,0.00001
111.41000,1.98000,0.99897,0.00000,0.00013,0.00087,0.00003
111.61000,1.98000,0.99880,0.00000,0.00013,0.00102,0.00005
111.81000,1.98000,0.99663,0.00000,0.00034,0.00285,0.00017
112.01000,1.98000,0.99789,0.00000,0.00024,0.00178,0.00009
112.21000,1.98000,0.99871,0.00000,0.00015,0.00109,0.00005
112.41000,1.98000,0.99824,0.00000,0.00022,0.00147,0.00007
112.61000,1.98000,0.99848,0.00000,0.00022,0.00123,0.00007
112.81000,1.98000,0.99936,0.00000,0.00013,0.00049,0.00002
113.01000,1.98000,0.99962,0.00000,0.00010,0.00027,0.00001
113.21000,1.98000,0.99986,0.00000,0.00005,0.00009,0.00000
113.41000,1.98000,0.99995,0.00000,0.00002,0.00002,0.00000
113.61000,1.98000,0.99997,0.00000,0.00001,0.00002,0.00000
113.81000,1.98000,0.99994,0.00000,0.00002,0.00004,0.00000
114.01000,1.98000,0.99990,0.00000,0.00001,0.00009,0.00000
114.21000,1.98000,0.99987,0.00000,0.00000,0.00012,0.00000
114.41000,1.98000,0.99969,0.00000,0.00000,0.00029,0.00001
114.61000,1.98000,0.99713,0.00003,0.00001,0.00278,0.00006
114.81000,1.98000,0.96364,0.00058,0.00002,0.03489,0.00087
115.01000,1.98000,0.81082,0.00522,0.00004,0.17828,0.00564
115.21000,1.98000,0.03037,0.01447,0.00006,0.92991,0.02519
115.41000,1.98000,0.12312,0.01459,0.00009,0.82728,0.03493
115.61000,1.98000,0.55556,0.00485,0.00025,0.42317,0.01617
115.81000,1.98000,0.91699,0.00094,0.00026,0.07872,0.00309
116.01000,1.98000,0.99230,0.00007,0.00013,0.00722,0.00028
116.21000,1.98000,0.99941,0.00000,0.00006,0.00050,0.00002
116.41000,1.98000,0.99994,0.00000,0.00002,0.00004,0.00000
116.61000,1.98000,0.99999,0.00000,0.00000,0.00000,0.00000
116.81000,1.98000,1.00000,0.00000,0.00000,0.00000,0.00000
117.01000,1.98000,1.00000,0.00000,0.00000,0.00000,0.00000
117.21000,1.98000,1.00000,0.00000,0.00000,0.00000,0.00000
117.41000,1.98000,1.00000,0.00000,0.00000,0.00000,0.00000
117.61000,1.98000,1.00000,0.00000,0.00000,0.00000,0.00000
117.81000,1.98000,1.00000,0.00000,0.00000,0.00000,0.00000
118.01000,1.98000,1.00000,0.00000,0.00000,0.00000,0.00000
118.21000,1.98000,1.00000,0.00000,0.00000,0.00000,0.00000
118.41000,1.98000,1.00000,0.00000,0.00000,0.00000,0.00000
118.61000,1.98000,0.99999,0.00000,0.00000,0.00000,0.00000
118.81000,1.98000,0.99999,0.00000,0.00001,0.00001,0.00000
119.01000,1.98000,0.99997,0.00000,0.00001,0.00002,0.00000
119.21000,1.98000,0.99995,0.00000,0.00002,0.00003,0.00000
119.41000,1.98000,0.99991,0.00000,0.00003,0.00006,0.00000
119.61000,1.98000,0.99980,0.00000,0.00005,0.00014,0.00001
119.81000,1.98000,0.99974,0.00000,0.00006,0.00019,0.00001
120.01000,1.98000,0.99977,0.00000,0.00005,0.00017,0.00001
120.21000,1.98000,0.99976,0.00000,0.00005,0.00017,0.00001
120.41000,1.98000,0.99976,0.00000,0.00005,0.00017,0.00002
120.61000,1.98000,0.99971,0.00000,0.00006,0.00021,0.00002
120.81000,1.98000,0.99963,0.00000,0.00008,0.00026,0.00003
121.01000,1.98000,0.99927,0.00000,0.00013,0.00056,0.00004
121.21000,1.98000,0.99942,0.00000,0.00011,0.00044,0.00003
121.41000,1.98000,0.99946,0.00000,0.00010,0.00041,0.00003
121.61000,1.98000,0.99925,0.00000,0.00013,0.00059,0.00003
121.81000,1.98000,0.99948,0.00000,0.00010,0.00041,0.00001
122.01000,1.98000,0.99981,0.00000,0.00004,0.00015,0.00000
122.21000,1.98000,0.99983,0.00000,0.00004,0.00012,0.00000
122.41000,1.98000,0.99987,0.00000,0.00004,0.00009,0.00000
122.61000,1.98000,0.99992,0.00000,0.00003,0.00005,0.00000
122.81000,1.98000,0.99996,0.00000,0.00002,0.00002,0.00000
123.01000,1.98000,0.99998,0.00000,0.00001,0.00001,0.00000
123.21000,1.98000,0.99999,0.00000,0.00001,0.00000,0.00000
123.41000,1.98000,0.99999,0.00000,0.00001,0.00000,0.00000
123.61000,1.98000,1.00000,0.00000,0.00000,0.00000,0.00000
123.81000,1.98000,1.00000,0.00000,0.00000,0.00000,0.00000
124.01000,1.98000,1.00000,0.00000,0.00000,0.00000,0.00000
124.21000,1.98000,1.00000,0.00000,0.00000,0.00000,0.00000
124.41000,1.98000,1.00000,0.00000,0.00000,0.00000,0.00000
124.61000,1.98000,1.00000,0.00000,0.00000,0.00000,0.00000
124.81000,1.98000,1.00000,0.00000,0.00000,0.00000,0.00000
125.01000,1.98000,1.00000,0.00000,0.00000,0.00000,0.00000
125.21000,1.98000,1.00000,0.00000,0.00000,0.00000,0.00000
125.41000,1.98000,1.00000,0.00000,0.00000,0.00000,0.00000
125.61000,1.98000,1.00000,0.00000,0.00000,0.00000,0.00000
125.81000,1.98000,0.99999,0.00000,0.00000,0.00001,0.00000
126.01000,1.98000,0.99990,0.00000,0.00000,0.00009,0.00000
126.21000,1.98000,0.99829,0.00003,0.00001,0.00163,0.00005
126.41000,1.98000,0.71828,0.00226,0.00026,0.26882,0.01038
126.61000,1.98000,0.16909,0.00508,0.00049,0.79706,0.02828
126.81000,1.98000,0.25500,0.00454,0.00048,0.71233,0.02764
127.01000,1.98000,0.97069,0.00030,0.00009,0.02706,0.00188
127.21000,1.98000,0.99553,0.00002,0.00008,0.00415,0.00022
127.41000,1.98000,0.99969,0.00000,0.00004,0.00025,0.00002
127.61000,1.98000,0.99994,0.00000,0.00003,0.00003,0.00000
127.81000,1.98000,1.00000,0.00000,0.00000,0.00000,0.00000
128.00999,1.98001,1.00000,0.00000,0.00000,0.00000,0.00000
128.21001,1.98000,1.00000,0.00000,0.00000,0.00000,0.00000
128.41000,1.98000,0.99999,0.00000,0.00001,0.00000,0.00000
128.61000,1.98000,0.99998,0.00000,0.00001,0.00001,0.00000
128.81000,1.98000,0.99989,0.00000,0.00006,0.00002,0.00002
129.00999,1.98001,0.99961,0.00000,0.00016,0.00008,0.00015
129.21001,1.98000,0.99909,0.00000,0.00028,0.00022,0.00040
129.41000,1.98000,0.99909,0.00000,0.00017,0.00024,0.00050
129.61000,1.98000,0.99813,0.00000,0.00029,0.00055,0.00103
129.81000,1.98000,0.99843,0.00000,0.00041,0.00045,0.00071
130.00999,1.98001,0.99832,0.00000,0.00042,0.00054,0.00071
130.21001,1.98000,0.99852,0.00000,0.00053,0.00054,0.00040
130.41000,1.98000,0.99883,0.00000,0.00048,0.00055,0.00013
