Time (seconds), Duration (seconds),pred_(unlabeled),pred_empty_box,pred_table
0.00250,0.49500,0.03353,0.96644,0.00002
0.10250,0.49500,0.02338,0.97658,0.00003
0.20250,0.49500,0.02751,0.97244,0.00005
0.30250,0.49500,0.03218,0.96779,0.00003
0.40250,0.49500,0.07578,0.92421,0.00001
0.50250,0.49500,0.03060,0.96939,0.00001
0.60250,0.49500,0.07154,0.92846,0.00000
0.70250,0.49500,0.08333,0.91666,0.00001
0.80250,0.49500,0.03642,0.96357,0.00001
0.90250,0.49500,0.03728,0.96271,0.00001
1.00250,0.49500,0.03644,0.96352,0.00004
1.10250,0.49500,0.02327,0.97669,0.00004
1.20250,0.49500,0.02471,0.97525,0.00004
1.30250,0.49500,0.02480,0.97513,0.00007
1.40250,0.49500,0.02912,0.97084,0.00005
1.50250,0.49500,0.07931,0.92067,0.00002
1.60250,0.49500,0.04458,0.95541,0.00002
1.70250,0.49500,0.09256,0.90743,0.00002
1.80250,0.49500,0.03027,0.96968,0.00005
1.90250,0.49500,0.01734,0.98263,0.00004
2.00250,0.49500,0.02910,0.97088,0.00002
2.10250,0.49500,0.03434,0.96563,0.00003
2.20250,0.49500,0.03454,0.96542,0.00004
2.30250,0.49500,0.02633,0.97360,0.00007
2.40250,0.49500,0.03446,0.96550,0.00004
2.50250,0.49500,0.04002,0.95994,0.00003
2.60250,0.49500,0.02019,0.97978,0.00003
2.70250,0.49500,0.04375,0.95623,0.00002
2.80250,0.49500,0.02099,0.97894,0.00006
2.90250,0.49500,0.02800,0.97198,0.00002
3.00250,0.49500,0.02105,0.97891,0.00004
3.10250,0.49500,0.02839,0.97153,0.00007
3.20250,0.49500,0.02662,0.97334,0.00004
3.30250,0.49500,0.02033,0.97961,0.00006
3.40250,0.49500,0.02249,0.97748,0.00003
3.50250,0.49500,0.01905,0.98084,0.00011
3.60250,0.49500,0.06216,0.93782,0.00002
3.70250,0.49500,0.04515,0.95482,0.00003
3.80250,0.49500,0.03177,0.96819,0.00004
3.90250,0.49500,0.02324,0.97676,0.00001
4.00250,0.49500,0.03091,0.96908,0.00001
4.10250,0.49500,0.05613,0.94384,0.00003
4.20250,0.49500,0.04748,0.95251,0.00001
4.30250,0.49500,0.05195,0.94803,0.00001
4.40250,0.49500,0.03064,0.96932,0.00004
4.50250,0.49500,0.02407,0.97587,0.00006
4.60250,0.49500,0.03067,0.96924,0.00009
4.70250,0.49500,0.06391,0.93604,0.00005
4.80250,0.49500,0.05865,0.94133,0.00002
4.90250,0.49500,0.08457,0.91541,0.00002
5.00250,0.49500,0.08103,0.91897,0.00000
5.10250,0.49500,0.07423,0.92577,0.00000
5.20250,0.49500,0.09678,0.90320,0.00002
5.30250,0.49500,0.07016,0.92983,0.00001
5.40250,0.49500,0.08368,0.91630,0.00002
5.50250,0.49500,0.09940,0.90059,0.00002
5.60250,0.49500,0.09028,0.90969,0.00004
5.70250,0.49500,0.07075,0.92920,0.00004
5.80250,0.49500,0.17641,0.82357,0.00001
5.90250,0.49500,0.10028,0.89972,0.00000
6.00250,0.49500,0.08559,0.91441,0.00000
6.10250,0.49500,0.08410,0.91587,0.00003
6.20250,0.49500,0.04858,0.95141,0.00000
6.30250,0.49500,0.05980,0.94018,0.00002
6.40250,0.49500,0.07071,0.92925,0.00003
6.50250,0.49500,0.06744,0.93252,0.00005
6.60250,0.49500,0.04976,0.95018,0.00006
6.70250,0.49500,0.02708,0.97286,0.00006
6.80250,0.49500,0.08483,0.91515,0.00001
6.90250,0.49500,0.05924,0.94071,0.00005
7.00250,0.49500,0.08471,0.91527,0.00002
7.10250,0.49500,0.06725,0.93273,0.00003
7.20250,0.49500,0.04264,0.95733,0.00003
7.30250,0.49500,0.04645,0.95351,0.00003
7.40250,0.49500,0.02306,0.97688,0.00006
7.50250,0.49500,0.02286,0.97709,0.00005
7.60250,0.49500,0.03002,0.96992,0.00006
7.70250,0.49500,0.02482,0.97503,0.00015
7.80250,0.49500,0.02135,0.97850,0.00015
7.90250,0.49500,0.02189,0.97800,0.00012
8.00250,0.49500,0.01805,0.98174,0.00021
8.10250,0.49500,0.07250,0.92743,0.00006
8.20250,0.49500,0.01935,0.98048,0.00017
8.30250,0.49500,0.07152,0.92845,0.00003
8.40250,0.49500,0.02415,0.97576,0.00009
8.50250,0.49500,0.04344,0.95650,0.00006
8.60250,0.49500,0.02381,0.97601,0.00018
8.70250,0.49500,0.03340,0.96655,0.00004
8.80250,0.49500,0.02303,0.97688,0.00010
8.90250,0.49500,0.02971,0.97017,0.00011
9.00250,0.49500,0.02043,0.97919,0.00038
9.10250,0.49500,0.03772,0.96218,0.00010
9.20250,0.49500,0.02138,0.97847,0.00015
9.30250,0.49500,0.04944,0.95048,0.00008
9.40250,0.49500,0.02503,0.97482,0.00015
9.50250,0.49500,0.03425,0.96569,0.00006
9.60250,0.49500,0.02821,0.97169,0.00010
9.70250,0.49500,0.02099,0.97888,0.00013
9.80250,0.49500,0.03971,0.96021,0.00008
9.90250,0.49500,0.02110,0.97879,0.00011
10.00250,0.49500,0.01978,0.97999,0.00023
10.10250,0.49500,0.02929,0.97063,0.00009
10.20250,0.49500,0.01878,0.98078,0.00044
10.30250,0.49500,0.02723,0.97266,0.00011
10.40250,0.49500,0.02384,0.97593,0.00023
10.50250,0.49500,0.02564,0.97425,0.00011
10.60250,0.49500,0.02389,0.97593,0.00019
10.70250,0.49500,0.02119,0.97877,0.00004
10.80250,0.49500,0.02711,0.97286,0.00003
10.90250,0.49500,0.04358,0.95634,0.00008
11.00250,0.49500,0.03569,0.96423,0.00008
11.10250,0.49500,0.02442,0.97545,0.00012
11.20250,0.49500,0.02675,0.97308,0.00017
11.30250,0.49500,0.02689,0.97288,0.00023
11.40250,0.49500,0.04664,0.95326,0.00009
11.50250,0.49500,0.05349,0.94645,0.00007
11.60250,0.49500,0.03353,0.96643,0.00004
11.70250,0.49500,0.04310,0.95685,0.00005
11.80250,0.49500,0.03291,0.96704,0.00005
11.90250,0.49500,0.13281,0.86719,0.00000
12.00250,0.49500,0.08927,0.91069,0.00004
12.10250,0.49500,0.37939,0.62059,0.00002
12.20250,0.49500,0.41897,0.58103,0.00000
12.30250,0.49500,0.18697,0.81303,0.00000
12.40250,0.49500,0.15953,0.84047,0.00000
12.50250,0.49500,0.06972,0.93027,0.00000
12.60250,0.49500,0.96602,0.03398,0.00000
12.70250,0.49500,0.99957,0.00043,0.00000
12.80250,0.49500,0.91325,0.08675,0.00000
12.90250,0.49500,0.99999,0.00001,0.00000
13.00250,0.49500,0.99998,0.00002,0.00000
13.10250,0.49500,0.96593,0.03407,0.00000
13.20250,0.49500,0.99989,0.00011,0.00000
13.30250,0.49500,0.93972,0.06028,0.00000
13.40250,0.49500,0.99983,0.00017,0.00000
13.50250,0.49500,0.74671,0.25329,0.00000
13.60250,0.49500,0.94623,0.05377,0.00000
13.70250,0.49500,0.99999,0.00001,0.00000
13.80250,0.49500,0.96793,0.03207,0.00000
13.90250,0.49500,0.98960,0.01040,0.00000
14.00250,0.49500,0.96046,0.03954,0.00000
14.10250,0.49500,0.99387,0.00613,0.00000
14.20250,0.49500,0.97596,0.02404,0.00000
14.30250,0.49500,0.85481,0.14519,0.00000
14.40250,0.49500,0.37278,0.62722,0.00000
14.50250,0.49500,0.38420,0.61580,0.00000
14.60250,0.49500,0.32961,0.67039,0.00000
14.70250,0.49500,0.35290,0.64710,0.00000
14.80250,0.49500,0.83435,0.16565,0.00000
14.90250,0.49500,0.87834,0.12166,0.00000
15.00250,0.49500,0.51845,0.48155,0.00000
15.10250,0.49500,0.73201,0.26799,0.00000
15.20250,0.49500,0.47647,0.52353,0.00000
15.30250,0.49500,0.08254,0.91746,0.00000
15.40250,0.49500,0.21407,0.78593,0.00000
15.50250,0.49500,0.13404,0.86596,0.00000
15.60250,0.49500,0.22695,0.77305,0.00000
15.70250,0.49500,0.18211,0.81789,0.00000
15.80250,0.49500,0.14813,0.85187,0.00000
15.90250,0.49500,0.23577,0.76423,0.00000
16.00250,0.49500,0.29477,0.70523,0.00000
16.10250,0.49500,0.15360,0.84640,0.00000
16.20250,0.49500,0.27713,0.72287,0.00000
16.30250,0.49500,0.21499,0.78501,0.00000
16.40250,0.49500,0.14787,0.85212,0.00000
16.50250,0.49500,0.17301,0.82699,0.00000
16.60250,0.49500,0.19362,0.80635,0.00004
16.70250,0.49500,0.13460,0.86531,0.00009
16.80250,0.49500,0.49007,0.50989,0.00004
16.90250,0.49500,0.34655,0.65338,0.00007
17.00250,0.49500,0.30980,0.69020,0.00000
17.10250,0.49500,0.25379,0.74621,0.00000
17.20250,0.49500,0.25678,0.74318,0.00004
17.30250,0.49500,0.37908,0.62091,0.00002
17.40250,0.49500,0.18935,0.81063,0.00002
17.50250,0.49500,0.23998,0.75999,0.00004
17.60250,0.49500,0.34634,0.65354,0.00012
17.70250,0.49500,0.42200,0.57791,0.00009
17.80250,0.49500,0.20176,0.79786,0.00038
17.90250,0.49500,0.20776,0.79196,0.00029
18.00250,0.49500,0.54997,0.44944,0.00059
18.10250,0.49500,0.13822,0.86085,0.00093
18.20250,0.49500,0.29210,0.70779,0.00012
18.30250,0.49500,0.12911,0.87053,0.00036
18.40250,0.49500,0.11598,0.88375,0.00027
18.50250,0.49500,0.26066,0.73900,0.00034
18.60250,0.49500,0.14448,0.85251,0.00302
18.70250,0.49500,0.56626,0.43360,0.00014
18.80250,0.49500,0.22098,0.77868,0.00035
18.90250,0.49500,0.40733,0.59244,0.00022
19.00250,0.49500,0.24896,0.75098,0.00006
19.10250,0.49500,0.36190,0.63807,0.00002
19.20250,0.49500,0.25478,0.74502,0.00019
19.30250,0.49500,0.22082,0.77910,0.00008
19.40250,0.49500,0.21286,0.78664,0.00050
19.50250,0.49500,0.22551,0.77424,0.00025
19.60250,0.49500,0.14688,0.85187,0.00125
19.70250,0.49500,0.28443,0.71509,0.00048
19.80250,0.49500,0.07688,0.92231,0.00081
19.90250,0.49500,0.21002,0.78880,0.00118
20.00250,0.49500,0.12088,0.87741,0.00171
20.10250,0.49500,0.16682,0.83218,0.00099
20.20250,0.49500,0.12667,0.87249,0.00084
20.30250,0.49500,0.16534,0.83426,0.00040
20.40250,0.49500,0.17494,0.82484,0.00022
20.50250,0.49500,0.34287,0.65702,0.00011
20.60250,0.49500,0.52822,0.47171,0.00007
20.70250,0.49500,0.26746,0.73242,0.00012
20.80250,0.49500,0.15212,0.84776,0.00011
20.90250,0.49500,0.31048,0.68951,0.00001
21.00250,0.49500,0.25794,0.74115,0.00092
21.10250,0.49500,0.30667,0.69332,0.00002
21.20250,0.49500,0.54159,0.45820,0.00021
21.30250,0.49500,0.29378,0.70611,0.00011
21.40250,0.49500,0.20159,0.79832,0.00008
21.50250,0.49500,0.16715,0.83283,0.00002
21.60250,0.49500,0.16537,0.83454,0.00008
21.70250,0.49500,0.21044,0.78949,0.00007
21.80250,0.49500,0.24802,0.75194,0.00004
21.90250,0.49500,0.31548,0.68451,0.00001
22.00250,0.49500,0.17894,0.82106,0.00001
22.10250,0.49500,0.25611,0.74389,0.00000
22.20250,0.49500,0.24259,0.75740,0.00000
22.30250,0.49500,0.11721,0.88278,0.00001
22.40250,0.49500,0.15090,0.84910,0.00000
22.50250,0.49500,0.12751,0.87248,0.00000
22.60250,0.49500,0.42408,0.57590,0.00002
22.70250,0.49500,0.47928,0.52068,0.00004
22.80250,0.49500,0.48240,0.51760,0.00000
22.90250,0.49500,0.31552,0.68447,0.00001
23.00250,0.49500,0.26829,0.73167,0.00004
23.10250,0.49500,0.23182,0.76798,0.00020
23.20250,0.49500,0.18222,0.81697,0.00081
23.30250,0.49500,0.11924,0.88065,0.00011
23.40250,0.49500,0.11048,0.88937,0.00015
23.50250,0.49500,0.41866,0.58111,0.00024
23.60250,0.49500,0.12035,0.87958,0.00007
23.70250,0.49500,0.22061,0.77938,0.00002
23.80250,0.49500,0.20078,0.79911,0.00011
23.90250,0.49500,0.23317,0.76676,0.00007
24.00250,0.49500,0.34277,0.65722,0.00001
24.10250,0.49500,0.12385,0.87612,0.00003
24.20250,0.49500,0.32561,0.67438,0.00001
24.30250,0.49500,0.11750,0.88243,0.00007
24.40250,0.49500,0.53447,0.46553,0.00000
24.50250,0.49500,0.55773,0.44187,0.00040
24.60250,0.49500,0.40060,0.59937,0.00003
24.70250,0.49500,0.53113,0.46885,0.00001
24.80250,0.49500,0.24348,0.75645,0.00007
24.90250,0.49500,0.50676,0.49317,0.00006
25.00250,0.49500,0.75560,0.24436,0.00005
25.10250,0.49500,0.77770,0.22230,0.00000
25.20250,0.49500,0.64359,0.35641,0.00000
25.30250,0.49500,0.87200,0.12800,0.00000
25.40250,0.49500,0.97061,0.02939,0.00000
25.50250,0.49500,0.91015,0.08985,0.00000
25.60250,0.49500,0.74783,0.25217,0.00000
25.70250,0.49500,0.99993,0.00007,0.00000
25.80250,0.49500,0.99989,0.00011,0.00000
25.90250,0.49500,1.00000,0.00000,0.00000
26.00250,0.49500,1.00000,0.00000,0.00000
26.10250,0.49500,1.00000,0.00000,0.00000
26.20250,0.49500,1.00000,0.00000,0.00000
26.30250,0.49500,0.99936,0.00064,0.00000
26.40250,0.49500,0.99942,0.00058,0.00000
26.50250,0.49500,0.92286,0.07714,0.00000
26.60250,0.49500,0.83344,0.16655,0.00001
26.70250,0.49500,0.71262,0.28738,0.00000
26.80250,0.49500,0.51243,0.48757,0.00000
26.90250,0.49500,0.37010,0.62984,0.00006
27.00250,0.49500,0.25953,0.74044,0.00002
27.10250,0.49500,0.24871,0.75119,0.00010
27.20250,0.49500,0.32365,0.67609,0.00026
27.30250,0.49500,0.20478,0.79478,0.00044
27.40250,0.49500,0.19899,0.80074,0.00027
27.50250,0.49500,0.26194,0.73801,0.00005
27.60250,0.49500,0.35029,0.64971,0.00000
27.70250,0.49500,0.30700,0.69299,0.00001
27.80250,0.49500,0.29313,0.70687,0.00000
27.90250,0.49500,0.35207,0.64793,0.00000
28.00250,0.49500,0.32776,0.67223,0.00001
28.10250,0.49500,0.23771,0.76229,0.00000
28.20250,0.49500,0.22753,0.77247,0.00000
28.30250,0.49500,0.28265,0.71734,0.00000
28.40250,0.49500,0.28925,0.71074,0.00001
28.50250,0.49500,0.33440,0.66559,0.00001
28.60250,0.49500,0.26150,0.73850,0.00000
28.70250,0.49500,0.27618,0.72382,0.00001
28.80250,0.49500,0.20094,0.79905,0.00001
28.90250,0.49500,0.22988,0.77008,0.00004
29.00250,0.49500,0.20668,0.79327,0.00005
29.10250,0.49500,0.17547,0.82444,0.00009
29.20250,0.49500,0.19926,0.80064,0.00009
29.30250,0.49500,0.19828,0.80162,0.00010
29.40250,0.49500,0.20628,0.79364,0.00008
29.50250,0.49500,0.09162,0.90831,0.00008
29.60250,0.49500,0.10850,0.89143,0.00007
29.70250,0.49500,0.08402,0.91590,0.00008
29.80250,0.49500,0.05851,0.94141,0.00008
29.90250,0.49500,0.07597,0.92393,0.00010
30.00250,0.49500,0.03858,0.96132,0.00010
30.10250,0.49500,0.03764,0.96223,0.00013
30.20250,0.49500,0.04559,0.95426,0.00015
30.30250,0.49500,0.04801,0.95183,0.00016
30.40250,0.49500,0.05796,0.94187,0.00018
30.50250,0.49500,0.03509,0.96482,0.00009
30.60250,0.49500,0.04528,0.95452,0.00020
30.70250,0.49500,0.09798,0.90184,0.00018
30.80250,0.49500,0.04348,0.95641,0.00012
30.90250,0.49500,0.20580,0.79411,0.00009
31.00250,0.49500,0.07950,0.92021,0.00029
31.10250,0.49500,0.14718,0.85275,0.00007
31.20250,0.49500,0.08292,0.91687,0.00021
31.30250,0.49500,0.05845,0.94134,0.00021
31.40250,0.49500,0.07179,0.92809,0.00012
31.50250,0.49500,0.08747,0.91223,0.00029
31.60250,0.49500,0.12899,0.87090,0.00010
31.70250,0.49500,0.04271,0.95720,0.00009
31.80250,0.49500,0.04763,0.95228,0.00009
31.90250,0.49500,0.04222,0.95757,0.00020
32.00250,0.49500,0.06052,0.93936,0.00012
32.10250,0.49500,0.05028,0.94955,0.00017
32.20250,0.49500,0.03834,0.96155,0.00011
32.30250,0.49500,0.05025,0.94964,0.00012
32.40250,0.49500,0.06963,0.93002,0.00035
32.50250,0.49500,0.07543,0.92429,0.00028
32.60250,0.49500,0.05674,0.94295,0.00031
32.70250,0.49500,0.07015,0.92939,0.00046
32.80250,0.49500,0.04574,0.95402,0.00024
32.90250,0.49500,0.05461,0.94513,0.00026
33.00250,0.49500,0.03625,0.96346,0.00028
33.10250,0.49500,0.03666,0.96305,0.00029
33.20250,0.49500,0.04010,0.95973,0.00017
33.30250,0.49500,0.05719,0.94256,0.00024
33.40250,0.49500,0.04457,0.95525,0.00018
33.50250,0.49500,0.05532,0.94439,0.00029
33.60250,0.49500,0.04428,0.95551,0.00022
33.70250,0.49500,0.05234,0.94746,0.00020
33.80250,0.49500,0.05022,0.94951,0.00026
33.90250,0.49500,0.04481,0.95502,0.00018
34.00250,0.49500,0.07063,0.92906,0.00031
34.10250,0.49500,0.05006,0.94973,0.00021
34.20250,0.49500,0.06475,0.93510,0.00015
34.30250,0.49500,0.05653,0.94329,0.00018
34.40250,0.49500,0.04463,0.95515,0.00022
34.50250,0.49500,0.04111,0.95867,0.00022
34.60250,0.49500,0.05535,0.94442,0.00022
34.70250,0.49500,0.04757,0.95219,0.00024
34.80250,0.49500,0.04497,0.95485,0.00019
34.90250,0.49500,0.05295,0.94675,0.00030
35.00250,0.49500,0.04530,0.95448,0.00022
35.10250,0.49500,0.06683,0.93300,0.00018
35.20250,0.49500,0.05182,0.94800,0.00017
35.30250,0.49500,0.06695,0.93283,0.00023
35.40250,0.49500,0.06213,0.93766,0.00022
35.50250,0.49500,0.11199,0.88767,0.00034
35.60250,0.49500,0.06445,0.93522,0.00033
35.70250,0.49500,0.11477,0.88484,0.00039
35.80250,0.49500,0.03732,0.96255,0.00014
35.90250,0.49500,0.05331,0.94649,0.00021
36.00250,0.49500,0.05344,0.94635,0.00021
36.10250,0.49500,0.04481,0.95498,0.00021
36.20250,0.49500,0.05999,0.93974,0.00028
36.30250,0.49500,0.03509,0.96475,0.00016
36.40250,0.49500,0.04379,0.95598,0.00023
36.50250,0.49500,0.03858,0.96117,0.00025
36.60250,0.49500,0.06169,0.93812,0.00019
36.70250,0.49500,0.03850,0.96130,0.00020
36.80250,0.49500,0.06516,0.93464,0.00020
36.90250,0.49500,0.04410,0.95572,0.00018
37.00250,0.49500,0.04009,0.95962,0.00029
37.10250,0.49500,0.04353,0.95614,0.00033
37.20250,0.49500,0.05498,0.94467,0.00035
37.30250,0.49500,0.18333,0.81648,0.00019
37.40250,0.49500,0.12031,0.87944,0.00025
37.50250,0.49500,0.10421,0.89557,0.00022
37.60250,0.49500,0.11395,0.88571,0.00034
37.70250,0.49500,0.05731,0.94241,0.00029
37.80250,0.49500,0.04773,0.95203,0.00025
37.90250,0.49500,0.07316,0.92653,0.00031
38.00250,0.49500,0.05333,0.94645,0.00022
38.10250,0.49500,0.07110,0.92862,0.00029
38.20250,0.49500,0.07116,0.92851,0.00033
38.30250,0.49500,0.06321,0.93641,0.00037
38.40250,0.49500,0.05337,0.94631,0.00031
38.50250,0.49500,0.09679,0.90288,0.00033
38.60250,0.49500,0.10453,0.89515,0.00032
38.70250,0.49500,0.14117,0.85863,0.00020
38.80250,0.49500,0.16732,0.83239,0.00029
38.90250,0.49500,0.12728,0.87246,0.00026
39.00250,0.49500,0.11119,0.88866,0.00015
39.10250,0.49500,0.05181,0.94747,0.00072
39.20250,0.49500,0.12181,0.87616,0.00203
39.30250,0.49500,0.06533,0.93314,0.00153
39.40250,0.49500,0.14340,0.85597,0.00063
39.50250,0.49500,0.07296,0.92606,0.00098
39.60250,0.49500,0.11008,0.88919,0.00073
39.70250,0.49500,0.09141,0.90818,0.00042
39.80250,0.49500,0.06139,0.93824,0.00036
39.90250,0.49500,0.06008,0.93963,0.00030
40.00250,0.49500,0.06150,0.93825,0.00025
40.10250,0.49500,0.04119,0.95848,0.00033
40.20250,0.49500,0.07344,0.92636,0.00021
40.30250,0.49500,0.05005,0.94957,0.00038
40.40250,0.49500,0.08528,0.91437,0.00035
40.50250,0.49500,0.04054,0.95919,0.00027
40.60250,0.49500,0.04825,0.95144,0.00031
40.70250,0.49500,0.04235,0.95736,0.00029
40.80250,0.49500,0.05046,0.94925,0.00028
40.90250,0.49500,0.05938,0.94032,0.00030
41.00250,0.49500,0.04614,0.95359,0.00026
41.10250,0.49500,0.03783,0.96191,0.00026
41.20250,0.49500,0.06428,0.93546,0.00027
41.30250,0.49500,0.04703,0.95265,0.00031
41.40250,0.49500,0.05473,0.94511,0.00016
41.50250,0.49500,0.05696,0.94288,0.00016
41.60250,0.49500,0.05115,0.94864,0.00021
41.70250,0.49500,0.07843,0.92130,0.00027
41.80250,0.49500,0.06221,0.93754,0.00025
41.90250,0.49500,0.06485,0.93483,0.00032
42.00250,0.49500,0.09971,0.90003,0.00026
42.10250,0.49500,0.07152,0.92813,0.00035
42.20250,0.49500,0.04905,0.95079,0.00016
42.30250,0.49500,0.04727,0.95233,0.00039
42.40250,0.49500,0.06070,0.93880,0.00050
42.50250,0.49500,0.05119,0.94850,0.00031
42.60250,0.49500,0.04544,0.95429,0.00027
42.70250,0.49500,0.04472,0.95493,0.00035
42.80250,0.49500,0.07017,0.92949,0.00034
42.90250,0.49500,0.04201,0.95762,0.00037
43.00250,0.49500,0.06151,0.93825,0.00024
43.10250,0.49500,0.03756,0.96203,0.00041
43.20250,0.49500,0.05257,0.94712,0.00031
43.30250,0.49500,0.04448,0.95513,0.00039
43.40250,0.49500,0.04635,0.95341,0.00023
43.50250,0.49500,0.07620,0.92359,0.00021
43.60250,0.49500,0.11410,0.88566,0.00024
43.70250,0.49500,0.05869,0.94101,0.00029
43.80250,0.49500,0.06771,0.93203,0.00026
43.90250,0.49500,0.06931,0.93013,0.00056
44.00250,0.49500,0.05440,0.94531,0.00028
44.10250,0.49500,0.05451,0.94522,0.00027
44.20250,0.49500,0.06224,0.93744,0.00032
44.30250,0.49500,0.04296,0.95675,0.00029
44.40250,0.49500,0.06049,0.93910,0.00041
44.50250,0.49500,0.04552,0.95422,0.00027
44.60250,0.49500,0.05061,0.94900,0.00038
44.70250,0.49500,0.05081,0.94884,0.00035
44.80250,0.49500,0.04872,0.95090,0.00038
44.90250,0.49500,0.04648,0.95328,0.00024
45.00250,0.49500,0.04383,0.95586,0.00030
45.10250,0.49500,0.05756,0.94199,0.00045
45.20250,0.49500,0.06212,0.93752,0.00036
45.30250,0.49500,0.04937,0.95032,0.00031
45.40250,0.49500,0.05554,0.94417,0.00029
45.50250,0.49500,0.05081,0.94880,0.00040
45.60250,0.49500,0.05398,0.94564,0.00038
45.70250,0.49500,0.05716,0.94257,0.00027
45.80250,0.49500,0.03874,0.96095,0.00031
45.90250,0.49500,0.06813,0.93163,0.00024
46.00250,0.49500,0.06634,0.93330,0.00036
46.10250,0.49500,0.09871,0.90102,0.00027
46.20250,0.49500,0.07994,0.91979,0.00027
46.30250,0.49500,0.08151,0.91826,0.00023
46.40250,0.49500,0.07834,0.92123,0.00043
46.50250,0.49500,0.17386,0.82573,0.00042
46.60250,0.49500,0.13211,0.86748,0.00040
46.70250,0.49500,0.13713,0.86253,0.00034
46.80250,0.49500,0.09170,0.90762,0.00068
46.90250,0.49500,0.17420,0.82540,0.00039
47.00250,0.49500,0.14518,0.85427,0.00056
47.10250,0.49500,0.16071,0.83886,0.00043
47.20250,0.49500,0.27698,0.72268,0.00034
47.30250,0.49500,0.44079,0.55783,0.00138
47.40250,0.49500,0.58230,0.41713,0.00057
47.50250,0.49500,0.60271,0.39684,0.00045
47.60250,0.49500,0.99729,0.00271,0.00000
47.70250,0.49500,0.98724,0.01276,0.00000
47.80250,0.49500,0.99998,0.00002,0.00000
47.90250,0.49500,0.99998,0.00002,0.00000
48.00250,0.49500,0.99998,0.00002,0.00000
48.10250,0.49500,0.99985,0.00015,0.00000
48.20250,0.49500,1.00000,0.00000,0.00000
48.30250,0.49500,0.99934,0.00066,0.00000
48.40250,0.49500,0.99991,0.00009,0.00000
48.50250,0.49500,1.00000,0.00000,0.00000
48.60250,0.49500,0.99999,0.00001,0.00000
48.70250,0.49500,0.99999,0.00001,0.00000
48.80250,0.49500,1.00000,0.00000,0.00000
48.90250,0.49500,0.99997,0.00003,0.00000
49.00250,0.49500,0.99932,0.00068,0.00000
49.10250,0.49500,0.99202,0.00798,0.00000
49.20250,0.49500,0.98792,0.01207,0.00000
49.30250,0.49500,0.99728,0.00272,0.00000
49.40250,0.49500,0.90705,0.09295,0.00000
49.50250,0.49500,0.19264,0.80736,0.00000
49.60250,0.49500,0.94673,0.05327,0.00000
49.70250,0.49500,0.89772,0.10228,0.00000
49.80250,0.49500,0.16776,0.83224,0.00000
49.90250,0.49500,0.31060,0.68940,0.00000
50.00250,0.49500,0.23276,0.76724,0.00000
50.10250,0.49500,0.18433,0.81567,0.00000
50.20250,0.49500,0.19263,0.80736,0.00000
50.30250,0.49500,0.20271,0.79729,0.00000
50.40250,0.49500,0.21149,0.78851,0.00000
50.50250,0.49500,0.19125,0.80875,0.00000
50.60250,0.49500,0.14329,0.85671,0.00000
50.70250,0.49500,0.13005,0.86994,0.00001
50.80250,0.49500,0.07691,0.92308,0.00001
50.90250,0.49500,0.08071,0.91928,0.00001
51.00250,0.49500,0.10466,0.89533,0.00001
51.10250,0.49500,0.11051,0.88947,0.00001
51.20250,0.49500,0.07866,0.92134,0.00000
51.30250,0.49500,0.07465,0.92534,0.00001
51.40250,0.49500,0.08982,0.91017,0.00002
51.50250,0.49500,0.07225,0.92774,0.00002
51.60250,0.49500,0.06159,0.93839,0.00002
51.70250,0.49500,0.05261,0.94737,0.00002
51.80250,0.49500,0.06713,0.93286,0.00002
51.90250,0.49500,0.06005,0.93994,0.00001
52.00250,0.49500,0.05690,0.94309,0.00001
52.10250,0.49500,0.05602,0.94396,0.00001
52.20250,0.49500,0.05722,0.94277,0.00001
52.30250,0.49500,0.04784,0.95215,0.00001
52.40250,0.49500,0.05813,0.94185,0.00002
52.50250,0.49500,0.05753,0.94245,0.00001
52.60250,0.49500,0.04118,0.95881,0.00001
52.70250,0.49500,0.04035,0.95964,0.00002
52.80250,0.49500,0.05355,0.94643,0.00002
52.90250,0.49500,0.04906,0.95092,0.00001
53.00250,0.49500,0.05475,0.94524,0.00001
53.10250,0.49500,0.04965,0.95034,0.00001
53.20250,0.49500,0.05820,0.94178,0.00001
53.30250,0.49500,0.04598,0.95400,0.00002
53.40250,0.49500,0.06478,0.93519,0.00002
53.50250,0.49500,0.07395,0.92604,0.00002
53.60250,0.49500,0.05789,0.94209,0.00001
53.70250,0.49500,0.04416,0.95582,0.00002
53.80250,0.49500,0.04570,0.95428,0.00002
53.90250,0.49500,0.04436,0.95563,0.00001
54.00250,0.49500,0.03934,0.96065,0.00001
54.10250,0.49500,0.05177,0.94822,0.00001
54.20250,0.49500,0.05814,0.94184,0.00002
54.30250,0.49500,0.06150,0.93849,0.00001
54.40250,0.49500,0.04273,0.95726,0.00001
54.50250,0.49500,0.04985,0.95014,0.00001
54.60250,0.49500,0.04404,0.95594,0.00002
54.70250,0.49500,0.05440,0.94559,0.00001
54.80250,0.49500,0.04612,0.95387,0.00001
54.90250,0.49500,0.04155,0.95844,0.00001
55.00250,0.49500,0.04621,0.95377,0.00002
55.10250,0.49500,0.04519,0.95479,0.00002
55.20250,0.49500,0.04409,0.95589,0.00002
55.30250,0.49500,0.04863,0.95135,0.00002
55.40250,0.49500,0.04863,0.95134,0.00002
55.50250,0.49500,0.05234,0.94764,0.00002
55.60250,0.49500,0.05904,0.94095,0.00002
55.70250,0.49500,0.05113,0.94885,0.00002
55.80250,0.49500,0.05784,0.94214,0.00002
55.90250,0.49500,0.05254,0.94745,0.00001
56.00250,0.49500,0.04236,0.95762,0.00003
56.10250,0.49500,0.06248,0.93749,0.00002
56.20250,0.49500,0.06195,0.93803,0.00002
56.30250,0.49500,0.05756,0.94243,0.00001
56.40250,0.49500,0.05946,0.94052,0.00002
56.50250,0.49500,0.05111,0.94886,0.00003
56.60250,0.49500,0.04712,0.95285,0.00003
56.70250,0.49500,0.05183,0.94815,0.00002
56.80250,0.49500,0.04295,0.95703,0.00002
56.90250,0.49500,0.04112,0.95885,0.00003
57.00250,0.49500,0.06235,0.93763,0.00002
57.10250,0.49500,0.05831,0.94167,0.00002
57.20250,0.49500,0.05277,0.94722,0.00002
57.30250,0.49500,0.05020,0.94977,0.00002
57.40250,0.49500,0.07223,0.92773,0.00003
57.50250,0.49500,0.05240,0.94758,0.00002
57.60250,0.49500,0.06770,0.93228,0.00003
57.70250,0.49500,0.07211,0.92785,0.00004
57.80250,0.49500,0.05320,0.94678,0.00002
57.90250,0.49500,0.09213,0.90785,0.00002
58.00250,0.49500,0.05153,0.94845,0.00002
58.10250,0.49500,0.07211,0.92787,0.00002
58.20250,0.49500,0.04485,0.95512,0.00003
58.30250,0.49500,0.03738,0.96258,0.00003
58.40250,0.49500,0.04530,0.95467,0.00003
58.50250,0.49500,0.04004,0.95994,0.00002
58.60250,0.49500,0.05976,0.94020,0.00003
58.70250,0.49500,0.05377,0.94621,0.00002
58.80250,0.49500,0.07871,0.92127,0.00002
58.90250,0.49500,0.06162,0.93835,0.00004
59.00250,0.49500,0.06647,0.93350,0.00003
59.10250,0.49500,0.07255,0.92743,0.00002
59.20250,0.49500,0.08764,0.91235,0.00002
59.30250,0.49500,0.06685,0.93314,0.00001
59.40250,0.49500,0.06307,0.93691,0.00002
59.50250,0.49500,0.05228,0.94770,0.00002
59.60250,0.49500,0.05092,0.94906,0.00002
59.70250,0.49500,0.06694,0.93303,0.00004
59.80250,0.49500,0.05986,0.94010,0.00004
59.90250,0.49500,0.05401,0.94597,0.00003
60.00250,0.49500,0.04698,0.95297,0.00005
60.10250,0.49500,0.05287,0.94709,0.00004
60.20250,0.49500,0.08203,0.91794,0.00003
60.30250,0.49500,0.05843,0.94154,0.00003
60.40250,0.49500,0.06231,0.93766,0.00004
60.50250,0.49500,0.04848,0.95148,0.00004
60.60250,0.49500,0.05203,0.94793,0.00005
60.70250,0.49500,0.05499,0.94498,0.00004
60.80250,0.49500,0.05779,0.94216,0.00005
60.90250,0.49500,0.04724,0.95272,0.00005
61.00250,0.49500,0.06587,0.93410,0.00003
61.10250,0.49500,0.05695,0.94300,0.00005
61.20250,0.49500,0.06179,0.93817,0.00004
61.30250,0.49500,0.05635,0.94360,0.00005
61.40250,0.49500,0.04415,0.95581,0.00004
61.50250,0.49500,0.06551,0.93445,0.00005
61.60250,0.49500,0.04940,0.95057,0.00003
61.70250,0.49500,0.07559,0.92437,0.00004
61.80250,0.49500,0.06842,0.93154,0.00004
61.90250,0.49500,0.05997,0.94000,0.00003
62.00250,0.49500,0.08468,0.91527,0.00005
62.10250,0.49500,0.06198,0.93796,0.00006
62.20250,0.49500,0.07173,0.92822,0.00005
62.30250,0.49500,0.06676,0.93317,0.00007
62.40250,0.49500,0.05105,0.94891,0.00003
62.50250,0.49500,0.07403,0.92591,0.00007
62.60250,0.49500,0.07400,0.92595,0.00005
62.70250,0.49500,0.08613,0.91380,0.00007
62.80250,0.49500,0.07471,0.92524,0.00004
62.90250,0.49500,0.06996,0.92999,0.00005
63.00250,0.49500,0.05237,0.94760,0.00003
63.10250,0.49500,0.05863,0.94133,0.00004
63.20250,0.49500,0.04308,0.95687,0.00005
63.30250,0.49500,0.06376,0.93619,0.00005
63.40250,0.49500,0.05861,0.94134,0.00005
63.50250,0.49500,0.04987,0.95010,0.00003
63.60250,0.49500,0.06572,0.93423,0.00005
63.70250,0.49500,0.08167,0.91828,0.00005
63.80250,0.49500,0.06085,0.93910,0.00005
63.90250,0.49500,0.06701,0.93295,0.00004
64.00250,0.49500,0.05890,0.94106,0.00004
64.10250,0.49500,0.14871,0.85122,0.00007
64.20250,0.49500,0.10947,0.89047,0.00006
64.30250,0.49500,0.11012,0.88982,0.00006
64.40250,0.49500,0.09514,0.90480,0.00006
64.50250,0.49500,0.05574,0.94417,0.00009
64.60250,0.49500,0.06280,0.93715,0.00005
64.70250,0.49500,0.06051,0.93944,0.00004
64.80250,0.49500,0.09062,0.90931,0.00007
64.90250,0.49500,0.06997,0.92998,0.00005
65.00250,0.49500,0.06124,0.93870,0.00005
65.10250,0.49500,0.04713,0.95283,0.00004
65.20250,0.49500,0.04553,0.95440,0.00006
65.30250,0.49500,0.05100,0.94897,0.00003
65.40250,0.49500,0.08671,0.91323,0.00005
65.50250,0.49500,0.10247,0.89747,0.00005
65.60250,0.49500,0.15357,0.84640,0.00003
65.70250,0.49500,0.24186,0.75811,0.00004
65.80250,0.49500,0.42152,0.57846,0.00002
65.90250,0.49500,0.29381,0.70616,0.00003
66.00250,0.49500,0.28185,0.71814,0.00000
66.10250,0.49500,0.78143,0.21857,0.00001
66.20250,0.49500,0.72718,0.27282,0.00000
66.30250,0.49500,0.99857,0.00143,0.00000
66.40250,0.49500,0.68717,0.31283,0.00000
66.50250,0.49500,0.98944,0.01056,0.00000
66.60250,0.49500,1.00000,0.00000,0.00000
66.70250,0.49500,0.96923,0.03077,0.00000
66.80250,0.49500,0.98037,0.01963,0.00000
66.90250,0.49500,0.93324,0.06676,0.00000
67.00250,0.49500,0.39408,0.60592,0.00000
67.10250,0.49500,0.99475,0.00525,0.00000
67.20250,0.49500,0.90917,0.09083,0.00000
67.30250,0.49500,0.99957,0.00043,0.00000
67.40250,0.49500,0.92386,0.07614,0.00000
67.50250,0.49500,0.99927,0.00073,0.00000
67.60250,0.49500,0.98465,0.01535,0.00000
67.70250,0.49500,0.68195,0.31805,0.00000
67.80250,0.49500,0.66831,0.33169,0.00000
67.90250,0.49500,0.57767,0.42233,0.00000
68.00250,0.49500,0.89404,0.10596,0.00000
68.10250,0.49500,0.55087,0.44911,0.00002
68.20250,0.49500,0.87110,0.12890,0.00000
68.30250,0.49500,0.83715,0.16285,0.00000
68.40250,0.49500,0.78728,0.21272,0.00000
68.50250,0.49500,0.54051,0.45949,0.00000
68.60250,0.49500,0.46145,0.53855,0.00000
68.70250,0.49500,0.65595,0.34405,0.00000
68.80250,0.49500,0.31474,0.68526,0.00000
68.90250,0.49500,0.61365,0.38634,0.00000
69.00250,0.49500,0.28255,0.71745,0.00000
69.10250,0.49500,0.73512,0.26488,0.00000
69.20250,0.49500,0.42011,0.57989,0.00000
69.30250,0.49500,0.33791,0.66190,0.00019
69.40250,0.49500,0.22141,0.77852,0.00007
69.50250,0.49500,0.43162,0.56836,0.00002
69.60250,0.49500,0.36221,0.63776,0.00003
69.70250,0.49500,0.52202,0.47795,0.00003
69.80250,0.49500,0.38236,0.61762,0.00002
69.90250,0.49500,0.33228,0.66769,0.00003
70.00250,0.49500,0.30585,0.69413,0.00002
70.10250,0.49500,0.27077,0.72917,0.00007
70.20250,0.49500,0.30726,0.69266,0.00008
70.30250,0.49500,0.34710,0.65274,0.00016
70.40250,0.49500,0.24907,0.75072,0.00021
70.50250,0.49500,0.17417,0.82575,0.00008
70.60250,0.49500,0.16472,0.83508,0.00020
70.70250,0.49500,0.18461,0.81522,0.00017
70.80250,0.49500,0.25200,0.74780,0.00020
70.90250,0.49500,0.16496,0.83479,0.00025
71.00250,0.49500,0.14323,0.85656,0.00021
71.10250,0.49500,0.12241,0.87721,0.00038
71.20250,0.49500,0.11653,0.88305,0.00042
71.30250,0.49500,0.11460,0.88488,0.00052
71.40250,0.49500,0.12230,0.87720,0.00050
71.50250,0.49500,0.08115,0.91836,0.00049
71.60250,0.49500,0.11493,0.88470,0.00037
71.70250,0.49500,0.08779,0.91175,0.00046
71.80250,0.49500,0.11641,0.88318,0.00042
71.90250,0.49500,0.08484,0.91471,0.00045
72.00250,0.49500,0.07588,0.92350,0.00063
72.10250,0.49500,0.07534,0.92409,0.00058
72.20250,0.49500,0.08957,0.90996,0.00046
72.30250,0.49500,0.07321,0.92635,0.00045
72.40250,0.49500,0.10074,0.89872,0.00054
72.50250,0.49500,0.09949,0.90000,0.00051
72.60250,0.49500,0.08405,0.91557,0.00038
72.70250,0.49500,0.07891,0.92071,0.00038
72.80250,0.49500,0.08195,0.91753,0.00052
72.90250,0.49500,0.11371,0.88587,0.00042
73.00250,0.49500,0.06785,0.93157,0.00059
73.10250,0.49500,0.07070,0.92889,0.00041
73.20250,0.49500,0.08381,0.91566,0.00053
73.30250,0.49500,0.07337,0.92617,0.00046
73.40250,0.49500,0.06552,0.93393,0.00055
73.50250,0.49500,0.08367,0.91583,0.00050
73.60250,0.49500,0.08032,0.91911,0.00057
73.70250,0.49500,0.10124,0.89834,0.00041
73.80250,0.49500,0.07599,0.92350,0.00051
73.90250,0.49500,0.09781,0.90172,0.00047
74.00250,0.49500,0.08266,0.91684,0.00049
74.10250,0.49500,0.07598,0.92345,0.00057
74.20250,0.49500,0.10177,0.89776,0.00046
74.30250,0.49500,0.07808,0.92146,0.00047
74.40250,0.49500,0.12592,0.87357,0.00051
74.50250,0.49500,0.11285,0.88672,0.00043
74.60250,0.49500,0.07237,0.92732,0.00031
74.70250,0.49500,0.08946,0.91015,0.00039
74.80250,0.49500,0.07545,0.92393,0.00062
74.90250,0.49500,0.06818,0.93126,0.00056
75.00250,0.49500,0.07907,0.92026,0.00067
75.10250,0.49500,0.07363,0.92580,0.00057
75.20250,0.49500,0.09113,0.90846,0.00042
75.30250,0.49500,0.06520,0.93434,0.00047
75.40250,0.49500,0.07587,0.92359,0.00054
75.50250,0.49500,0.08378,0.91568,0.00054
75.60250,0.49500,0.06707,0.93239,0.00053
75.70250,0.49500,0.11510,0.88439,0.00052
75.80250,0.49500,0.06300,0.93644,0.00056
75.90250,0.49500,0.09516,0.90427,0.00058
76.00250,0.49500,0.10263,0.89699,0.00038
76.10250,0.49500,0.07973,0.91990,0.00037
76.20250,0.49500,0.07479,0.92474,0.00047
76.30250,0.49500,0.10118,0.89826,0.00056
76.40250,0.49500,0.07913,0.92036,0.00051
76.50250,0.49500,0.05792,0.94167,0.00042
76.60250,0.49500,0.06860,0.93070,0.00070
76.70250,0.49500,0.07618,0.92335,0.00047
76.80250,0.49500,0.05460,0.94472,0.00068
76.90250,0.49500,0.09726,0.90235,0.00039
77.00250,0.49500,0.08792,0.91166,0.00042
77.10250,0.49500,0.07388,0.92579,0.00033
77.20250,0.49500,0.08804,0.91155,0.00041
77.30250,0.49500,0.08225,0.91721,0.00054
77.40250,0.49500,0.08071,0.91880,0.00050
77.50250,0.49500,0.06762,0.93187,0.00051
77.60250,0.49500,0.06247,0.93697,0.00056
77.70250,0.49500,0.06556,0.93377,0.00067
77.80250,0.49500,0.06359,0.93584,0.00057
77.90250,0.49500,0.09256,0.90696,0.00048
78.00250,0.49500,0.08646,0.91308,0.00046
78.10250,0.49500,0.05937,0.94004,0.00058
78.20250,0.49500,0.10476,0.89474,0.00050
78.30250,0.49500,0.06678,0.93256,0.00067
78.40250,0.49500,0.09143,0.90807,0.00050
78.50250,0.49500,0.17465,0.82502,0.00034
78.60250,0.49500,0.07066,0.92893,0.00042
78.70250,0.49500,0.09628,0.90350,0.00021
78.80250,0.49500,0.10342,0.89604,0.00054
78.90250,0.49500,0.08602,0.91357,0.00040
79.00250,0.49500,0.06345,0.93613,0.00043
79.10250,0.49500,0.06038,0.93910,0.00053
79.20250,0.49500,0.09697,0.90255,0.00048
79.30250,0.49500,0.08122,0.91839,0.00039
79.40250,0.49500,0.05394,0.94547,0.00058
79.50250,0.49500,0.07627,0.92316,0.00057
79.60250,0.49500,0.09183,0.90762,0.00055
79.70250,0.49500,0.07699,0.92252,0.00049
79.80250,0.49500,0.06808,0.93150,0.00042
79.90250,0.49500,0.09451,0.90506,0.00043
80.00250,0.49500,0.10769,0.89192,0.00040
80.10250,0.49500,0.11128,0.88832,0.00040
80.20250,0.49500,0.10360,0.89611,0.00029
80.30250,0.49500,0.08213,0.91752,0.00035
80.40250,0.49500,0.08648,0.91319,0.00034
80.50250,0.49500,0.09673,0.90293,0.00034
80.60250,0.49500,0.07401,0.92564,0.00035
80.70250,0.49500,0.07657,0.92304,0.00038
80.80250,0.49500,0.09221,0.90739,0.00040
80.90250,0.49500,0.11020,0.88955,0.00026
81.00250,0.49500,0.07261,0.92704,0.00035
81.10250,0.49500,0.08590,0.91365,0.00045
81.20250,0.49500,0.08302,0.91659,0.00039
81.30250,0.49500,0.08409,0.91555,0.00036
81.40250,0.49500,0.08673,0.91287,0.00040
81.50250,0.49500,0.07984,0.91968,0.00048
81.60250,0.49500,0.08998,0.90950,0.00052
81.70250,0.49500,0.09631,0.90319,0.00049
81.80250,0.49500,0.08545,0.91404,0.00050
81.90250,0.49500,0.12204,0.87751,0.00045
82.00250,0.49500,0.12520,0.87452,0.00028
82.10250,0.49500,0.11697,0.88261,0.00042
82.20250,0.49500,0.09773,0.90182,0.00044
82.30250,0.49500,0.08256,0.91694,0.00050
82.40250,0.49500,0.09781,0.90166,0.00054
82.50250,0.49500,0.11700,0.88264,0.00036
82.60250,0.49500,0.11149,0.88817,0.00033
82.70250,0.49500,0.09852,0.90104,0.00044
82.80250,0.49500,0.08918,0.91036,0.00045
82.90250,0.49500,0.08428,0.91517,0.00055
83.00250,0.49500,0.09121,0.90832,0.00047
83.10250,0.49500,0.09726,0.90235,0.00039
83.20250,0.49500,0.09032,0.90930,0.00038
83.30250,0.49500,0.10360,0.89595,0.00045
83.40250,0.49500,0.08711,0.91248,0.00041
83.50250,0.49500,0.07308,0.92648,0.00044
