Time (seconds), Duration (seconds),pred_(unlabeled),pred_On,pred_Off,pred_Dimmer,pred_Lighter
0.01000,1.98000,0.99852,0.00111,0.00037,0.00000,0.00000
0.21000,1.98000,0.99839,0.00084,0.00077,0.00000,0.00000
0.41000,1.98000,0.99746,0.00252,0.00002,0.00000,0.00000
0.61000,1.98000,0.99970,0.00022,0.00008,0.00000,0.00000
0.81000,1.98000,0.99985,0.00013,0.00002,0.00000,0.00000
1.01000,1.98000,0.99932,0.00064,0.00003,0.00000,0.00000
1.21000,1.98000,0.99968,0.00031,0.00001,0.00000,0.00000
1.41000,1.98000,0.99971,0.00026,0.00002,0.00001,0.00001
1.61000,1.98000,0.99949,0.00043,0.00007,0.00001,0.00001
1.81000,1.98000,0.99912,0.00064,0.00007,0.00011,0.00005
2.01000,1.98000,0.99989,0.00001,0.00002,0.00005,0.00003
2.21000,1.98000,0.99901,0.00006,0.00002,0.00059,0.00032
2.41000,1.98000,0.99863,0.00018,0.00004,0.00025,0.00089
2.61000,1.98000,0.99802,0.00003,0.00049,0.00062,0.00084
2.81000,1.98000,0.99986,0.00000,0.00003,0.00001,0.00010
3.01000,1.98000,0.99998,0.00000,0.00002,0.00000,0.00000
3.21000,1.98000,0.99931,0.00000,0.00068,0.00000,0.00001
3.41000,1.98000,0.99747,0.00000,0.00251,0.00000,0.00001
3.61000,1.98000,0.99919,0.00000,0.00080,0.00000,0.00001
3.81000,1.98000,0.99570,0.00000,0.00427,0.00000,0.00002
4.01000,1.98000,0.99402,0.00000,0.00595,0.00001,0.00002
4.21000,1.98000,0.99512,0.00000,0.00486,0.00001,0.00001
4.41000,1.98000,0.99712,0.00000,0.00288,0.00000,0.00000
4.61000,1.98000,0.99927,0.00000,0.00071,0.00000,0.00000
4.81000,1.98000,0.99259,0.00003,0.00562,0.00063,0.00113
5.01000,1.98000,0.99447,0.00001,0.00277,0.00171,0.00104
5.21000,1.98000,0.97571,0.00014,0.01032,0.00956,0.00427
5.41000,1.98000,0.99794,0.00001,0.00058,0.00083,0.00064
5.61000,1.98000,0.99509,0.00002,0.00172,0.00217,0.00100
5.81000,1.98000,0.99906,0.00000,0.00036,0.00039,0.00020
6.01000,1.98000,0.99916,0.00001,0.00004,0.00048,0.00030
6.21000,1.98000,0.99977,0.00000,0.00002,0.00010,0.00012
6.41000,1.98000,0.99966,0.00000,0.00001,0.00018,0.00015
6.61000,1.98000,0.99753,0.00001,0.00004,0.00125,0.00117
6.81000,1.98000,0.97558,0.00001,0.00128,0.01645,0.00667
7.01000,1.98000,0.80884,0.00020,0.00285,0.06203,0.12607
7.21000,1.98000,0.98105,0.00001,0.00085,0.00186,0.01623
7.41000,1.98000,0.95932,0.00010,0.00173,0.00415,0.03469
7.61000,1.98000,0.99659,0.00000,0.00048,0.00003,0.00290
7.81000,1.98000,0.99419,0.00000,0.00084,0.00010,0.00486
8.01000,1.98000,0.99668,0.00000,0.00134,0.00010,0.00189
8.21000,1.98000,0.99499,0.00001,0.00097,0.00023,0.00380
8.41000,1.98000,0.99893,0.00000,0.00050,0.00009,0.00048
8.61000,1.98000,0.99908,0.00001,0.00008,0.00004,0.00080
8.81000,1.98000,0.99991,0.00000,0.00002,0.00001,0.00006
9.01000,1.98000,0.99985,0.00001,0.00001,0.00002,0.00011
9.21000,1.98000,0.99961,0.00037,0.00000,0.00001,0.00002
9.41000,1.98000,0.99852,0.00133,0.00000,0.00003,0.00011
9.61000,1.98000,0.81096,0.18407,0.00003,0.00156,0.00339
9.81000,1.98000,0.09377,0.87326,0.00006,0.01608,0.01683
10.01000,1.98000,0.68479,0.30468,0.00005,0.00216,0.00832
10.21000,1.98000,0.99044,0.00835,0.00001,0.00050,0.00070
10.41000,1.98000,0.99881,0.00078,0.00002,0.00029,0.00010
10.61000,1.98000,0.99991,0.00003,0.00000,0.00005,0.00001
10.81000,1.98000,0.99997,0.00000,0.00000,0.00002,0.00000
11.01000,1.98000,0.99998,0.00000,0.00000,0.00002,0.00000
11.21000,1.98000,0.99984,0.00000,0.00001,0.00015,0.00000
11.41000,1.98000,0.99997,0.00000,0.00000,0.00002,0.00000
11.61000,1.98000,0.99999,0.00000,0.00000,0.00001,0.00000
11.81000,1.98000,0.99991,0.00000,0.00002,0.00007,0.00000
12.01000,1.98000,0.99990,0.00000,0.00005,0.00004,0.00001
12.21000,1.98000,0.99992,0.00000,0.00005,0.00001,0.00003
12.41000,1.98000,0.99988,0.00000,0.00008,0.00001,0.00003
12.61000,1.98000,0.99983,0.00000,0.00011,0.00001,0.00005
12.81000,1.98000,0.99980,0.00000,0.00012,0.00000,0.00009
13.01000,1.98000,0.99990,0.00000,0.00004,0.00000,0.00006
13.21000,1.98000,0.99988,0.00000,0.00006,0.00000,0.00006
13.41000,1.98000,0.99987,0.00000,0.00011,0.00000,0.00001
13.61000,1.98000,0.99929,0.00000,0.00070,0.00000,0.00000
13.81000,1.98000,0.99978,0.00000,0.00022,0.00000,0.00000
14.01000,1.98000,0.83475,0.00001,0.16523,0.00000,0.00000
14.21000,1.98000,0.78418,0.00200,0.21372,0.00009,0.00001
14.41000,1.98000,0.43089,0.02807,0.54082,0.00020,0.00001
14.61000,1.98000,0.95879,0.03963,0.00158,0.00000,0.00000
14.81000,1.98000,0.82652,0.01206,0.16141,0.00001,0.00000
15.01000,1.98000,0.93130,0.01233,0.05637,0.00000,0.00000
15.21000,1.98000,0.70486,0.01260,0.28253,0.00000,0.00000
15.41000,1.98000,0.98983,0.00046,0.00972,0.00000,0.00000
15.61000,1.98000,0.98466,0.00266,0.01230,0.00034,0.00005
15.81000,1.98000,0.99806,0.00133,0.00052,0.00005,0.00003
16.01000,1.98000,0.98377,0.01611,0.00009,0.00002,0.00001
16.21000,1.98000,0.99974,0.00015,0.00010,0.00001,0.00000
16.41000,1.98000,0.99375,0.00574,0.00030,0.00019,0.00002
16.61000,1.98000,0.99993,0.00001,0.00001,0.00004,0.00000
16.81000,1.98000,0.99993,0.00003,0.00001,0.00002,0.00001
17.01000,1.98000,0.99999,0.00000,0.00000,0.00001,0.00000
17.21000,1.98000,0.99999,0.00000,0.00000,0.00000,0.00000
17.41000,1.98000,0.99999,0.00000,0.00000,0.00000,0.00000
17.61000,1.98000,0.99999,0.00000,0.00000,0.00000,0.00001
17.81000,1.98000,1.00000,0.00000,0.00000,0.00000,0.00000
18.01000,1.98000,0.99997,0.00000,0.00000,0.00000,0.00002
18.21000,1.98000,0.99520,0.00000,0.00043,0.00018,0.00419
18.41000,1.98000,0.99831,0.00000,0.00107,0.00011,0.00051
18.61000,1.98000,0.96163,0.00000,0.02676,0.00794,0.00367
18.81000,1.98000,0.55603,0.00000,0.22664,0.19612,0.02121
19.01000,1.98000,0.89831,0.00000,0.02325,0.07482,0.00362
19.21000,1.98000,0.93379,0.00000,0.00350,0.06115,0.00156
19.41000,1.98000,0.98490,0.00000,0.00045,0.01422,0.00042
19.61000,1.98000,0.99867,0.00000,0.00023,0.00107,0.00003
19.81000,1.98000,0.99994,0.00000,0.00002,0.00004,0.00000
20.01000,1.98000,0.99994,0.00000,0.00005,0.00001,0.00000
20.21000,1.98000,0.99997,0.00000,0.00003,0.00000,0.00000
20.41000,1.98000,0.99999,0.00000,0.00001,0.00000,0.00000
20.61000,1.98000,0.99999,0.00000,0.00001,0.00000,0.00000
20.81000,1.98000,0.99994,0.00000,0.00006,0.00000,0.00000
21.01000,1.98000,0.99996,0.00000,0.00004,0.00000,0.00000
21.21000,1.98000,0.99947,0.00000,0.00052,0.00000,0.00000
21.41000,1.98000,0.99864,0.00000,0.00136,0.00000,0.00000
21.61000,1.98000,0.99931,0.00000,0.00068,0.00000,0.00000
21.81000,1.98000,0.95036,0.00000,0.04960,0.00002,0.00001
22.01000,1.98000,0.97790,0.00004,0.02177,0.00009,0.00020
22.21000,1.98000,0.99073,0.00002,0.00873,0.00019,0.00034
22.41000,1.98000,0.99186,0.00002,0.00437,0.00049,0.00326
22.61000,1.98000,0.98381,0.00021,0.00979,0.00208,0.00412
22.81000,1.98000,0.99618,0.00034,0.00036,0.00042,0.00271
23.01000,1.98000,0.99748,0.00036,0.00005,0.00033,0.00178
23.21000,1.98000,0.99960,0.00013,0.00001,0.00002,0.00025
23.41000,1.98000,0.99989,0.00000,0.00000,0.00001,0.00010
23.61000,1.98000,0.99878,0.00000,0.00001,0.00002,0.00119
23.81000,1.98000,0.96394,0.00006,0.00038,0.00175,0.03387
24.01000,1.98000,0.97369,0.00001,0.00113,0.00014,0.02503
24.21000,1.98000,0.97660,0.00003,0.00069,0.00088,0.02180
24.41000,1.98000,0.99535,0.00000,0.00025,0.00001,0.00439
24.61000,1.98000,0.99572,0.00001,0.00174,0.00003,0.00250
24.81000,1.98000,0.99825,0.00001,0.00164,0.00000,0.00010
25.01000,1.98000,0.98688,0.00002,0.01306,0.00000,0.00004
25.21000,1.98000,0.98952,0.00000,0.01039,0.00000,0.00008
25.41000,1.98000,0.99922,0.00009,0.00065,0.00000,0.00004
25.61000,1.98000,0.99388,0.00480,0.00107,0.00004,0.00021
25.81000,1.98000,0.99424,0.00462,0.00108,0.00001,0.00005
26.01000,1.98000,0.99690,0.00286,0.00023,0.00000,0.00001
26.21000,1.98000,0.99919,0.00031,0.00048,0.00000,0.00002
26.41000,1.98000,0.99782,0.00204,0.00010,0.00001,0.00004
26.61000,1.98000,0.99637,0.00326,0.00005,0.00003,0.00029
26.81000,1.98000,0.99872,0.00083,0.00009,0.00006,0.00031
27.01000,1.98000,0.99956,0.00012,0.00009,0.00001,0.00021
27.21000,1.98000,0.99806,0.00024,0.00063,0.00013,0.00095
27.41000,1.98000,0.99861,0.00013,0.00019,0.00013,0.00094
27.61000,1.98000,0.99298,0.00011,0.00204,0.00247,0.00241
27.81000,1.98000,0.99466,0.00040,0.00016,0.00236,0.00241
28.01000,1.98000,0.99647,0.00015,0.00002,0.00182,0.00154
28.21000,1.98000,0.99972,0.00000,0.00001,0.00016,0.00011
28.41000,1.98000,0.99975,0.00001,0.00000,0.00009,0.00015
28.61000,1.98000,0.99923,0.00001,0.00002,0.00042,0.00032
28.81000,1.98000,0.99982,0.00011,0.00000,0.00003,0.00003
29.01000,1.98000,0.99963,0.00024,0.00001,0.00008,0.00003
29.21000,1.98000,0.97890,0.01634,0.00023,0.00308,0.00145
29.41000,1.98000,0.91843,0.04880,0.00266,0.01457,0.01555
29.61000,1.98000,0.90244,0.09161,0.00092,0.00293,0.00209
29.81000,1.98000,0.99928,0.00040,0.00009,0.00009,0.00014
30.01000,1.98000,0.99961,0.00013,0.00023,0.00002,0.00001
30.21000,1.98000,0.99860,0.00001,0.00128,0.00003,0.00009
30.41000,1.98000,0.99654,0.00016,0.00316,0.00012,0.00002
30.61000,1.98000,0.99731,0.00000,0.00254,0.00005,0.00010
30.81000,1.98000,0.99916,0.00000,0.00072,0.00011,0.00001
31.01000,1.98000,0.99992,0.00000,0.00001,0.00001,0.00005
31.21000,1.98000,0.99964,0.00008,0.00016,0.00007,0.00005
31.41000,1.98000,0.99952,0.00000,0.00012,0.00010,0.00026
31.61000,1.98000,0.98777,0.00032,0.00391,0.00608,0.00192
31.81000,1.98000,0.97739,0.00011,0.00115,0.01652,0.00484
32.01000,1.98000,0.89403,0.00136,0.00127,0.08304,0.02031
32.21000,1.98000,0.99130,0.00002,0.00026,0.00584,0.00258
32.41000,1.98000,0.99496,0.00001,0.00016,0.00277,0.00210
32.61000,1.98000,0.99907,0.00000,0.00010,0.00035,0.00048
32.81000,1.98000,0.99757,0.00000,0.00034,0.00115,0.00093
33.01000,1.98000,0.99952,0.00000,0.00013,0.00012,0.00023
33.21000,1.98000,0.99838,0.00000,0.00042,0.00062,0.00059
33.41000,1.98000,0.99968,0.00000,0.00003,0.00007,0.00022
33.61000,1.98000,0.99990,0.00000,0.00006,0.00001,0.00003
33.81000,1.98000,0.99956,0.00000,0.00043,0.00001,0.00000
34.01000,1.98000,0.99412,0.00000,0.00580,0.00006,0.00002
34.21000,1.98000,0.40068,0.00000,0.58912,0.01000,0.00020
34.41000,1.98000,0.93175,0.00000,0.06472,0.00340,0.00013
34.61000,1.98000,0.66636,0.00043,0.28211,0.05095,0.00015
34.81000,1.98000,0.96334,0.00024,0.03160,0.00473,0.00009
35.01000,1.98000,0.96611,0.00098,0.03222,0.00068,0.00001
35.21000,1.98000,0.99686,0.00005,0.00304,0.00005,0.00000
35.41000,1.98000,0.97954,0.00005,0.01987,0.00054,0.00001
35.61000,1.98000,0.93664,0.01706,0.00400,0.04164,0.00067
35.81000,1.98000,0.95762,0.03483,0.00027,0.00697,0.00032
36.01000,1.98000,0.99477,0.00511,0.00000,0.00010,0.00001
36.21000,1.98000,0.99735,0.00198,0.00001,0.00056,0.00009
36.41000,1.98000,0.99510,0.00445,0.00004,0.00040,0.00002
36.61000,1.98000,0.99957,0.00029,0.00004,0.00008,0.00001
36.81000,1.98000,0.99311,0.00656,0.00005,0.00025,0.00002
37.01000,1.98000,0.99977,0.00017,0.00002,0.00003,0.00001
37.21000,1.98000,0.99859,0.00084,0.00012,0.00008,0.00036
37.41000,1.98000,0.99701,0.00002,0.00159,0.00030,0.00108
37.61000,1.98000,0.99318,0.00006,0.00322,0.00072,0.00281
37.81000,1.98000,0.98987,0.00001,0.00724,0.00047,0.00241
38.01000,1.98000,0.99895,0.00000,0.00069,0.00004,0.00032
38.21000,1.98000,0.99947,0.00000,0.00029,0.00000,0.00024
38.41000,1.98000,0.99415,0.00000,0.00065,0.00057,0.00463
38.61000,1.98000,0.91463,0.00000,0.00819,0.00342,0.07375
38.81000,1.98000,0.88893,0.00001,0.01136,0.03751,0.06218
39.01000,1.98000,0.27341,0.00020,0.10180,0.40597,0.21862
39.21000,1.98000,0.11307,0.00350,0.03825,0.64423,0.20095
39.41000,1.98000,0.97318,0.00009,0.00477,0.00206,0.01990
39.61000,1.98000,0.99457,0.00000,0.00301,0.00048,0.00194
39.81000,1.98000,0.99011,0.00000,0.00861,0.00026,0.00103
40.01000,1.98000,0.98852,0.00000,0.00920,0.00027,0.00201
40.21000,1.98000,0.99234,0.00000,0.00759,0.00001,0.00007
40.41000,1.98000,0.99702,0.00000,0.00295,0.00000,0.00002
40.61000,1.98000,0.99948,0.00000,0.00051,0.00000,0.00001
40.81000,1.98000,0.99808,0.00000,0.00184,0.00001,0.00007
41.01000,1.98000,0.99969,0.00000,0.00030,0.00000,0.00000
41.21000,1.98000,0.99929,0.00001,0.00061,0.00007,0.00002
41.41000,1.98000,0.99986,0.00001,0.00012,0.00002,0.00000
41.61000,1.98000,0.99952,0.00001,0.00025,0.00021,0.00001
41.81000,1.98000,0.99976,0.00003,0.00004,0.00017,0.00000
42.01000,1.98000,0.99937,0.00007,0.00003,0.00053,0.00000
42.21000,1.98000,0.99989,0.00004,0.00000,0.00007,0.00000
42.41000,1.98000,0.99983,0.00001,0.00000,0.00016,0.00000
42.61000,1.98000,0.99946,0.00003,0.00000,0.00050,0.00000
42.81000,1.98000,0.99955,0.00008,0.00000,0.00036,0.00001
43.01000,1.98000,0.99452,0.00070,0.00000,0.00470,0.00008
43.21000,1.98000,0.99800,0.00065,0.00000,0.00119,0.00015
43.41000,1.98000,0.99830,0.00040,0.00000,0.00096,0.00034
43.61000,1.98000,0.99467,0.00031,0.00000,0.00165,0.00337
43.81000,1.98000,0.99818,0.00011,0.00000,0.00033,0.00138
44.01000,1.98000,0.96807,0.00333,0.00001,0.00632,0.02226
44.21000,1.98000,0.91930,0.00147,0.00003,0.01521,0.06399
44.41000,1.98000,0.91325,0.00010,0.00004,0.00213,0.08448
44.61000,1.98000,0.98058,0.00000,0.00015,0.00011,0.01916
44.81000,1.98000,0.98417,0.00000,0.00007,0.00014,0.01562
45.01000,1.98000,0.98744,0.00000,0.00014,0.00009,0.01233
45.21000,1.98000,0.99519,0.00000,0.00016,0.00001,0.00463
45.41000,1.98000,0.99624,0.00000,0.00026,0.00002,0.00347
45.61000,1.98000,0.99828,0.00000,0.00038,0.00001,0.00133
45.81000,1.98000,0.99714,0.00000,0.00181,0.00001,0.00103
46.01000,1.98000,0.99894,0.00000,0.00057,0.00001,0.00049
46.21000,1.98000,0.99455,0.00000,0.00463,0.00003,0.00079
46.41000,1.98000,0.99744,0.00000,0.00209,0.00002,0.00045
46.61000,1.98000,0.99891,0.00000,0.00108,0.00000,0.00001
46.81000,1.98000,0.99984,0.00000,0.00015,0.00000,0.00001
47.01000,1.98000,0.99741,0.00000,0.00259,0.00000,0.00000
47.21000,1.98000,0.99981,0.00000,0.00019,0.00000,0.00000
47.41000,1.98000,0.99886,0.00000,0.00114,0.00000,0.00000
47.61000,1.98000,0.99840,0.00000,0.00158,0.00001,0.00001
47.81000,1.98000,0.99694,0.00000,0.00299,0.00003,0.00004
48.01000,1.98000,0.99969,0.00000,0.00030,0.00001,0.00000
48.21000,1.98000,0.99986,0.00000,0.00011,0.00002,0.00001
48.41000,1.98000,0.99998,0.00000,0.00001,0.00001,0.00000
48.61000,1.98000,0.99999,0.00000,0.00000,0.00000,0.00001
48.81000,1.98000,0.99999,0.00000,0.00000,0.00000,0.00001
49.01000,1.98000,0.99993,0.00007,0.00000,0.00000,0.00000
49.21000,1.98000,0.99738,0.00250,0.00000,0.00001,0.00011
49.41000,1.98000,0.90964,0.07923,0.00015,0.00096,0.01002
49.61000,1.98000,0.84688,0.13067,0.00033,0.00179,0.02033
49.81000,1.98000,0.92192,0.07639,0.00002,0.00021,0.00146
50.01000,1.98000,0.99922,0.00075,0.00000,0.00000,0.00002
50.21000,1.98000,0.99982,0.00015,0.00001,0.00001,0.00001
50.41000,1.98000,0.99992,0.00001,0.00002,0.00002,0.00002
50.61000,1.98000,0.99993,0.00000,0.00001,0.00005,0.00001
50.81000,1.98000,0.99996,0.00000,0.00001,0.00003,0.00000
51.01000,1.98000,0.99996,0.00000,0.00000,0.00003,0.00000
51.21000,1.98000,1.00000,0.00000,0.00000,0.00000,0.00000
51.41000,1.98000,1.00000,0.00000,0.00000,0.00000,0.00000
51.61000,1.98000,0.99998,0.00000,0.00000,0.00002,0.00001
51.81000,1.98000,0.99998,0.00000,0.00000,0.00001,0.00001
52.01000,1.98000,0.99999,0.00000,0.00000,0.00001,0.00001
52.21000,1.98000,0.99998,0.00000,0.00000,0.00001,0.00001
52.41000,1.98000,0.99998,0.00000,0.00000,0.00001,0.00001
52.61000,1.98000,0.99999,0.00000,0.00000,0.00000,0.00001
52.81000,1.98000,0.99996,0.00000,0.00000,0.00001,0.00002
53.01000,1.98000,0.99976,0.00000,0.00003,0.00003,0.00018
53.21000,1.98000,0.99976,0.00000,0.00002,0.00002,0.00019
53.41000,1.98000,0.99987,0.00000,0.00005,0.00001,0.00007
53.61000,1.98000,0.99969,0.00000,0.00029,0.00001,0.00001
53.81000,1.98000,0.99234,0.00000,0.00765,0.00000,0.00000
54.01000,1.98000,0.98846,0.00000,0.01152,0.00000,0.00002
54.21000,1.98000,0.67467,0.00000,0.32529,0.00003,0.00001
54.41000,1.98000,0.93577,0.00001,0.06414,0.00007,0.00001
54.61000,1.98000,0.99302,0.00007,0.00691,0.00000,0.00000
54.81000,1.98000,0.99175,0.00367,0.00457,0.00000,0.00000
55.01000,1.98000,0.99265,0.00437,0.00298,0.00000,0.00000
55.21000,1.98000,0.99628,0.00348,0.00024,0.00000,0.00000
55.41000,1.98000,0.98386,0.00930,0.00682,0.00003,0.00000
55.61000,1.98000,0.76010,0.23935,0.00038,0.00017,0.00000
55.81000,1.98000,0.98324,0.01670,0.00005,0.00001,0.00000
56.01000,1.98000,0.98712,0.01287,0.00001,0.00000,0.00000
56.21000,1.98000,0.99977,0.00023,0.00000,0.00000,0.00000
56.41000,1.98000,0.99875,0.00122,0.00002,0.00001,0.00000
56.61000,1.98000,0.99966,0.00024,0.00006,0.00004,0.00000
56.81000,1.98000,0.99601,0.00078,0.00073,0.00213,0.00035
57.01000,1.98000,0.99752,0.00008,0.00004,0.00229,0.00007
57.21000,1.98000,0.99935,0.00001,0.00001,0.00059,0.00004
57.41000,1.98000,0.99952,0.00002,0.00000,0.00042,0.00004
57.61000,1.98000,0.99913,0.00000,0.00012,0.00062,0.00012
57.81000,1.98000,0.99996,0.00000,0.00000,0.00003,0.00001
58.01000,1.98000,0.99993,0.00000,0.00000,0.00004,0.00002
58.21000,1.98000,0.99961,0.00003,0.00001,0.00020,0.00015
58.41000,1.98000,0.99872,0.00013,0.00006,0.00052,0.00056
58.61000,1.98000,0.99882,0.00012,0.00001,0.00023,0.00081
58.81000,1.98000,0.98967,0.00009,0.00013,0.00119,0.00891
59.01000,1.98000,0.88670,0.00038,0.00048,0.00780,0.10464
59.21000,1.98000,0.97964,0.00009,0.00046,0.00113,0.01868
59.41000,1.98000,0.56546,0.00014,0.00994,0.25520,0.16926
59.61000,1.98000,0.92327,0.00009,0.00396,0.05758,0.01510
59.81000,1.98000,0.96338,0.00002,0.00237,0.01684,0.01740
60.01000,1.98000,0.99867,0.00000,0.00014,0.00095,0.00024
60.21000,1.98000,0.99753,0.00000,0.00057,0.00166,0.00023
60.41000,1.98000,0.99030,0.00000,0.00328,0.00604,0.00039
60.61000,1.98000,0.99790,0.00000,0.00198,0.00007,0.00005
60.81000,1.98000,0.99854,0.00000,0.00076,0.00066,0.00004
61.01000,1.98000,0.99982,0.00000,0.00010,0.00002,0.00006
61.21000,1.98000,0.99993,0.00000,0.00002,0.00000,0.00004
61.41000,1.98000,0.99884,0.00000,0.00082,0.00004,0.00030
61.61000,1.98000,0.99966,0.00000,0.00015,0.00001,0.00018
61.81000,1.98000,0.99926,0.00000,0.00019,0.00000,0.00055
62.01000,1.98000,0.99981,0.00000,0.00007,0.00000,0.00011
62.21000,1.98000,0.99961,0.00000,0.00024,0.00000,0.00015
62.41000,1.98000,0.99974,0.00000,0.00019,0.00000,0.00007
62.61000,1.98000,0.99785,0.00000,0.00118,0.00001,0.00095
62.81000,1.98000,0.99944,0.00000,0.00022,0.00000,0.00035
63.01000,1.98000,0.99776,0.00000,0.00079,0.00001,0.00144
63.21000,1.98000,0.99971,0.00000,0.00009,0.00000,0.00020
63.41000,1.98000,0.99868,0.00000,0.00011,0.00001,0.00120
63.61000,1.98000,0.97044,0.00000,0.00155,0.00086,0.02715
63.81000,1.98000,0.96477,0.00001,0.00240,0.00430,0.02852
64.01000,1.98000,0.34939,0.00008,0.01067,0.03538,0.60449
64.21000,1.98000,0.53537,0.00058,0.00498,0.02059,0.43849
64.41000,1.98000,0.90995,0.00111,0.00134,0.01026,0.07734
64.61000,1.98000,0.98639,0.00938,0.00018,0.00038,0.00367
64.81000,1.98000,0.99989,0.00005,0.00003,0.00000,0.00003
65.01000,1.98000,0.99993,0.00003,0.00004,0.00000,0.00000
65.21000,1.98000,0.99996,0.00002,0.00002,0.00000,0.00000
65.41000,1.98000,0.99149,0.00713,0.00137,0.00000,0.00001
65.61000,1.98000,0.99562,0.00438,0.00000,0.00000,0.00000
65.81000,1.98000,0.99314,0.00686,0.00000,0.00000,0.00000
66.01000,1.98000,0.99327,0.00673,0.00000,0.00000,0.00000
66.21000,1.98000,0.99553,0.00447,0.00000,0.00000,0.00000
66.41000,1.98000,0.99390,0.00610,0.00001,0.00000,0.00000
66.61000,1.98000,0.99891,0.00085,0.00024,0.00000,0.00000
66.81000,1.98000,0.99908,0.00092,0.00001,0.00000,0.00000
67.01000,1.98000,0.99962,0.00037,0.00001,0.00000,0.00000
67.21000,1.98000,0.99974,0.00024,0.00003,0.00000,0.00000
67.41000,1.98000,0.99947,0.00041,0.00010,0.00001,0.00001
67.61000,1.98000,0.99967,0.00025,0.00007,0.00001,0.00001
67.81000,1.98000,0.99950,0.00010,0.00022,0.00012,0.00005
68.01000,1.98000,0.99992,0.00002,0.00002,0.00003,0.00001
68.21000,1.98000,0.99982,0.00008,0.00001,0.00004,0.00005
68.41000,1.98000,0.99999,0.00000,0.00000,0.00000,0.00001
68.61000,1.98000,0.99912,0.00086,0.00000,0.00001,0.00001
68.81000,1.98000,0.99892,0.00107,0.00000,0.00000,0.00000
69.01000,1.98000,0.95035,0.04964,0.00000,0.00000,0.00001
69.21000,1.98000,0.79155,0.20827,0.00000,0.00002,0.00017
69.41000,1.98000,0.16372,0.83601,0.00004,0.00003,0.00020
69.61000,1.98000,0.58547,0.41397,0.00001,0.00016,0.00039
69.81000,1.98000,0.88821,0.11175,0.00001,0.00001,0.00002
70.01000,1.98000,0.99173,0.00820,0.00001,0.00004,0.00002
70.21000,1.98000,0.99564,0.00401,0.00019,0.00014,0.00002
70.41000,1.98000,0.99930,0.00026,0.00003,0.00040,0.00001
70.61000,1.98000,0.99849,0.00002,0.00010,0.00138,0.00001
70.81000,1.98000,0.99938,0.00000,0.00001,0.00061,0.00000
71.01000,1.98000,0.99606,0.00000,0.00003,0.00390,0.00001
71.21000,1.98000,0.99995,0.00000,0.00000,0.00005,0.00000
71.41000,1.98000,0.99999,0.00000,0.00000,0.00001,0.00000
71.61000,1.98000,0.99998,0.00000,0.00000,0.00002,0.00000
71.81000,1.98000,0.99997,0.00000,0.00000,0.00003,0.00000
72.01000,1.98000,0.99995,0.00000,0.00000,0.00005,0.00000
72.21000,1.98000,0.99998,0.00000,0.00000,0.00002,0.00000
72.41000,1.98000,0.99984,0.00001,0.00000,0.00012,0.00003
72.61000,1.98000,0.99978,0.00000,0.00000,0.00017,0.00004
72.81000,1.98000,0.99518,0.00020,0.00007,0.00267,0.00188
73.01000,1.98000,0.99947,0.00002,0.00001,0.00018,0.00032
73.21000,1.98000,0.99985,0.00004,0.00006,0.00001,0.00005
73.41000,1.98000,0.99978,0.00009,0.00010,0.00000,0.00002
73.61000,1.98000,0.99890,0.00021,0.00088,0.00001,0.00000
73.81000,1.98000,0.75396,0.00061,0.24222,0.00290,0.00031
74.01000,1.98000,0.99730,0.00057,0.00203,0.00010,0.00000
74.21000,1.98000,0.98688,0.00058,0.01243,0.00010,0.00000
74.41000,1.98000,0.96504,0.00015,0.03475,0.00005,0.00000
74.61000,1.98000,0.99062,0.00009,0.00929,0.00000,0.00000
74.81000,1.98000,0.99978,0.00000,0.00022,0.00000,0.00000
75.01000,1.98000,0.99909,0.00000,0.00091,0.00000,0.00000
75.21000,1.98000,0.99998,0.00000,0.00002,0.00000,0.00000
75.41000,1.98000,0.99966,0.00000,0.00033,0.00000,0.00001
75.61000,1.98000,0.99990,0.00000,0.00010,0.00000,0.00000
75.81000,1.98000,0.99961,0.00000,0.00038,0.00000,0.00000
76.01000,1.98000,0.99978,0.00000,0.00019,0.00000,0.00002
76.21000,1.98000,0.99970,0.00000,0.00030,0.00000,0.00000
76.41000,1.98000,0.99973,0.00000,0.00024,0.00000,0.00003
76.61000,1.98000,0.99992,0.00000,0.00008,0.00000,0.00000
76.81000,1.98000,0.99987,0.00001,0.00009,0.00001,0.00003
77.01000,1.98000,0.99967,0.00000,0.00032,0.00001,0.00000
77.21000,1.98000,0.99921,0.00001,0.00046,0.00006,0.00026
77.41000,1.98000,0.99976,0.00000,0.00023,0.00000,0.00001
77.61000,1.98000,0.99996,0.00000,0.00001,0.00000,0.00003
77.81000,1.98000,0.99995,0.00000,0.00004,0.00000,0.00001
78.01000,1.98000,0.99989,0.00000,0.00002,0.00000,0.00009
78.21000,1.98000,0.99932,0.00000,0.00056,0.00000,0.00012
78.41000,1.98000,0.99970,0.00000,0.00007,0.00000,0.00022
78.61000,1.98000,0.99337,0.00000,0.00138,0.00011,0.00514
78.81000,1.98000,0.98747,0.00000,0.00684,0.00055,0.00515
79.01000,1.98000,0.71359,0.00000,0.22227,0.03089,0.03325
79.21000,1.98000,0.81798,0.00000,0.12725,0.04635,0.00841
79.41000,1.98000,0.85818,0.00000,0.03676,0.10276,0.00230
79.61000,1.98000,0.99640,0.00000,0.00056,0.00300,0.00005
79.81000,1.98000,0.99924,0.00000,0.00026,0.00049,0.00001
80.01000,1.98000,0.99969,0.00000,0.00010,0.00021,0.00000
80.21000,1.98000,0.99999,0.00000,0.00001,0.00000,0.00000
80.41000,1.98000,1.00000,0.00000,0.00000,0.00000,0.00000
80.61000,1.98000,1.00000,0.00000,0.00000,0.00000,0.00000
80.81000,1.98000,1.00000,0.00000,0.00000,0.00000,0.00000
81.01000,1.98000,0.99999,0.00000,0.00000,0.00001,0.00000
81.21000,1.98000,0.99999,0.00000,0.00000,0.00000,0.00000
81.41000,1.98000,0.99997,0.00000,0.00000,0.00003,0.00000
81.61000,1.98000,0.99986,0.00000,0.00001,0.00012,0.00001
81.81000,1.98000,0.99927,0.00000,0.00001,0.00068,0.00003
82.01000,1.98000,0.99988,0.00000,0.00000,0.00010,0.00001
82.21000,1.98000,0.99849,0.00001,0.00005,0.00136,0.00010
82.41000,1.98000,0.99991,0.00000,0.00001,0.00006,0.00001
82.61000,1.98000,0.99999,0.00000,0.00000,0.00000,0.00001
82.81000,1.98000,0.99996,0.00000,0.00000,0.00002,0.00002
83.01000,1.98000,0.99772,0.00001,0.00028,0.00177,0.00023
83.21000,1.98000,0.99985,0.00000,0.00004,0.00004,0.00007
83.41000,1.98000,0.99991,0.00000,0.00001,0.00000,0.00007
83.61000,1.98000,0.99765,0.00000,0.00105,0.00012,0.00119
83.81000,1.98000,0.94842,0.00000,0.01135,0.01645,0.02379
84.01000,1.98000,0.93348,0.00004,0.01820,0.00925,0.03903
84.21000,1.98000,0.79058,0.00001,0.03637,0.00773,0.16531
84.41000,1.98000,0.98729,0.00000,0.00674,0.00016,0.00580
84.61000,1.98000,0.99911,0.00000,0.00059,0.00001,0.00029
84.81000,1.98000,0.99792,0.00000,0.00206,0.00000,0.00002
85.01000,1.98000,0.99927,0.00000,0.00072,0.00000,0.00001
85.21000,1.98000,0.99826,0.00000,0.00173,0.00000,0.00000
85.41000,1.98000,0.99790,0.00001,0.00209,0.00000,0.00000
85.61000,1.98000,0.99954,0.00001,0.00045,0.00000,0.00000
85.81000,1.98000,0.99962,0.00004,0.00034,0.00000,0.00000
86.01000,1.98000,0.99932,0.00015,0.00053,0.00000,0.00000
86.21000,1.98000,0.99175,0.00414,0.00409,0.00002,0.00000
86.41000,1.98000,0.99929,0.00004,0.00067,0.00000,0.00000
86.61000,1.98000,0.99845,0.00002,0.00150,0.00003,0.00000
86.81000,1.98000,0.99838,0.00001,0.00158,0.00002,0.00001
87.01000,1.98000,0.99824,0.00002,0.00106,0.00067,0.00001
87.21000,1.98000,0.99980,0.00000,0.00015,0.00002,0.00004
87.41000,1.98000,0.99986,0.00000,0.00004,0.00003,0.00007
87.61000,1.98000,0.99449,0.00000,0.00199,0.00170,0.00182
87.81000,1.98000,0.99822,0.00000,0.00027,0.00104,0.00047
88.01000,1.98000,0.99899,0.00000,0.00016,0.00012,0.00073
88.21000,1.98000,0.99951,0.00000,0.00006,0.00015,0.00027
88.41000,1.98000,1.00000,0.00000,0.00000,0.00000,0.00000
88.61000,1.98000,1.00000,0.00000,0.00000,0.00000,0.00000
88.81000,1.98000,1.00000,0.00000,0.00000,0.00000,0.00000
89.01000,1.98000,0.99985,0.00015,0.00000,0.00000,0.00000
89.21000,1.98000,0.98752,0.01245,0.00000,0.00000,0.00002
89.41000,1.98000,0.32312,0.67674,0.00005,0.00001,0.00008
89.61000,1.98000,0.93350,0.06647,0.00000,0.00000,0.00002
89.81000,1.98000,0.99944,0.00056,0.00000,0.00000,0.00000
90.01000,1.98000,0.99998,0.00002,0.00000,0.00000,0.00000
90.21000,1.98000,1.00000,0.00000,0.00000,0.00000,0.00000
90.41000,1.98000,1.00000,0.00000,0.00000,0.00000,0.00000
90.61000,1.98000,1.00000,0.00000,0.00000,0.00000,0.00000
90.81000,1.98000,1.00000,0.00000,0.00000,0.00000,0.00000
91.01000,1.98000,1.00000,0.00000,0.00000,0.00000,0.00000
91.21000,1.98000,1.00000,0.00000,0.00000,0.00000,0.00000
91.41000,1.98000,1.00000,0.00000,0.00000,0.00000,0.00000
91.61000,1.98000,0.99999,0.00000,0.00000,0.00001,0.00000
91.81000,1.98000,0.99999,0.00000,0.00000,0.00001,0.00000
92.01000,1.98000,0.99997,0.00000,0.00000,0.00000,0.00002
92.21000,1.98000,0.99997,0.00000,0.00000,0.00000,0.00003
92.41000,1.98000,0.99982,0.00000,0.00002,0.00000,0.00016
92.61000,1.98000,0.99917,0.00000,0.00007,0.00000,0.00076
92.81000,1.98000,0.99842,0.00000,0.00008,0.00000,0.00150
93.01000,1.98000,0.99929,0.00000,0.00005,0.00000,0.00066
93.21000,1.98000,0.99987,0.00000,0.00005,0.00000,0.00008
93.41000,1.98000,0.99931,0.00000,0.00061,0.00000,0.00008
93.61000,1.98000,0.99600,0.00000,0.00364,0.00000,0.00036
93.81000,1.98000,0.78154,0.00000,0.21566,0.00005,0.00275
94.01000,1.98000,0.25309,0.00000,0.70056,0.00161,0.04474
94.21000,1.98000,0.28317,0.00001,0.71062,0.00201,0.00419
94.41000,1.98000,0.56903,0.00004,0.41964,0.00712,0.00417
94.61000,1.98000,0.98963,0.00001,0.01018,0.00015,0.00003
94.81000,1.98000,0.99847,0.00000,0.00147,0.00002,0.00003
95.01000,1.98000,0.99911,0.00000,0.00087,0.00002,0.00000
95.21000,1.98000,0.99975,0.00000,0.00022,0.00003,0.00000
95.41000,1.98000,0.99997,0.00000,0.00001,0.00002,0.00000
95.61000,1.98000,0.99970,0.00000,0.00003,0.00026,0.00001
95.81000,1.98000,0.99970,0.00000,0.00001,0.00028,0.00000
96.01000,1.98000,0.99818,0.00000,0.00005,0.00175,0.00001
96.21000,1.98000,0.99978,0.00000,0.00001,0.00021,0.00000
96.41000,1.98000,0.99991,0.00000,0.00000,0.00008,0.00000
96.61000,1.98000,0.99942,0.00000,0.00001,0.00056,0.00000
96.81000,1.98000,0.99962,0.00000,0.00001,0.00036,0.00000
97.01000,1.98000,0.99976,0.00000,0.00001,0.00023,0.00000
97.21000,1.98000,0.99984,0.00000,0.00001,0.00015,0.00000
97.41000,1.98000,0.99944,0.00000,0.00003,0.00053,0.00000
97.61000,1.98000,0.99998,0.00000,0.00000,0.00001,0.00000
97.81000,1.98000,0.99999,0.00000,0.00000,0.00001,0.00000
98.01000,1.98000,0.99937,0.00010,0.00002,0.00033,0.00017
98.21000,1.98000,0.99952,0.00003,0.00002,0.00033,0.00010
98.41000,1.98000,0.99991,0.00000,0.00001,0.00001,0.00008
98.61000,1.98000,0.91673,0.00007,0.00523,0.02930,0.04867
98.81000,1.98000,0.96743,0.00022,0.00076,0.00798,0.02361
99.01000,1.98000,0.52726,0.00002,0.00775,0.04712,0.41784
99.21000,1.98000,0.49341,0.00005,0.04739,0.09514,0.36400
99.41000,1.98000,0.44023,0.00000,0.13140,0.13635,0.29202
99.61000,1.98000,0.91884,0.00000,0.03481,0.01784,0.02851
99.81000,1.98000,0.99814,0.00000,0.00082,0.00006,0.00097
100.01000,1.98000,0.99958,0.00000,0.00030,0.00001,0.00010
100.21000,1.98000,0.99981,0.00000,0.00018,0.00000,0.00001
100.41000,1.98000,0.99994,0.00000,0.00005,0.00000,0.00000
100.61000,1.98000,0.99994,0.00000,0.00005,0.00000,0.00000
100.81000,1.98000,0.99999,0.00000,0.00001,0.00000,0.00000
101.01000,1.98000,0.99997,0.00000,0.00002,0.00000,0.00001
101.21000,1.98000,0.99996,0.00000,0.00003,0.00000,0.00000
101.41000,1.98000,0.99995,0.00000,0.00004,0.00000,0.00001
101.61000,1.98000,0.99996,0.00000,0.00004,0.00000,0.00000
101.81000,1.98000,0.99990,0.00000,0.00009,0.00000,0.00000
102.01000,1.98000,0.99998,0.00000,0.00002,0.00000,0.00000
102.21000,1.98000,0.99997,0.00000,0.00002,0.00000,0.00000
102.41000,1.98000,0.99997,0.00000,0.00003,0.00000,0.00000
102.61000,1.98000,0.99998,0.00000,0.00002,0.00000,0.00000
102.81000,1.98000,0.99999,0.00000,0.00001,0.00000,0.00000
103.01000,1.98000,0.99998,0.00000,0.00002,0.00000,0.00000
103.21000,1.98000,0.99991,0.00000,0.00007,0.00001,0.00001
103.41000,1.98000,0.99894,0.00000,0.00075,0.00017,0.00013
103.61000,1.98000,0.99937,0.00000,0.00040,0.00017,0.00005
103.81000,1.98000,0.99998,0.00000,0.00001,0.00000,0.00001
104.01000,1.98000,0.98753,0.00003,0.00374,0.00081,0.00789
104.21000,1.98000,0.93678,0.00094,0.00377,0.00476,0.05375
104.41000,1.98000,0.76665,0.00037,0.01037,0.00337,0.21924
104.61000,1.98000,0.57069,0.00006,0.03476,0.00205,0.39243
104.81000,1.98000,0.71146,0.00005,0.02313,0.00113,0.26422
105.01000,1.98000,0.69550,0.00005,0.00547,0.00083,0.29816
105.21000,1.98000,0.97440,0.00000,0.00104,0.00001,0.02455
105.41000,1.98000,0.98323,0.00000,0.00238,0.00001,0.01438
105.61000,1.98000,0.99996,0.00000,0.00001,0.00000,0.00003
105.81000,1.98000,0.99972,0.00000,0.00017,0.00000,0.00010
106.01000,1.98000,0.99951,0.00000,0.00028,0.00001,0.00020
106.21000,1.98000,0.99657,0.00000,0.00206,0.00060,0.00077
106.41000,1.98000,0.99682,0.00001,0.00164,0.00106,0.00047
106.61000,1.98000,0.99855,0.00001,0.00039,0.00088,0.00017
106.81000,1.98000,0.98858,0.00033,0.00099,0.00923,0.00087
107.01000,1.98000,0.99984,0.00000,0.00001,0.00012,0.00003
107.21000,1.98000,0.99933,0.00000,0.00004,0.00032,0.00030
107.41000,1.98000,0.99987,0.00000,0.00003,0.00008,0.00002
107.61000,1.98000,0.99984,0.00000,0.00001,0.00013,0.00002
107.81000,1.98000,0.99991,0.00000,0.00001,0.00006,0.00003
108.01000,1.98000,0.99994,0.00000,0.00000,0.00004,0.00001
108.21000,1.98000,0.99990,0.00000,0.00001,0.00007,0.00002
108.41000,1.98000,0.99999,0.00000,0.00000,0.00000,0.00000
108.61000,1.98000,1.00000,0.00000,0.00000,0.00000,0.00000
108.81000,1.98000,1.00000,0.00000,0.00000,0.00000,0.00000
109.01000,1.98000,0.99997,0.00003,0.00000,0.00000,0.00000
109.21000,1.98000,0.98601,0.01371,0.00002,0.00003,0.00023
109.41000,1.98000,0.62337,0.31224,0.00158,0.00622,0.05658
109.61000,1.98000,0.72759,0.21127,0.00195,0.00157,0.05762
109.81000,1.98000,0.99761,0.00155,0.00011,0.00001,0.00072
110.01000,1.98000,0.99989,0.00004,0.00001,0.00000,0.00006
110.21000,1.98000,0.99990,0.00000,0.00006,0.00000,0.00004
110.41000,1.98000,0.99998,0.00000,0.00001,0.00000,0.00001
110.61000,1.98000,0.99997,0.00000,0.00002,0.00000,0.00000
110.81000,1.98000,1.00000,0.00000,0.00000,0.00000,0.00000
111.01000,1.98000,1.00000,0.00000,0.00000,0.00000,0.00000
111.21000,1.98000,1.00000,0.00000,0.00000,0.00000,0.00000
111.41000,1.98000,1.00000,0.00000,0.00000,0.00000,0.00000
111.61000,1.98000,1.00000,0.00000,0.00000,0.00000,0.00000
111.81000,1.98000,1.00000,0.00000,0.00000,0.00000,0.00000
112.01000,1.98000,0.99999,0.00000,0.00000,0.00001,0.00000
112.21000,1.98000,0.99997,0.00000,0.00000,0.00002,0.00000
112.41000,1.98000,0.99999,0.00000,0.00000,0.00001,0.00000
112.61000,1.98000,0.99998,0.00000,0.00000,0.00002,0.00000
112.81000,1.98000,0.99999,0.00000,0.00000,0.00000,0.00000
113.01000,1.98000,1.00000,0.00000,0.00000,0.00000,0.00000
113.21000,1.98000,0.99997,0.00000,0.00001,0.00002,0.00001
113.41000,1.98000,0.99941,0.00000,0.00013,0.00029,0.00017
113.61000,1.98000,0.99962,0.00000,0.00023,0.00005,0.00009
113.81000,1.98000,0.99714,0.00000,0.00285,0.00001,0.00000
114.01000,1.98000,0.99498,0.00001,0.00500,0.00001,0.00000
114.21000,1.98000,0.92901,0.00007,0.07086,0.00006,0.00001
114.41000,1.98000,0.92432,0.00004,0.07561,0.00003,0.00000
114.61000,1.98000,0.55302,0.00007,0.44658,0.00033,0.00000
114.81000,1.98000,0.97520,0.00006,0.02460,0.00015,0.00000
115.01000,1.98000,0.81942,0.00022,0.17973,0.00062,0.00000
115.21000,1.98000,0.99946,0.00002,0.00052,0.00001,0.00000
115.41000,1.98000,0.97811,0.00007,0.02171,0.00010,0.00000
115.61000,1.98000,0.99992,0.00002,0.00002,0.00005,0.00000
115.81000,1.98000,0.99636,0.00002,0.00009,0.00353,0.00001
116.01000,1.98000,0.99972,0.00000,0.00000,0.00027,0.00000
116.21000,1.98000,0.99966,0.00000,0.00002,0.00032,0.00000
116.41000,1.98000,0.99946,0.00003,0.00001,0.00050,0.00000
116.61000,1.98000,0.99929,0.00006,0.00001,0.00063,0.00001
116.81000,1.98000,0.99922,0.00025,0.00001,0.00051,0.00002
117.01000,1.98000,0.99872,0.00007,0.00005,0.00065,0.00051
117.21000,1.98000,0.99822,0.00004,0.00010,0.00141,0.00023
117.41000,1.98000,0.99897,0.00001,0.00013,0.00044,0.00045
117.61000,1.98000,0.99991,0.00000,0.00001,0.00003,0.00004
117.81000,1.98000,0.99995,0.00000,0.00000,0.00000,0.00004
118.01000,1.98000,0.99994,0.00000,0.00002,0.00001,0.00003
118.21000,1.98000,1.00000,0.00000,0.00000,0.00000,0.00000
118.41000,1.98000,0.99984,0.00000,0.00011,0.00001,0.00003
118.61000,1.98000,0.99966,0.00000,0.00030,0.00001,0.00003
118.81000,1.98000,0.98196,0.00000,0.01415,0.00080,0.00309
119.01000,1.98000,0.91578,0.00000,0.06296,0.00087,0.02039
119.21000,1.98000,0.97035,0.00000,0.02587,0.00047,0.00331
119.41000,1.98000,0.93854,0.00000,0.04593,0.00124,0.01430
119.61000,1.98000,0.99634,0.00000,0.00284,0.00007,0.00075
119.81000,1.98000,0.99963,0.00000,0.00027,0.00000,0.00009
120.01000,1.98000,0.99927,0.00000,0.00063,0.00001,0.00009
120.21000,1.98000,0.99974,0.00000,0.00021,0.00000,0.00005
120.41000,1.98000,0.99948,0.00000,0.00033,0.00003,0.00016
120.61000,1.98000,0.99991,0.00000,0.00003,0.00001,0.00004
120.81000,1.98000,0.99998,0.00000,0.00001,0.00000,0.00001
121.01000,1.98000,0.99998,0.00000,0.00001,0.00000,0.00001
121.21000,1.98000,0.99999,0.00000,0.00001,0.00000,0.00001
121.41000,1.98000,0.99999,0.00000,0.00000,0.00000,0.00001
121.61000,1.98000,0.99996,0.00000,0.00002,0.00001,0.00002
121.81000,1.98000,0.99668,0.00000,0.00084,0.00057,0.00190
122.01000,1.98000,0.99900,0.00000,0.00048,0.00002,0.00050
122.21000,1.98000,0.99815,0.00000,0.00135,0.00002,0.00048
122.41000,1.98000,0.99926,0.00000,0.00062,0.00000,0.00011
122.61000,1.98000,0.99872,0.00000,0.00124,0.00000,0.00003
122.81000,1.98000,0.99600,0.00000,0.00388,0.00001,0.00011
123.01000,1.98000,0.99493,0.00000,0.00483,0.00002,0.00022
123.21000,1.98000,0.99872,0.00000,0.00122,0.00000,0.00006
123.41000,1.98000,0.99972,0.00000,0.00028,0.00000,0.00000
123.61000,1.98000,0.99998,0.00000,0.00002,0.00000,0.00000
123.81000,1.98000,0.99953,0.00001,0.00042,0.00000,0.00003
124.01000,1.98000,0.99968,0.00000,0.00023,0.00000,0.00009
124.21000,1.98000,0.93597,0.00001,0.01794,0.00043,0.04565
124.41000,1.98000,0.98445,0.00000,0.00732,0.00001,0.00822
124.61000,1.98000,0.97647,0.00000,0.01440,0.00005,0.00908
124.81000,1.98000,0.99447,0.00000,0.00524,0.00000,0.00029
125.01000,1.98000,0.99272,0.00002,0.00569,0.00001,0.00157
125.21000,1.98000,0.99765,0.00001,0.00227,0.00000,0.00006
125.41000,1.98000,0.99970,0.00000,0.00029,0.00000,0.00001
125.61000,1.98000,0.99613,0.00001,0.00384,0.00000,0.00001
125.81000,1.98000,0.99232,0.00083,0.00672,0.00001,0.00012
126.01000,1.98000,0.99806,0.00024,0.00170,0.00000,0.00000
126.21000,1.98000,0.99955,0.00002,0.00044,0.00000,0.00000
126.41000,1.98000,0.99829,0.00000,0.00171,0.00000,0.00000
126.61000,1.98000,0.99979,0.00000,0.00021,0.00000,0.00000
126.81000,1.98000,0.99853,0.00000,0.00147,0.00000,0.00000
127.01000,1.98000,0.99891,0.00000,0.00109,0.00000,0.00000
127.21000,1.98000,0.99785,0.00000,0.00215,0.00000,0.00000
127.41000,1.98000,0.97649,0.00000,0.02347,0.00004,0.00001
127.61000,1.98000,0.99201,0.00000,0.00795,0.00003,0.00000
127.81000,1.98000,0.99857,0.00000,0.00142,0.00001,0.00000
128.00999,1.98001,0.99906,0.00000,0.00087,0.00007,0.00000
128.21001,1.98000,0.99968,0.00000,0.00029,0.00003,0.00000
128.41000,1.98000,0.99989,0.00000,0.00007,0.00004,0.00000
128.61000,1.98000,0.99996,0.00000,0.00002,0.00002,0.00000
128.81000,1.98000,0.99999,0.00000,0.00000,0.00001,0.00000
129.00999,1.98001,0.99999,0.00000,0.00000,0.00001,0.00000
129.21001,1.98000,0.99999,0.00000,0.00000,0.00001,0.00001
