Time (seconds), Duration (seconds),pred_(unlabeled),pred_On,pred_Off,pred_Dimmer,pred_Lighter
0.01000,1.98000,0.99994,0.00000,0.00003,0.00003,0.00000
0.21000,1.98000,0.99997,0.00000,0.00001,0.00001,0.00000
0.41000,1.98000,0.99994,0.00000,0.00003,0.00003,0.00000
0.61000,1.98000,0.99998,0.00000,0.00001,0.00001,0.00000
0.81000,1.98000,1.00000,0.00000,0.00000,0.00000,0.00000
1.01000,1.98000,1.00000,0.00000,0.00000,0.00000,0.00000
1.21000,1.98000,1.00000,0.00000,0.00000,0.00000,0.00000
1.41000,1.98000,0.99999,0.00000,0.00000,0.00001,0.00000
1.61000,1.98000,0.99995,0.00004,0.00000,0.00001,0.00000
1.81000,1.98000,0.99939,0.00058,0.00000,0.00002,0.00001
2.01000,1.98000,0.98507,0.01484,0.00000,0.00006,0.00003
2.21000,1.98000,0.63241,0.36740,0.00000,0.00010,0.00010
2.41000,1.98000,0.24742,0.75089,0.00001,0.00109,0.00060
2.61000,1.98000,0.71252,0.28669,0.00002,0.00040,0.00037
2.81000,1.98000,0.92884,0.07043,0.00010,0.00033,0.00029
3.01000,1.98000,0.99322,0.00669,0.00003,0.00003,0.00003
3.21000,1.98000,0.99929,0.00066,0.00002,0.00001,0.00001
3.41000,1.98000,0.99992,0.00007,0.00001,0.00001,0.00000
3.61000,1.98000,0.99996,0.00001,0.00002,0.00001,0.00000
3.81000,1.98000,0.99999,0.00000,0.00000,0.00000,0.00000
4.01000,1.98000,0.99998,0.00000,0.00001,0.00001,0.00000
4.21000,1.98000,0.99999,0.00000,0.00001,0.00000,0.00000
4.41000,1.98000,0.99999,0.00000,0.00001,0.00000,0.00000
4.61000,1.98000,0.99999,0.00000,0.00001,0.00000,0.00000
4.81000,1.98000,0.99999,0.00000,0.00001,0.00000,0.00000
5.01000,1.98000,0.99999,0.00000,0.00001,0.00000,0.00000
5.21000,1.98000,0.99999,0.00000,0.00001,0.00000,0.00000
5.41000,1.98000,0.99999,0.00000,0.00001,0.00000,0.00000
5.61000,1.98000,0.99999,0.00000,0.00001,0.00000,0.00000
5.81000,1.98000,0.99999,0.00000,0.00001,0.00000,0.00000
6.01000,1.98000,0.99999,0.00000,0.00000,0.00000,0.00000
6.21000,1.98000,1.00000,0.00000,0.00000,0.00000,0.00000
6.41000,1.98000,1.00000,0.00000,0.00000,0.00000,0.00000
6.61000,1.98000,0.99999,0.00000,0.00000,0.00000,0.00000
6.81000,1.98000,0.99999,0.00000,0.00001,0.00000,0.00000
7.01000,1.98000,0.99999,0.00000,0.00000,0.00000,0.00000
7.21000,1.98000,0.99999,0.00000,0.00000,0.00000,0.00000
7.41000,1.98000,0.99999,0.00000,0.00001,0.00000,0.00000
7.61000,1.98000,0.99999,0.00000,0.00000,0.00000,0.00000
7.81000,1.98000,0.99999,0.00000,0.00000,0.00000,0.00000
8.01000,1.98000,1.00000,0.00000,0.00000,0.00000,0.00000
8.21000,1.98000,1.00000,0.00000,0.00000,0.00000,0.00000
8.41000,1.98000,1.00000,0.00000,0.00000,0.00000,0.00000
8.61000,1.98000,1.00000,0.00000,0.00000,0.00000,0.00000
8.81000,1.98000,0.99999,0.00000,0.00000,0.00000,0.00000
9.01000,1.98000,0.99993,0.00006,0.00000,0.00001,0.00000
9.21000,1.98000,0.97064,0.01352,0.00052,0.01268,0.00264
9.41000,1.98000,0.92513,0.03596,0.00111,0.03124,0.00656
9.61000,1.98000,0.90425,0.05070,0.00106,0.03531,0.00869
9.81000,1.98000,0.98890,0.00840,0.00009,0.00187,0.00075
10.01000,1.98000,0.99543,0.00250,0.00010,0.00160,0.00037
10.21000,1.98000,0.99971,0.00002,0.00014,0.00011,0.00002
10.41000,1.98000,0.99993,0.00000,0.00005,0.00001,0.00000
10.61000,1.98000,0.99996,0.00000,0.00003,0.00001,0.00000
10.81000,1.98000,0.99999,0.00000,0.00001,0.00000,0.00000
11.01000,1.98000,0.99998,0.00000,0.00001,0.00000,0.00000
11.21000,1.98000,0.99999,0.00000,0.00001,0.00000,0.00000
11.41000,1.98000,0.99999,0.00000,0.00000,0.00000,0.00000
11.61000,1.98000,0.99999,0.00000,0.00001,0.00000,0.00000
11.81000,1.98000,0.99999,0.00000,0.00001,0.00000,0.00000
12.01000,1.98000,0.99999,0.00000,0.00000,0.00000,0.00000
12.21000,1.98000,0.99999,0.00000,0.00000,0.00000,0.00000
12.41000,1.98000,0.99999,0.00000,0.00001,0.00000,0.00000
12.61000,1.98000,0.99999,0.00000,0.00001,0.00000,0.00000
12.81000,1.98000,0.99999,0.00000,0.00000,0.00000,0.00000
13.01000,1.98000,1.00000,0.00000,0.00000,0.00000,0.00000
13.21000,1.98000,0.99999,0.00000,0.00000,0.00000,0.00000
13.41000,1.98000,0.99999,0.00000,0.00001,0.00000,0.00000
13.61000,1.98000,0.99999,0.00000,0.00001,0.00000,0.00000
13.81000,1.98000,1.00000,0.00000,0.00000,0.00000,0.00000
14.01000,1.98000,1.00000,0.00000,0.00000,0.00000,0.00000
14.21000,1.98000,1.00000,0.00000,0.00000,0.00000,0.00000
14.41000,1.98000,1.00000,0.00000,0.00000,0.00000,0.00000
14.61000,1.98000,0.99998,0.00001,0.00000,0.00001,0.00000
14.81000,1.98000,0.99989,0.00010,0.00000,0.00001,0.00000
15.01000,1.98000,0.99851,0.00146,0.00000,0.00002,0.00001
15.21000,1.98000,0.96058,0.03934,0.00000,0.00005,0.00003
15.41000,1.98000,0.54254,0.45692,0.00002,0.00026,0.00026
15.61000,1.98000,0.18924,0.80991,0.00001,0.00044,0.00040
15.81000,1.98000,0.65475,0.34349,0.00021,0.00077,0.00078
16.01000,1.98000,0.87968,0.11937,0.00019,0.00039,0.00038
16.21000,1.98000,0.98536,0.01349,0.00024,0.00063,0.00028
16.41000,1.98000,0.99787,0.00176,0.00018,0.00013,0.00006
16.61000,1.98000,0.99966,0.00013,0.00012,0.00007,0.00002
16.81000,1.98000,0.99972,0.00003,0.00014,0.00010,0.00001
17.01000,1.98000,0.99991,0.00000,0.00006,0.00003,0.00000
17.21000,1.98000,0.99999,0.00000,0.00001,0.00001,0.00000
17.41000,1.98000,0.99994,0.00000,0.00004,0.00003,0.00000
17.61000,1.98000,0.99998,0.00000,0.00001,0.00001,0.00000
17.81000,1.98000,0.99998,0.00000,0.00002,0.00001,0.00000
18.01000,1.98000,0.99999,0.00000,0.00001,0.00000,0.00000
18.21000,1.98000,1.00000,0.00000,0.00000,0.00000,0.00000
18.41000,1.98000,1.00000,0.00000,0.00000,0.00000,0.00000
18.61000,1.98000,0.99999,0.00001,0.00000,0.00000,0.00000
18.81000,1.98000,0.99992,0.00007,0.00000,0.00000,0.00000
19.01000,1.98000,0.99909,0.00090,0.00000,0.00001,0.00000
19.21000,1.98000,0.96866,0.03133,0.00000,0.00000,0.00001
19.41000,1.98000,0.52798,0.47200,0.00000,0.00001,0.00002
19.61000,1.98000,0.07294,0.92698,0.00000,0.00002,0.00005
19.81000,1.98000,0.39464,0.60531,0.00000,0.00001,0.00004
20.01000,1.98000,0.86990,0.12995,0.00003,0.00004,0.00009
20.21000,1.98000,0.99176,0.00822,0.00000,0.00001,0.00001
20.41000,1.98000,0.99949,0.00049,0.00001,0.00001,0.00000
20.61000,1.98000,0.99996,0.00003,0.00000,0.00000,0.00000
20.81000,1.98000,0.99999,0.00000,0.00000,0.00000,0.00000
21.01000,1.98000,1.00000,0.00000,0.00000,0.00000,0.00000
21.21000,1.98000,0.99999,0.00000,0.00001,0.00000,0.00000
21.41000,1.98000,0.99999,0.00000,0.00001,0.00000,0.00000
21.61000,1.98000,0.99998,0.00000,0.00001,0.00000,0.00000
21.81000,1.98000,0.99998,0.00000,0.00001,0.00000,0.00000
22.01000,1.98000,0.99999,0.00000,0.00001,0.00000,0.00000
22.21000,1.98000,0.99999,0.00000,0.00001,0.00000,0.00000
22.41000,1.98000,0.99998,0.00000,0.00001,0.00000,0.00000
22.61000,1.98000,0.99999,0.00000,0.00001,0.00000,0.00000
22.81000,1.98000,1.00000,0.00000,0.00000,0.00000,0.00000
23.01000,1.98000,1.00000,0.00000,0.00000,0.00000,0.00000
23.21000,1.98000,1.00000,0.00000,0.00000,0.00000,0.00000
23.41000,1.98000,1.00000,0.00000,0.00000,0.00000,0.00000
23.61000,1.98000,0.99999,0.00001,0.00000,0.00000,0.00000
23.81000,1.98000,0.99986,0.00014,0.00000,0.00000,0.00000
24.01000,1.98000,0.99782,0.00217,0.00000,0.00000,0.00000
24.21000,1.98000,0.89902,0.10092,0.00001,0.00002,0.00003
24.41000,1.98000,0.30155,0.69807,0.00003,0.00015,0.00021
24.61000,1.98000,0.19825,0.80124,0.00002,0.00019,0.00030
24.81000,1.98000,0.94772,0.05212,0.00004,0.00004,0.00008
25.01000,1.98000,0.98991,0.00992,0.00003,0.00006,0.00008
25.21000,1.98000,0.99564,0.00412,0.00003,0.00011,0.00010
25.41000,1.98000,0.99925,0.00068,0.00002,0.00002,0.00003
25.61000,1.98000,0.99907,0.00062,0.00004,0.00014,0.00012
25.81000,1.98000,0.99894,0.00061,0.00005,0.00026,0.00014
26.01000,1.98000,0.99906,0.00028,0.00005,0.00045,0.00016
26.21000,1.98000,0.99796,0.00058,0.00009,0.00109,0.00029
26.41000,1.98000,0.99785,0.00090,0.00007,0.00091,0.00028
26.61000,1.98000,0.99965,0.00029,0.00000,0.00003,0.00003
26.81000,1.98000,0.99966,0.00013,0.00002,0.00011,0.00008
27.01000,1.98000,0.99891,0.00054,0.00002,0.00030,0.00022
27.21000,1.98000,0.99938,0.00059,0.00000,0.00001,0.00001
27.41000,1.98000,0.99752,0.00241,0.00000,0.00003,0.00004
27.61000,1.98000,0.99005,0.00990,0.00000,0.00002,0.00003
27.81000,1.98000,0.97557,0.02439,0.00000,0.00001,0.00003
28.01000,1.98000,0.84493,0.15501,0.00000,0.00001,0.00004
28.21000,1.98000,0.43959,0.56039,0.00000,0.00000,0.00001
28.41000,1.98000,0.55862,0.44137,0.00000,0.00000,0.00001
28.61000,1.98000,0.34882,0.65116,0.00000,0.00000,0.00002
28.81000,1.98000,0.24782,0.75217,0.00000,0.00000,0.00001
29.01000,1.98000,0.57683,0.42307,0.00000,0.00003,0.00007
29.21000,1.98000,0.90162,0.09832,0.00000,0.00002,0.00004
29.41000,1.98000,0.99266,0.00731,0.00000,0.00001,0.00001
29.61000,1.98000,0.99918,0.00080,0.00000,0.00002,0.00001
29.81000,1.98000,0.99991,0.00009,0.00000,0.00000,0.00000
30.01000,1.98000,0.99998,0.00001,0.00000,0.00001,0.00000
30.21000,1.98000,0.99998,0.00000,0.00001,0.00001,0.00000
30.41000,1.98000,0.99999,0.00000,0.00000,0.00000,0.00000
30.61000,1.98000,0.99999,0.00000,0.00000,0.00000,0.00000
30.81000,1.98000,0.99999,0.00000,0.00001,0.00000,0.00000
31.01000,1.98000,0.99999,0.00000,0.00000,0.00000,0.00000
31.21000,1.98000,1.00000,0.00000,0.00000,0.00000,0.00000
31.41000,1.98000,0.99999,0.00000,0.00001,0.00000,0.00000
31.61000,1.98000,1.00000,0.00000,0.00000,0.00000,0.00000
31.81000,1.98000,0.99999,0.00000,0.00000,0.00000,0.00000
32.01000,1.98000,0.99999,0.00000,0.00001,0.00000,0.00000
32.21000,1.98000,0.99999,0.00000,0.00001,0.00000,0.00000
32.41000,1.98000,0.99999,0.00000,0.00001,0.00000,0.00000
32.61000,1.98000,0.99999,0.00000,0.00001,0.00000,0.00000
32.81000,1.98000,0.99999,0.00000,0.00001,0.00000,0.00000
33.01000,1.98000,0.99999,0.00000,0.00001,0.00000,0.00000
33.21000,1.98000,0.99999,0.00000,0.00001,0.00000,0.00000
33.41000,1.98000,0.99999,0.00000,0.00001,0.00000,0.00000
33.61000,1.98000,0.99999,0.00000,0.00000,0.00000,0.00000
33.81000,1.98000,1.00000,0.00000,0.00000,0.00000,0.00000
34.01000,1.98000,1.00000,0.00000,0.00000,0.00000,0.00000
34.21000,1.98000,0.99999,0.00000,0.00000,0.00000,0.00000
34.41000,1.98000,0.99993,0.00005,0.00000,0.00001,0.00000
34.61000,1.98000,0.99848,0.00142,0.00001,0.00006,0.00002
34.81000,1.98000,0.94547,0.05324,0.00006,0.00090,0.00033
35.01000,1.98000,0.88960,0.10969,0.00001,0.00046,0.00025
35.21000,1.98000,0.34627,0.65315,0.00001,0.00025,0.00031
35.41000,1.98000,0.71818,0.28173,0.00000,0.00002,0.00007
35.61000,1.98000,0.63107,0.36889,0.00000,0.00001,0.00003
35.81000,1.98000,0.52959,0.47036,0.00000,0.00001,0.00005
36.01000,1.98000,0.18572,0.81427,0.00000,0.00000,0.00001
36.21000,1.98000,0.24225,0.75773,0.00000,0.00000,0.00001
36.41000,1.98000,0.13697,0.86279,0.00000,0.00008,0.00016
36.61000,1.98000,0.68453,0.31515,0.00001,0.00012,0.00020
36.81000,1.98000,0.97191,0.02785,0.00003,0.00009,0.00011
37.01000,1.98000,0.99748,0.00241,0.00002,0.00005,0.00004
37.21000,1.98000,0.99975,0.00024,0.00000,0.00000,0.00000
37.41000,1.98000,0.99998,0.00001,0.00000,0.00000,0.00000
37.61000,1.98000,0.99999,0.00000,0.00000,0.00001,0.00000
37.81000,1.98000,0.99998,0.00000,0.00001,0.00001,0.00000
38.01000,1.98000,0.99998,0.00000,0.00001,0.00001,0.00000
38.21000,1.98000,0.99994,0.00000,0.00004,0.00002,0.00000
38.41000,1.98000,0.99996,0.00000,0.00003,0.00001,0.00000
38.61000,1.98000,0.99997,0.00000,0.00002,0.00001,0.00000
38.81000,1.98000,0.99998,0.00000,0.00002,0.00001,0.00000
39.01000,1.98000,0.99999,0.00000,0.00001,0.00000,0.00000
39.21000,1.98000,1.00000,0.00000,0.00000,0.00000,0.00000
39.41000,1.98000,1.00000,0.00000,0.00000,0.00000,0.00000
39.61000,1.98000,1.00000,0.00000,0.00000,0.00000,0.00000
39.81000,1.98000,0.99999,0.00001,0.00000,0.00000,0.00000
40.01000,1.98000,0.99981,0.00019,0.00000,0.00000,0.00000
40.21000,1.98000,0.99186,0.00813,0.00000,0.00001,0.00000
40.41000,1.98000,0.52763,0.46907,0.00027,0.00219,0.00085
40.61000,1.98000,0.27975,0.71469,0.00038,0.00348,0.00171
40.81000,1.98000,0.91141,0.08832,0.00003,0.00013,0.00011
41.01000,1.98000,0.99785,0.00207,0.00004,0.00002,0.00001
41.21000,1.98000,0.99974,0.00025,0.00001,0.00000,0.00000
41.41000,1.98000,0.99992,0.00003,0.00004,0.00001,0.00000
41.61000,1.98000,0.99997,0.00000,0.00002,0.00000,0.00000
41.81000,1.98000,1.00000,0.00000,0.00000,0.00000,0.00000
42.01000,1.98000,1.00000,0.00000,0.00000,0.00000,0.00000
42.21000,1.98000,0.99999,0.00000,0.00000,0.00000,0.00000
42.41000,1.98000,0.99997,0.00002,0.00000,0.00001,0.00000
42.61000,1.98000,0.99975,0.00025,0.00000,0.00000,0.00000
42.81000,1.98000,0.99640,0.00360,0.00000,0.00000,0.00000
43.01000,1.98000,0.82216,0.17742,0.00004,0.00024,0.00014
43.21000,1.98000,0.23582,0.75701,0.00038,0.00499,0.00180
43.41000,1.98000,0.69076,0.30684,0.00019,0.00159,0.00063
43.61000,1.98000,0.98874,0.01097,0.00014,0.00010,0.00005
43.81000,1.98000,0.99874,0.00105,0.00015,0.00005,0.00002
44.01000,1.98000,0.99969,0.00010,0.00015,0.00005,0.00001
44.21000,1.98000,0.99989,0.00001,0.00009,0.00001,0.00000
44.41000,1.98000,0.99984,0.00000,0.00014,0.00001,0.00000
44.61000,1.98000,0.99999,0.00000,0.00001,0.00000,0.00000
44.81000,1.98000,0.99999,0.00000,0.00001,0.00000,0.00000
45.01000,1.98000,0.99999,0.00000,0.00001,0.00000,0.00000
45.21000,1.98000,1.00000,0.00000,0.00000,0.00000,0.00000
45.41000,1.98000,1.00000,0.00000,0.00000,0.00000,0.00000
45.61000,1.98000,0.99999,0.00000,0.00000,0.00000,0.00000
45.81000,1.98000,0.99999,0.00000,0.00000,0.00000,0.00000
46.01000,1.98000,0.99999,0.00000,0.00000,0.00000,0.00000
46.21000,1.98000,0.99999,0.00000,0.00001,0.00000,0.00000
46.41000,1.98000,0.99999,0.00000,0.00000,0.00000,0.00000
46.61000,1.98000,0.99999,0.00000,0.00001,0.00000,0.00000
46.81000,1.98000,0.99999,0.00000,0.00001,0.00000,0.00000
47.01000,1.98000,0.99999,0.00000,0.00001,0.00000,0.00000
47.21000,1.98000,0.99999,0.00000,0.00001,0.00000,0.00000
47.41000,1.98000,0.99999,0.00000,0.00001,0.00000,0.00000
47.61000,1.98000,0.99999,0.00000,0.00001,0.00000,0.00000
47.81000,1.98000,1.00000,0.00000,0.00000,0.00000,0.00000
48.01000,1.98000,1.00000,0.00000,0.00000,0.00000,0.00000
48.21000,1.98000,0.99999,0.00000,0.00000,0.00000,0.00000
48.41000,1.98000,0.99999,0.00000,0.00000,0.00000,0.00000
48.61000,1.98000,1.00000,0.00000,0.00000,0.00000,0.00000
48.81000,1.98000,1.00000,0.00000,0.00000,0.00000,0.00000
49.01000,1.98000,1.00000,0.00000,0.00000,0.00000,0.00000
49.21000,1.98000,0.99997,0.00003,0.00000,0.00000,0.00000
49.41000,1.98000,0.99958,0.00041,0.00000,0.00001,0.00000
49.61000,1.98000,0.99608,0.00391,0.00000,0.00001,0.00000
49.81000,1.98000,0.86171,0.13827,0.00000,0.00001,0.00001
50.01000,1.98000,0.42920,0.57079,0.00000,0.00000,0.00001
50.21000,1.98000,0.15500,0.84499,0.00000,0.00000,0.00000
50.41000,1.98000,0.26931,0.73064,0.00001,0.00001,0.00003
50.61000,1.98000,0.78803,0.21189,0.00002,0.00002,0.00004
50.81000,1.98000,0.97706,0.02284,0.00003,0.00004,0.00003
51.01000,1.98000,0.99859,0.00137,0.00002,0.00001,0.00001
51.21000,1.98000,0.99989,0.00010,0.00001,0.00000,0.00000
51.41000,1.98000,0.99999,0.00001,0.00001,0.00000,0.00000
51.61000,1.98000,1.00000,0.00000,0.00000,0.00000,0.00000
51.81000,1.98000,0.99999,0.00000,0.00000,0.00000,0.00000
52.01000,1.98000,0.99999,0.00000,0.00000,0.00000,0.00000
52.21000,1.98000,0.99999,0.00000,0.00001,0.00000,0.00000
52.41000,1.98000,1.00000,0.00000,0.00000,0.00000,0.00000
52.61000,1.98000,1.00000,0.00000,0.00000,0.00000,0.00000
52.81000,1.98000,0.99999,0.00000,0.00000,0.00000,0.00000
53.01000,1.98000,0.99999,0.00000,0.00000,0.00000,0.00000
53.21000,1.98000,0.99999,0.00000,0.00000,0.00000,0.00000
53.41000,1.98000,1.00000,0.00000,0.00000,0.00000,0.00000
53.61000,1.98000,1.00000,0.00000,0.00000,0.00000,0.00000
53.81000,1.98000,1.00000,0.00000,0.00000,0.00000,0.00000
54.01000,1.98000,0.99998,0.00001,0.00000,0.00001,0.00000
54.21000,1.98000,0.99982,0.00018,0.00000,0.00000,0.00000
54.41000,1.98000,0.99537,0.00461,0.00000,0.00002,0.00001
54.61000,1.98000,0.88764,0.11234,0.00000,0.00001,0.00001
54.81000,1.98000,0.32473,0.67524,0.00000,0.00001,0.00002
55.01000,1.98000,0.22938,0.77056,0.00000,0.00002,0.00003
55.21000,1.98000,0.58333,0.41611,0.00006,0.00025,0.00025
55.41000,1.98000,0.92542,0.07442,0.00003,0.00007,0.00006
55.61000,1.98000,0.99596,0.00389,0.00005,0.00007,0.00003
55.81000,1.98000,0.99966,0.00031,0.00002,0.00001,0.00000
56.01000,1.98000,0.99994,0.00002,0.00002,0.00001,0.00000
56.21000,1.98000,0.99999,0.00000,0.00001,0.00000,0.00000
56.41000,1.98000,0.99999,0.00000,0.00000,0.00000,0.00000
56.61000,1.98000,1.00000,0.00000,0.00000,0.00000,0.00000
56.81000,1.98000,1.00000,0.00000,0.00000,0.00000,0.00000
57.01000,1.98000,0.99999,0.00000,0.00000,0.00000,0.00000
57.21000,1.98000,1.00000,0.00000,0.00000,0.00000,0.00000
57.41000,1.98000,0.99999,0.00000,0.00000,0.00000,0.00000
57.61000,1.98000,1.00000,0.00000,0.00000,0.00000,0.00000
57.81000,1.98000,1.00000,0.00000,0.00000,0.00000,0.00000
58.01000,1.98000,1.00000,0.00000,0.00000,0.00000,0.00000
58.21000,1.98000,0.99998,0.00002,0.00000,0.00000,0.00000
58.41000,1.98000,0.99935,0.00065,0.00000,0.00000,0.00000
58.61000,1.98000,0.98453,0.01546,0.00000,0.00000,0.00000
58.81000,1.98000,0.64431,0.35568,0.00000,0.00000,0.00000
59.01000,1.98000,0.04202,0.95796,0.00000,0.00000,0.00002
59.21000,1.98000,0.29483,0.70515,0.00000,0.00000,0.00001
59.41000,1.98000,0.68943,0.31055,0.00000,0.00000,0.00001
59.61000,1.98000,0.84077,0.15921,0.00000,0.00000,0.00002
59.81000,1.98000,0.79150,0.20755,0.00008,0.00030,0.00057
60.01000,1.98000,0.93657,0.06283,0.00002,0.00014,0.00044
60.21000,1.98000,0.99457,0.00520,0.00001,0.00007,0.00016
60.41000,1.98000,0.95511,0.04180,0.00003,0.00177,0.00129
60.61000,1.98000,0.87859,0.04831,0.00066,0.05480,0.01763
60.81000,1.98000,0.93684,0.01824,0.00065,0.03463,0.00963
61.01000,1.98000,0.99313,0.00118,0.00023,0.00427,0.00119
61.21000,1.98000,0.99673,0.00045,0.00027,0.00208,0.00048
61.41000,1.98000,0.99895,0.00009,0.00012,0.00072,0.00012
61.61000,1.98000,0.99994,0.00001,0.00001,0.00003,0.00001
61.81000,1.98000,0.99986,0.00000,0.00005,0.00007,0.00001
62.01000,1.98000,0.99990,0.00001,0.00002,0.00007,0.00001
62.21000,1.98000,0.99998,0.00000,0.00001,0.00001,0.00000
62.41000,1.98000,0.99995,0.00000,0.00002,0.00003,0.00000
62.61000,1.98000,0.99993,0.00000,0.00003,0.00004,0.00000
62.81000,1.98000,0.99997,0.00000,0.00001,0.00001,0.00000
63.01000,1.98000,0.99999,0.00000,0.00000,0.00000,0.00000
63.21000,1.98000,0.99998,0.00000,0.00000,0.00001,0.00000
63.41000,1.98000,0.99995,0.00003,0.00000,0.00001,0.00000
63.61000,1.98000,0.99980,0.00015,0.00000,0.00004,0.00001
63.81000,1.98000,0.99887,0.00109,0.00000,0.00003,0.00001
64.01000,1.98000,0.99000,0.00993,0.00000,0.00004,0.00003
64.21000,1.98000,0.89104,0.10894,0.00000,0.00001,0.00001
64.41000,1.98000,0.37930,0.62050,0.00000,0.00008,0.00012
64.61000,1.98000,0.70723,0.29257,0.00000,0.00008,0.00013
64.81000,1.98000,0.73872,0.25993,0.00012,0.00054,0.00070
65.01000,1.98000,0.96066,0.03928,0.00001,0.00002,0.00003
65.21000,1.98000,0.99116,0.00842,0.00011,0.00018,0.00013
65.41000,1.98000,0.99498,0.00484,0.00007,0.00006,0.00006
65.61000,1.98000,0.99725,0.00163,0.00049,0.00042,0.00021
65.81000,1.98000,0.99940,0.00030,0.00011,0.00014,0.00005
66.01000,1.98000,0.99827,0.00008,0.00036,0.00115,0.00014
66.21000,1.98000,0.99912,0.00002,0.00019,0.00062,0.00005
66.41000,1.98000,0.99979,0.00000,0.00007,0.00013,0.00001
66.61000,1.98000,0.99949,0.00000,0.00018,0.00031,0.00001
66.81000,1.98000,0.99988,0.00000,0.00006,0.00006,0.00000
67.01000,1.98000,0.99998,0.00000,0.00001,0.00001,0.00000
67.21000,1.98000,1.00000,0.00000,0.00000,0.00000,0.00000
67.41000,1.98000,1.00000,0.00000,0.00000,0.00000,0.00000
67.61000,1.98000,0.99994,0.00005,0.00000,0.00000,0.00000
67.81000,1.98000,0.99961,0.00039,0.00000,0.00000,0.00000
68.01000,1.98000,0.99707,0.00291,0.00000,0.00001,0.00000
68.21000,1.98000,0.94914,0.05083,0.00000,0.00001,0.00001
68.41000,1.98000,0.40997,0.58996,0.00000,0.00002,0.00005
68.61000,1.98000,0.21797,0.78187,0.00000,0.00006,0.00010
68.81000,1.98000,0.46109,0.53859,0.00004,0.00010,0.00018
69.01000,1.98000,0.92095,0.07862,0.00014,0.00013,0.00016
69.21000,1.98000,0.99024,0.00882,0.00022,0.00051,0.00021
69.41000,1.98000,0.99922,0.00060,0.00007,0.00008,0.00003
69.61000,1.98000,0.99978,0.00007,0.00006,0.00008,0.00001
69.81000,1.98000,0.99991,0.00000,0.00005,0.00003,0.00000
70.01000,1.98000,0.99997,0.00000,0.00002,0.00001,0.00000
70.21000,1.98000,0.99998,0.00000,0.00001,0.00001,0.00000
70.41000,1.98000,0.99999,0.00000,0.00001,0.00000,0.00000
70.61000,1.98000,0.99999,0.00000,0.00001,0.00000,0.00000
70.81000,1.98000,0.99999,0.00000,0.00001,0.00000,0.00000
71.01000,1.98000,1.00000,0.00000,0.00000,0.00000,0.00000
71.21000,1.98000,1.00000,0.00000,0.00000,0.00000,0.00000
71.41000,1.98000,0.99999,0.00000,0.00000,0.00000,0.00000
71.61000,1.98000,0.99994,0.00006,0.00000,0.00000,0.00000
71.81000,1.98000,0.99928,0.00072,0.00000,0.00000,0.00000
72.01000,1.98000,0.99008,0.00990,0.00000,0.00001,0.00001
72.21000,1.98000,0.88492,0.11507,0.00000,0.00000,0.00001
72.41000,1.98000,0.35457,0.64538,0.00000,0.00001,0.00003
72.61000,1.98000,0.36682,0.63307,0.00000,0.00002,0.00009
72.81000,1.98000,0.42527,0.57402,0.00008,0.00013,0.00050
73.01000,1.98000,0.89887,0.10079,0.00006,0.00008,0.00020
73.21000,1.98000,0.98647,0.01318,0.00009,0.00011,0.00015
73.41000,1.98000,0.99847,0.00128,0.00009,0.00010,0.00007
73.61000,1.98000,0.99966,0.00010,0.00010,0.00011,0.00004
73.81000,1.98000,0.99995,0.00001,0.00003,0.00002,0.00000
74.01000,1.98000,0.99999,0.00000,0.00001,0.00000,0.00000
74.21000,1.98000,0.99997,0.00000,0.00002,0.00001,0.00000
74.41000,1.98000,0.99999,0.00000,0.00000,0.00000,0.00000
74.61000,1.98000,0.99999,0.00000,0.00001,0.00000,0.00000
74.81000,1.98000,1.00000,0.00000,0.00000,0.00000,0.00000
75.01000,1.98000,1.00000,0.00000,0.00000,0.00000,0.00000
75.21000,1.98000,1.00000,0.00000,0.00000,0.00000,0.00000
75.41000,1.98000,0.99999,0.00000,0.00000,0.00000,0.00000
75.61000,1.98000,1.00000,0.00000,0.00000,0.00000,0.00000
75.81000,1.98000,1.00000,0.00000,0.00000,0.00000,0.00000
76.01000,1.98000,1.00000,0.00000,0.00000,0.00000,0.00000
76.21000,1.98000,0.99997,0.00003,0.00000,0.00000,0.00000
76.41000,1.98000,0.99953,0.00047,0.00000,0.00000,0.00000
76.61000,1.98000,0.98777,0.01220,0.00000,0.00002,0.00001
76.81000,1.98000,0.65299,0.34695,0.00000,0.00003,0.00003
77.01000,1.98000,0.10081,0.89912,0.00000,0.00002,0.00004
77.21000,1.98000,0.31766,0.68221,0.00000,0.00005,0.00008
77.41000,1.98000,0.53713,0.46276,0.00001,0.00004,0.00006
77.61000,1.98000,0.96031,0.03949,0.00004,0.00010,0.00007
77.81000,1.98000,0.99627,0.00354,0.00004,0.00011,0.00004
78.01000,1.98000,0.99963,0.00031,0.00001,0.00004,0.00001
78.21000,1.98000,0.99989,0.00002,0.00003,0.00006,0.00000
78.41000,1.98000,0.99999,0.00000,0.00000,0.00000,0.00000
78.61000,1.98000,0.99999,0.00000,0.00001,0.00001,0.00000
78.81000,1.98000,0.99999,0.00000,0.00001,0.00000,0.00000
79.01000,1.98000,1.00000,0.00000,0.00000,0.00000,0.00000
79.21000,1.98000,1.00000,0.00000,0.00000,0.00000,0.00000
79.41000,1.98000,0.99999,0.00000,0.00001,0.00000,0.00000
79.61000,1.98000,1.00000,0.00000,0.00000,0.00000,0.00000
79.81000,1.98000,0.99999,0.00000,0.00000,0.00000,0.00000
80.01000,1.98000,1.00000,0.00000,0.00000,0.00000,0.00000
80.21000,1.98000,0.99999,0.00000,0.00000,0.00000,0.00000
80.41000,1.98000,1.00000,0.00000,0.00000,0.00000,0.00000
80.61000,1.98000,1.00000,0.00000,0.00000,0.00000,0.00000
80.81000,1.98000,1.00000,0.00000,0.00000,0.00000,0.00000
81.01000,1.98000,0.99998,0.00002,0.00000,0.00000,0.00000
81.21000,1.98000,0.99974,0.00026,0.00000,0.00000,0.00000
81.41000,1.98000,0.99553,0.00446,0.00000,0.00001,0.00000
81.61000,1.98000,0.87834,0.12164,0.00000,0.00001,0.00002
81.81000,1.98000,0.11615,0.88380,0.00000,0.00001,0.00004
82.01000,1.98000,0.29820,0.70177,0.00000,0.00001,0.00002
82.21000,1.98000,0.50293,0.49687,0.00002,0.00005,0.00013
82.41000,1.98000,0.89278,0.10700,0.00002,0.00009,0.00011
82.61000,1.98000,0.99017,0.00953,0.00004,0.00017,0.00009
82.81000,1.98000,0.99925,0.00070,0.00001,0.00003,0.00001
83.01000,1.98000,0.99986,0.00005,0.00003,0.00005,0.00001
83.21000,1.98000,0.99998,0.00001,0.00001,0.00001,0.00000
83.41000,1.98000,1.00000,0.00000,0.00000,0.00000,0.00000
83.61000,1.98000,0.99999,0.00000,0.00001,0.00000,0.00000
83.81000,1.98000,1.00000,0.00000,0.00000,0.00000,0.00000
84.01000,1.98000,1.00000,0.00000,0.00000,0.00000,0.00000
84.21000,1.98000,0.99999,0.00000,0.00001,0.00000,0.00000
84.41000,1.98000,0.99999,0.00000,0.00000,0.00000,0.00000
84.61000,1.98000,0.99999,0.00000,0.00000,0.00000,0.00000
84.81000,1.98000,1.00000,0.00000,0.00000,0.00000,0.00000
85.01000,1.98000,1.00000,0.00000,0.00000,0.00000,0.00000
85.21000,1.98000,0.99999,0.00000,0.00000,0.00000,0.00000
85.41000,1.98000,0.99999,0.00000,0.00000,0.00000,0.00000
85.61000,1.98000,1.00000,0.00000,0.00000,0.00000,0.00000
85.81000,1.98000,1.00000,0.00000,0.00000,0.00000,0.00000
86.01000,1.98000,1.00000,0.00000,0.00000,0.00000,0.00000
86.21000,1.98000,0.99999,0.00001,0.00000,0.00000,0.00000
86.41000,1.98000,0.99992,0.00008,0.00000,0.00000,0.00000
86.61000,1.98000,0.99876,0.00124,0.00000,0.00000,0.00000
86.81000,1.98000,0.97898,0.02102,0.00000,0.00000,0.00000
87.01000,1.98000,0.72179,0.27819,0.00000,0.00000,0.00001
87.21000,1.98000,0.52784,0.47215,0.00000,0.00000,0.00001
87.41000,1.98000,0.38334,0.61666,0.00000,0.00000,0.00000
87.61000,1.98000,0.50194,0.49806,0.00000,0.00000,0.00000
87.81000,1.98000,0.29269,0.70721,0.00001,0.00001,0.00008
88.01000,1.98000,0.72513,0.27345,0.00032,0.00034,0.00076
88.21000,1.98000,0.95986,0.03975,0.00011,0.00010,0.00018
88.41000,1.98000,0.99755,0.00223,0.00009,0.00007,0.00007
88.61000,1.98000,0.99979,0.00017,0.00002,0.00002,0.00001
88.81000,1.98000,0.99991,0.00002,0.00004,0.00003,0.00001
89.01000,1.98000,0.99998,0.00000,0.00001,0.00001,0.00000
89.21000,1.98000,0.99998,0.00000,0.00002,0.00000,0.00000
89.41000,1.98000,0.99999,0.00000,0.00001,0.00001,0.00000
89.61000,1.98000,0.99998,0.00000,0.00002,0.00001,0.00000
89.81000,1.98000,0.99995,0.00000,0.00003,0.00001,0.00000
90.01000,1.98000,0.99993,0.00000,0.00004,0.00003,0.00000
90.21000,1.98000,0.99993,0.00000,0.00004,0.00003,0.00000
90.41000,1.98000,0.99993,0.00000,0.00003,0.00003,0.00000
90.61000,1.98000,0.99992,0.00000,0.00003,0.00005,0.00000
90.81000,1.98000,0.99992,0.00000,0.00002,0.00005,0.00000
91.01000,1.98000,0.99992,0.00000,0.00002,0.00006,0.00000
91.21000,1.98000,1.00000,0.00000,0.00000,0.00000,0.00000
91.41000,1.98000,0.99998,0.00001,0.00000,0.00001,0.00000
91.61000,1.98000,0.99994,0.00004,0.00000,0.00001,0.00000
91.81000,1.98000,0.99982,0.00018,0.00000,0.00000,0.00000
92.01000,1.98000,0.99929,0.00071,0.00000,0.00000,0.00000
92.21000,1.98000,0.99261,0.00738,0.00000,0.00000,0.00000
92.41000,1.98000,0.87627,0.12363,0.00001,0.00004,0.00006
92.61000,1.98000,0.31448,0.68443,0.00004,0.00052,0.00053
92.81000,1.98000,0.75637,0.24349,0.00001,0.00005,0.00008
93.01000,1.98000,0.98172,0.01802,0.00011,0.00007,0.00008
93.21000,1.98000,0.99278,0.00675,0.00021,0.00014,0.00012
93.41000,1.98000,0.99836,0.00131,0.00019,0.00007,0.00006
93.61000,1.98000,0.99907,0.00024,0.00041,0.00019,0.00009
93.81000,1.98000,0.99974,0.00002,0.00017,0.00005,0.00002
94.01000,1.98000,0.99976,0.00001,0.00007,0.00015,0.00001
94.21000,1.98000,0.99997,0.00000,0.00001,0.00002,0.00000
94.41000,1.98000,0.99999,0.00000,0.00001,0.00000,0.00000
94.61000,1.98000,0.99996,0.00000,0.00002,0.00002,0.00000
94.81000,1.98000,0.99998,0.00000,0.00001,0.00000,0.00000
95.01000,1.98000,0.99999,0.00000,0.00001,0.00000,0.00000
95.21000,1.98000,0.99999,0.00000,0.00001,0.00000,0.00000
95.41000,1.98000,0.99999,0.00000,0.00001,0.00000,0.00000
95.61000,1.98000,0.99999,0.00000,0.00001,0.00000,0.00000
95.81000,1.98000,0.99999,0.00000,0.00001,0.00000,0.00000
96.01000,1.98000,1.00000,0.00000,0.00000,0.00000,0.00000
96.21000,1.98000,1.00000,0.00000,0.00000,0.00000,0.00000
96.41000,1.98000,1.00000,0.00000,0.00000,0.00000,0.00000
96.61000,1.98000,0.99998,0.00002,0.00000,0.00000,0.00000
96.81000,1.98000,0.99970,0.00029,0.00000,0.00000,0.00000
97.01000,1.98000,0.99610,0.00390,0.00000,0.00000,0.00000
97.21000,1.98000,0.93673,0.06325,0.00001,0.00001,0.00001
97.41000,1.98000,0.15382,0.84576,0.00005,0.00020,0.00017
97.61000,1.98000,0.39454,0.60523,0.00003,0.00009,0.00011
97.81000,1.98000,0.88429,0.11531,0.00023,0.00008,0.00010
98.01000,1.98000,0.98821,0.01148,0.00025,0.00003,0.00003
98.21000,1.98000,0.99864,0.00120,0.00013,0.00002,0.00001
98.41000,1.98000,0.99937,0.00018,0.00037,0.00006,0.00002
98.61000,1.98000,0.99972,0.00001,0.00023,0.00003,0.00000
98.81000,1.98000,0.99993,0.00000,0.00006,0.00001,0.00000
99.01000,1.98000,0.99995,0.00000,0.00003,0.00002,0.00000
99.21000,1.98000,1.00000,0.00000,0.00000,0.00000,0.00000
99.41000,1.98000,0.99999,0.00000,0.00001,0.00000,0.00000
99.61000,1.98000,0.99999,0.00000,0.00001,0.00000,0.00000
99.81000,1.98000,1.00000,0.00000,0.00000,0.00000,0.00000
100.01000,1.98000,1.00000,0.00000,0.00000,0.00000,0.00000
100.21000,1.98000,1.00000,0.00000,0.00000,0.00000,0.00000
100.41000,1.98000,1.00000,0.00000,0.00000,0.00000,0.00000
100.61000,1.98000,1.00000,0.00000,0.00000,0.00000,0.00000
100.81000,1.98000,1.00000,0.00000,0.00000,0.00000,0.00000
101.01000,1.98000,1.00000,0.00000,0.00000,0.00000,0.00000
101.21000,1.98000,1.00000,0.00000,0.00000,0.00000,0.00000
101.41000,1.98000,0.99999,0.00000,0.00000,0.00000,0.00000
101.61000,1.98000,0.99996,0.00003,0.00000,0.00000,0.00000
101.81000,1.98000,0.99934,0.00066,0.00000,0.00000,0.00000
102.01000,1.98000,0.99105,0.00894,0.00000,0.00000,0.00000
102.21000,1.98000,0.76373,0.23623,0.00001,0.00001,0.00003
102.41000,1.98000,0.24120,0.75822,0.00006,0.00023,0.00029
102.61000,1.98000,0.58827,0.41096,0.00015,0.00027,0.00035
102.81000,1.98000,0.95668,0.04255,0.00044,0.00015,0.00018
103.01000,1.98000,0.99006,0.00899,0.00047,0.00028,0.00020
103.21000,1.98000,0.99778,0.00174,0.00029,0.00013,0.00007
103.41000,1.98000,0.99906,0.00025,0.00051,0.00013,0.00005
103.61000,1.98000,0.99941,0.00007,0.00036,0.00012,0.00004
103.81000,1.98000,0.99867,0.00006,0.00030,0.00085,0.00012
104.01000,1.98000,0.99479,0.00014,0.00021,0.00461,0.00024
104.21000,1.98000,0.99395,0.00032,0.00020,0.00519,0.00034
104.41000,1.98000,0.96183,0.00108,0.00100,0.03394,0.00215
104.61000,1.98000,0.98864,0.00053,0.00036,0.00975,0.00072
104.81000,1.98000,0.95441,0.00089,0.00133,0.04107,0.00229
105.01000,1.98000,0.88404,0.00251,0.00238,0.10595,0.00513
105.21000,1.98000,0.96899,0.00229,0.00047,0.02631,0.00193
105.41000,1.98000,0.99560,0.00022,0.00016,0.00375,0.00027
105.61000,1.98000,0.99989,0.00008,0.00000,0.00003,0.00001
105.81000,1.98000,0.99994,0.00004,0.00000,0.00001,0.00000
106.01000,1.98000,0.99990,0.00010,0.00000,0.00000,0.00000
106.21000,1.98000,0.99917,0.00081,0.00001,0.00001,0.00001
106.41000,1.98000,0.99777,0.00222,0.00000,0.00000,0.00000
106.61000,1.98000,0.97213,0.02787,0.00000,0.00000,0.00000
106.81000,1.98000,0.92188,0.07812,0.00000,0.00000,0.00000
107.01000,1.98000,0.18746,0.81245,0.00002,0.00002,0.00005
107.21000,1.98000,0.15137,0.84830,0.00008,0.00008,0.00016
107.41000,1.98000,0.64725,0.35155,0.00084,0.00011,0.00025
107.61000,1.98000,0.93231,0.06726,0.00027,0.00006,0.00010
107.81000,1.98000,0.98498,0.01379,0.00081,0.00024,0.00018
108.01000,1.98000,0.99747,0.00159,0.00065,0.00020,0.00009
108.21000,1.98000,0.99915,0.00022,0.00044,0.00015,0.00004
108.41000,1.98000,0.99966,0.00002,0.00021,0.00010,0.00001
108.61000,1.98000,0.99973,0.00001,0.00009,0.00016,0.00001
108.81000,1.98000,0.99997,0.00000,0.00002,0.00001,0.00000
109.01000,1.98000,1.00000,0.00000,0.00000,0.00000,0.00000
109.21000,1.98000,0.99999,0.00000,0.00000,0.00000,0.00000
109.41000,1.98000,1.00000,0.00000,0.00000,0.00000,0.00000
109.61000,1.98000,1.00000,0.00000,0.00000,0.00000,0.00000
109.81000,1.98000,1.00000,0.00000,0.00000,0.00000,0.00000
110.01000,1.98000,1.00000,0.00000,0.00000,0.00000,0.00000
110.21000,1.98000,1.00000,0.00000,0.00000,0.00000,0.00000
110.41000,1.98000,1.00000,0.00000,0.00000,0.00000,0.00000
110.61000,1.98000,0.99998,0.00001,0.00000,0.00000,0.00000
110.81000,1.98000,0.99986,0.00014,0.00000,0.00000,0.00000
111.01000,1.98000,0.99783,0.00217,0.00000,0.00000,0.00000
111.21000,1.98000,0.97384,0.02615,0.00000,0.00000,0.00000
111.41000,1.98000,0.66523,0.33476,0.00000,0.00000,0.00000
111.61000,1.98000,0.11875,0.88123,0.00000,0.00000,0.00002
111.81000,1.98000,0.49956,0.50037,0.00001,0.00002,0.00005
112.01000,1.98000,0.81148,0.18835,0.00004,0.00005,0.00008
112.21000,1.98000,0.95541,0.04410,0.00009,0.00022,0.00017
112.41000,1.98000,0.98841,0.01131,0.00011,0.00010,0.00007
112.61000,1.98000,0.99838,0.00126,0.00014,0.00017,0.00006
112.81000,1.98000,0.99923,0.00057,0.00006,0.00011,0.00004
113.01000,1.98000,0.99941,0.00033,0.00001,0.00022,0.00004
113.21000,1.98000,0.99782,0.00019,0.00001,0.00186,0.00011
113.41000,1.98000,0.98887,0.00058,0.00004,0.01009,0.00042
113.61000,1.98000,0.90777,0.00314,0.00021,0.08586,0.00303
113.81000,1.98000,0.97374,0.00173,0.00006,0.02343,0.00104
114.01000,1.98000,0.99271,0.00522,0.00001,0.00172,0.00034
114.21000,1.98000,0.95129,0.04542,0.00001,0.00250,0.00077
114.41000,1.98000,0.93750,0.05872,0.00001,0.00269,0.00108
114.61000,1.98000,0.96478,0.03443,0.00001,0.00048,0.00030
114.81000,1.98000,0.95422,0.04540,0.00001,0.00019,0.00018
115.01000,1.98000,0.88280,0.11705,0.00001,0.00005,0.00010
115.21000,1.98000,0.65930,0.34032,0.00002,0.00011,0.00025
115.41000,1.98000,0.39019,0.60938,0.00002,0.00011,0.00029
115.61000,1.98000,0.77748,0.22233,0.00003,0.00004,0.00013
115.81000,1.98000,0.58290,0.40909,0.00159,0.00256,0.00386
116.01000,1.98000,0.93163,0.05640,0.00207,0.00631,0.00360
116.21000,1.98000,0.98787,0.00772,0.00122,0.00222,0.00097
116.41000,1.98000,0.99553,0.00118,0.00114,0.00166,0.00048
116.61000,1.98000,0.99835,0.00011,0.00079,0.00062,0.00012
116.81000,1.98000,0.99974,0.00001,0.00018,0.00006,0.00001
117.01000,1.98000,0.99973,0.00000,0.00015,0.00011,0.00001
117.21000,1.98000,0.99996,0.00000,0.00002,0.00002,0.00000
117.41000,1.98000,0.99998,0.00000,0.00001,0.00001,0.00000
117.61000,1.98000,0.99997,0.00000,0.00002,0.00001,0.00000
117.81000,1.98000,0.99997,0.00000,0.00001,0.00001,0.00000
118.01000,1.98000,0.99999,0.00000,0.00000,0.00000,0.00000
118.21000,1.98000,0.99999,0.00000,0.00000,0.00000,0.00000
118.41000,1.98000,0.99999,0.00000,0.00000,0.00000,0.00000
118.61000,1.98000,0.99994,0.00006,0.00000,0.00000,0.00000
118.81000,1.98000,0.99906,0.00093,0.00000,0.00001,0.00000
119.01000,1.98000,0.99797,0.00202,0.00000,0.00001,0.00000
119.21000,1.98000,0.98188,0.01811,0.00000,0.00001,0.00001
119.41000,1.98000,0.79828,0.20164,0.00000,0.00003,0.00004
119.61000,1.98000,0.62574,0.37424,0.00000,0.00000,0.00002
119.81000,1.98000,0.26665,0.73335,0.00000,0.00000,0.00000
120.01000,1.98000,0.32647,0.67353,0.00000,0.00000,0.00000
120.21000,1.98000,0.31692,0.68307,0.00000,0.00000,0.00000
120.41000,1.98000,0.16483,0.83504,0.00001,0.00004,0.00009
120.61000,1.98000,0.54677,0.45291,0.00002,0.00012,0.00018
120.81000,1.98000,0.90201,0.09777,0.00004,0.00008,0.00010
121.01000,1.98000,0.98710,0.01279,0.00003,0.00004,0.00004
121.21000,1.98000,0.99881,0.00117,0.00000,0.00001,0.00001
121.41000,1.98000,0.99981,0.00017,0.00000,0.00001,0.00000
121.61000,1.98000,0.99997,0.00001,0.00000,0.00001,0.00000
121.81000,1.98000,0.99990,0.00000,0.00006,0.00004,0.00000
122.01000,1.98000,0.99997,0.00000,0.00002,0.00001,0.00000
122.21000,1.98000,1.00000,0.00000,0.00000,0.00000,0.00000
122.41000,1.98000,1.00000,0.00000,0.00000,0.00000,0.00000
122.61000,1.98000,0.99999,0.00001,0.00000,0.00000,0.00000
122.81000,1.98000,0.99986,0.00014,0.00000,0.00000,0.00000
123.01000,1.98000,0.99894,0.00106,0.00000,0.00000,0.00000
123.21000,1.98000,0.97577,0.02423,0.00000,0.00000,0.00000
123.41000,1.98000,0.82265,0.17735,0.00000,0.00000,0.00000
123.61000,1.98000,0.20699,0.79301,0.00000,0.00000,0.00000
123.81000,1.98000,0.63209,0.36791,0.00000,0.00000,0.00000
124.01000,1.98000,0.47857,0.52143,0.00000,0.00000,0.00000
124.21000,1.98000,0.49799,0.50201,0.00000,0.00000,0.00000
124.41000,1.98000,0.42349,0.57651,0.00000,0.00000,0.00000
124.61000,1.98000,0.42248,0.57752,0.00000,0.00000,0.00000
124.81000,1.98000,0.16130,0.83869,0.00000,0.00000,0.00000
125.01000,1.98000,0.35801,0.64180,0.00000,0.00007,0.00011
125.21000,1.98000,0.61501,0.38465,0.00001,0.00015,0.00018
125.41000,1.98000,0.92105,0.07890,0.00000,0.00003,0.00003
125.61000,1.98000,0.98452,0.01495,0.00002,0.00039,0.00012
125.81000,1.98000,0.99857,0.00107,0.00002,0.00029,0.00004
126.01000,1.98000,0.99987,0.00011,0.00000,0.00001,0.00000
126.21000,1.98000,0.99992,0.00007,0.00000,0.00000,0.00000
126.41000,1.98000,0.99998,0.00002,0.00000,0.00000,0.00000
126.61000,1.98000,0.99998,0.00002,0.00000,0.00000,0.00000
126.81000,1.98000,0.99995,0.00005,0.00000,0.00000,0.00000
