Time (seconds), Duration (seconds),pred_(unlabeled),pred_empty_box,pred_table
0.00250,0.49500,0.01278,0.98722,0.00000
0.10250,0.49500,0.01047,0.98953,0.00000
0.20250,0.49500,0.01201,0.98799,0.00000
0.30250,0.49500,0.01115,0.98885,0.00000
0.40250,0.49500,0.01123,0.98877,0.00000
0.50250,0.49500,0.01390,0.98610,0.00000
0.60250,0.49500,0.01462,0.98538,0.00000
0.70250,0.49500,0.01376,0.98624,0.00000
0.80250,0.49500,0.01457,0.98543,0.00000
0.90250,0.49500,0.01150,0.98850,0.00000
1.00250,0.49500,0.01404,0.98596,0.00000
1.10250,0.49500,0.01432,0.98568,0.00000
1.20250,0.49500,0.01191,0.98809,0.00000
1.30250,0.49500,0.01149,0.98851,0.00000
1.40250,0.49500,0.01407,0.98593,0.00000
1.50250,0.49500,0.01438,0.98562,0.00000
1.60250,0.49500,0.01214,0.98786,0.00000
1.70250,0.49500,0.01653,0.98347,0.00000
1.80250,0.49500,0.01911,0.98089,0.00000
1.90250,0.49500,0.01235,0.98765,0.00000
2.00250,0.49500,0.01389,0.98611,0.00000
2.10250,0.49500,0.01406,0.98594,0.00000
2.20250,0.49500,0.01154,0.98846,0.00000
2.30250,0.49500,0.01046,0.98954,0.00000
2.40250,0.49500,0.01047,0.98953,0.00000
2.50250,0.49500,0.01444,0.98556,0.00000
2.60250,0.49500,0.01600,0.98400,0.00000
2.70250,0.49500,0.01297,0.98703,0.00000
2.80250,0.49500,0.01169,0.98831,0.00000
2.90250,0.49500,0.01197,0.98803,0.00000
3.00250,0.49500,0.01272,0.98728,0.00000
3.10250,0.49500,0.01218,0.98782,0.00000
3.20250,0.49500,0.01221,0.98779,0.00000
3.30250,0.49500,0.01181,0.98818,0.00000
3.40250,0.49500,0.01227,0.98773,0.00000
3.50250,0.49500,0.01365,0.98635,0.00000
3.60250,0.49500,0.01148,0.98852,0.00000
3.70250,0.49500,0.01466,0.98534,0.00000
3.80250,0.49500,0.01620,0.98379,0.00000
3.90250,0.49500,0.01370,0.98630,0.00000
4.00250,0.49500,0.01059,0.98941,0.00000
4.10250,0.49500,0.01507,0.98493,0.00000
4.20250,0.49500,0.01755,0.98245,0.00000
4.30250,0.49500,0.01395,0.98605,0.00000
4.40250,0.49500,0.01225,0.98775,0.00000
4.50250,0.49500,0.01295,0.98705,0.00000
4.60250,0.49500,0.01141,0.98859,0.00000
4.70250,0.49500,0.01197,0.98803,0.00000
4.80250,0.49500,0.01248,0.98752,0.00000
4.90250,0.49500,0.01206,0.98794,0.00000
5.00250,0.49500,0.01592,0.98408,0.00000
5.10250,0.49500,0.01691,0.98309,0.00000
5.20250,0.49500,0.01295,0.98705,0.00000
5.30250,0.49500,0.01173,0.98827,0.00000
5.40250,0.49500,0.01363,0.98637,0.00000
5.50250,0.49500,0.01140,0.98859,0.00000
5.60250,0.49500,0.01738,0.98262,0.00000
5.70250,0.49500,0.01449,0.98551,0.00000
5.80250,0.49500,0.01417,0.98583,0.00000
5.90250,0.49500,0.01481,0.98519,0.00000
6.00250,0.49500,0.01565,0.98435,0.00000
6.10250,0.49500,0.01829,0.98171,0.00000
6.20250,0.49500,0.01133,0.98867,0.00000
6.30250,0.49500,0.01638,0.98362,0.00000
6.40250,0.49500,0.01923,0.98077,0.00000
6.50250,0.49500,0.01895,0.98105,0.00000
6.60250,0.49500,0.01634,0.98366,0.00000
6.70250,0.49500,0.02061,0.97939,0.00000
6.80250,0.49500,0.01869,0.98131,0.00000
6.90250,0.49500,0.01469,0.98531,0.00000
7.00250,0.49500,0.01375,0.98625,0.00000
7.10250,0.49500,0.01551,0.98449,0.00000
7.20250,0.49500,0.01281,0.98719,0.00000
7.30250,0.49500,0.01938,0.98062,0.00000
7.40250,0.49500,0.01189,0.98811,0.00000
7.50250,0.49500,0.02047,0.97953,0.00000
7.60250,0.49500,0.01164,0.98836,0.00000
7.70250,0.49500,0.01614,0.98386,0.00000
7.80250,0.49500,0.01468,0.98532,0.00000
7.90250,0.49500,0.01602,0.98398,0.00000
8.00250,0.49500,0.02216,0.97784,0.00000
8.10250,0.49500,0.02816,0.97184,0.00000
8.20250,0.49500,0.02360,0.97640,0.00000
8.30250,0.49500,0.02888,0.97112,0.00000
8.40250,0.49500,0.07842,0.92158,0.00000
8.50250,0.49500,0.08205,0.91795,0.00000
8.60250,0.49500,0.12313,0.87687,0.00000
8.70250,0.49500,0.08609,0.91391,0.00000
8.80250,0.49500,0.07270,0.92730,0.00000
8.90250,0.49500,0.05936,0.94064,0.00000
9.00250,0.49500,0.05965,0.94034,0.00000
9.10250,0.49500,0.06477,0.93523,0.00000
9.20250,0.49500,0.08693,0.91307,0.00000
9.30250,0.49500,0.05405,0.94595,0.00000
9.40250,0.49500,0.04849,0.95151,0.00000
9.50250,0.49500,0.13005,0.86995,0.00000
9.60250,0.49500,0.16127,0.83873,0.00000
9.70250,0.49500,0.07602,0.92398,0.00000
9.80250,0.49500,0.12376,0.87624,0.00000
9.90250,0.49500,0.05898,0.94102,0.00000
10.00250,0.49500,0.05742,0.94258,0.00000
10.10250,0.49500,0.04317,0.95683,0.00000
10.20250,0.49500,0.02812,0.97188,0.00000
10.30250,0.49500,0.02201,0.97799,0.00000
10.40250,0.49500,0.01961,0.98039,0.00000
10.50250,0.49500,0.02805,0.97195,0.00000
10.60250,0.49500,0.02384,0.97616,0.00000
10.70250,0.49500,0.01698,0.98302,0.00000
10.80250,0.49500,0.02654,0.97346,0.00000
10.90250,0.49500,0.01656,0.98344,0.00000
11.00250,0.49500,0.01514,0.98486,0.00000
11.10250,0.49500,0.01704,0.98296,0.00000
11.20250,0.49500,0.03250,0.96750,0.00000
11.30250,0.49500,0.08178,0.91822,0.00000
11.40250,0.49500,0.02853,0.97147,0.00000
11.50250,0.49500,0.04082,0.95918,0.00000
11.60250,0.49500,0.13121,0.86879,0.00000
11.70250,0.49500,0.71404,0.28596,0.00000
11.80250,0.49500,0.99909,0.00091,0.00000
11.90250,0.49500,0.99894,0.00106,0.00000
12.00250,0.49500,0.99968,0.00032,0.00000
12.10250,0.49500,0.98860,0.01140,0.00000
12.20250,0.49500,0.99989,0.00011,0.00000
12.30250,0.49500,1.00000,0.00000,0.00000
12.40250,0.49500,0.99997,0.00003,0.00000
12.50250,0.49500,0.99999,0.00001,0.00000
12.60250,0.49500,0.99945,0.00055,0.00000
12.70250,0.49500,0.99881,0.00119,0.00000
12.80250,0.49500,0.97674,0.02326,0.00000
12.90250,0.49500,1.00000,0.00000,0.00000
13.00250,0.49500,0.99978,0.00022,0.00000
13.10250,0.49500,0.99985,0.00015,0.00000
13.20250,0.49500,1.00000,0.00000,0.00000
13.30250,0.49500,1.00000,0.00000,0.00000
13.40250,0.49500,1.00000,0.00000,0.00000
13.50250,0.49500,0.99772,0.00228,0.00000
13.60250,0.49500,0.27964,0.72036,0.00000
13.70250,0.49500,0.25503,0.74495,0.00001
13.80250,0.49500,0.15896,0.84103,0.00000
13.90250,0.49500,0.12724,0.87275,0.00001
14.00250,0.49500,0.26235,0.73764,0.00001
14.10250,0.49500,0.25969,0.74027,0.00003
14.20250,0.49500,0.24746,0.75247,0.00007
14.30250,0.49500,0.16232,0.83766,0.00002
14.40250,0.49500,0.16369,0.83563,0.00068
14.50250,0.49500,0.14613,0.85386,0.00001
14.60250,0.49500,0.04516,0.95474,0.00010
14.70250,0.49500,0.10817,0.89179,0.00004
14.80250,0.49500,0.08113,0.91876,0.00012
14.90250,0.49500,0.05518,0.94474,0.00008
15.00250,0.49500,0.04920,0.95061,0.00019
15.10250,0.49500,0.08526,0.91465,0.00008
15.20250,0.49500,0.06295,0.93697,0.00008
15.30250,0.49500,0.07020,0.92975,0.00004
15.40250,0.49500,0.07023,0.92973,0.00004
15.50250,0.49500,0.16222,0.83766,0.00012
15.60250,0.49500,0.20403,0.79593,0.00004
15.70250,0.49500,0.11449,0.88548,0.00003
15.80250,0.49500,0.05807,0.94175,0.00017
15.90250,0.49500,0.03222,0.96757,0.00021
16.00250,0.49500,0.02417,0.97545,0.00039
16.10250,0.49500,0.02755,0.97125,0.00120
16.20250,0.49500,0.05587,0.94402,0.00011
16.30250,0.49500,0.02628,0.97330,0.00042
16.40250,0.49500,0.04323,0.95668,0.00009
16.50250,0.49500,0.03323,0.96661,0.00015
16.60250,0.49500,0.02643,0.97321,0.00035
16.70250,0.49500,0.04914,0.95078,0.00008
16.80250,0.49500,0.02947,0.96990,0.00063
16.90250,0.49500,0.02663,0.97309,0.00028
17.00250,0.49500,0.01975,0.97909,0.00116
17.10250,0.49500,0.01701,0.98267,0.00032
17.20250,0.49500,0.01979,0.97973,0.00048
17.30250,0.49500,0.01935,0.98049,0.00016
17.40250,0.49500,0.03668,0.96308,0.00024
17.50250,0.49500,0.05038,0.94954,0.00007
17.60250,0.49500,0.02485,0.97505,0.00010
17.70250,0.49500,0.02283,0.97712,0.00005
17.80250,0.49500,0.02244,0.97730,0.00026
17.90250,0.49500,0.02547,0.97435,0.00018
18.00250,0.49500,0.01970,0.97972,0.00058
18.10250,0.49500,0.02297,0.97674,0.00029
18.20250,0.49500,0.01950,0.98031,0.00019
18.30250,0.49500,0.02708,0.97283,0.00009
18.40250,0.49500,0.01959,0.98021,0.00020
18.50250,0.49500,0.01768,0.98225,0.00008
18.60250,0.49500,0.01672,0.98313,0.00014
18.70250,0.49500,0.02108,0.97874,0.00018
18.80250,0.49500,0.01816,0.98158,0.00026
18.90250,0.49500,0.02080,0.97898,0.00022
19.00250,0.49500,0.01885,0.98081,0.00033
19.10250,0.49500,0.02760,0.97232,0.00008
19.20250,0.49500,0.03271,0.96698,0.00031
19.30250,0.49500,0.05628,0.94361,0.00011
19.40250,0.49500,0.04138,0.95811,0.00051
19.50250,0.49500,0.03306,0.96687,0.00007
19.60250,0.49500,0.03462,0.96509,0.00029
19.70250,0.49500,0.02974,0.96997,0.00028
19.80250,0.49500,0.02850,0.97146,0.00004
19.90250,0.49500,0.03624,0.96372,0.00004
20.00250,0.49500,0.03175,0.96817,0.00008
20.10250,0.49500,0.05461,0.94526,0.00013
20.20250,0.49500,0.05872,0.94122,0.00006
20.30250,0.49500,0.05445,0.94545,0.00010
20.40250,0.49500,0.06719,0.93270,0.00012
20.50250,0.49500,0.04223,0.95775,0.00002
20.60250,0.49500,0.06491,0.93491,0.00018
20.70250,0.49500,0.17405,0.82594,0.00001
20.80250,0.49500,0.17564,0.82436,0.00000
20.90250,0.49500,0.10655,0.89342,0.00003
21.00250,0.49500,0.16624,0.83376,0.00000
21.10250,0.49500,0.11258,0.88742,0.00000
21.20250,0.49500,0.11143,0.88857,0.00000
21.30250,0.49500,0.17237,0.82763,0.00000
21.40250,0.49500,0.13949,0.86050,0.00001
21.50250,0.49500,0.08412,0.91581,0.00006
21.60250,0.49500,0.06446,0.93550,0.00004
21.70250,0.49500,0.07667,0.92328,0.00005
21.80250,0.49500,0.24549,0.75451,0.00000
21.90250,0.49500,0.20672,0.79326,0.00003
22.00250,0.49500,0.19689,0.80309,0.00002
22.10250,0.49500,0.55056,0.44942,0.00002
22.20250,0.49500,0.94526,0.05449,0.00025
22.30250,0.49500,0.97692,0.02305,0.00002
22.40250,0.49500,0.98525,0.01475,0.00000
22.50250,0.49500,0.98031,0.01969,0.00000
22.60250,0.49500,0.99952,0.00048,0.00000
22.70250,0.49500,0.67014,0.32986,0.00000
22.80250,0.49500,0.90221,0.09779,0.00000
22.90250,0.49500,0.96310,0.03690,0.00000
23.00250,0.49500,0.99972,0.00028,0.00000
23.10250,0.49500,0.90103,0.09897,0.00000
23.20250,0.49500,0.99986,0.00014,0.00000
23.30250,0.49500,0.99085,0.00913,0.00002
23.40250,0.49500,0.79995,0.19971,0.00034
23.50250,0.49500,0.92636,0.07363,0.00001
23.60250,0.49500,0.50902,0.49098,0.00000
23.70250,0.49500,0.47857,0.52143,0.00000
23.80250,0.49500,0.13986,0.86014,0.00000
23.90250,0.49500,0.06017,0.93983,0.00000
24.00250,0.49500,0.20615,0.79385,0.00000
24.10250,0.49500,0.06399,0.93601,0.00000
24.20250,0.49500,0.05933,0.94067,0.00000
24.30250,0.49500,0.02611,0.97389,0.00000
24.40250,0.49500,0.02062,0.97938,0.00000
24.50250,0.49500,0.01665,0.98335,0.00000
24.60250,0.49500,0.06073,0.93927,0.00000
24.70250,0.49500,0.02449,0.97551,0.00000
24.80250,0.49500,0.01638,0.98362,0.00000
24.90250,0.49500,0.02133,0.97867,0.00000
25.00250,0.49500,0.01213,0.98787,0.00000
25.10250,0.49500,0.01323,0.98677,0.00000
25.20250,0.49500,0.03442,0.96558,0.00000
25.30250,0.49500,0.01783,0.98217,0.00000
25.40250,0.49500,0.01019,0.98981,0.00000
25.50250,0.49500,0.01420,0.98580,0.00000
25.60250,0.49500,0.03979,0.96021,0.00000
25.70250,0.49500,0.03150,0.96850,0.00000
25.80250,0.49500,0.03445,0.96555,0.00000
25.90250,0.49500,0.01373,0.98627,0.00000
26.00250,0.49500,0.04639,0.95361,0.00000
26.10250,0.49500,0.05438,0.94562,0.00000
26.20250,0.49500,0.04940,0.95059,0.00000
26.30250,0.49500,0.04980,0.95020,0.00000
26.40250,0.49500,0.02436,0.97564,0.00000
26.50250,0.49500,0.07031,0.92969,0.00000
26.60250,0.49500,0.03181,0.96819,0.00000
26.70250,0.49500,0.02361,0.97639,0.00000
26.80250,0.49500,0.03602,0.96398,0.00000
26.90250,0.49500,0.04283,0.95717,0.00000
27.00250,0.49500,0.08406,0.91594,0.00000
27.10250,0.49500,0.08661,0.91339,0.00000
27.20250,0.49500,0.07795,0.92205,0.00000
27.30250,0.49500,0.03490,0.96510,0.00000
27.40250,0.49500,0.03408,0.96592,0.00000
27.50250,0.49500,0.18406,0.81594,0.00000
27.60250,0.49500,0.05261,0.94739,0.00000
27.70250,0.49500,0.05819,0.94181,0.00000
27.80250,0.49500,0.11802,0.88198,0.00000
27.90250,0.49500,0.03195,0.96805,0.00000
28.00250,0.49500,0.13202,0.86798,0.00000
28.10250,0.49500,0.08820,0.91180,0.00000
28.20250,0.49500,0.16839,0.83161,0.00000
28.30250,0.49500,0.06616,0.93384,0.00000
28.40250,0.49500,0.08578,0.91422,0.00000
28.50250,0.49500,0.22444,0.77556,0.00000
28.60250,0.49500,0.08282,0.91718,0.00000
28.70250,0.49500,0.18608,0.81392,0.00000
28.80250,0.49500,0.03267,0.96733,0.00000
28.90250,0.49500,0.05021,0.94979,0.00000
29.00250,0.49500,0.05142,0.94858,0.00000
29.10250,0.49500,0.05984,0.94016,0.00000
29.20250,0.49500,0.06694,0.93306,0.00000
29.30250,0.49500,0.05422,0.94578,0.00000
29.40250,0.49500,0.09382,0.90618,0.00000
29.50250,0.49500,0.39181,0.60819,0.00000
29.60250,0.49500,0.08345,0.91655,0.00000
29.70250,0.49500,0.03311,0.96689,0.00000
29.80250,0.49500,0.08185,0.91815,0.00000
29.90250,0.49500,0.08021,0.91979,0.00000
30.00250,0.49500,0.08630,0.91370,0.00000
30.10250,0.49500,0.15576,0.84424,0.00000
30.20250,0.49500,0.08081,0.91919,0.00000
30.30250,0.49500,0.12725,0.87275,0.00000
30.40250,0.49500,0.04253,0.95747,0.00000
30.50250,0.49500,0.07057,0.92943,0.00000
30.60250,0.49500,0.02665,0.97335,0.00000
30.70250,0.49500,0.07731,0.92269,0.00000
30.80250,0.49500,0.05230,0.94770,0.00000
30.90250,0.49500,0.10791,0.89209,0.00000
31.00250,0.49500,0.03118,0.96882,0.00000
31.10250,0.49500,0.03515,0.96485,0.00000
31.20250,0.49500,0.08993,0.91007,0.00000
31.30250,0.49500,0.28799,0.71201,0.00000
31.40250,0.49500,0.07457,0.92543,0.00000
31.50250,0.49500,0.04500,0.95500,0.00000
31.60250,0.49500,0.04091,0.95909,0.00000
31.70250,0.49500,0.11971,0.88029,0.00000
31.80250,0.49500,0.09674,0.90326,0.00000
31.90250,0.49500,0.06664,0.93336,0.00000
32.00250,0.49500,0.12902,0.87098,0.00000
32.10250,0.49500,0.04435,0.95565,0.00000
32.20250,0.49500,0.07035,0.92965,0.00000
32.30250,0.49500,0.04375,0.95625,0.00000
32.40250,0.49500,0.02724,0.97276,0.00000
32.50250,0.49500,0.03642,0.96358,0.00000
32.60250,0.49500,0.02272,0.97728,0.00000
32.70250,0.49500,0.03432,0.96568,0.00000
32.80250,0.49500,0.02871,0.97129,0.00000
32.90250,0.49500,0.04863,0.95137,0.00000
33.00250,0.49500,0.01827,0.98173,0.00000
33.10250,0.49500,0.02644,0.97356,0.00000
33.20250,0.49500,0.01904,0.98096,0.00000
33.30250,0.49500,0.02809,0.97191,0.00000
33.40250,0.49500,0.41207,0.58793,0.00000
33.50250,0.49500,0.11474,0.88526,0.00000
33.60250,0.49500,0.10514,0.89486,0.00000
33.70250,0.49500,0.32738,0.67262,0.00000
33.80250,0.49500,0.03306,0.96694,0.00000
33.90250,0.49500,0.18077,0.81923,0.00000
34.00250,0.49500,0.18171,0.81829,0.00000
34.10250,0.49500,0.61169,0.38831,0.00000
34.20250,0.49500,0.57931,0.42069,0.00000
34.30250,0.49500,0.98404,0.01596,0.00000
34.40250,0.49500,0.96650,0.03350,0.00000
34.50250,0.49500,0.92692,0.07308,0.00000
34.60250,0.49500,0.99766,0.00234,0.00000
34.70250,0.49500,0.99958,0.00042,0.00000
34.80250,0.49500,0.99914,0.00086,0.00000
34.90250,0.49500,0.99889,0.00111,0.00000
35.00250,0.49500,0.99048,0.00952,0.00000
35.10250,0.49500,0.99674,0.00326,0.00000
35.20250,0.49500,1.00000,0.00000,0.00000
35.30250,0.49500,0.99996,0.00004,0.00000
35.40250,0.49500,1.00000,0.00000,0.00000
35.50250,0.49500,0.99974,0.00026,0.00000
35.60250,0.49500,0.97143,0.02857,0.00000
35.70250,0.49500,0.96918,0.03082,0.00000
35.80250,0.49500,0.76282,0.23718,0.00000
35.90250,0.49500,0.21889,0.78111,0.00000
36.00250,0.49500,0.76115,0.23885,0.00000
36.10250,0.49500,0.43966,0.56034,0.00000
36.20250,0.49500,0.49886,0.50114,0.00000
36.30250,0.49500,0.30500,0.69500,0.00000
36.40250,0.49500,0.20516,0.79484,0.00000
36.50250,0.49500,0.26557,0.73443,0.00000
36.60250,0.49500,0.26015,0.73985,0.00000
36.70250,0.49500,0.17677,0.82323,0.00000
36.80250,0.49500,0.15079,0.84921,0.00000
36.90250,0.49500,0.14400,0.85600,0.00000
37.00250,0.49500,0.07322,0.92678,0.00000
37.10250,0.49500,0.11124,0.88876,0.00000
37.20250,0.49500,0.08085,0.91915,0.00000
37.30250,0.49500,0.05459,0.94541,0.00000
37.40250,0.49500,0.03901,0.96099,0.00000
37.50250,0.49500,0.07993,0.92007,0.00000
37.60250,0.49500,0.04582,0.95418,0.00000
37.70250,0.49500,0.05251,0.94749,0.00000
37.80250,0.49500,0.07116,0.92884,0.00000
37.90250,0.49500,0.09154,0.90846,0.00000
38.00250,0.49500,0.12437,0.87563,0.00000
38.10250,0.49500,0.16478,0.83522,0.00000
38.20250,0.49500,0.43322,0.56678,0.00000
38.30250,0.49500,0.21760,0.78240,0.00000
38.40250,0.49500,0.23194,0.76806,0.00000
38.50250,0.49500,0.23205,0.76795,0.00000
38.60250,0.49500,0.28665,0.71335,0.00000
38.70250,0.49500,0.27175,0.72825,0.00000
38.80250,0.49500,0.26847,0.73153,0.00000
38.90250,0.49500,0.11898,0.88102,0.00000
39.00250,0.49500,0.19396,0.80604,0.00000
39.10250,0.49500,0.11763,0.88237,0.00000
39.20250,0.49500,0.05662,0.94338,0.00000
39.30250,0.49500,0.08963,0.91037,0.00000
39.40250,0.49500,0.07164,0.92836,0.00000
39.50250,0.49500,0.04347,0.95653,0.00000
39.60250,0.49500,0.14670,0.85330,0.00000
39.70250,0.49500,0.15594,0.84406,0.00000
39.80250,0.49500,0.17605,0.82395,0.00000
39.90250,0.49500,0.21506,0.78494,0.00000
40.00250,0.49500,0.15858,0.84142,0.00000
40.10250,0.49500,0.30503,0.69497,0.00000
40.20250,0.49500,0.13238,0.86762,0.00000
40.30250,0.49500,0.11694,0.88306,0.00000
40.40250,0.49500,0.25376,0.74624,0.00000
40.50250,0.49500,0.34013,0.65987,0.00000
40.60250,0.49500,0.24296,0.75703,0.00000
40.70250,0.49500,0.24489,0.75511,0.00000
40.80250,0.49500,0.29225,0.70775,0.00000
40.90250,0.49500,0.58305,0.41695,0.00000
41.00250,0.49500,0.59846,0.40154,0.00000
41.10250,0.49500,0.35016,0.64984,0.00000
41.20250,0.49500,0.41184,0.58816,0.00000
41.30250,0.49500,0.13240,0.86760,0.00000
41.40250,0.49500,0.07651,0.92349,0.00000
41.50250,0.49500,0.21588,0.78412,0.00000
41.60250,0.49500,0.41655,0.58345,0.00000
41.70250,0.49500,0.30809,0.69191,0.00000
41.80250,0.49500,0.43102,0.56898,0.00000
41.90250,0.49500,0.30321,0.69679,0.00000
42.00250,0.49500,0.22485,0.77515,0.00000
42.10250,0.49500,0.03563,0.96437,0.00000
42.20250,0.49500,0.11612,0.88388,0.00000
42.30250,0.49500,0.04581,0.95419,0.00000
42.40250,0.49500,0.23524,0.76476,0.00000
42.50250,0.49500,0.32160,0.67840,0.00000
42.60250,0.49500,0.26404,0.73596,0.00000
42.70250,0.49500,0.42814,0.57186,0.00000
42.80250,0.49500,0.26440,0.73560,0.00000
42.90250,0.49500,0.62697,0.37303,0.00000
43.00250,0.49500,0.43001,0.56999,0.00000
43.10250,0.49500,0.44809,0.55191,0.00000
43.20250,0.49500,0.26024,0.73976,0.00000
43.30250,0.49500,0.52779,0.47221,0.00000
43.40250,0.49500,0.32735,0.67265,0.00000
43.50250,0.49500,0.40669,0.59331,0.00000
43.60250,0.49500,0.36785,0.63215,0.00000
43.70250,0.49500,0.27382,0.72618,0.00000
43.80250,0.49500,0.53123,0.46877,0.00000
43.90250,0.49500,0.33492,0.66508,0.00000
44.00250,0.49500,0.96099,0.03901,0.00000
44.10250,0.49500,0.90414,0.09586,0.00000
44.20250,0.49500,0.97329,0.02671,0.00000
44.30250,0.49500,0.99365,0.00635,0.00000
44.40250,0.49500,0.99021,0.00964,0.00016
44.50250,0.49500,1.00000,0.00000,0.00000
44.60250,0.49500,0.99999,0.00001,0.00000
44.70250,0.49500,1.00000,0.00000,0.00000
44.80250,0.49500,1.00000,0.00000,0.00000
44.90250,0.49500,0.99738,0.00262,0.00000
45.00250,0.49500,0.99479,0.00521,0.00000
45.10250,0.49500,1.00000,0.00000,0.00000
45.20250,0.49500,0.99801,0.00199,0.00000
45.30250,0.49500,0.99688,0.00312,0.00000
45.40250,0.49500,1.00000,0.00000,0.00000
45.50250,0.49500,0.95813,0.03785,0.00402
45.60250,0.49500,0.99819,0.00167,0.00014
45.70250,0.49500,0.96609,0.03099,0.00292
45.80250,0.49500,0.78337,0.21662,0.00001
45.90250,0.49500,0.91891,0.08108,0.00000
46.00250,0.49500,0.54396,0.45598,0.00005
46.10250,0.49500,0.10639,0.89361,0.00000
46.20250,0.49500,0.25143,0.74857,0.00000
46.30250,0.49500,0.17313,0.82687,0.00000
46.40250,0.49500,0.10465,0.89535,0.00000
46.50250,0.49500,0.72846,0.27154,0.00000
46.60250,0.49500,0.05597,0.94403,0.00000
46.70250,0.49500,0.21088,0.78912,0.00000
46.80250,0.49500,0.21836,0.78164,0.00000
46.90250,0.49500,0.33367,0.66632,0.00001
47.00250,0.49500,0.28453,0.71547,0.00000
47.10250,0.49500,0.04451,0.95549,0.00000
47.20250,0.49500,0.09418,0.90582,0.00000
47.30250,0.49500,0.04113,0.95887,0.00000
47.40250,0.49500,0.05351,0.94649,0.00000
47.50250,0.49500,0.15843,0.84156,0.00001
47.60250,0.49500,0.23851,0.76137,0.00012
47.70250,0.49500,0.18496,0.81464,0.00040
47.80250,0.49500,0.16140,0.83706,0.00154
47.90250,0.49500,0.11517,0.87757,0.00726
48.00250,0.49500,0.06820,0.92961,0.00219
48.10250,0.49500,0.14603,0.83814,0.01583
48.20250,0.49500,0.15918,0.80782,0.03301
48.30250,0.49500,0.14862,0.83926,0.01213
48.40250,0.49500,0.08710,0.85328,0.05961
48.50250,0.49500,0.12309,0.79960,0.07731
48.60250,0.49500,0.14779,0.81554,0.03667
48.70250,0.49500,0.08518,0.89205,0.02277
48.80250,0.49500,0.11420,0.87094,0.01485
48.90250,0.49500,0.10134,0.88673,0.01193
49.00250,0.49500,0.10078,0.89180,0.00743
49.10250,0.49500,0.09423,0.90046,0.00531
49.20250,0.49500,0.08145,0.91496,0.00358
49.30250,0.49500,0.11154,0.88424,0.00422
49.40250,0.49500,0.15953,0.83920,0.00128
49.50250,0.49500,0.09653,0.90047,0.00299
49.60250,0.49500,0.31683,0.68032,0.00285
49.70250,0.49500,0.20873,0.78389,0.00738
49.80250,0.49500,0.42223,0.57651,0.00126
49.90250,0.49500,0.24670,0.74814,0.00517
50.00250,0.49500,0.27350,0.72258,0.00392
50.10250,0.49500,0.27447,0.72218,0.00335
50.20250,0.49500,0.56257,0.43492,0.00251
50.30250,0.49500,0.37123,0.62584,0.00293
50.40250,0.49500,0.34343,0.65645,0.00012
50.50250,0.49500,0.20409,0.79551,0.00040
50.60250,0.49500,0.31032,0.68915,0.00053
50.70250,0.49500,0.31728,0.68211,0.00061
50.80250,0.49500,0.40395,0.59516,0.00089
50.90250,0.49500,0.33448,0.65096,0.01457
51.00250,0.49500,0.50493,0.49504,0.00002
51.10250,0.49500,0.85565,0.14382,0.00053
51.20250,0.49500,0.55952,0.44006,0.00042
51.30250,0.49500,0.28703,0.71297,0.00000
51.40250,0.49500,0.22020,0.77908,0.00072
51.50250,0.49500,0.29492,0.70487,0.00021
51.60250,0.49500,0.23846,0.76113,0.00040
51.70250,0.49500,0.21731,0.78218,0.00052
51.80250,0.49500,0.20057,0.79888,0.00055
51.90250,0.49500,0.14802,0.85179,0.00019
52.00250,0.49500,0.43690,0.56243,0.00067
52.10250,0.49500,0.42468,0.57459,0.00073
52.20250,0.49500,0.31664,0.68311,0.00025
52.30250,0.49500,0.33503,0.66479,0.00019
52.40250,0.49500,0.32465,0.67481,0.00054
52.50250,0.49500,0.36024,0.63919,0.00057
52.60250,0.49500,0.21988,0.78010,0.00003
52.70250,0.49500,0.60592,0.39400,0.00009
52.80250,0.49500,0.29149,0.70851,0.00000
52.90250,0.49500,0.41252,0.58748,0.00000
53.00250,0.49500,0.85332,0.14668,0.00000
53.10250,0.49500,0.98357,0.01643,0.00000
53.20250,0.49500,0.99998,0.00002,0.00000
53.30250,0.49500,0.85067,0.14933,0.00000
53.40250,0.49500,0.99978,0.00022,0.00000
53.50250,0.49500,0.99987,0.00013,0.00000
53.60250,0.49500,0.99293,0.00707,0.00000
53.70250,0.49500,0.98663,0.01337,0.00000
53.80250,0.49500,0.99967,0.00033,0.00000
53.90250,0.49500,0.99894,0.00106,0.00000
54.00250,0.49500,0.99379,0.00621,0.00000
54.10250,0.49500,0.96976,0.03024,0.00000
54.20250,0.49500,0.78855,0.21144,0.00000
54.30250,0.49500,0.83258,0.16742,0.00000
54.40250,0.49500,0.34229,0.65701,0.00070
54.50250,0.49500,0.48704,0.51202,0.00094
54.60250,0.49500,0.14279,0.85497,0.00224
54.70250,0.49500,0.41467,0.58511,0.00022
54.80250,0.49500,0.23900,0.76080,0.00020
54.90250,0.49500,0.61319,0.38680,0.00000
55.00250,0.49500,0.45792,0.54198,0.00010
55.10250,0.49500,0.79224,0.20776,0.00000
55.20250,0.49500,0.54550,0.45450,0.00000
55.30250,0.49500,0.33045,0.66955,0.00000
55.40250,0.49500,0.26524,0.73476,0.00000
55.50250,0.49500,0.67643,0.32357,0.00000
55.60250,0.49500,0.60600,0.39399,0.00000
55.70250,0.49500,0.92864,0.07129,0.00007
55.80250,0.49500,0.60446,0.39529,0.00025
55.90250,0.49500,0.41180,0.57871,0.00949
56.00250,0.49500,0.94986,0.04985,0.00029
56.10250,0.49500,0.97266,0.02731,0.00003
56.20250,0.49500,0.98567,0.01425,0.00008
56.30250,0.49500,0.97614,0.02386,0.00000
56.40250,0.49500,0.77621,0.22378,0.00000
56.50250,0.49500,0.81346,0.18636,0.00018
56.60250,0.49500,0.52922,0.47066,0.00011
56.70250,0.49500,0.61280,0.38702,0.00018
56.80250,0.49500,0.31679,0.68305,0.00016
56.90250,0.49500,0.36481,0.63512,0.00007
57.00250,0.49500,0.79678,0.20321,0.00001
57.10250,0.49500,0.61076,0.38924,0.00000
57.20250,0.49500,0.55751,0.44249,0.00000
57.30250,0.49500,0.72188,0.27811,0.00000
57.40250,0.49500,0.44330,0.55670,0.00000
57.50250,0.49500,0.26328,0.73664,0.00008
57.60250,0.49500,0.72953,0.27047,0.00000
57.70250,0.49500,0.69865,0.30133,0.00002
57.80250,0.49500,0.63871,0.36127,0.00001
57.90250,0.49500,0.33711,0.66286,0.00003
58.00250,0.49500,0.28187,0.71811,0.00002
58.10250,0.49500,0.51794,0.48203,0.00002
58.20250,0.49500,0.17097,0.82833,0.00070
58.30250,0.49500,0.80826,0.19081,0.00093
58.40250,0.49500,0.81680,0.18167,0.00153
58.50250,0.49500,0.39369,0.59095,0.01536
58.60250,0.49500,0.40483,0.57539,0.01978
58.70250,0.49500,0.23138,0.76536,0.00326
58.80250,0.49500,0.93599,0.06278,0.00122
58.90250,0.49500,0.86999,0.12958,0.00043
59.00250,0.49500,0.85011,0.14980,0.00009
59.10250,0.49500,0.79246,0.20751,0.00003
59.20250,0.49500,0.29295,0.70678,0.00027
59.30250,0.49500,0.54286,0.45603,0.00111
59.40250,0.49500,0.21478,0.78514,0.00009
59.50250,0.49500,0.20889,0.79003,0.00108
59.60250,0.49500,0.56116,0.43883,0.00001
59.70250,0.49500,0.84263,0.15734,0.00003
59.80250,0.49500,0.88600,0.11396,0.00004
59.90250,0.49500,0.87630,0.12369,0.00001
60.00250,0.49500,0.98756,0.01244,0.00000
60.10250,0.49500,0.88940,0.11051,0.00009
60.20250,0.49500,0.99879,0.00120,0.00000
60.30250,0.49500,0.66581,0.33408,0.00011
60.40250,0.49500,0.98072,0.01928,0.00000
60.50250,0.49500,0.99812,0.00188,0.00000
60.60250,0.49500,0.96176,0.03824,0.00000
60.70250,0.49500,0.99651,0.00349,0.00000
60.80250,0.49500,0.92703,0.07296,0.00000
60.90250,0.49500,0.53340,0.46636,0.00024
61.00250,0.49500,0.47278,0.52721,0.00001
61.10250,0.49500,0.42689,0.57310,0.00001
61.20250,0.49500,0.42057,0.57943,0.00000
61.30250,0.49500,0.63792,0.36206,0.00002
61.40250,0.49500,0.74939,0.25061,0.00000
61.50250,0.49500,0.47649,0.52351,0.00000
61.60250,0.49500,0.31820,0.68180,0.00000
61.70250,0.49500,0.21106,0.78894,0.00000
61.80250,0.49500,0.49265,0.50734,0.00001
61.90250,0.49500,0.17553,0.82445,0.00001
62.00250,0.49500,0.39790,0.60210,0.00000
62.10250,0.49500,0.28800,0.71183,0.00017
62.20250,0.49500,0.16313,0.83686,0.00001
62.30250,0.49500,0.08910,0.91086,0.00004
62.40250,0.49500,0.03715,0.96235,0.00051
62.50250,0.49500,0.06209,0.93758,0.00033
62.60250,0.49500,0.06513,0.93461,0.00027
62.70250,0.49500,0.04593,0.95384,0.00022
62.80250,0.49500,0.04518,0.95467,0.00014
62.90250,0.49500,0.13272,0.86723,0.00004
63.00250,0.49500,0.13099,0.86892,0.00009
63.10250,0.49500,0.07300,0.92679,0.00021
63.20250,0.49500,0.28853,0.71136,0.00011
63.30250,0.49500,0.06495,0.93496,0.00009
63.40250,0.49500,0.10422,0.89546,0.00032
63.50250,0.49500,0.19189,0.80768,0.00043
63.60250,0.49500,0.04098,0.95900,0.00002
63.70250,0.49500,0.18623,0.81332,0.00044
63.80250,0.49500,0.05079,0.94916,0.00005
63.90250,0.49500,0.09989,0.90008,0.00003
64.00250,0.49500,0.10651,0.89346,0.00004
64.10250,0.49500,0.05485,0.94487,0.00027
64.20250,0.49500,0.03184,0.96811,0.00005
64.30250,0.49500,0.06351,0.93607,0.00043
64.40250,0.49500,0.11289,0.88681,0.00030
64.50250,0.49500,0.11229,0.88764,0.00007
64.60250,0.49500,0.21176,0.78794,0.00030
64.70250,0.49500,0.19187,0.80804,0.00009
64.80250,0.49500,0.10618,0.89368,0.00014
64.90250,0.49500,0.10329,0.89628,0.00042
65.00250,0.49500,0.27511,0.72344,0.00145
65.10250,0.49500,0.09931,0.90013,0.00057
65.20250,0.49500,0.06146,0.93803,0.00051
65.30250,0.49500,0.08108,0.91771,0.00121
65.40250,0.49500,0.03252,0.96733,0.00016
65.50250,0.49500,0.03337,0.96630,0.00033
65.60250,0.49500,0.01962,0.98010,0.00029
65.70250,0.49500,0.01437,0.98533,0.00030
65.80250,0.49500,0.01754,0.98221,0.00025
65.90250,0.49500,0.01501,0.98466,0.00033
66.00250,0.49500,0.01485,0.98474,0.00040
66.10250,0.49500,0.01305,0.98670,0.00024
66.20250,0.49500,0.01239,0.98750,0.00011
66.30250,0.49500,0.01411,0.98581,0.00008
66.40250,0.49500,0.01183,0.98813,0.00004
66.50250,0.49500,0.01060,0.98937,0.00002
66.60250,0.49500,0.01348,0.98648,0.00004
66.70250,0.49500,0.01329,0.98666,0.00005
66.80250,0.49500,0.01360,0.98630,0.00010
66.90250,0.49500,0.01607,0.98372,0.00021
67.00250,0.49500,0.01514,0.98464,0.00022
67.10250,0.49500,0.01980,0.98005,0.00015
67.20250,0.49500,0.01851,0.98129,0.00020
67.30250,0.49500,0.01804,0.98177,0.00018
67.40250,0.49500,0.01423,0.98571,0.00006
67.50250,0.49500,0.01503,0.98491,0.00006
67.60250,0.49500,0.01389,0.98606,0.00004
67.70250,0.49500,0.01216,0.98775,0.00009
67.80250,0.49500,0.01643,0.98344,0.00012
67.90250,0.49500,0.01636,0.98342,0.00022
68.00250,0.49500,0.01568,0.98411,0.00021
68.10250,0.49500,0.01702,0.98271,0.00028
68.20250,0.49500,0.01818,0.98163,0.00019
68.30250,0.49500,0.02034,0.97936,0.00030
68.40250,0.49500,0.01624,0.98346,0.00030
68.50250,0.49500,0.01644,0.98345,0.00011
68.60250,0.49500,0.02393,0.97584,0.00024
68.70250,0.49500,0.06145,0.93833,0.00022
68.80250,0.49500,0.08702,0.91288,0.00009
68.90250,0.49500,0.25087,0.74868,0.00045
69.00250,0.49500,0.40525,0.59458,0.00017
69.10250,0.49500,0.45178,0.54820,0.00003
69.20250,0.49500,0.53856,0.46129,0.00015
69.30250,0.49500,0.66680,0.33320,0.00001
69.40250,0.49500,0.75045,0.24923,0.00032
69.50250,0.49500,0.44088,0.55911,0.00001
69.60250,0.49500,0.42673,0.57301,0.00026
69.70250,0.49500,0.22624,0.77370,0.00006
69.80250,0.49500,0.09549,0.90421,0.00030
69.90250,0.49500,0.22297,0.77702,0.00000
70.00250,0.49500,0.23153,0.76846,0.00001
70.10250,0.49500,0.12265,0.87735,0.00001
70.20250,0.49500,0.13746,0.86253,0.00001
70.30250,0.49500,0.25487,0.74511,0.00002
70.40250,0.49500,0.10290,0.89704,0.00006
70.50250,0.49500,0.40996,0.59004,0.00000
70.60250,0.49500,0.79711,0.20264,0.00025
70.70250,0.49500,0.93876,0.06124,0.00000
70.80250,0.49500,0.99916,0.00084,0.00000
70.90250,0.49500,0.99886,0.00114,0.00000
71.00250,0.49500,0.99889,0.00111,0.00000
71.10250,0.49500,0.98470,0.01511,0.00020
71.20250,0.49500,0.97329,0.02626,0.00046
71.30250,0.49500,0.99344,0.00645,0.00011
71.40250,0.49500,0.97787,0.02213,0.00000
71.50250,0.49500,0.95966,0.03931,0.00103
71.60250,0.49500,0.87845,0.11997,0.00158
71.70250,0.49500,0.58894,0.40132,0.00975
71.80250,0.49500,0.79758,0.16006,0.04236
71.90250,0.49500,0.25482,0.62030,0.12489
72.00250,0.49500,0.81045,0.18943,0.00012
72.10250,0.49500,0.86856,0.12977,0.00167
72.20250,0.49500,0.28434,0.71565,0.00001
72.30250,0.49500,0.50250,0.49708,0.00043
72.40250,0.49500,0.37957,0.62037,0.00006
72.50250,0.49500,0.71735,0.28257,0.00008
72.60250,0.49500,0.28424,0.70843,0.00732
72.70250,0.49500,0.53039,0.46947,0.00014
72.80250,0.49500,0.54124,0.45586,0.00290
72.90250,0.49500,0.48626,0.51258,0.00116
73.00250,0.49500,0.59537,0.40450,0.00013
73.10250,0.49500,0.18523,0.81267,0.00210
73.20250,0.49500,0.56436,0.43513,0.00051
73.30250,0.49500,0.75744,0.24164,0.00091
73.40250,0.49500,0.49695,0.50288,0.00017
73.50250,0.49500,0.23851,0.76136,0.00013
73.60250,0.49500,0.23409,0.76214,0.00376
73.70250,0.49500,0.23575,0.76320,0.00105
73.80250,0.49500,0.26761,0.72445,0.00794
73.90250,0.49500,0.26977,0.72923,0.00100
74.00250,0.49500,0.25059,0.74821,0.00121
74.10250,0.49500,0.25857,0.74122,0.00021
74.20250,0.49500,0.33609,0.64785,0.01606
74.30250,0.49500,0.44815,0.55173,0.00012
74.40250,0.49500,0.40836,0.59141,0.00024
74.50250,0.49500,0.22702,0.77296,0.00002
74.60250,0.49500,0.42297,0.57702,0.00001
74.70250,0.49500,0.21418,0.78576,0.00006
74.80250,0.49500,0.75558,0.24441,0.00002
74.90250,0.49500,0.62125,0.37710,0.00165
75.00250,0.49500,0.59131,0.40839,0.00030
75.10250,0.49500,0.61299,0.38656,0.00045
75.20250,0.49500,0.46402,0.53451,0.00147
75.30250,0.49500,0.68873,0.31087,0.00040
75.40250,0.49500,0.43599,0.56281,0.00120
75.50250,0.49500,0.55382,0.44618,0.00000
75.60250,0.49500,0.50439,0.49547,0.00014
75.70250,0.49500,0.55934,0.44019,0.00048
75.80250,0.49500,0.64969,0.35027,0.00004
75.90250,0.49500,0.24942,0.75020,0.00038
76.00250,0.49500,0.77354,0.22645,0.00001
76.10250,0.49500,0.65405,0.34590,0.00005
76.20250,0.49500,0.30084,0.69909,0.00006
76.30250,0.49500,0.53402,0.46595,0.00003
76.40250,0.49500,0.42306,0.57694,0.00000
76.50250,0.49500,0.63662,0.36317,0.00021
76.60250,0.49500,0.52776,0.47224,0.00001
76.70250,0.49500,0.46048,0.53949,0.00002
76.80250,0.49500,0.77277,0.22703,0.00020
76.90250,0.49500,0.73087,0.26910,0.00003
77.00250,0.49500,0.85243,0.14742,0.00014
77.10250,0.49500,0.69378,0.30619,0.00003
77.20250,0.49500,0.94944,0.05024,0.00032
77.30250,0.49500,0.89917,0.10033,0.00050
77.40250,0.49500,0.87943,0.11971,0.00086
77.50250,0.49500,0.53279,0.46704,0.00017
77.60250,0.49500,0.41879,0.56609,0.01513
77.70250,0.49500,0.25842,0.73097,0.01061
77.80250,0.49500,0.30545,0.69202,0.00252
77.90250,0.49500,0.69941,0.29707,0.00352
78.00250,0.49500,0.89547,0.10402,0.00051
78.10250,0.49500,0.81887,0.17989,0.00123
78.20250,0.49500,0.98573,0.01418,0.00009
78.30250,0.49500,0.89361,0.10618,0.00021
78.40250,0.49500,0.97320,0.02665,0.00016
78.50250,0.49500,0.86329,0.13645,0.00025
78.60250,0.49500,0.77012,0.22986,0.00002
78.70250,0.49500,0.53727,0.46273,0.00001
78.80250,0.49500,0.84918,0.15082,0.00001
78.90250,0.49500,0.70179,0.29821,0.00000
79.00250,0.49500,0.82997,0.17002,0.00001
79.10250,0.49500,0.46144,0.53803,0.00053
79.20250,0.49500,0.37903,0.62092,0.00005
79.30250,0.49500,0.30647,0.69342,0.00011
79.40250,0.49500,0.51237,0.48708,0.00056
79.50250,0.49500,0.31326,0.67639,0.01035
79.60250,0.49500,0.19523,0.79797,0.00680
79.70250,0.49500,0.28252,0.71329,0.00419
79.80250,0.49500,0.14557,0.84937,0.00506
79.90250,0.49500,0.81573,0.18252,0.00175
80.00250,0.49500,0.92911,0.06407,0.00682
80.10250,0.49500,0.88315,0.11624,0.00061
80.20250,0.49500,0.61502,0.38317,0.00181
80.30250,0.49500,0.45926,0.53646,0.00428
80.40250,0.49500,0.14168,0.81911,0.03921
80.50250,0.49500,0.07907,0.90196,0.01897
80.60250,0.49500,0.03893,0.94345,0.01762
80.70250,0.49500,0.04275,0.93959,0.01766
80.80250,0.49500,0.08604,0.87895,0.03501
80.90250,0.49500,0.16305,0.70785,0.12910
81.00250,0.49500,0.05420,0.91197,0.03384
81.10250,0.49500,0.03363,0.94424,0.02212
81.20250,0.49500,0.01609,0.96256,0.02135
81.30250,0.49500,0.01052,0.93571,0.05378
81.40250,0.49500,0.01388,0.96324,0.02288
81.50250,0.49500,0.11820,0.87748,0.00431
81.60250,0.49500,0.61425,0.38494,0.00081
81.70250,0.49500,0.71294,0.28659,0.00047
81.80250,0.49500,0.37463,0.62514,0.00023
81.90250,0.49500,0.25516,0.74332,0.00152
82.00250,0.49500,0.11215,0.88596,0.00189
82.10250,0.49500,0.04388,0.92723,0.02890
82.20250,0.49500,0.02526,0.94982,0.02492
82.30250,0.49500,0.60285,0.39526,0.00190
82.40250,0.49500,0.35369,0.63174,0.01457
82.50250,0.49500,0.54284,0.45706,0.00010
82.60250,0.49500,0.40953,0.58759,0.00287
82.70250,0.49500,0.63994,0.35975,0.00032
82.80250,0.49500,0.35628,0.63546,0.00827
82.90250,0.49500,0.02189,0.94636,0.03175
83.00250,0.49500,0.27320,0.72315,0.00365
83.10250,0.49500,0.85669,0.14255,0.00076
83.20250,0.49500,0.76826,0.22641,0.00532
83.30250,0.49500,0.99999,0.00001,0.00000
83.40250,0.49500,0.99958,0.00007,0.00034
83.50250,0.49500,1.00000,0.00000,0.00000
83.60250,0.49500,1.00000,0.00000,0.00000
83.70250,0.49500,1.00000,0.00000,0.00000
83.80250,0.49500,0.99997,0.00003,0.00000
83.90250,0.49500,1.00000,0.00000,0.00000
84.00250,0.49500,0.99976,0.00024,0.00000
84.10250,0.49500,0.99858,0.00142,0.00000
84.20250,0.49500,0.99993,0.00007,0.00000
84.30250,0.49500,0.95520,0.04475,0.00005
84.40250,0.49500,0.82560,0.17429,0.00011
84.50250,0.49500,0.92441,0.07558,0.00001
84.60250,0.49500,0.97762,0.02236,0.00002
84.70250,0.49500,0.99860,0.00140,0.00000
84.80250,0.49500,0.96696,0.03304,0.00000
84.90250,0.49500,0.99312,0.00688,0.00000
85.00250,0.49500,0.98043,0.01957,0.00000
85.10250,0.49500,0.98345,0.01655,0.00000
85.20250,0.49500,0.66531,0.33444,0.00026
85.30250,0.49500,0.67992,0.31977,0.00031
85.40250,0.49500,0.35915,0.64055,0.00030
85.50250,0.49500,0.86057,0.13815,0.00128
85.60250,0.49500,0.74101,0.25580,0.00319
85.70250,0.49500,0.88438,0.08873,0.02689
85.80250,0.49500,0.89479,0.10226,0.00295
85.90250,0.49500,0.90717,0.09280,0.00003
86.00250,0.49500,0.79497,0.20442,0.00061
86.10250,0.49500,0.78023,0.21782,0.00194
86.20250,0.49500,0.80586,0.19402,0.00012
86.30250,0.49500,0.70577,0.29358,0.00065
86.40250,0.49500,0.69138,0.30852,0.00010
86.50250,0.49500,0.52917,0.46920,0.00164
86.60250,0.49500,0.80222,0.18900,0.00878
86.70250,0.49500,0.65626,0.32746,0.01628
86.80250,0.49500,0.66938,0.30619,0.02443
86.90250,0.49500,0.58940,0.27806,0.13254
87.00250,0.49500,0.67163,0.22573,0.10264
87.10250,0.49500,0.70437,0.07937,0.21626
87.20250,0.49500,0.61294,0.09593,0.29113
87.30250,0.49500,0.58538,0.01835,0.39627
87.40250,0.49500,0.69641,0.03249,0.27111
87.50250,0.49500,0.79172,0.07414,0.13414
87.60250,0.49500,0.62416,0.01140,0.36445
87.70250,0.49500,0.39173,0.01084,0.59743
87.80250,0.49500,0.54341,0.02058,0.43601
87.90250,0.49500,0.11828,0.02442,0.85730
88.00250,0.49500,0.60911,0.19818,0.19271
88.10250,0.49500,0.29823,0.32757,0.37420
88.20250,0.49500,0.46627,0.36223,0.17149
88.30250,0.49500,0.54014,0.36367,0.09620
88.40250,0.49500,0.26123,0.25804,0.48073
88.50250,0.49500,0.58770,0.28066,0.13164
88.60250,0.49500,0.22926,0.62920,0.14154
88.70250,0.49500,0.50660,0.42164,0.07177
88.80250,0.49500,0.18188,0.75113,0.06699
88.90250,0.49500,0.25209,0.72966,0.01826
89.00250,0.49500,0.48862,0.41226,0.09912
89.10250,0.49500,0.41296,0.26693,0.32011
89.20250,0.49500,0.65276,0.05008,0.29716
89.30250,0.49500,0.45464,0.10421,0.44115
89.40250,0.49500,0.46829,0.03952,0.49219
89.50250,0.49500,0.32131,0.01177,0.66692
89.60250,0.49500,0.21298,0.00431,0.78271
89.70250,0.49500,0.12098,0.03426,0.84476
89.80250,0.49500,0.19693,0.00399,0.79907
89.90250,0.49500,0.22154,0.00921,0.76925
90.00250,0.49500,0.23884,0.01368,0.74748
90.10250,0.49500,0.31743,0.04072,0.64185
90.20250,0.49500,0.25976,0.01874,0.72150
90.30250,0.49500,0.42979,0.11256,0.45764
90.40250,0.49500,0.42086,0.39815,0.18099
90.50250,0.49500,0.14758,0.04993,0.80249
90.60250,0.49500,0.14506,0.02894,0.82600
90.70250,0.49500,0.19929,0.00556,0.79515
90.80250,0.49500,0.14602,0.00208,0.85190
90.90250,0.49500,0.21525,0.00473,0.78002
91.00250,0.49500,0.33294,0.01702,0.65004
91.10250,0.49500,0.34817,0.00397,0.64786
91.20250,0.49500,0.20124,0.00444,0.79432
91.30250,0.49500,0.20095,0.03197,0.76708
91.40250,0.49500,0.19395,0.07325,0.73280
91.50250,0.49500,0.31847,0.14030,0.54123
91.60250,0.49500,0.24620,0.33446,0.41933
91.70250,0.49500,0.33045,0.56882,0.10073
91.80250,0.49500,0.21478,0.33799,0.44723
91.90250,0.49500,0.10304,0.16937,0.72758
92.00250,0.49500,0.15754,0.43323,0.40923
92.10250,0.49500,0.14893,0.25049,0.60058
92.20250,0.49500,0.15354,0.09582,0.75064
92.30250,0.49500,0.24573,0.12226,0.63201
92.40250,0.49500,0.28301,0.11461,0.60237
92.50250,0.49500,0.36076,0.01996,0.61928
92.60250,0.49500,0.41570,0.04975,0.53455
92.70250,0.49500,0.33470,0.06224,0.60306
92.80250,0.49500,0.23727,0.02919,0.73355
92.90250,0.49500,0.37996,0.02894,0.59110
93.00250,0.49500,0.12227,0.01961,0.85812
93.10250,0.49500,0.23081,0.00557,0.76362
93.20250,0.49500,0.05859,0.00706,0.93434
93.30250,0.49500,0.15776,0.01204,0.83020
93.40250,0.49500,0.27163,0.02289,0.70548
93.50250,0.49500,0.09390,0.07109,0.83501
93.60250,0.49500,0.26317,0.04789,0.68894
93.70250,0.49500,0.15860,0.18110,0.66030
93.80250,0.49500,0.25148,0.27419,0.47434
93.90250,0.49500,0.10305,0.31033,0.58661
94.00250,0.49500,0.12116,0.26066,0.61818
94.10250,0.49500,0.21942,0.36307,0.41751
94.20250,0.49500,0.12308,0.07430,0.80262
94.30250,0.49500,0.41377,0.03387,0.55236
94.40250,0.49500,0.21098,0.16977,0.61925
94.50250,0.49500,0.68324,0.04584,0.27092
94.60250,0.49500,0.50846,0.06277,0.42876
94.70250,0.49500,0.39744,0.06201,0.54055
94.80250,0.49500,0.40592,0.01757,0.57651
94.90250,0.49500,0.68321,0.04485,0.27194
95.00250,0.49500,0.66596,0.03075,0.30329
95.10250,0.49500,0.50420,0.08553,0.41027
95.20250,0.49500,0.76955,0.12924,0.10121
95.30250,0.49500,0.38921,0.04241,0.56838
95.40250,0.49500,0.89270,0.05565,0.05165
95.50250,0.49500,0.49972,0.05524,0.44504
95.60250,0.49500,0.85933,0.02688,0.11378
95.70250,0.49500,0.51867,0.03283,0.44851
95.80250,0.49500,0.72206,0.10711,0.17083
95.90250,0.49500,0.92814,0.06718,0.00468
96.00250,0.49500,0.99993,0.00007,0.00000
96.10250,0.49500,0.99998,0.00002,0.00000
96.20250,0.49500,0.99995,0.00005,0.00000
96.30250,0.49500,0.99998,0.00002,0.00000
96.40250,0.49500,0.99913,0.00087,0.00000
96.50250,0.49500,0.99980,0.00020,0.00000
96.60250,0.49500,0.99999,0.00001,0.00000
96.70250,0.49500,0.99991,0.00009,0.00000
96.80250,0.49500,0.98809,0.01191,0.00000
96.90250,0.49500,0.97615,0.02385,0.00000
97.00250,0.49500,0.94605,0.05377,0.00018
97.10250,0.49500,0.98803,0.01197,0.00000
97.20250,0.49500,0.73198,0.26787,0.00015
97.30250,0.49500,0.33316,0.66679,0.00004
97.40250,0.49500,0.68534,0.31464,0.00002
97.50250,0.49500,0.15595,0.84389,0.00016
97.60250,0.49500,0.13362,0.86480,0.00158
97.70250,0.49500,0.17896,0.81982,0.00122
97.80250,0.49500,0.11599,0.88317,0.00084
97.90250,0.49500,0.12829,0.86803,0.00369
98.00250,0.49500,0.03744,0.96180,0.00076
98.10250,0.49500,0.10529,0.89427,0.00044
98.20250,0.49500,0.04936,0.94499,0.00565
98.30250,0.49500,0.07189,0.92803,0.00008
98.40250,0.49500,0.08666,0.91314,0.00020
98.50250,0.49500,0.04050,0.95864,0.00086
98.60250,0.49500,0.13274,0.86711,0.00015
98.70250,0.49500,0.07986,0.91978,0.00036
98.80250,0.49500,0.12314,0.87649,0.00037
98.90250,0.49500,0.10486,0.89424,0.00091
99.00250,0.49500,0.25607,0.74247,0.00147
99.10250,0.49500,0.03400,0.96437,0.00163
99.20250,0.49500,0.23943,0.75936,0.00121
99.30250,0.49500,0.02657,0.96837,0.00506
99.40250,0.49500,0.07535,0.92427,0.00037
99.50250,0.49500,0.04757,0.95155,0.00088
99.60250,0.49500,0.07247,0.92730,0.00023
99.70250,0.49500,0.04779,0.95105,0.00116
99.80250,0.49500,0.06422,0.93385,0.00193
99.90250,0.49500,0.04488,0.95291,0.00221
100.00250,0.49500,0.07603,0.92348,0.00049
100.10250,0.49500,0.14469,0.85468,0.00063
100.20250,0.49500,0.14859,0.85131,0.00009
100.30250,0.49500,0.04766,0.95225,0.00009
100.40250,0.49500,0.05687,0.94312,0.00001
100.50250,0.49500,0.07324,0.92612,0.00063
100.60250,0.49500,0.12466,0.87524,0.00010
100.70250,0.49500,0.13352,0.86646,0.00002
100.80250,0.49500,0.32398,0.67558,0.00044
100.90250,0.49500,0.14413,0.85579,0.00008
101.00250,0.49500,0.08855,0.91140,0.00005
101.10250,0.49500,0.15012,0.84552,0.00436
101.20250,0.49500,0.13840,0.85946,0.00214
101.30250,0.49500,0.07643,0.92308,0.00048
101.40250,0.49500,0.15755,0.84114,0.00131
101.50250,0.49500,0.04319,0.95662,0.00019
101.60250,0.49500,0.16219,0.83781,0.00000
101.70250,0.49500,0.11887,0.88099,0.00014
101.80250,0.49500,0.12401,0.87599,0.00000
101.90250,0.49500,0.09022,0.90972,0.00006
102.00250,0.49500,0.17552,0.82328,0.00120
102.10250,0.49500,0.09365,0.90608,0.00027
102.20250,0.49500,0.24596,0.75352,0.00051
102.30250,0.49500,0.12800,0.87119,0.00081
102.40250,0.49500,0.14019,0.85978,0.00004
102.50250,0.49500,0.26001,0.73975,0.00024
102.60250,0.49500,0.24476,0.75508,0.00016
102.70250,0.49500,0.10748,0.89250,0.00002
102.80250,0.49500,0.15958,0.83920,0.00122
102.90250,0.49500,0.14062,0.85864,0.00075
103.00250,0.49500,0.07228,0.92728,0.00043
103.10250,0.49500,0.03292,0.96688,0.00020
103.20250,0.49500,0.13599,0.86349,0.00052
103.30250,0.49500,0.27509,0.72483,0.00008
103.40250,0.49500,0.14786,0.85207,0.00007
103.50250,0.49500,0.19908,0.80086,0.00006
103.60250,0.49500,0.05778,0.94194,0.00028
103.70250,0.49500,0.21443,0.78460,0.00097
103.80250,0.49500,0.31109,0.68476,0.00415
103.90250,0.49500,0.10256,0.89729,0.00015
104.00250,0.49500,0.15875,0.84106,0.00019
104.10250,0.49500,0.03136,0.96814,0.00050
104.20250,0.49500,0.05472,0.94354,0.00174
104.30250,0.49500,0.02466,0.97521,0.00013
104.40250,0.49500,0.01750,0.98250,0.00000
104.50250,0.49500,0.01862,0.98135,0.00003
104.60250,0.49500,0.03974,0.96020,0.00006
104.70250,0.49500,0.07301,0.92698,0.00000
104.80250,0.49500,0.02038,0.97961,0.00001
104.90250,0.49500,0.04809,0.95190,0.00001
105.00250,0.49500,0.02554,0.97412,0.00034
105.10250,0.49500,0.05244,0.94713,0.00043
105.20250,0.49500,0.03660,0.96331,0.00009
105.30250,0.49500,0.04577,0.95398,0.00024
105.40250,0.49500,0.05214,0.94649,0.00137
105.50250,0.49500,0.01871,0.97864,0.00265
105.60250,0.49500,0.05022,0.94909,0.00069
105.70250,0.49500,0.03179,0.96555,0.00266
105.80250,0.49500,0.05861,0.92744,0.01395
105.90250,0.49500,0.21480,0.78368,0.00152
106.00250,0.49500,0.19444,0.80413,0.00142
106.10250,0.49500,0.07990,0.92002,0.00008
106.20250,0.49500,0.10922,0.89045,0.00032
106.30250,0.49500,0.10922,0.88877,0.00201
106.40250,0.49500,0.04754,0.95095,0.00151
106.50250,0.49500,0.14623,0.85226,0.00151
106.60250,0.49500,0.03817,0.96054,0.00129
106.70250,0.49500,0.09677,0.90223,0.00099
106.80250,0.49500,0.03320,0.96633,0.00047
106.90250,0.49500,0.05071,0.94780,0.00149
107.00250,0.49500,0.11042,0.88887,0.00071
107.10250,0.49500,0.02916,0.97030,0.00054
107.20250,0.49500,0.05006,0.94970,0.00024
107.30250,0.49500,0.03919,0.95930,0.00151
107.40250,0.49500,0.03262,0.96713,0.00024
107.50250,0.49500,0.13397,0.86560,0.00043
107.60250,0.49500,0.05834,0.93760,0.00405
107.70250,0.49500,0.12574,0.87329,0.00097
107.80250,0.49500,0.03097,0.96099,0.00804
107.90250,0.49500,0.08968,0.90947,0.00085
108.00250,0.49500,0.05341,0.94447,0.00212
108.10250,0.49500,0.06897,0.92889,0.00214
108.20250,0.49500,0.02200,0.97527,0.00272
108.30250,0.49500,0.10652,0.89278,0.00071
108.40250,0.49500,0.13987,0.86003,0.00010
108.50250,0.49500,0.21943,0.78055,0.00002
108.60250,0.49500,0.64031,0.35914,0.00055
108.70250,0.49500,0.49363,0.50502,0.00135
108.80250,0.49500,0.63382,0.36616,0.00002
108.90250,0.49500,0.37503,0.62463,0.00033
109.00250,0.49500,0.22079,0.77907,0.00014
109.10250,0.49500,1.00000,0.00000,0.00000
109.20250,0.49500,0.99991,0.00009,0.00000
109.30250,0.49500,0.99958,0.00042,0.00000
109.40250,0.49500,0.99986,0.00014,0.00000
109.50250,0.49500,0.99976,0.00024,0.00000
109.60250,0.49500,0.99989,0.00010,0.00001
109.70250,0.49500,0.99753,0.00243,0.00004
109.80250,0.49500,0.99948,0.00052,0.00000
109.90250,0.49500,0.99101,0.00899,0.00000
110.00250,0.49500,0.55041,0.44952,0.00007
110.10250,0.49500,0.53766,0.46191,0.00043
110.20250,0.49500,0.53221,0.46779,0.00001
110.30250,0.49500,0.78993,0.20744,0.00263
110.40250,0.49500,0.72895,0.26905,0.00200
110.50250,0.49500,0.72443,0.18649,0.08909
110.60250,0.49500,0.43765,0.47007,0.09228
110.70250,0.49500,0.66876,0.30598,0.02527
110.80250,0.49500,0.34426,0.50886,0.14687
110.90250,0.49500,0.16995,0.34427,0.48578
111.00250,0.49500,0.68198,0.27495,0.04307
111.10250,0.49500,0.13169,0.58943,0.27888
111.20250,0.49500,0.37530,0.53643,0.08827
111.30250,0.49500,0.13719,0.50957,0.35324
111.40250,0.49500,0.22667,0.48732,0.28600
111.50250,0.49500,0.04962,0.59548,0.35490
111.60250,0.49500,0.33765,0.51955,0.14280
111.70250,0.49500,0.24892,0.40835,0.34273
111.80250,0.49500,0.39671,0.54787,0.05543
111.90250,0.49500,0.16120,0.54934,0.28946
112.00250,0.49500,0.18435,0.41058,0.40507
112.10250,0.49500,0.15858,0.54625,0.29516
112.20250,0.49500,0.05192,0.66446,0.28361
112.30250,0.49500,0.12002,0.63265,0.24733
112.40250,0.49500,0.46506,0.43364,0.10130
112.50250,0.49500,0.21801,0.42502,0.35697
112.60250,0.49500,0.26508,0.47707,0.25786
112.70250,0.49500,0.11785,0.58440,0.29774
112.80250,0.49500,0.08744,0.55861,0.35395
112.90250,0.49500,0.07429,0.59565,0.33006
113.00250,0.49500,0.07298,0.52922,0.39780
113.10250,0.49500,0.10149,0.49645,0.40207
113.20250,0.49500,0.04250,0.47915,0.47834
113.30250,0.49500,0.02357,0.58282,0.39361
113.40250,0.49500,0.05018,0.61602,0.33380
113.50250,0.49500,0.01934,0.47553,0.50513
113.60250,0.49500,0.02010,0.62488,0.35502
113.70250,0.49500,0.00861,0.66670,0.32469
113.80250,0.49500,0.01868,0.55106,0.43026
113.90250,0.49500,0.04823,0.46070,0.49107
114.00250,0.49500,0.04053,0.62232,0.33714
114.10250,0.49500,0.03356,0.62775,0.33869
114.20250,0.49500,0.03300,0.43497,0.53203
114.30250,0.49500,0.01657,0.49372,0.48971
114.40250,0.49500,0.02291,0.42241,0.55468
114.50250,0.49500,0.01685,0.46492,0.51824
114.60250,0.49500,0.10382,0.62772,0.26846
114.70250,0.49500,0.06634,0.44492,0.48875
114.80250,0.49500,0.11199,0.51828,0.36973
114.90250,0.49500,0.07291,0.53484,0.39225
115.00250,0.49500,0.04022,0.63538,0.32440
115.10250,0.49500,0.11501,0.59763,0.28736
115.20250,0.49500,0.12056,0.37394,0.50550
115.30250,0.49500,0.12679,0.52050,0.35271
115.40250,0.49500,0.07387,0.47368,0.45245
115.50250,0.49500,0.04349,0.50190,0.45461
115.60250,0.49500,0.05656,0.51360,0.42985
115.70250,0.49500,0.01358,0.47123,0.51518
115.80250,0.49500,0.02115,0.51482,0.46402
115.90250,0.49500,0.01311,0.43678,0.55010
116.00250,0.49500,0.01086,0.50111,0.48803
116.10250,0.49500,0.00912,0.41022,0.58066
116.20250,0.49500,0.01538,0.47576,0.50886
116.30250,0.49500,0.01616,0.53629,0.44755
116.40250,0.49500,0.01662,0.56384,0.41953
116.50250,0.49500,0.02958,0.65043,0.32000
116.60250,0.49500,0.07304,0.67354,0.25342
116.70250,0.49500,0.04875,0.57782,0.37343
116.80250,0.49500,0.09481,0.45930,0.44589
116.90250,0.49500,0.02366,0.53649,0.43984
117.00250,0.49500,0.02695,0.71286,0.26018
117.10250,0.49500,0.01673,0.68000,0.30327
117.20250,0.49500,0.04533,0.52079,0.43388
117.30250,0.49500,0.06343,0.48438,0.45219
117.40250,0.49500,0.10648,0.36614,0.52738
117.50250,0.49500,0.04728,0.49744,0.45528
117.60250,0.49500,0.16009,0.48237,0.35754
117.70250,0.49500,0.04717,0.24012,0.71271
117.80250,0.49500,0.08645,0.36456,0.54899
117.90250,0.49500,0.08436,0.44327,0.47237
118.00250,0.49500,0.09952,0.46756,0.43291
118.10250,0.49500,0.11223,0.48025,0.40752
118.20250,0.49500,0.16556,0.56514,0.26930
118.30250,0.49500,0.44958,0.38300,0.16742
118.40250,0.49500,0.26044,0.37107,0.36849
118.50250,0.49500,0.31231,0.47178,0.21591
118.60250,0.49500,0.10328,0.62347,0.27325
118.70250,0.49500,0.07504,0.37960,0.54536
118.80250,0.49500,0.04762,0.40315,0.54924
118.90250,0.49500,0.10000,0.39422,0.50578
119.00250,0.49500,0.04387,0.57345,0.38268
119.10250,0.49500,0.04994,0.47894,0.47112
119.20250,0.49500,0.04780,0.61680,0.33541
119.30250,0.49500,0.06792,0.59872,0.33336
119.40250,0.49500,0.02097,0.45969,0.51934
119.50250,0.49500,0.06027,0.45166,0.48807
119.60250,0.49500,0.01633,0.44525,0.53842
119.70250,0.49500,0.02739,0.63643,0.33618
119.80250,0.49500,0.01101,0.61450,0.37449
119.90250,0.49500,0.03179,0.55940,0.40881
120.00250,0.49500,0.02792,0.57910,0.39298
120.10250,0.49500,0.03610,0.44938,0.51452
120.20250,0.49500,0.11397,0.67806,0.20797
120.30250,0.49500,0.07969,0.39922,0.52109
120.40250,0.49500,0.16500,0.42890,0.40610
120.50250,0.49500,0.30533,0.54986,0.14481
120.60250,0.49500,0.32862,0.38577,0.28562
120.70250,0.49500,0.34565,0.51269,0.14165
120.80250,0.49500,0.27884,0.56681,0.15436
120.90250,0.49500,0.29127,0.55600,0.15273
121.00250,0.49500,0.59377,0.35372,0.05250
121.10250,0.49500,0.24861,0.49703,0.25436
121.20250,0.49500,0.58633,0.36883,0.04484
121.30250,0.49500,0.65288,0.24714,0.09999
121.40250,0.49500,0.43047,0.39722,0.17231
121.50250,0.49500,0.50859,0.47390,0.01751
121.60250,0.49500,0.86066,0.12207,0.01727
121.70250,0.49500,0.99846,0.00154,0.00000
121.80250,0.49500,0.99466,0.00534,0.00000
121.90250,0.49500,0.99958,0.00042,0.00000
122.00250,0.49500,0.99996,0.00004,0.00000
122.10250,0.49500,0.99050,0.00950,0.00000
122.20250,0.49500,0.78195,0.21805,0.00000
122.30250,0.49500,0.35140,0.64860,0.00000
122.40250,0.49500,0.85008,0.14992,0.00000
122.50250,0.49500,0.55080,0.44920,0.00000
122.60250,0.49500,0.19598,0.80402,0.00000
122.70250,0.49500,0.80271,0.19729,0.00000
122.80250,0.49500,0.99262,0.00738,0.00000
122.90250,0.49500,0.64140,0.35860,0.00000
123.00250,0.49500,0.99993,0.00007,0.00000
123.10250,0.49500,0.93888,0.06112,0.00000
123.20250,0.49500,0.77091,0.22909,0.00000
123.30250,0.49500,0.86535,0.13465,0.00000
123.40250,0.49500,0.40015,0.59985,0.00000
123.50250,0.49500,0.15556,0.84444,0.00000
123.60250,0.49500,0.18705,0.81295,0.00000
123.70250,0.49500,0.18439,0.81561,0.00000
123.80250,0.49500,0.25339,0.74661,0.00000
123.90250,0.49500,0.24260,0.75740,0.00000
124.00250,0.49500,0.19841,0.80159,0.00000
124.10250,0.49500,0.28236,0.71764,0.00000
124.20250,0.49500,0.22777,0.77223,0.00000
124.30250,0.49500,0.17344,0.82656,0.00000
124.40250,0.49500,0.08642,0.91358,0.00000
124.50250,0.49500,0.29686,0.70314,0.00000
124.60250,0.49500,0.18614,0.81386,0.00000
124.70250,0.49500,0.26107,0.73893,0.00000
124.80250,0.49500,0.23966,0.76034,0.00000
124.90250,0.49500,0.37881,0.62119,0.00000
125.00250,0.49500,0.10580,0.89420,0.00000
125.10250,0.49500,0.17205,0.82795,0.00000
125.20250,0.49500,0.08758,0.91242,0.00000
125.30250,0.49500,0.15286,0.84714,0.00000
125.40250,0.49500,0.11411,0.88589,0.00000
125.50250,0.49500,0.16238,0.83762,0.00000
125.60250,0.49500,0.05837,0.94163,0.00000
125.70250,0.49500,0.02598,0.97402,0.00000
125.80250,0.49500,0.14142,0.85858,0.00000
125.90250,0.49500,0.10753,0.89247,0.00000
126.00250,0.49500,0.26598,0.73402,0.00000
126.10250,0.49500,0.34484,0.65516,0.00000
126.20250,0.49500,0.25498,0.74502,0.00000
126.30250,0.49500,0.46530,0.53470,0.00000
126.40250,0.49500,0.18519,0.81481,0.00000
126.50250,0.49500,0.30599,0.69401,0.00000
126.60250,0.49500,0.26450,0.73550,0.00000
126.70250,0.49500,0.29621,0.70379,0.00000
126.80250,0.49500,0.07488,0.92512,0.00000
126.90250,0.49500,0.18145,0.81855,0.00000
127.00250,0.49500,0.21963,0.78037,0.00000
127.10250,0.49500,0.27635,0.72365,0.00000
127.20250,0.49500,0.24413,0.75587,0.00000
127.30250,0.49500,0.20461,0.79539,0.00000
127.40250,0.49500,0.10796,0.89204,0.00000
127.50250,0.49500,0.18920,0.81080,0.00000
127.60250,0.49500,0.10842,0.89158,0.00000
127.70250,0.49500,0.05031,0.94969,0.00000
127.80250,0.49500,0.13237,0.86763,0.00000
127.90250,0.49501,0.08440,0.91560,0.00000
128.00250,0.49500,0.19054,0.80946,0.00000
128.10249,0.49501,0.05954,0.94046,0.00000
128.20250,0.49500,0.18158,0.81842,0.00000
128.30251,0.49500,0.09170,0.90830,0.00000
128.40250,0.49501,0.11416,0.88584,0.00000
128.50250,0.49500,0.08296,0.91704,0.00000
128.60249,0.49501,0.15135,0.84865,0.00000
128.70250,0.49500,0.06832,0.93168,0.00000
128.80251,0.49500,0.08816,0.91184,0.00000
128.90250,0.49501,0.14942,0.85058,0.00000
129.00250,0.49500,0.06422,0.93578,0.00000
129.10249,0.49501,0.04953,0.95047,0.00000
129.20250,0.49500,0.04963,0.95037,0.00000
129.30251,0.49500,0.20097,0.79903,0.00000
129.40250,0.49501,0.14221,0.85779,0.00000
129.50250,0.49500,0.23507,0.76493,0.00000
129.60249,0.49501,0.21558,0.78442,0.00000
129.70250,0.49500,0.08836,0.91164,0.00000
129.80251,0.49500,0.06564,0.93436,0.00000
129.90250,0.49501,0.13960,0.86040,0.00000
130.00250,0.49500,0.15036,0.84964,0.00000
130.10249,0.49501,0.16288,0.83712,0.00000
130.20250,0.49500,0.17980,0.82020,0.00000
130.30251,0.49500,0.38081,0.61919,0.00000
130.40250,0.49501,0.08826,0.91174,0.00000
130.50250,0.49500,0.34677,0.65323,0.00000
130.60249,0.49501,0.22313,0.77687,0.00000
130.70250,0.49500,0.07369,0.92631,0.00000
130.80251,0.49500,0.12761,0.87239,0.00000
130.90250,0.49501,0.26095,0.73905,0.00000
131.00250,0.49500,0.06622,0.93378,0.00000
131.10249,0.49501,0.19776,0.80224,0.00000
131.20250,0.49500,0.13343,0.86657,0.00000
131.30251,0.49500,0.17936,0.82064,0.00000
131.40250,0.49501,0.10612,0.89388,0.00000
131.50250,0.49500,0.16157,0.83843,0.00000
131.60249,0.49501,0.26491,0.73509,0.00000
131.70250,0.49500,0.10784,0.89216,0.00000
131.80251,0.49500,0.14927,0.85073,0.00000
131.90250,0.49501,0.12684,0.87316,0.00000
132.00250,0.49500,0.04524,0.95476,0.00000
132.10249,0.49501,0.12156,0.87844,0.00000
132.20250,0.49500,0.12144,0.87856,0.00000
132.30251,0.49500,0.23712,0.76288,0.00000
132.40250,0.49501,0.18372,0.81628,0.00000
132.50250,0.49500,0.21675,0.78325,0.00000
132.60249,0.49501,0.26051,0.73949,0.00000
132.70250,0.49500,0.13981,0.86019,0.00000
132.80251,0.49500,0.26214,0.73786,0.00000
132.90250,0.49501,0.13394,0.86606,0.00000
133.00250,0.49500,0.21044,0.78956,0.00000
133.10249,0.49501,0.10758,0.89242,0.00000
133.20250,0.49500,0.09843,0.90157,0.00000
133.30251,0.49500,0.10919,0.89081,0.00000
133.40250,0.49501,0.32731,0.67269,0.00000
133.50250,0.49500,0.25952,0.74048,0.00000
133.60249,0.49501,0.40649,0.59351,0.00000
133.70250,0.49500,0.19917,0.80083,0.00000
133.80251,0.49500,0.09080,0.90920,0.00000
133.90250,0.49501,0.08832,0.91168,0.00000
134.00250,0.49500,0.21284,0.78716,0.00000
134.10249,0.49501,0.13143,0.86857,0.00000
134.20250,0.49500,0.16232,0.83768,0.00000
134.30251,0.49500,0.06495,0.93505,0.00000
134.40250,0.49501,0.08412,0.91588,0.00000
134.50250,0.49500,0.08373,0.91627,0.00000
134.60249,0.49501,0.18358,0.81642,0.00000
134.70250,0.49500,0.14155,0.85845,0.00000
134.80251,0.49500,0.08737,0.91263,0.00000
134.90250,0.49501,0.14379,0.85621,0.00000
135.00250,0.49500,0.27936,0.72064,0.00000
135.10249,0.49501,0.09057,0.90943,0.00000
135.20250,0.49500,0.19030,0.80970,0.00000
135.30251,0.49500,0.21166,0.78834,0.00000
135.40250,0.49501,0.26896,0.73104,0.00000
135.50250,0.49500,0.13656,0.86344,0.00000
135.60249,0.49501,0.13184,0.86816,0.00000
135.70250,0.49500,0.19824,0.80176,0.00000
135.80251,0.49500,0.12409,0.87591,0.00000
135.90250,0.49501,0.07057,0.92943,0.00000
136.00250,0.49500,0.17975,0.82025,0.00000
136.10249,0.49501,0.10865,0.89135,0.00000
136.20250,0.49500,0.15493,0.84507,0.00000
136.30251,0.49500,0.06559,0.93441,0.00000
136.40250,0.49501,0.10773,0.89227,0.00000
136.50250,0.49500,0.20008,0.79992,0.00000
136.60249,0.49501,0.22381,0.77619,0.00000
136.70250,0.49500,0.09145,0.90855,0.00000
136.80251,0.49500,0.30453,0.69547,0.00000
136.90250,0.49501,0.21775,0.78225,0.00000
137.00250,0.49500,0.37246,0.62754,0.00000
137.10249,0.49501,0.21987,0.78013,0.00000
137.20250,0.49500,0.26886,0.73114,0.00000
137.30251,0.49500,0.09518,0.90482,0.00000
137.40250,0.49501,0.10151,0.89849,0.00000
137.50250,0.49500,0.09613,0.90387,0.00000
137.60249,0.49501,0.19639,0.80361,0.00000
137.70250,0.49500,0.20324,0.79676,0.00000
137.80251,0.49500,0.32254,0.67746,0.00000
137.90250,0.49501,0.23696,0.76304,0.00000
138.00250,0.49500,0.11873,0.88127,0.00000
138.10249,0.49501,0.09515,0.90485,0.00000
138.20250,0.49500,0.08283,0.91717,0.00000
138.30251,0.49500,0.14315,0.85685,0.00000
138.40250,0.49501,0.14540,0.85460,0.00000
138.50250,0.49500,0.21504,0.78496,0.00000
138.60249,0.49501,0.06627,0.93373,0.00000
138.70250,0.49500,0.09857,0.90143,0.00000
138.80251,0.49500,0.27265,0.72735,0.00000
138.90250,0.49501,0.11115,0.88885,0.00000
139.00250,0.49500,0.17519,0.82481,0.00000
139.10249,0.49501,0.08512,0.91488,0.00000
139.20250,0.49500,0.13800,0.86200,0.00000
139.30251,0.49500,0.08075,0.91925,0.00000
139.40250,0.49501,0.27581,0.72419,0.00000
139.50250,0.49500,0.13745,0.86255,0.00000
139.60249,0.49501,0.29138,0.70862,0.00000
139.70250,0.49500,0.07494,0.92506,0.00000
139.80251,0.49500,0.11078,0.88922,0.00000
139.90250,0.49501,0.05318,0.94682,0.00000
140.00250,0.49500,0.14567,0.85433,0.00000
140.10249,0.49501,0.12913,0.87087,0.00000
140.20250,0.49500,0.14231,0.85769,0.00000
140.30251,0.49500,0.12792,0.87208,0.00000
140.40250,0.49501,0.25235,0.74765,0.00000
140.50250,0.49500,0.05838,0.94162,0.00000
140.60249,0.49501,0.15898,0.84102,0.00000
140.70250,0.49500,0.26123,0.73877,0.00000
140.80251,0.49500,0.29743,0.70257,0.00000
140.90250,0.49501,0.30934,0.69066,0.00000
141.00250,0.49500,0.16596,0.83404,0.00000
141.10249,0.49501,0.41534,0.58466,0.00000
141.20250,0.49500,0.48479,0.51521,0.00000
141.30251,0.49500,0.89082,0.10918,0.00000
141.40250,0.49501,0.93013,0.06987,0.00001
141.50250,0.49500,0.94462,0.05503,0.00035
141.60249,0.49501,0.98010,0.01990,0.00000
141.70250,0.49500,0.95982,0.04018,0.00001
141.80251,0.49500,0.99997,0.00003,0.00000
141.90250,0.49501,0.99991,0.00009,0.00000
142.00250,0.49500,0.99912,0.00088,0.00000
142.10249,0.49501,0.99992,0.00008,0.00000
142.20250,0.49500,0.98496,0.01496,0.00008
142.30251,0.49500,0.99463,0.00537,0.00000
142.40250,0.49501,0.98856,0.01144,0.00000
142.50250,0.49500,0.95656,0.04344,0.00000
142.60249,0.49501,0.99393,0.00607,0.00000
142.70250,0.49500,0.78744,0.21256,0.00000
142.80251,0.49500,0.76730,0.23269,0.00001
142.90250,0.49501,0.99772,0.00224,0.00004
143.00250,0.49500,0.79002,0.20998,0.00000
143.10249,0.49501,0.99996,0.00004,0.00000
143.20250,0.49500,0.99999,0.00001,0.00000
143.30251,0.49500,0.99763,0.00236,0.00001
143.40250,0.49501,0.99994,0.00006,0.00000
143.50250,0.49500,1.00000,0.00000,0.00000
143.60249,0.49501,1.00000,0.00000,0.00000
143.70250,0.49500,0.99999,0.00001,0.00000
143.80251,0.49500,1.00000,0.00000,0.00000
143.90250,0.49501,1.00000,0.00000,0.00000
144.00250,0.49500,0.88915,0.11085,0.00000
144.10249,0.49501,0.99999,0.00001,0.00000
144.20250,0.49500,0.74764,0.25236,0.00000
144.30251,0.49500,1.00000,0.00000,0.00000
144.40250,0.49501,0.99999,0.00001,0.00000
144.50250,0.49500,0.99995,0.00005,0.00000
144.60249,0.49501,0.99999,0.00001,0.00000
144.70250,0.49500,0.95049,0.04951,0.00000
144.80251,0.49500,0.97452,0.02548,0.00000
144.90250,0.49501,0.86696,0.13303,0.00001
145.00250,0.49500,0.26531,0.73427,0.00041
145.10249,0.49501,0.36199,0.63771,0.00030
145.20250,0.49500,0.53605,0.46368,0.00027
145.30251,0.49500,0.54423,0.45568,0.00009
145.40250,0.49501,0.46141,0.53670,0.00189
145.50250,0.49500,0.19042,0.80831,0.00127
145.60249,0.49501,0.34536,0.65279,0.00185
145.70250,0.49500,0.29921,0.69927,0.00152
145.80251,0.49500,0.23239,0.76649,0.00112
145.90250,0.49501,0.48234,0.51755,0.00012
146.00250,0.49500,0.32331,0.67662,0.00007
146.10249,0.49501,0.38886,0.61076,0.00038
146.20250,0.49500,0.19909,0.80089,0.00002
146.30251,0.49500,0.31906,0.68085,0.00008
146.40250,0.49501,0.23106,0.76870,0.00025
146.50250,0.49500,0.10658,0.89342,0.00000
146.60249,0.49501,0.21466,0.78534,0.00000
146.70250,0.49500,0.18599,0.81397,0.00004
146.80251,0.49500,0.27730,0.72268,0.00002
146.90250,0.49501,0.29448,0.70548,0.00004
147.00250,0.49500,0.25477,0.74516,0.00008
147.10249,0.49501,0.28127,0.71868,0.00005
147.20250,0.49500,0.23251,0.76747,0.00002
147.30251,0.49500,0.22886,0.77027,0.00087
147.40250,0.49501,0.27145,0.72818,0.00037
147.50250,0.49500,0.17565,0.82397,0.00038
147.60249,0.49501,0.14224,0.85679,0.00097
147.70250,0.49500,0.17662,0.82241,0.00097
147.80251,0.49500,0.17675,0.82237,0.00088
147.90250,0.49501,0.26186,0.73719,0.00095
148.00250,0.49500,0.18318,0.81635,0.00047
148.10249,0.49501,0.19130,0.80780,0.00090
148.20250,0.49500,0.14606,0.85366,0.00028
148.30251,0.49500,0.13160,0.86710,0.00131
148.40250,0.49501,0.09056,0.90824,0.00121
148.50250,0.49500,0.09550,0.90318,0.00132
148.60249,0.49501,0.06298,0.93434,0.00267
148.70250,0.49500,0.10254,0.89506,0.00240
148.80251,0.49500,0.07713,0.92071,0.00216
148.90250,0.49501,0.06372,0.93328,0.00300
149.00250,0.49500,0.03984,0.95774,0.00242
149.10249,0.49501,0.03817,0.95837,0.00346
149.20250,0.49500,0.03911,0.95956,0.00133
149.30251,0.49500,0.04168,0.95497,0.00334
149.40250,0.49501,0.04764,0.95099,0.00137
149.50250,0.49500,0.03592,0.96227,0.00181
149.60249,0.49501,0.04211,0.95574,0.00215
149.70250,0.49500,0.04185,0.95568,0.00246
149.80251,0.49500,0.08316,0.91535,0.00150
149.90250,0.49501,0.05358,0.94355,0.00287
150.00250,0.49500,0.08508,0.91337,0.00155
150.10249,0.49501,0.03799,0.95965,0.00236
150.20250,0.49500,0.05550,0.94228,0.00222
150.30251,0.49500,0.08397,0.91422,0.00181
150.40250,0.49501,0.05931,0.93814,0.00255
150.50250,0.49500,0.05276,0.94646,0.00079
150.60249,0.49501,0.06720,0.92962,0.00318
150.70250,0.49500,0.08662,0.91146,0.00192
150.80251,0.49500,0.09467,0.90265,0.00268
150.90250,0.49501,0.06633,0.93190,0.00177
151.00250,0.49500,0.04732,0.95082,0.00186
151.10249,0.49501,0.07700,0.91975,0.00325
151.20250,0.49500,0.09825,0.90053,0.00122
151.30251,0.49500,0.04633,0.95064,0.00303
151.40250,0.49501,0.05646,0.94111,0.00243
151.50250,0.49500,0.05172,0.94397,0.00432
151.60249,0.49501,0.03841,0.95814,0.00344
151.70250,0.49500,0.04498,0.95216,0.00285
151.80251,0.49500,0.03839,0.95887,0.00274
151.90250,0.49501,0.06047,0.93535,0.00418
152.00250,0.49500,0.04434,0.95133,0.00433
152.10249,0.49501,0.06931,0.92688,0.00380
152.20250,0.49500,0.05682,0.94043,0.00275
152.30251,0.49500,0.17260,0.82529,0.00212
152.40250,0.49501,0.04499,0.95239,0.00262
152.50250,0.49500,0.14854,0.84999,0.00148
152.60249,0.49501,0.07091,0.92699,0.00210
152.70250,0.49500,0.06779,0.92955,0.00266
152.80251,0.49500,0.12247,0.87594,0.00159
152.90250,0.49501,0.04084,0.95666,0.00250
153.00250,0.49500,0.08246,0.91607,0.00147
153.10249,0.49501,0.03380,0.96287,0.00332
153.20250,0.49500,0.03216,0.96597,0.00186
153.30251,0.49500,0.05501,0.94209,0.00290
153.40250,0.49501,0.07320,0.92578,0.00102
153.50250,0.49500,0.09904,0.89916,0.00181
153.60249,0.49501,0.08451,0.91327,0.00222
153.70250,0.49500,0.09544,0.90271,0.00185
153.80251,0.49500,0.05884,0.93866,0.00250
153.90250,0.49501,0.06229,0.93565,0.00206
154.00250,0.49500,0.03238,0.96527,0.00236
154.10249,0.49501,0.04966,0.94471,0.00563
154.20250,0.49500,0.04729,0.94956,0.00315
154.30251,0.49500,0.03134,0.96612,0.00254
154.40250,0.49501,0.04727,0.94881,0.00391
154.50250,0.49500,0.03026,0.96678,0.00296
154.60249,0.49501,0.07068,0.92689,0.00243
154.70250,0.49500,0.05357,0.94252,0.00391
154.80251,0.49500,0.05485,0.94225,0.00290
154.90250,0.49501,0.04877,0.94816,0.00307
155.00250,0.49500,0.07799,0.91982,0.00219
155.10249,0.49501,0.06888,0.92820,0.00292
155.20250,0.49500,0.04682,0.95145,0.00174
155.30251,0.49500,0.04891,0.94690,0.00419
155.40250,0.49501,0.08421,0.91470,0.00109
155.50250,0.49500,0.08924,0.90594,0.00481
155.60249,0.49501,0.33961,0.65631,0.00408
155.70250,0.49500,0.14368,0.84529,0.01103
155.80251,0.49500,0.05717,0.93945,0.00338
155.90250,0.49501,0.08292,0.90896,0.00812
156.00250,0.49500,0.15096,0.82748,0.02156
156.10249,0.49501,0.18317,0.80175,0.01508
156.20250,0.49500,0.14805,0.83772,0.01423
156.30251,0.49500,0.20085,0.78743,0.01173
156.40250,0.49501,0.04832,0.92968,0.02200
156.50250,0.49500,0.11192,0.84252,0.04556
156.60249,0.49501,0.30906,0.62200,0.06894
156.70250,0.49500,0.19650,0.75794,0.04556
156.80251,0.49500,0.32487,0.63531,0.03982
156.90250,0.49501,0.37429,0.61375,0.01196
157.00250,0.49500,0.35732,0.63331,0.00937
157.10249,0.49501,0.28630,0.69788,0.01582
157.20250,0.49500,0.73638,0.26264,0.00098
157.30251,0.49500,0.83468,0.15733,0.00800
157.40250,0.49501,0.91386,0.08576,0.00038
157.50250,0.49500,0.99411,0.00588,0.00001
157.60249,0.49501,0.77839,0.22028,0.00133
157.70250,0.49500,0.97840,0.02159,0.00001
157.80251,0.49500,0.69916,0.30033,0.00051
157.90250,0.49501,0.85647,0.14343,0.00010
158.00250,0.49500,0.41914,0.58085,0.00001
158.10249,0.49501,0.87129,0.12871,0.00000
158.20250,0.49500,0.69528,0.30472,0.00000
158.30251,0.49500,0.99180,0.00820,0.00000
158.40250,0.49501,0.99979,0.00021,0.00000
158.50250,0.49500,0.99992,0.00008,0.00000
158.60249,0.49501,0.99898,0.00102,0.00000
158.70250,0.49500,1.00000,0.00000,0.00000
158.80251,0.49500,1.00000,0.00000,0.00000
158.90250,0.49501,1.00000,0.00000,0.00000
159.00250,0.49500,1.00000,0.00000,0.00000
159.10249,0.49501,1.00000,0.00000,0.00000
159.20250,0.49500,0.99647,0.00353,0.00000
159.30251,0.49500,0.99995,0.00005,0.00000
159.40250,0.49501,0.99762,0.00238,0.00000
159.50250,0.49500,0.99996,0.00004,0.00000
159.60249,0.49501,0.99994,0.00006,0.00000
159.70250,0.49500,1.00000,0.00000,0.00000
159.80251,0.49500,0.99863,0.00137,0.00000
159.90250,0.49501,0.99877,0.00052,0.00071
160.00250,0.49500,0.99980,0.00020,0.00000
160.10249,0.49501,0.99994,0.00006,0.00000
160.20250,0.49500,0.90505,0.09495,0.00000
160.30251,0.49500,0.99940,0.00060,0.00000
160.40250,0.49501,0.99695,0.00305,0.00000
160.50250,0.49500,0.99958,0.00042,0.00000
160.60249,0.49501,0.94019,0.05980,0.00001
160.70250,0.49500,0.81000,0.18995,0.00005
160.80251,0.49500,0.75328,0.20500,0.04172
160.90250,0.49501,0.37611,0.58114,0.04275
161.00250,0.49500,0.35401,0.54254,0.10345
161.10249,0.49501,0.06645,0.67559,0.25795
161.20250,0.49500,0.25236,0.42793,0.31971
161.30251,0.49500,0.91944,0.06462,0.01594
161.40250,0.49501,0.99994,0.00006,0.00000
161.50250,0.49500,0.99999,0.00001,0.00000
161.60249,0.49501,0.99598,0.00402,0.00000
161.70250,0.49500,0.99997,0.00003,0.00000
161.80251,0.49500,0.93881,0.06119,0.00000
161.90250,0.49501,0.97654,0.02337,0.00008
162.00250,0.49500,0.98359,0.01641,0.00000
162.10249,0.49501,0.75360,0.24640,0.00000
162.20250,0.49500,0.83018,0.16982,0.00000
162.30251,0.49500,0.80390,0.19610,0.00000
162.40250,0.49501,0.31626,0.68374,0.00000
162.50250,0.49500,0.92813,0.07187,0.00000
162.60249,0.49501,0.89204,0.10796,0.00000
162.70250,0.49500,0.99608,0.00392,0.00000
162.80251,0.49500,0.99982,0.00018,0.00000
162.90250,0.49501,0.92349,0.07651,0.00000
163.00250,0.49500,0.95155,0.04845,0.00000
163.10249,0.49501,0.90050,0.09950,0.00000
163.20250,0.49500,0.92791,0.07208,0.00000
163.30251,0.49500,0.56793,0.43096,0.00111
163.40250,0.49501,0.79001,0.20962,0.00037
163.50250,0.49500,0.49653,0.50219,0.00127
163.60249,0.49501,0.61894,0.38044,0.00062
163.70250,0.49500,0.56833,0.43154,0.00013
163.80251,0.49500,0.39416,0.60547,0.00036
163.90250,0.49501,0.35371,0.64622,0.00007
164.00250,0.49500,0.35975,0.63992,0.00033
164.10249,0.49501,0.63411,0.36398,0.00191
164.20250,0.49500,0.44692,0.55257,0.00050
164.30251,0.49500,0.43908,0.55925,0.00168
164.40250,0.49501,0.43691,0.56251,0.00058
164.50250,0.49500,0.68083,0.31863,0.00055
164.60249,0.49501,0.43733,0.56150,0.00118
164.70250,0.49500,0.63082,0.36893,0.00024
164.80251,0.49500,0.51567,0.48300,0.00133
164.90250,0.49501,0.47198,0.52770,0.00032
165.00250,0.49500,0.45262,0.53908,0.00830
165.10249,0.49501,0.45451,0.53479,0.01070
165.20250,0.49500,0.48784,0.51055,0.00161
165.30251,0.49500,0.40769,0.59106,0.00125
165.40250,0.49501,0.60021,0.39874,0.00105
165.50250,0.49500,0.37810,0.61937,0.00253
165.60249,0.49501,0.57956,0.41701,0.00343
165.70250,0.49500,0.31263,0.66760,0.01977
165.80251,0.49500,0.52952,0.46791,0.00257
165.90250,0.49501,0.41923,0.57830,0.00247
166.00250,0.49500,0.49723,0.50002,0.00275
166.10249,0.49501,0.38854,0.60972,0.00174
166.20250,0.49500,0.48663,0.50230,0.01107
166.30251,0.49500,0.43395,0.55809,0.00796
166.40250,0.49501,0.40232,0.57355,0.02412
166.50250,0.49500,0.27351,0.71204,0.01445
166.60249,0.49501,0.25729,0.71531,0.02740
166.70250,0.49500,0.23842,0.73666,0.02492
166.80251,0.49500,0.17477,0.76292,0.06231
166.90250,0.49501,0.07377,0.88376,0.04247
167.00250,0.49500,0.05186,0.87196,0.07618
167.10249,0.49501,0.04218,0.89810,0.05972
167.20250,0.49500,0.05350,0.88129,0.06521
167.30251,0.49500,0.08819,0.84753,0.06428
167.40250,0.49501,0.07055,0.82867,0.10078
167.50250,0.49500,0.06159,0.87774,0.06067
167.60249,0.49501,0.12222,0.77969,0.09809
167.70250,0.49500,0.08465,0.83108,0.08427
167.80251,0.49500,0.07321,0.83285,0.09394
167.90250,0.49501,0.15554,0.77780,0.06667
168.00250,0.49500,0.02831,0.87244,0.09925
168.10249,0.49501,0.12398,0.77947,0.09655
168.20250,0.49500,0.07572,0.77459,0.14970
168.30251,0.49500,0.06491,0.80877,0.12633
168.40250,0.49501,0.05736,0.85160,0.09104
168.50250,0.49500,0.04917,0.88142,0.06941
168.60249,0.49501,0.04387,0.89573,0.06041
168.70250,0.49500,0.04105,0.90586,0.05309
168.80251,0.49500,0.03153,0.91954,0.04893
168.90250,0.49501,0.03222,0.93475,0.03303
169.00250,0.49500,0.02396,0.93993,0.03611
169.10249,0.49501,0.08128,0.89155,0.02717
169.20250,0.49500,0.03956,0.91853,0.04191
169.30251,0.49500,0.11395,0.83876,0.04729
169.40250,0.49501,0.14310,0.81564,0.04126
169.50250,0.49500,0.06695,0.87937,0.05368
169.60249,0.49501,0.09516,0.84880,0.05604
169.70250,0.49500,0.07028,0.83158,0.09814
169.80251,0.49500,0.18537,0.73245,0.08218
169.90250,0.49501,0.17456,0.72973,0.09572
170.00250,0.49500,0.13610,0.68165,0.18226
170.10249,0.49501,0.13675,0.67543,0.18782
170.20250,0.49500,0.09126,0.76443,0.14431
170.30251,0.49500,0.12173,0.74199,0.13628
170.40250,0.49501,0.27244,0.59183,0.13573
170.50250,0.49500,0.20272,0.70875,0.08853
170.60249,0.49501,0.13667,0.76765,0.09568
170.70250,0.49500,0.31550,0.60214,0.08236
170.80251,0.49500,0.34706,0.61822,0.03472
170.90250,0.49501,0.26645,0.71377,0.01978
171.00250,0.49500,0.24058,0.75380,0.00562
171.10249,0.49501,0.25279,0.73452,0.01270
171.20250,0.49500,0.13407,0.81992,0.04601
171.30251,0.49500,0.21484,0.75984,0.02532
171.40250,0.49501,0.18049,0.79276,0.02675
171.50250,0.49500,0.36672,0.62701,0.00627
171.60249,0.49501,0.27394,0.70119,0.02487
171.70250,0.49500,0.28221,0.70846,0.00933
171.80251,0.49500,0.48408,0.49972,0.01620
171.90250,0.49501,0.29349,0.68799,0.01852
172.00250,0.49500,0.53401,0.45410,0.01190
172.10249,0.49501,0.55066,0.44334,0.00601
172.20250,0.49500,0.50328,0.47653,0.02018
172.30251,0.49500,0.49822,0.45475,0.04703
172.40250,0.49501,0.92463,0.07483,0.00055
172.50250,0.49500,0.35409,0.62068,0.02522
172.60249,0.49501,0.72324,0.27658,0.00018
172.70250,0.49500,0.25347,0.72896,0.01757
172.80251,0.49500,0.26344,0.71929,0.01726
172.90250,0.49501,0.22443,0.70969,0.06588
173.00250,0.49500,0.27890,0.69826,0.02284
173.10249,0.49501,0.30059,0.67687,0.02254
173.20250,0.49500,0.25119,0.73266,0.01616
173.30251,0.49500,0.15746,0.82407,0.01847
173.40250,0.49501,0.20551,0.76505,0.02943
173.50250,0.49500,0.26261,0.69434,0.04305
173.60249,0.49501,0.28753,0.67917,0.03330
173.70250,0.49500,0.32515,0.65200,0.02284
173.80251,0.49500,0.23408,0.72939,0.03652
173.90250,0.49501,0.39547,0.56295,0.04157
174.00250,0.49500,0.24623,0.72659,0.02718
174.10249,0.49501,0.14994,0.84080,0.00925
174.20250,0.49500,0.35531,0.64105,0.00364
174.30251,0.49500,0.09983,0.88423,0.01594
174.40250,0.49501,0.32739,0.66621,0.00640
174.50250,0.49500,0.10742,0.86746,0.02512
174.60249,0.49501,0.14869,0.84051,0.01080
174.70250,0.49500,0.06656,0.91190,0.02153
174.80251,0.49500,0.09412,0.87851,0.02737
174.90250,0.49501,0.07268,0.90193,0.02539
175.00250,0.49500,0.11169,0.85226,0.03605
175.10249,0.49501,0.07291,0.86264,0.06445
175.20250,0.49500,0.09469,0.87049,0.03482
