Time (seconds), Duration (seconds),pred_(unlabeled),pred_On,pred_Off,pred_Dimmer,pred_Lighter
0.01000,1.98000,1.00000,0.00000,0.00000,0.00000,0.00000
0.21000,1.98000,1.00000,0.00000,0.00000,0.00000,0.00000
0.41000,1.98000,1.00000,0.00000,0.00000,0.00000,0.00000
0.61000,1.98000,1.00000,0.00000,0.00000,0.00000,0.00000
0.81000,1.98000,1.00000,0.00000,0.00000,0.00000,0.00000
1.01000,1.98000,1.00000,0.00000,0.00000,0.00000,0.00000
1.21000,1.98000,1.00000,0.00000,0.00000,0.00000,0.00000
1.41000,1.98000,1.00000,0.00000,0.00000,0.00000,0.00000
1.61000,1.98000,1.00000,0.00000,0.00000,0.00000,0.00000
1.81000,1.98000,1.00000,0.00000,0.00000,0.00000,0.00000
2.01000,1.98000,1.00000,0.00000,0.00000,0.00000,0.00000
2.21000,1.98000,1.00000,0.00000,0.00000,0.00000,0.00000
2.41000,1.98000,1.00000,0.00000,0.00000,0.00000,0.00000
2.61000,1.98000,1.00000,0.00000,0.00000,0.00000,0.00000
2.81000,1.98000,1.00000,0.00000,0.00000,0.00000,0.00000
3.01000,1.98000,1.00000,0.00000,0.00000,0.00000,0.00000
3.21000,1.98000,1.00000,0.00000,0.00000,0.00000,0.00000
3.41000,1.98000,1.00000,0.00000,0.00000,0.00000,0.00000
3.61000,1.98000,1.00000,0.00000,0.00000,0.00000,0.00000
3.81000,1.98000,1.00000,0.00000,0.00000,0.00000,0.00000
4.01000,1.98000,1.00000,0.00000,0.00000,0.00000,0.00000
4.21000,1.98000,1.00000,0.00000,0.00000,0.00000,0.00000
4.41000,1.98000,1.00000,0.00000,0.00000,0.00000,0.00000
4.61000,1.98000,1.00000,0.00000,0.00000,0.00000,0.00000
4.81000,1.98000,1.00000,0.00000,0.00000,0.00000,0.00000
5.01000,1.98000,1.00000,0.00000,0.00000,0.00000,0.00000
5.21000,1.98000,1.00000,0.00000,0.00000,0.00000,0.00000
5.41000,1.98000,1.00000,0.00000,0.00000,0.00000,0.00000
5.61000,1.98000,1.00000,0.00000,0.00000,0.00000,0.00000
5.81000,1.98000,0.99999,0.00000,0.00000,0.00000,0.00000
6.01000,1.98000,0.99999,0.00000,0.00000,0.00000,0.00000
6.21000,1.98000,1.00000,0.00000,0.00000,0.00000,0.00000
6.41000,1.98000,0.99999,0.00000,0.00000,0.00000,0.00000
6.61000,1.98000,1.00000,0.00000,0.00000,0.00000,0.00000
6.81000,1.98000,1.00000,0.00000,0.00000,0.00000,0.00000
7.01000,1.98000,1.00000,0.00000,0.00000,0.00000,0.00000
7.21000,1.98000,1.00000,0.00000,0.00000,0.00000,0.00000
7.41000,1.98000,1.00000,0.00000,0.00000,0.00000,0.00000
7.61000,1.98000,1.00000,0.00000,0.00000,0.00000,0.00000
7.81000,1.98000,1.00000,0.00000,0.00000,0.00000,0.00000
8.01000,1.98000,1.00000,0.00000,0.00000,0.00000,0.00000
8.21000,1.98000,1.00000,0.00000,0.00000,0.00000,0.00000
8.41000,1.98000,1.00000,0.00000,0.00000,0.00000,0.00000
8.61000,1.98000,1.00000,0.00000,0.00000,0.00000,0.00000
8.81000,1.98000,1.00000,0.00000,0.00000,0.00000,0.00000
9.01000,1.98000,1.00000,0.00000,0.00000,0.00000,0.00000
9.21000,1.98000,1.00000,0.00000,0.00000,0.00000,0.00000
9.41000,1.98000,1.00000,0.00000,0.00000,0.00000,0.00000
9.61000,1.98000,0.99999,0.00000,0.00000,0.00001,0.00000
9.81000,1.98000,0.99993,0.00000,0.00001,0.00006,0.00000
10.01000,1.98000,0.99875,0.00000,0.00008,0.00044,0.00072
10.21000,1.98000,0.82296,0.00011,0.00277,0.01487,0.15930
10.41000,1.98000,0.44840,0.00024,0.00522,0.02433,0.52182
10.61000,1.98000,0.31027,0.00030,0.00590,0.02125,0.66228
10.81000,1.98000,0.99303,0.00001,0.00009,0.00009,0.00678
11.01000,1.98000,0.99676,0.00000,0.00017,0.00003,0.00303
11.21000,1.98000,0.99936,0.00000,0.00012,0.00000,0.00052
11.41000,1.98000,0.99922,0.00000,0.00032,0.00000,0.00046
11.61000,1.98000,0.99966,0.00000,0.00027,0.00000,0.00007
11.81000,1.98000,0.99968,0.00000,0.00031,0.00000,0.00001
12.01000,1.98000,0.99992,0.00000,0.00007,0.00000,0.00000
12.21000,1.98000,0.99993,0.00000,0.00007,0.00000,0.00000
12.41000,1.98000,0.99983,0.00000,0.00013,0.00000,0.00004
12.61000,1.98000,0.99968,0.00000,0.00011,0.00000,0.00021
12.81000,1.98000,0.99597,0.00000,0.00121,0.00000,0.00282
13.01000,1.98000,0.99803,0.00000,0.00102,0.00000,0.00095
13.21000,1.98000,0.99920,0.00000,0.00035,0.00000,0.00046
13.41000,1.98000,0.99947,0.00000,0.00018,0.00000,0.00035
13.61000,1.98000,0.99984,0.00000,0.00003,0.00000,0.00013
13.81000,1.98000,0.99719,0.00000,0.00038,0.00001,0.00242
14.01000,1.98000,0.99827,0.00000,0.00049,0.00002,0.00122
14.21000,1.98000,0.99950,0.00000,0.00025,0.00004,0.00021
14.41000,1.98000,0.99949,0.00000,0.00020,0.00016,0.00015
14.61000,1.98000,0.99945,0.00000,0.00018,0.00020,0.00017
14.81000,1.98000,0.99932,0.00000,0.00021,0.00022,0.00025
15.01000,1.98000,0.99969,0.00000,0.00009,0.00010,0.00012
15.21000,1.98000,0.99960,0.00000,0.00014,0.00012,0.00014
15.41000,1.98000,0.99967,0.00000,0.00015,0.00015,0.00004
15.61000,1.98000,0.99988,0.00000,0.00004,0.00007,0.00001
15.81000,1.98000,0.99983,0.00000,0.00007,0.00010,0.00001
16.01000,1.98000,0.99997,0.00000,0.00002,0.00001,0.00000
16.21000,1.98000,0.99997,0.00000,0.00001,0.00002,0.00000
16.41000,1.98000,0.99996,0.00000,0.00002,0.00002,0.00000
16.61000,1.98000,0.99994,0.00000,0.00003,0.00003,0.00000
16.81000,1.98000,0.99999,0.00000,0.00001,0.00001,0.00000
17.01000,1.98000,0.99979,0.00000,0.00010,0.00011,0.00000
17.21000,1.98000,0.99973,0.00000,0.00012,0.00015,0.00000
17.41000,1.98000,0.99984,0.00000,0.00008,0.00008,0.00000
17.61000,1.98000,0.99963,0.00000,0.00016,0.00021,0.00000
17.81000,1.98000,0.99978,0.00000,0.00011,0.00011,0.00000
18.01000,1.98000,0.99970,0.00000,0.00014,0.00016,0.00000
18.21000,1.98000,0.99996,0.00000,0.00001,0.00003,0.00000
18.41000,1.98000,0.99997,0.00000,0.00000,0.00002,0.00000
18.61000,1.98000,0.99993,0.00000,0.00000,0.00006,0.00000
18.81000,1.98000,0.99975,0.00000,0.00001,0.00018,0.00005
19.01000,1.98000,0.98715,0.00002,0.00023,0.00150,0.01110
19.21000,1.98000,0.49612,0.00020,0.00268,0.01483,0.48618
19.41000,1.98000,0.52766,0.00025,0.00223,0.01129,0.45857
19.61000,1.98000,0.62630,0.00019,0.00243,0.00980,0.36128
19.81000,1.98000,0.99506,0.00000,0.00008,0.00009,0.00476
20.01000,1.98000,0.99786,0.00000,0.00026,0.00003,0.00185
20.21000,1.98000,0.99940,0.00000,0.00023,0.00000,0.00037
20.41000,1.98000,0.99989,0.00000,0.00006,0.00000,0.00005
20.61000,1.98000,0.99978,0.00000,0.00021,0.00000,0.00002
20.81000,1.98000,0.99992,0.00000,0.00008,0.00000,0.00000
21.01000,1.98000,0.99990,0.00000,0.00010,0.00000,0.00000
21.21000,1.98000,0.99996,0.00000,0.00003,0.00000,0.00000
21.41000,1.98000,0.99995,0.00000,0.00004,0.00000,0.00001
21.61000,1.98000,0.99972,0.00000,0.00017,0.00000,0.00011
21.81000,1.98000,0.99962,0.00000,0.00013,0.00000,0.00025
22.01000,1.98000,0.99809,0.00000,0.00048,0.00000,0.00143
22.21000,1.98000,0.98781,0.00000,0.00229,0.00000,0.00991
22.41000,1.98000,0.96654,0.00000,0.00203,0.00000,0.03144
22.61000,1.98000,0.98569,0.00000,0.00053,0.00000,0.01379
22.81000,1.98000,0.88040,0.00000,0.00444,0.00008,0.11508
23.01000,1.98000,0.90672,0.00000,0.00496,0.00042,0.08790
23.21000,1.98000,0.98572,0.00000,0.00125,0.00035,0.01268
23.41000,1.98000,0.99550,0.00000,0.00066,0.00015,0.00369
23.61000,1.98000,0.99852,0.00000,0.00050,0.00028,0.00071
23.81000,1.98000,0.99946,0.00000,0.00031,0.00013,0.00010
24.01000,1.98000,0.99994,0.00000,0.00003,0.00002,0.00000
24.21000,1.98000,0.99997,0.00000,0.00002,0.00001,0.00000
24.41000,1.98000,0.99999,0.00000,0.00000,0.00000,0.00000
24.61000,1.98000,1.00000,0.00000,0.00000,0.00000,0.00000
24.81000,1.98000,1.00000,0.00000,0.00000,0.00000,0.00000
25.01000,1.98000,1.00000,0.00000,0.00000,0.00000,0.00000
25.21000,1.98000,1.00000,0.00000,0.00000,0.00000,0.00000
25.41000,1.98000,0.99999,0.00000,0.00000,0.00000,0.00000
25.61000,1.98000,0.99999,0.00000,0.00000,0.00000,0.00000
25.81000,1.98000,1.00000,0.00000,0.00000,0.00000,0.00000
26.01000,1.98000,0.99999,0.00000,0.00000,0.00000,0.00000
26.21000,1.98000,1.00000,0.00000,0.00000,0.00000,0.00000
26.41000,1.98000,1.00000,0.00000,0.00000,0.00000,0.00000
26.61000,1.98000,1.00000,0.00000,0.00000,0.00000,0.00000
26.81000,1.98000,0.99999,0.00000,0.00000,0.00000,0.00000
27.01000,1.98000,1.00000,0.00000,0.00000,0.00000,0.00000
27.21000,1.98000,1.00000,0.00000,0.00000,0.00000,0.00000
27.41000,1.98000,1.00000,0.00000,0.00000,0.00000,0.00000
27.61000,1.98000,1.00000,0.00000,0.00000,0.00000,0.00000
27.81000,1.98000,1.00000,0.00000,0.00000,0.00000,0.00000
28.01000,1.98000,0.99999,0.00000,0.00000,0.00001,0.00000
28.21000,1.98000,0.99994,0.00000,0.00000,0.00005,0.00001
28.41000,1.98000,0.99851,0.00000,0.00004,0.00041,0.00104
28.61000,1.98000,0.85706,0.00009,0.00107,0.00803,0.13375
28.81000,1.98000,0.65511,0.00007,0.00163,0.00425,0.33894
29.01000,1.98000,0.40092,0.00011,0.00229,0.00532,0.59137
29.21000,1.98000,0.90956,0.00003,0.00030,0.00035,0.08977
29.41000,1.98000,0.97789,0.00000,0.00038,0.00003,0.02169
29.61000,1.98000,0.98247,0.00000,0.00112,0.00001,0.01640
29.81000,1.98000,0.99826,0.00000,0.00050,0.00000,0.00124
30.01000,1.98000,0.99952,0.00000,0.00038,0.00000,0.00010
30.21000,1.98000,0.99985,0.00000,0.00015,0.00000,0.00000
30.41000,1.98000,0.99976,0.00000,0.00023,0.00000,0.00000
30.61000,1.98000,0.99961,0.00000,0.00038,0.00000,0.00000
30.81000,1.98000,0.99987,0.00000,0.00012,0.00000,0.00000
31.01000,1.98000,0.99999,0.00000,0.00001,0.00000,0.00000
31.21000,1.98000,0.99995,0.00000,0.00005,0.00000,0.00000
31.41000,1.98000,0.99998,0.00000,0.00002,0.00000,0.00000
31.61000,1.98000,0.99966,0.00000,0.00031,0.00000,0.00003
31.81000,1.98000,0.99919,0.00000,0.00054,0.00000,0.00027
32.01000,1.98000,0.99580,0.00000,0.00186,0.00000,0.00234
32.21000,1.98000,0.97947,0.00000,0.00547,0.00002,0.01504
32.41000,1.98000,0.96889,0.00000,0.00446,0.00003,0.02662
32.61000,1.98000,0.98943,0.00000,0.00182,0.00001,0.00874
32.81000,1.98000,0.99557,0.00000,0.00127,0.00003,0.00312
33.01000,1.98000,0.99950,0.00000,0.00020,0.00001,0.00028
33.21000,1.98000,0.99976,0.00000,0.00010,0.00002,0.00011
33.41000,1.98000,0.99981,0.00000,0.00010,0.00002,0.00007
33.61000,1.98000,0.99988,0.00000,0.00006,0.00005,0.00001
33.81000,1.98000,0.99835,0.00000,0.00062,0.00096,0.00006
34.01000,1.98000,0.99928,0.00000,0.00022,0.00049,0.00001
34.21000,1.98000,0.99987,0.00000,0.00006,0.00008,0.00000
34.41000,1.98000,0.99978,0.00000,0.00009,0.00012,0.00000
34.61000,1.98000,0.99987,0.00000,0.00007,0.00007,0.00000
34.81000,1.98000,0.99988,0.00000,0.00006,0.00005,0.00000
35.01000,1.98000,0.99999,0.00000,0.00001,0.00000,0.00000
35.21000,1.98000,0.99998,0.00000,0.00001,0.00001,0.00000
35.41000,1.98000,0.99999,0.00000,0.00000,0.00000,0.00000
35.61000,1.98000,1.00000,0.00000,0.00000,0.00000,0.00000
35.81000,1.98000,1.00000,0.00000,0.00000,0.00000,0.00000
36.01000,1.98000,1.00000,0.00000,0.00000,0.00000,0.00000
36.21000,1.98000,1.00000,0.00000,0.00000,0.00000,0.00000
36.41000,1.98000,1.00000,0.00000,0.00000,0.00000,0.00000
36.61000,1.98000,1.00000,0.00000,0.00000,0.00000,0.00000
36.81000,1.98000,1.00000,0.00000,0.00000,0.00000,0.00000
37.01000,1.98000,1.00000,0.00000,0.00000,0.00000,0.00000
37.21000,1.98000,1.00000,0.00000,0.00000,0.00000,0.00000
37.41000,1.98000,0.99999,0.00000,0.00000,0.00000,0.00000
37.61000,1.98000,1.00000,0.00000,0.00000,0.00000,0.00000
37.81000,1.98000,1.00000,0.00000,0.00000,0.00000,0.00000
38.01000,1.98000,0.99998,0.00000,0.00000,0.00002,0.00000
38.21000,1.98000,0.99987,0.00000,0.00001,0.00009,0.00003
38.41000,1.98000,0.99576,0.00001,0.00011,0.00074,0.00339
38.61000,1.98000,0.83943,0.00009,0.00147,0.00965,0.14935
38.81000,1.98000,0.66216,0.00011,0.00292,0.01465,0.32015
39.01000,1.98000,0.58094,0.00019,0.00289,0.01370,0.40227
39.21000,1.98000,0.97740,0.00002,0.00031,0.00064,0.02163
39.41000,1.98000,0.99836,0.00000,0.00022,0.00004,0.00138
39.61000,1.98000,0.99919,0.00000,0.00032,0.00001,0.00049
39.81000,1.98000,0.99967,0.00000,0.00028,0.00000,0.00006
40.01000,1.98000,0.99980,0.00000,0.00020,0.00000,0.00000
40.21000,1.98000,0.99992,0.00000,0.00008,0.00000,0.00000
40.41000,1.98000,0.99992,0.00000,0.00008,0.00000,0.00000
40.61000,1.98000,0.99990,0.00000,0.00010,0.00000,0.00000
40.81000,1.98000,0.99991,0.00000,0.00009,0.00000,0.00000
41.01000,1.98000,0.99983,0.00000,0.00016,0.00000,0.00000
41.21000,1.98000,0.99997,0.00000,0.00003,0.00000,0.00000
41.41000,1.98000,0.99996,0.00000,0.00004,0.00000,0.00000
41.61000,1.98000,0.99998,0.00000,0.00002,0.00000,0.00000
41.81000,1.98000,0.99987,0.00000,0.00012,0.00000,0.00000
42.01000,1.98000,0.99984,0.00000,0.00016,0.00000,0.00000
42.21000,1.98000,0.99993,0.00000,0.00007,0.00000,0.00000
42.41000,1.98000,0.99991,0.00000,0.00009,0.00000,0.00001
42.61000,1.98000,0.99989,0.00000,0.00010,0.00000,0.00002
42.81000,1.98000,0.99936,0.00000,0.00042,0.00000,0.00022
43.01000,1.98000,0.99786,0.00000,0.00071,0.00000,0.00143
43.21000,1.98000,0.99926,0.00000,0.00018,0.00000,0.00056
43.41000,1.98000,0.99736,0.00000,0.00065,0.00001,0.00198
43.61000,1.98000,0.99353,0.00000,0.00152,0.00011,0.00484
43.81000,1.98000,0.99233,0.00000,0.00099,0.00011,0.00658
44.01000,1.98000,0.99185,0.00000,0.00099,0.00012,0.00704
44.21000,1.98000,0.99854,0.00000,0.00024,0.00006,0.00116
44.41000,1.98000,0.99904,0.00000,0.00034,0.00018,0.00043
44.61000,1.98000,0.99975,0.00000,0.00009,0.00006,0.00009
44.81000,1.98000,0.99973,0.00000,0.00009,0.00013,0.00005
45.01000,1.98000,0.99994,0.00000,0.00003,0.00002,0.00001
45.21000,1.98000,0.99993,0.00000,0.00003,0.00004,0.00000
45.41000,1.98000,0.99999,0.00000,0.00001,0.00001,0.00000
45.61000,1.98000,0.99998,0.00000,0.00001,0.00001,0.00000
45.81000,1.98000,0.99999,0.00000,0.00001,0.00000,0.00000
46.01000,1.98000,0.99999,0.00000,0.00000,0.00000,0.00000
46.21000,1.98000,1.00000,0.00000,0.00000,0.00000,0.00000
46.41000,1.98000,1.00000,0.00000,0.00000,0.00000,0.00000
46.61000,1.98000,1.00000,0.00000,0.00000,0.00000,0.00000
46.81000,1.98000,1.00000,0.00000,0.00000,0.00000,0.00000
47.01000,1.98000,1.00000,0.00000,0.00000,0.00000,0.00000
47.21000,1.98000,1.00000,0.00000,0.00000,0.00000,0.00000
47.41000,1.98000,1.00000,0.00000,0.00000,0.00000,0.00000
47.61000,1.98000,1.00000,0.00000,0.00000,0.00000,0.00000
47.81000,1.98000,1.00000,0.00000,0.00000,0.00000,0.00000
48.01000,1.98000,1.00000,0.00000,0.00000,0.00000,0.00000
48.21000,1.98000,1.00000,0.00000,0.00000,0.00000,0.00000
48.41000,1.98000,0.99999,0.00000,0.00000,0.00000,0.00000
48.61000,1.98000,0.99996,0.00000,0.00000,0.00003,0.00000
48.81000,1.98000,0.99800,0.00001,0.00011,0.00114,0.00075
49.01000,1.98000,0.92535,0.00008,0.00164,0.00829,0.06464
49.21000,1.98000,0.65787,0.00028,0.00540,0.02901,0.30744
49.41000,1.98000,0.25451,0.00054,0.00811,0.03781,0.69904
49.61000,1.98000,0.61422,0.00014,0.00300,0.00503,0.37760
49.81000,1.98000,0.95775,0.00003,0.00055,0.00039,0.04128
50.01000,1.98000,0.99122,0.00000,0.00132,0.00007,0.00738
50.21000,1.98000,0.99734,0.00000,0.00128,0.00001,0.00137
50.41000,1.98000,0.99864,0.00000,0.00102,0.00000,0.00034
50.61000,1.98000,0.99871,0.00000,0.00111,0.00000,0.00018
50.81000,1.98000,0.99781,0.00000,0.00211,0.00002,0.00006
51.01000,1.98000,0.99990,0.00000,0.00010,0.00000,0.00000
51.21000,1.98000,0.99944,0.00000,0.00055,0.00000,0.00001
51.41000,1.98000,0.99976,0.00000,0.00024,0.00000,0.00000
51.61000,1.98000,0.99973,0.00000,0.00027,0.00000,0.00000
51.81000,1.98000,0.99992,0.00000,0.00008,0.00000,0.00000
52.01000,1.98000,0.99999,0.00000,0.00001,0.00000,0.00000
52.21000,1.98000,0.99998,0.00000,0.00002,0.00000,0.00000
52.41000,1.98000,0.99993,0.00000,0.00007,0.00000,0.00000
52.61000,1.98000,0.99937,0.00000,0.00059,0.00001,0.00004
52.81000,1.98000,0.99953,0.00000,0.00042,0.00000,0.00005
53.01000,1.98000,0.99786,0.00000,0.00177,0.00003,0.00035
53.21000,1.98000,0.99903,0.00000,0.00070,0.00002,0.00025
53.41000,1.98000,0.99987,0.00000,0.00009,0.00000,0.00004
53.61000,1.98000,0.99972,0.00000,0.00020,0.00001,0.00006
53.81000,1.98000,0.99992,0.00000,0.00006,0.00001,0.00002
54.01000,1.98000,0.99997,0.00000,0.00002,0.00000,0.00000
54.21000,1.98000,0.99991,0.00000,0.00005,0.00004,0.00001
54.41000,1.98000,0.99956,0.00000,0.00012,0.00028,0.00004
54.61000,1.98000,0.99977,0.00000,0.00008,0.00013,0.00002
54.81000,1.98000,0.99974,0.00000,0.00010,0.00013,0.00002
55.01000,1.98000,0.99984,0.00000,0.00007,0.00008,0.00001
55.21000,1.98000,0.99987,0.00000,0.00006,0.00005,0.00001
55.41000,1.98000,0.99996,0.00000,0.00002,0.00002,0.00000
55.61000,1.98000,0.99997,0.00000,0.00001,0.00001,0.00000
55.81000,1.98000,0.99998,0.00000,0.00001,0.00001,0.00000
56.01000,1.98000,0.99999,0.00000,0.00000,0.00000,0.00000
56.21000,1.98000,0.99999,0.00000,0.00001,0.00001,0.00000
56.41000,1.98000,0.99998,0.00000,0.00001,0.00001,0.00000
56.61000,1.98000,0.99998,0.00000,0.00001,0.00001,0.00000
56.81000,1.98000,0.99999,0.00000,0.00001,0.00001,0.00000
57.01000,1.98000,0.99999,0.00000,0.00001,0.00000,0.00000
57.21000,1.98000,0.99999,0.00000,0.00001,0.00001,0.00000
57.41000,1.98000,0.99999,0.00000,0.00000,0.00000,0.00000
57.61000,1.98000,1.00000,0.00000,0.00000,0.00000,0.00000
57.81000,1.98000,1.00000,0.00000,0.00000,0.00000,0.00000
58.01000,1.98000,1.00000,0.00000,0.00000,0.00000,0.00000
58.21000,1.98000,1.00000,0.00000,0.00000,0.00000,0.00000
58.41000,1.98000,1.00000,0.00000,0.00000,0.00000,0.00000
58.61000,1.98000,0.99998,0.00000,0.00000,0.00002,0.00000
58.81000,1.98000,0.99980,0.00001,0.00001,0.00017,0.00001
59.01000,1.98000,0.99780,0.00017,0.00009,0.00169,0.00024
59.21000,1.98000,0.99085,0.00026,0.00039,0.00135,0.00715
59.41000,1.98000,0.26575,0.00298,0.00489,0.01791,0.70847
59.61000,1.98000,0.17228,0.00282,0.00409,0.01043,0.81039
59.81000,1.98000,0.93420,0.00017,0.00123,0.00041,0.06399
60.01000,1.98000,0.98501,0.00002,0.00191,0.00010,0.01295
60.21000,1.98000,0.99671,0.00000,0.00107,0.00001,0.00220
60.41000,1.98000,0.99956,0.00000,0.00014,0.00000,0.00030
60.61000,1.98000,0.99991,0.00000,0.00004,0.00000,0.00006
60.81000,1.98000,0.99926,0.00000,0.00051,0.00000,0.00023
61.01000,1.98000,0.99974,0.00000,0.00025,0.00000,0.00001
61.21000,1.98000,0.99971,0.00000,0.00028,0.00000,0.00001
61.41000,1.98000,0.99941,0.00000,0.00057,0.00000,0.00002
61.61000,1.98000,0.99983,0.00000,0.00017,0.00000,0.00001
61.81000,1.98000,0.99947,0.00000,0.00046,0.00000,0.00006
62.01000,1.98000,0.99958,0.00000,0.00035,0.00000,0.00007
62.21000,1.98000,0.99944,0.00000,0.00044,0.00000,0.00012
62.41000,1.98000,0.99857,0.00000,0.00124,0.00000,0.00019
62.61000,1.98000,0.99865,0.00000,0.00113,0.00000,0.00022
62.81000,1.98000,0.98628,0.00000,0.00861,0.00001,0.00510
63.01000,1.98000,0.99328,0.00000,0.00360,0.00001,0.00311
63.21000,1.98000,0.99005,0.00000,0.00474,0.00005,0.00515
63.41000,1.98000,0.99589,0.00000,0.00158,0.00003,0.00249
63.61000,1.98000,0.99892,0.00000,0.00062,0.00002,0.00045
63.81000,1.98000,0.99944,0.00000,0.00033,0.00003,0.00020
64.01000,1.98000,0.99905,0.00000,0.00054,0.00021,0.00020
64.21000,1.98000,0.99931,0.00000,0.00029,0.00032,0.00008
64.41000,1.98000,0.99987,0.00000,0.00003,0.00010,0.00001
64.61000,1.98000,0.99973,0.00000,0.00003,0.00023,0.00001
64.81000,1.98000,0.99990,0.00000,0.00002,0.00008,0.00000
65.01000,1.98000,0.99990,0.00000,0.00002,0.00008,0.00000
65.21000,1.98000,0.99995,0.00000,0.00002,0.00003,0.00000
65.41000,1.98000,0.99996,0.00000,0.00001,0.00002,0.00000
65.61000,1.98000,0.99996,0.00000,0.00002,0.00002,0.00000
65.81000,1.98000,0.99998,0.00000,0.00001,0.00001,0.00000
66.01000,1.98000,0.99997,0.00000,0.00001,0.00001,0.00000
66.21000,1.98000,0.99999,0.00000,0.00000,0.00000,0.00000
66.41000,1.98000,1.00000,0.00000,0.00000,0.00000,0.00000
66.61000,1.98000,0.99999,0.00000,0.00000,0.00000,0.00000
66.81000,1.98000,1.00000,0.00000,0.00000,0.00000,0.00000
67.01000,1.98000,0.99999,0.00000,0.00000,0.00000,0.00000
67.21000,1.98000,1.00000,0.00000,0.00000,0.00000,0.00000
67.41000,1.98000,0.99999,0.00000,0.00000,0.00000,0.00000
67.61000,1.98000,1.00000,0.00000,0.00000,0.00000,0.00000
67.81000,1.98000,1.00000,0.00000,0.00000,0.00000,0.00000
68.01000,1.98000,0.99999,0.00000,0.00000,0.00000,0.00000
68.21000,1.98000,0.99999,0.00000,0.00000,0.00000,0.00000
68.41000,1.98000,0.99999,0.00000,0.00000,0.00000,0.00000
68.61000,1.98000,0.99997,0.00000,0.00000,0.00003,0.00000
68.81000,1.98000,0.99981,0.00002,0.00001,0.00015,0.00001
69.01000,1.98000,0.99494,0.00025,0.00024,0.00316,0.00141
69.21000,1.98000,0.88145,0.00238,0.00404,0.03369,0.07845
69.41000,1.98000,0.65079,0.00149,0.00569,0.01337,0.32866
69.61000,1.98000,0.38068,0.00163,0.00463,0.00747,0.60560
69.81000,1.98000,0.98434,0.00004,0.00060,0.00016,0.01486
70.01000,1.98000,0.99768,0.00000,0.00036,0.00002,0.00194
70.21000,1.98000,0.99903,0.00000,0.00041,0.00000,0.00055
70.41000,1.98000,0.99971,0.00000,0.00017,0.00000,0.00011
70.61000,1.98000,0.99991,0.00000,0.00007,0.00000,0.00002
70.81000,1.98000,0.99993,0.00000,0.00007,0.00000,0.00000
71.01000,1.98000,0.99981,0.00000,0.00018,0.00000,0.00001
71.21000,1.98000,0.99962,0.00000,0.00038,0.00000,0.00001
71.41000,1.98000,0.99982,0.00000,0.00017,0.00000,0.00000
71.61000,1.98000,0.99993,0.00000,0.00007,0.00000,0.00000
71.81000,1.98000,0.99937,0.00000,0.00059,0.00000,0.00004
72.01000,1.98000,0.99913,0.00000,0.00079,0.00000,0.00008
72.21000,1.98000,0.99640,0.00000,0.00266,0.00001,0.00094
72.41000,1.98000,0.99955,0.00000,0.00025,0.00000,0.00020
72.61000,1.98000,0.99897,0.00000,0.00049,0.00000,0.00055
72.81000,1.98000,0.99821,0.00000,0.00045,0.00000,0.00135
73.01000,1.98000,0.99711,0.00000,0.00052,0.00000,0.00237
73.21000,1.98000,0.99626,0.00000,0.00064,0.00000,0.00309
73.41000,1.98000,0.99957,0.00000,0.00014,0.00000,0.00029
73.61000,1.98000,0.99982,0.00000,0.00008,0.00000,0.00010
73.81000,1.98000,0.99989,0.00000,0.00007,0.00000,0.00003
74.01000,1.98000,0.99993,0.00000,0.00006,0.00000,0.00001
74.21000,1.98000,0.99999,0.00000,0.00001,0.00000,0.00000
74.41000,1.98000,0.99998,0.00000,0.00002,0.00000,0.00000
74.61000,1.98000,0.99999,0.00000,0.00001,0.00000,0.00000
74.81000,1.98000,0.99999,0.00000,0.00000,0.00000,0.00000
75.01000,1.98000,0.99999,0.00000,0.00001,0.00000,0.00000
75.21000,1.98000,0.99999,0.00000,0.00001,0.00000,0.00000
75.41000,1.98000,0.99999,0.00000,0.00001,0.00000,0.00000
75.61000,1.98000,0.99999,0.00000,0.00000,0.00000,0.00000
75.81000,1.98000,0.99999,0.00000,0.00000,0.00000,0.00000
76.01000,1.98000,0.99999,0.00000,0.00000,0.00000,0.00000
76.21000,1.98000,0.99999,0.00000,0.00000,0.00000,0.00000
76.41000,1.98000,1.00000,0.00000,0.00000,0.00000,0.00000
76.61000,1.98000,1.00000,0.00000,0.00000,0.00000,0.00000
76.81000,1.98000,1.00000,0.00000,0.00000,0.00000,0.00000
77.01000,1.98000,1.00000,0.00000,0.00000,0.00000,0.00000
77.21000,1.98000,1.00000,0.00000,0.00000,0.00000,0.00000
77.41000,1.98000,1.00000,0.00000,0.00000,0.00000,0.00000
77.61000,1.98000,1.00000,0.00000,0.00000,0.00000,0.00000
77.81000,1.98000,1.00000,0.00000,0.00000,0.00000,0.00000
78.01000,1.98000,0.99997,0.00000,0.00000,0.00002,0.00000
78.21000,1.98000,0.99988,0.00001,0.00002,0.00009,0.00001
78.41000,1.98000,0.98336,0.00012,0.00120,0.00657,0.00875
78.61000,1.98000,0.53854,0.00196,0.01662,0.08951,0.35338
78.81000,1.98000,0.65924,0.00146,0.01354,0.04640,0.27936
79.01000,1.98000,0.52043,0.00197,0.02231,0.05524,0.40004
79.21000,1.98000,0.99152,0.00007,0.00103,0.00056,0.00681
79.41000,1.98000,0.99793,0.00000,0.00120,0.00009,0.00078
79.61000,1.98000,0.99923,0.00000,0.00060,0.00002,0.00015
79.81000,1.98000,0.99984,0.00000,0.00015,0.00000,0.00001
80.01000,1.98000,0.99990,0.00000,0.00009,0.00000,0.00000
80.21000,1.98000,0.99994,0.00000,0.00006,0.00000,0.00000
80.41000,1.98000,0.99989,0.00000,0.00011,0.00000,0.00000
80.61000,1.98000,0.99972,0.00000,0.00027,0.00001,0.00000
80.81000,1.98000,0.99987,0.00000,0.00012,0.00000,0.00000
81.01000,1.98000,0.99988,0.00000,0.00011,0.00000,0.00000
81.21000,1.98000,0.99916,0.00000,0.00077,0.00000,0.00007
81.41000,1.98000,0.99921,0.00000,0.00064,0.00000,0.00015
81.61000,1.98000,0.99945,0.00000,0.00031,0.00000,0.00024
81.81000,1.98000,0.99946,0.00000,0.00021,0.00000,0.00033
82.01000,1.98000,0.99738,0.00000,0.00044,0.00001,0.00218
82.21000,1.98000,0.99617,0.00000,0.00069,0.00001,0.00313
82.41000,1.98000,0.99794,0.00000,0.00022,0.00000,0.00183
82.61000,1.98000,0.99694,0.00000,0.00063,0.00002,0.00242
82.81000,1.98000,0.99951,0.00000,0.00008,0.00002,0.00040
83.01000,1.98000,0.99997,0.00000,0.00000,0.00000,0.00002
83.21000,1.98000,0.99986,0.00000,0.00002,0.00003,0.00009
83.41000,1.98000,0.99990,0.00000,0.00001,0.00006,0.00003
83.61000,1.98000,0.99978,0.00000,0.00001,0.00017,0.00003
83.81000,1.98000,0.99843,0.00000,0.00012,0.00131,0.00014
84.01000,1.98000,0.99872,0.00000,0.00018,0.00101,0.00009
84.21000,1.98000,0.99832,0.00000,0.00033,0.00125,0.00010
84.41000,1.98000,0.99984,0.00000,0.00004,0.00011,0.00001
84.61000,1.98000,0.99980,0.00000,0.00007,0.00012,0.00001
84.81000,1.98000,0.99993,0.00000,0.00005,0.00002,0.00000
85.01000,1.98000,0.99996,0.00000,0.00002,0.00002,0.00000
85.21000,1.98000,0.99998,0.00000,0.00001,0.00001,0.00000
85.41000,1.98000,0.99996,0.00000,0.00002,0.00002,0.00000
85.61000,1.98000,0.99997,0.00000,0.00002,0.00001,0.00000
85.81000,1.98000,0.99997,0.00000,0.00002,0.00001,0.00000
86.01000,1.98000,0.99998,0.00000,0.00002,0.00001,0.00000
86.21000,1.98000,0.99998,0.00000,0.00001,0.00001,0.00000
86.41000,1.98000,0.99998,0.00000,0.00002,0.00001,0.00000
86.61000,1.98000,0.99999,0.00000,0.00001,0.00000,0.00000
86.81000,1.98000,0.99999,0.00000,0.00001,0.00000,0.00000
87.01000,1.98000,1.00000,0.00000,0.00000,0.00000,0.00000
87.21000,1.98000,1.00000,0.00000,0.00000,0.00000,0.00000
87.41000,1.98000,1.00000,0.00000,0.00000,0.00000,0.00000
87.61000,1.98000,1.00000,0.00000,0.00000,0.00000,0.00000
87.81000,1.98000,1.00000,0.00000,0.00000,0.00000,0.00000
88.01000,1.98000,1.00000,0.00000,0.00000,0.00000,0.00000
88.21000,1.98000,1.00000,0.00000,0.00000,0.00000,0.00000
88.41000,1.98000,1.00000,0.00000,0.00000,0.00000,0.00000
88.61000,1.98000,1.00000,0.00000,0.00000,0.00000,0.00000
88.81000,1.98000,0.99997,0.00000,0.00001,0.00002,0.00001
89.01000,1.98000,0.99812,0.00000,0.00009,0.00027,0.00152
89.21000,1.98000,0.83349,0.00005,0.00275,0.01034,0.15336
89.41000,1.98000,0.81226,0.00004,0.00417,0.00946,0.17407
89.61000,1.98000,0.89562,0.00003,0.00299,0.00519,0.09618
89.81000,1.98000,0.99270,0.00000,0.00031,0.00033,0.00666
90.01000,1.98000,0.99859,0.00000,0.00019,0.00005,0.00117
90.21000,1.98000,0.99924,0.00000,0.00029,0.00001,0.00046
90.41000,1.98000,0.99958,0.00000,0.00024,0.00000,0.00018
90.61000,1.98000,0.99955,0.00000,0.00040,0.00000,0.00005
90.81000,1.98000,0.99971,0.00000,0.00028,0.00000,0.00001
91.01000,1.98000,0.99906,0.00000,0.00091,0.00000,0.00003
91.21000,1.98000,0.99738,0.00000,0.00249,0.00001,0.00012
91.41000,1.98000,0.99641,0.00000,0.00326,0.00000,0.00032
91.61000,1.98000,0.99344,0.00000,0.00520,0.00000,0.00136
91.81000,1.98000,0.99838,0.00000,0.00127,0.00000,0.00035
92.01000,1.98000,0.99900,0.00000,0.00077,0.00000,0.00023
92.21000,1.98000,0.99951,0.00000,0.00033,0.00000,0.00015
92.41000,1.98000,0.99852,0.00000,0.00074,0.00000,0.00074
92.61000,1.98000,0.99798,0.00000,0.00058,0.00000,0.00144
92.81000,1.98000,0.99622,0.00000,0.00047,0.00000,0.00331
93.01000,1.98000,0.99293,0.00000,0.00089,0.00000,0.00619
93.21000,1.98000,0.99498,0.00000,0.00082,0.00000,0.00419
93.41000,1.98000,0.99359,0.00000,0.00139,0.00000,0.00502
93.61000,1.98000,0.99919,0.00000,0.00021,0.00000,0.00060
93.81000,1.98000,0.99897,0.00000,0.00029,0.00000,0.00074
94.01000,1.98000,0.99946,0.00000,0.00031,0.00000,0.00023
94.21000,1.98000,0.99992,0.00000,0.00004,0.00000,0.00003
94.41000,1.98000,0.99968,0.00000,0.00020,0.00006,0.00006
94.61000,1.98000,0.99957,0.00000,0.00014,0.00025,0.00003
94.81000,1.98000,0.99919,0.00000,0.00018,0.00055,0.00008
95.01000,1.98000,0.99854,0.00000,0.00028,0.00097,0.00021
95.21000,1.98000,0.99522,0.00000,0.00084,0.00295,0.00099
95.41000,1.98000,0.99712,0.00000,0.00033,0.00157,0.00099
95.61000,1.98000,0.99033,0.00000,0.00130,0.00552,0.00284
95.81000,1.98000,0.99885,0.00000,0.00015,0.00061,0.00039
96.01000,1.98000,0.99836,0.00000,0.00037,0.00081,0.00046
96.21000,1.98000,0.98502,0.00001,0.00192,0.00929,0.00376
96.41000,1.98000,0.99651,0.00000,0.00058,0.00219,0.00072
96.61000,1.98000,0.99308,0.00001,0.00088,0.00442,0.00161
96.81000,1.98000,0.98610,0.00004,0.00081,0.01072,0.00233
97.01000,1.98000,0.98973,0.00014,0.00021,0.00795,0.00196
97.21000,1.98000,0.98960,0.00027,0.00013,0.00831,0.00169
97.41000,1.98000,0.97923,0.00163,0.00021,0.01607,0.00286
97.61000,1.98000,0.90291,0.00403,0.00089,0.03650,0.05567
97.81000,1.98000,0.91597,0.00193,0.00048,0.00507,0.07655
98.01000,1.98000,0.03231,0.00203,0.00364,0.02377,0.93825
98.21000,1.98000,0.31319,0.00287,0.00420,0.01944,0.66029
98.41000,1.98000,0.79247,0.00052,0.00630,0.01029,0.19041
98.61000,1.98000,0.99430,0.00002,0.00074,0.00023,0.00471
98.81000,1.98000,0.99844,0.00000,0.00087,0.00004,0.00065
99.01000,1.98000,0.99953,0.00000,0.00041,0.00000,0.00005
99.21000,1.98000,0.99982,0.00000,0.00017,0.00000,0.00001
99.41000,1.98000,0.99995,0.00000,0.00005,0.00000,0.00000
99.61000,1.98000,0.99997,0.00000,0.00003,0.00000,0.00000
99.81000,1.98000,0.99996,0.00000,0.00003,0.00000,0.00000
100.01000,1.98000,0.99996,0.00000,0.00004,0.00000,0.00000
100.21000,1.98000,0.99996,0.00000,0.00004,0.00000,0.00000
100.41000,1.98000,0.99991,0.00000,0.00008,0.00000,0.00000
100.61000,1.98000,0.99996,0.00000,0.00003,0.00000,0.00000
100.81000,1.98000,0.99996,0.00000,0.00004,0.00000,0.00000
101.01000,1.98000,0.99996,0.00000,0.00003,0.00000,0.00000
101.21000,1.98000,0.99995,0.00000,0.00005,0.00000,0.00000
101.41000,1.98000,0.99987,0.00000,0.00013,0.00000,0.00000
101.61000,1.98000,0.99983,0.00000,0.00016,0.00001,0.00000
101.81000,1.98000,0.99977,0.00000,0.00021,0.00002,0.00001
102.01000,1.98000,0.99984,0.00000,0.00013,0.00002,0.00001
102.21000,1.98000,0.99934,0.00000,0.00047,0.00015,0.00005
102.41000,1.98000,0.99993,0.00000,0.00004,0.00001,0.00001
102.61000,1.98000,0.99965,0.00000,0.00015,0.00015,0.00005
102.81000,1.98000,0.99982,0.00000,0.00010,0.00007,0.00002
103.01000,1.98000,0.99991,0.00000,0.00004,0.00004,0.00001
103.21000,1.98000,0.99996,0.00000,0.00001,0.00002,0.00000
103.41000,1.98000,0.99994,0.00000,0.00001,0.00005,0.00000
103.61000,1.98000,0.99998,0.00000,0.00001,0.00002,0.00000
103.81000,1.98000,0.99999,0.00000,0.00000,0.00001,0.00000
104.01000,1.98000,0.99999,0.00000,0.00000,0.00000,0.00000
104.21000,1.98000,1.00000,0.00000,0.00000,0.00000,0.00000
104.41000,1.98000,0.99999,0.00000,0.00001,0.00001,0.00000
104.61000,1.98000,0.99999,0.00000,0.00000,0.00000,0.00000
104.81000,1.98000,0.99999,0.00000,0.00001,0.00001,0.00000
105.01000,1.98000,0.99999,0.00000,0.00001,0.00001,0.00000
105.21000,1.98000,0.99998,0.00000,0.00001,0.00001,0.00000
105.41000,1.98000,0.99998,0.00000,0.00001,0.00001,0.00000
105.61000,1.98000,0.99994,0.00000,0.00002,0.00004,0.00000
105.81000,1.98000,0.99993,0.00000,0.00003,0.00004,0.00000
106.01000,1.98000,0.99997,0.00000,0.00001,0.00001,0.00000
106.21000,1.98000,0.99996,0.00000,0.00002,0.00002,0.00000
106.41000,1.98000,0.99999,0.00000,0.00000,0.00000,0.00000
106.61000,1.98000,1.00000,0.00000,0.00000,0.00000,0.00000
106.81000,1.98000,1.00000,0.00000,0.00000,0.00000,0.00000
107.01000,1.98000,1.00000,0.00000,0.00000,0.00000,0.00000
107.21000,1.98000,1.00000,0.00000,0.00000,0.00000,0.00000
107.41000,1.98000,1.00000,0.00000,0.00000,0.00000,0.00000
107.61000,1.98000,1.00000,0.00000,0.00000,0.00000,0.00000
107.81000,1.98000,1.00000,0.00000,0.00000,0.00000,0.00000
108.01000,1.98000,1.00000,0.00000,0.00000,0.00000,0.00000
108.21000,1.98000,1.00000,0.00000,0.00000,0.00000,0.00000
108.41000,1.98000,0.99999,0.00000,0.00000,0.00000,0.00000
108.61000,1.98000,0.99996,0.00000,0.00000,0.00004,0.00000
108.81000,1.98000,0.99979,0.00000,0.00002,0.00013,0.00005
109.01000,1.98000,0.98219,0.00001,0.00060,0.00291,0.01428
109.21000,1.98000,0.77030,0.00009,0.00386,0.01385,0.21190
109.41000,1.98000,0.41938,0.00022,0.00686,0.02614,0.54739
109.61000,1.98000,0.90047,0.00005,0.00157,0.00344,0.09446
109.81000,1.98000,0.98390,0.00001,0.00094,0.00067,0.01449
110.01000,1.98000,0.99892,0.00000,0.00027,0.00003,0.00078
110.21000,1.98000,0.99901,0.00000,0.00056,0.00001,0.00042
110.41000,1.98000,0.99977,0.00000,0.00018,0.00000,0.00005
110.61000,1.98000,0.99978,0.00000,0.00022,0.00000,0.00000
110.81000,1.98000,0.99989,0.00000,0.00011,0.00000,0.00000
111.01000,1.98000,0.99988,0.00000,0.00011,0.00000,0.00000
111.21000,1.98000,0.99991,0.00000,0.00009,0.00000,0.00000
111.41000,1.98000,0.99995,0.00000,0.00005,0.00000,0.00000
111.61000,1.98000,0.99996,0.00000,0.00004,0.00000,0.00000
111.81000,1.98000,0.99998,0.00000,0.00002,0.00000,0.00000
112.01000,1.98000,0.99990,0.00000,0.00010,0.00000,0.00000
112.21000,1.98000,0.99989,0.00000,0.00011,0.00000,0.00000
112.41000,1.98000,0.99998,0.00000,0.00002,0.00000,0.00000
112.61000,1.98000,0.99998,0.00000,0.00002,0.00000,0.00000
112.81000,1.98000,0.99990,0.00000,0.00009,0.00000,0.00001
113.01000,1.98000,0.99972,0.00000,0.00022,0.00000,0.00007
113.21000,1.98000,0.99982,0.00000,0.00014,0.00000,0.00004
113.41000,1.98000,0.99983,0.00000,0.00012,0.00000,0.00005
113.61000,1.98000,0.99973,0.00000,0.00013,0.00000,0.00013
113.81000,1.98000,0.99848,0.00000,0.00044,0.00000,0.00108
114.01000,1.98000,0.99757,0.00000,0.00040,0.00001,0.00203
114.21000,1.98000,0.99664,0.00000,0.00021,0.00001,0.00314
114.41000,1.98000,0.99072,0.00000,0.00106,0.00010,0.00812
114.61000,1.98000,0.99437,0.00000,0.00115,0.00040,0.00407
114.81000,1.98000,0.98953,0.00000,0.00153,0.00195,0.00698
115.01000,1.98000,0.99562,0.00000,0.00073,0.00071,0.00293
115.21000,1.98000,0.99435,0.00000,0.00091,0.00183,0.00290
115.41000,1.98000,0.99361,0.00000,0.00084,0.00467,0.00087
115.61000,1.98000,0.99896,0.00000,0.00015,0.00080,0.00009
115.81000,1.98000,0.99980,0.00000,0.00006,0.00012,0.00001
116.01000,1.98000,0.99985,0.00000,0.00004,0.00010,0.00000
116.21000,1.98000,0.99982,0.00000,0.00005,0.00013,0.00000
116.41000,1.98000,0.99998,0.00000,0.00001,0.00001,0.00000
116.61000,1.98000,0.99998,0.00000,0.00001,0.00001,0.00000
116.81000,1.98000,1.00000,0.00000,0.00000,0.00000,0.00000
117.01000,1.98000,0.99999,0.00000,0.00001,0.00000,0.00000
117.21000,1.98000,1.00000,0.00000,0.00000,0.00000,0.00000
117.41000,1.98000,1.00000,0.00000,0.00000,0.00000,0.00000
117.61000,1.98000,1.00000,0.00000,0.00000,0.00000,0.00000
117.81000,1.98000,1.00000,0.00000,0.00000,0.00000,0.00000
118.01000,1.98000,0.99999,0.00000,0.00000,0.00000,0.00000
118.21000,1.98000,0.99999,0.00000,0.00000,0.00000,0.00000
118.41000,1.98000,0.99999,0.00000,0.00001,0.00000,0.00000
118.61000,1.98000,0.99998,0.00000,0.00001,0.00001,0.00000
118.81000,1.98000,0.99998,0.00000,0.00001,0.00001,0.00000
119.01000,1.98000,0.99998,0.00000,0.00001,0.00001,0.00000
119.21000,1.98000,0.99999,0.00000,0.00001,0.00000,0.00000
119.41000,1.98000,0.99999,0.00000,0.00000,0.00000,0.00000
119.61000,1.98000,0.99999,0.00000,0.00000,0.00000,0.00000
119.81000,1.98000,0.99998,0.00000,0.00000,0.00002,0.00000
120.01000,1.98000,0.99996,0.00000,0.00001,0.00003,0.00000
120.21000,1.98000,0.99922,0.00000,0.00011,0.00031,0.00036
120.41000,1.98000,0.88275,0.00012,0.00656,0.02904,0.08153
120.61000,1.98000,0.80365,0.00012,0.01022,0.01931,0.16670
120.81000,1.98000,0.40926,0.00020,0.01951,0.02054,0.55049
121.01000,1.98000,0.97887,0.00001,0.00118,0.00036,0.01958
121.21000,1.98000,0.99360,0.00000,0.00206,0.00009,0.00425
121.41000,1.98000,0.99774,0.00000,0.00151,0.00001,0.00074
121.61000,1.98000,0.99883,0.00000,0.00099,0.00000,0.00017
121.81000,1.98000,0.99944,0.00000,0.00050,0.00000,0.00005
122.01000,1.98000,0.99976,0.00000,0.00024,0.00000,0.00001
122.21000,1.98000,0.99980,0.00000,0.00020,0.00000,0.00000
122.41000,1.98000,0.99984,0.00000,0.00015,0.00000,0.00000
122.61000,1.98000,0.99986,0.00000,0.00014,0.00000,0.00000
122.81000,1.98000,0.99981,0.00000,0.00019,0.00000,0.00000
123.01000,1.98000,0.99994,0.00000,0.00006,0.00000,0.00000
123.21000,1.98000,0.99994,0.00000,0.00006,0.00000,0.00000
123.41000,1.98000,0.99998,0.00000,0.00002,0.00000,0.00000
123.61000,1.98000,0.99998,0.00000,0.00002,0.00000,0.00000
123.81000,1.98000,0.99996,0.00000,0.00003,0.00000,0.00000
124.01000,1.98000,0.99995,0.00000,0.00004,0.00000,0.00000
124.21000,1.98000,0.99990,0.00000,0.00009,0.00001,0.00001
124.41000,1.98000,0.99996,0.00000,0.00003,0.00000,0.00001
124.61000,1.98000,0.99948,0.00000,0.00036,0.00003,0.00013
124.81000,1.98000,0.99901,0.00000,0.00049,0.00008,0.00042
125.01000,1.98000,0.99976,0.00000,0.00005,0.00002,0.00018
125.21000,1.98000,0.99327,0.00000,0.00135,0.00059,0.00480
125.41000,1.98000,0.99919,0.00000,0.00009,0.00011,0.00061
125.61000,1.98000,0.99612,0.00000,0.00037,0.00069,0.00282
