Time (seconds), Duration (seconds),pred_(unlabeled),pred_On,pred_Off,pred_Dimmer,pred_Lighter
0.01000,1.98000,0.99998,0.00000,0.00002,0.00000,0.00000
0.21000,1.98000,0.99998,0.00000,0.00002,0.00000,0.00000
0.41000,1.98000,0.99999,0.00000,0.00001,0.00000,0.00000
0.61000,1.98000,0.99999,0.00000,0.00001,0.00000,0.00000
0.81000,1.98000,0.99999,0.00000,0.00001,0.00000,0.00000
1.01000,1.98000,0.99999,0.00000,0.00001,0.00000,0.00000
1.21000,1.98000,1.00000,0.00000,0.00000,0.00000,0.00000
1.41000,1.98000,0.99998,0.00000,0.00002,0.00000,0.00000
1.61000,1.98000,0.99968,0.00000,0.00032,0.00000,0.00000
1.81000,1.98000,0.81001,0.00011,0.18891,0.00078,0.00019
2.01000,1.98000,0.67655,0.00029,0.32115,0.00140,0.00061
2.21000,1.98000,0.47008,0.00062,0.52496,0.00273,0.00161
2.41000,1.98000,0.40651,0.00070,0.58770,0.00306,0.00203
2.61000,1.98000,0.96458,0.00007,0.03506,0.00017,0.00012
2.81000,1.98000,0.99862,0.00000,0.00137,0.00000,0.00000
3.01000,1.98000,0.99808,0.00000,0.00191,0.00000,0.00000
3.21000,1.98000,0.99958,0.00000,0.00042,0.00000,0.00000
3.41000,1.98000,0.99951,0.00000,0.00045,0.00003,0.00001
3.61000,1.98000,0.99985,0.00000,0.00014,0.00001,0.00000
3.81000,1.98000,0.99980,0.00000,0.00018,0.00002,0.00000
4.01000,1.98000,0.99924,0.00000,0.00067,0.00008,0.00001
4.21000,1.98000,0.99914,0.00000,0.00076,0.00008,0.00001
4.41000,1.98000,0.99822,0.00000,0.00156,0.00017,0.00005
4.61000,1.98000,0.99985,0.00000,0.00013,0.00001,0.00001
4.81000,1.98000,0.99994,0.00000,0.00006,0.00000,0.00000
5.01000,1.98000,0.99994,0.00000,0.00006,0.00000,0.00000
5.21000,1.98000,0.99986,0.00000,0.00013,0.00001,0.00000
5.41000,1.98000,0.99984,0.00000,0.00015,0.00001,0.00001
5.61000,1.98000,0.99982,0.00000,0.00017,0.00000,0.00000
5.81000,1.98000,0.99979,0.00000,0.00021,0.00000,0.00000
6.01000,1.98000,0.99986,0.00000,0.00014,0.00000,0.00000
6.21000,1.98000,0.99992,0.00000,0.00008,0.00000,0.00000
6.41000,1.98000,0.99995,0.00000,0.00005,0.00000,0.00000
6.61000,1.98000,0.99993,0.00000,0.00007,0.00000,0.00000
6.81000,1.98000,0.99997,0.00000,0.00003,0.00000,0.00000
7.01000,1.98000,0.99997,0.00000,0.00003,0.00000,0.00000
7.21000,1.98000,0.99997,0.00000,0.00003,0.00000,0.00000
7.41000,1.98000,0.99998,0.00000,0.00002,0.00000,0.00000
7.61000,1.98000,0.99995,0.00000,0.00005,0.00000,0.00000
7.81000,1.98000,1.00000,0.00000,0.00000,0.00000,0.00000
8.01000,1.98000,1.00000,0.00000,0.00000,0.00000,0.00000
8.21000,1.98000,0.99999,0.00000,0.00001,0.00000,0.00000
8.41000,1.98000,0.99994,0.00000,0.00006,0.00000,0.00000
8.61000,1.98000,0.99067,0.00000,0.00931,0.00001,0.00001
8.81000,1.98000,0.91518,0.00001,0.08442,0.00003,0.00035
9.01000,1.98000,0.72399,0.00005,0.27353,0.00014,0.00229
9.21000,1.98000,0.71935,0.00007,0.27782,0.00015,0.00261
9.41000,1.98000,0.96939,0.00001,0.03026,0.00002,0.00033
9.61000,1.98000,0.98135,0.00000,0.01858,0.00001,0.00006
9.81000,1.98000,0.99883,0.00000,0.00117,0.00000,0.00000
10.01000,1.98000,0.99702,0.00000,0.00297,0.00000,0.00001
10.21000,1.98000,0.99943,0.00000,0.00053,0.00000,0.00003
10.41000,1.98000,0.99973,0.00000,0.00026,0.00001,0.00001
10.61000,1.98000,0.99993,0.00000,0.00006,0.00000,0.00000
10.81000,1.98000,0.99982,0.00000,0.00016,0.00002,0.00000
11.01000,1.98000,0.99959,0.00000,0.00038,0.00002,0.00001
11.21000,1.98000,0.99964,0.00000,0.00033,0.00001,0.00001
11.41000,1.98000,0.99941,0.00000,0.00055,0.00001,0.00004
11.61000,1.98000,0.99994,0.00000,0.00005,0.00000,0.00001
11.81000,1.98000,0.99965,0.00000,0.00031,0.00000,0.00004
12.01000,1.98000,0.99969,0.00000,0.00028,0.00000,0.00004
12.21000,1.98000,0.99982,0.00000,0.00015,0.00000,0.00003
12.41000,1.98000,0.99942,0.00000,0.00045,0.00000,0.00012
12.61000,1.98000,0.99984,0.00000,0.00013,0.00000,0.00003
12.81000,1.98000,0.99955,0.00000,0.00032,0.00000,0.00013
13.01000,1.98000,0.99934,0.00000,0.00043,0.00000,0.00023
13.21000,1.98000,0.99942,0.00000,0.00047,0.00000,0.00011
13.41000,1.98000,0.99976,0.00000,0.00021,0.00000,0.00003
13.61000,1.98000,0.99832,0.00000,0.00152,0.00000,0.00016
13.81000,1.98000,0.99015,0.00000,0.00860,0.00001,0.00124
14.01000,1.98000,0.99923,0.00000,0.00068,0.00000,0.00009
14.21000,1.98000,0.99907,0.00000,0.00073,0.00000,0.00019
14.41000,1.98000,0.99860,0.00000,0.00111,0.00000,0.00029
14.61000,1.98000,0.99915,0.00000,0.00074,0.00000,0.00010
14.81000,1.98000,0.99997,0.00000,0.00003,0.00000,0.00000
15.01000,1.98000,0.99996,0.00000,0.00004,0.00000,0.00000
15.21000,1.98000,0.99995,0.00000,0.00005,0.00000,0.00000
15.41000,1.98000,0.99935,0.00000,0.00061,0.00000,0.00004
15.61000,1.98000,0.85465,0.00015,0.13193,0.00013,0.01314
15.81000,1.98000,0.72006,0.00014,0.26784,0.00020,0.01176
16.01000,1.98000,0.77436,0.00026,0.21995,0.00053,0.00491
16.21000,1.98000,0.97612,0.00003,0.02344,0.00007,0.00033
16.41000,1.98000,0.99702,0.00000,0.00296,0.00001,0.00001
16.61000,1.98000,0.99950,0.00000,0.00050,0.00000,0.00000
16.81000,1.98000,0.99977,0.00000,0.00023,0.00000,0.00000
17.01000,1.98000,0.99996,0.00000,0.00004,0.00000,0.00000
17.21000,1.98000,0.99998,0.00000,0.00002,0.00000,0.00000
17.41000,1.98000,0.99999,0.00000,0.00001,0.00000,0.00000
17.61000,1.98000,0.99999,0.00000,0.00001,0.00000,0.00000
17.81000,1.98000,0.99999,0.00000,0.00001,0.00000,0.00000
18.01000,1.98000,0.99999,0.00000,0.00001,0.00000,0.00000
18.21000,1.98000,0.99999,0.00000,0.00001,0.00000,0.00000
18.41000,1.98000,0.99999,0.00000,0.00001,0.00000,0.00000
18.61000,1.98000,0.99999,0.00000,0.00001,0.00000,0.00000
18.81000,1.98000,0.99998,0.00000,0.00001,0.00000,0.00000
19.01000,1.98000,0.99998,0.00000,0.00001,0.00000,0.00000
19.21000,1.98000,0.99995,0.00000,0.00005,0.00000,0.00000
19.41000,1.98000,0.99991,0.00000,0.00009,0.00000,0.00000
19.61000,1.98000,0.99979,0.00000,0.00020,0.00000,0.00000
19.81000,1.98000,0.99988,0.00000,0.00012,0.00000,0.00000
20.01000,1.98000,0.99985,0.00000,0.00014,0.00000,0.00000
20.21000,1.98000,0.99975,0.00000,0.00024,0.00000,0.00000
20.41000,1.98000,0.99993,0.00000,0.00007,0.00000,0.00000
20.61000,1.98000,0.99998,0.00000,0.00002,0.00000,0.00000
20.81000,1.98000,0.99989,0.00000,0.00010,0.00000,0.00000
21.01000,1.98000,0.99991,0.00000,0.00009,0.00000,0.00000
21.21000,1.98000,0.99994,0.00000,0.00006,0.00000,0.00000
21.41000,1.98000,0.99988,0.00000,0.00012,0.00000,0.00000
21.61000,1.98000,0.99995,0.00000,0.00005,0.00000,0.00000
21.81000,1.98000,0.99996,0.00000,0.00004,0.00000,0.00000
22.01000,1.98000,0.99994,0.00000,0.00006,0.00000,0.00000
22.21000,1.98000,0.99994,0.00000,0.00006,0.00000,0.00000
22.41000,1.98000,0.99994,0.00000,0.00005,0.00000,0.00000
22.61000,1.98000,0.99996,0.00000,0.00004,0.00000,0.00000
22.81000,1.98000,0.99990,0.00000,0.00010,0.00000,0.00000
23.01000,1.98000,0.99995,0.00000,0.00005,0.00000,0.00000
23.21000,1.98000,0.99996,0.00000,0.00004,0.00000,0.00000
23.41000,1.98000,0.99998,0.00000,0.00002,0.00000,0.00000
23.61000,1.98000,0.99992,0.00000,0.00008,0.00000,0.00000
23.81000,1.98000,0.97044,0.00002,0.02949,0.00002,0.00004
24.01000,1.98000,0.69281,0.00031,0.30574,0.00032,0.00082
24.21000,1.98000,0.39807,0.00041,0.59961,0.00053,0.00138
24.41000,1.98000,0.68952,0.00041,0.30882,0.00043,0.00082
24.61000,1.98000,0.99350,0.00002,0.00646,0.00001,0.00001
24.81000,1.98000,0.99709,0.00001,0.00290,0.00000,0.00000
25.01000,1.98000,0.99932,0.00000,0.00068,0.00000,0.00000
25.21000,1.98000,0.99968,0.00000,0.00032,0.00000,0.00000
25.41000,1.98000,0.99997,0.00000,0.00003,0.00000,0.00000
25.61000,1.98000,0.99998,0.00000,0.00002,0.00000,0.00000
25.81000,1.98000,0.99999,0.00000,0.00001,0.00000,0.00000
26.01000,1.98000,0.99999,0.00000,0.00001,0.00000,0.00000
26.21000,1.98000,1.00000,0.00000,0.00000,0.00000,0.00000
26.41000,1.98000,0.99999,0.00000,0.00001,0.00000,0.00000
26.61000,1.98000,1.00000,0.00000,0.00000,0.00000,0.00000
26.81000,1.98000,0.99999,0.00000,0.00001,0.00000,0.00000
27.01000,1.98000,0.99999,0.00000,0.00000,0.00000,0.00000
27.21000,1.98000,0.99998,0.00000,0.00002,0.00000,0.00000
27.41000,1.98000,0.99998,0.00000,0.00002,0.00000,0.00000
27.61000,1.98000,0.99998,0.00000,0.00002,0.00000,0.00000
27.81000,1.98000,0.99996,0.00000,0.00004,0.00000,0.00000
28.01000,1.98000,0.99983,0.00000,0.00016,0.00000,0.00000
28.21000,1.98000,0.99947,0.00000,0.00051,0.00001,0.00000
28.41000,1.98000,0.99895,0.00000,0.00101,0.00002,0.00001
28.61000,1.98000,0.99907,0.00000,0.00089,0.00002,0.00001
28.81000,1.98000,0.99995,0.00000,0.00005,0.00000,0.00000
29.01000,1.98000,0.99975,0.00000,0.00024,0.00001,0.00000
29.21000,1.98000,0.99997,0.00000,0.00003,0.00000,0.00000
29.41000,1.98000,0.99994,0.00000,0.00005,0.00000,0.00000
29.61000,1.98000,0.99995,0.00000,0.00004,0.00000,0.00000
29.81000,1.98000,0.99992,0.00000,0.00008,0.00000,0.00000
30.01000,1.98000,0.99991,0.00000,0.00009,0.00000,0.00000
30.21000,1.98000,0.99994,0.00000,0.00005,0.00000,0.00000
30.41000,1.98000,0.99994,0.00000,0.00006,0.00000,0.00000
30.61000,1.98000,0.99994,0.00000,0.00006,0.00000,0.00000
30.81000,1.98000,0.99995,0.00000,0.00005,0.00000,0.00000
31.01000,1.98000,0.99997,0.00000,0.00003,0.00000,0.00000
31.21000,1.98000,0.99994,0.00000,0.00006,0.00000,0.00000
31.41000,1.98000,0.99998,0.00000,0.00002,0.00000,0.00000
31.61000,1.98000,0.99999,0.00000,0.00001,0.00000,0.00000
31.81000,1.98000,0.99997,0.00000,0.00003,0.00000,0.00000
32.01000,1.98000,0.99961,0.00000,0.00039,0.00000,0.00000
32.21000,1.98000,0.91074,0.00009,0.08695,0.00119,0.00104
32.41000,1.98000,0.53023,0.00122,0.44453,0.01601,0.00801
32.61000,1.98000,0.64440,0.00081,0.33779,0.01031,0.00669
32.81000,1.98000,0.84166,0.00037,0.15055,0.00420,0.00322
33.01000,1.98000,0.99717,0.00002,0.00272,0.00006,0.00004
33.21000,1.98000,0.99926,0.00000,0.00073,0.00001,0.00000
33.41000,1.98000,0.99929,0.00000,0.00070,0.00001,0.00000
33.61000,1.98000,0.99989,0.00000,0.00011,0.00000,0.00000
33.81000,1.98000,0.99996,0.00000,0.00004,0.00000,0.00000
34.01000,1.98000,0.99998,0.00000,0.00001,0.00000,0.00000
34.21000,1.98000,0.99999,0.00000,0.00001,0.00000,0.00000
34.41000,1.98000,0.99999,0.00000,0.00001,0.00000,0.00000
34.61000,1.98000,0.99998,0.00000,0.00002,0.00000,0.00000
34.81000,1.98000,0.99999,0.00000,0.00001,0.00000,0.00000
35.01000,1.98000,0.99999,0.00000,0.00001,0.00000,0.00000
35.21000,1.98000,0.99999,0.00000,0.00001,0.00000,0.00000
35.41000,1.98000,0.99999,0.00000,0.00001,0.00000,0.00000
35.61000,1.98000,0.99999,0.00000,0.00001,0.00000,0.00000
35.81000,1.98000,0.99999,0.00000,0.00001,0.00000,0.00000
36.01000,1.98000,1.00000,0.00000,0.00000,0.00000,0.00000
36.21000,1.98000,1.00000,0.00000,0.00000,0.00000,0.00000
36.41000,1.98000,1.00000,0.00000,0.00000,0.00000,0.00000
36.61000,1.98000,0.99998,0.00000,0.00002,0.00000,0.00000
36.81000,1.98000,0.99996,0.00000,0.00003,0.00000,0.00000
37.01000,1.98000,0.99996,0.00000,0.00004,0.00000,0.00001
37.21000,1.98000,0.99913,0.00000,0.00066,0.00001,0.00021
37.41000,1.98000,0.99677,0.00000,0.00181,0.00001,0.00140
37.61000,1.98000,0.99952,0.00000,0.00020,0.00000,0.00028
37.81000,1.98000,0.99970,0.00000,0.00011,0.00000,0.00019
38.01000,1.98000,0.99934,0.00000,0.00038,0.00000,0.00028
38.21000,1.98000,0.99920,0.00000,0.00062,0.00000,0.00018
38.41000,1.98000,0.99973,0.00000,0.00023,0.00000,0.00004
38.61000,1.98000,0.99972,0.00000,0.00027,0.00000,0.00001
38.81000,1.98000,0.99988,0.00000,0.00012,0.00000,0.00000
39.01000,1.98000,0.99988,0.00000,0.00012,0.00000,0.00000
39.21000,1.98000,0.99997,0.00000,0.00003,0.00000,0.00000
39.41000,1.98000,0.99999,0.00000,0.00001,0.00000,0.00000
39.61000,1.98000,0.99997,0.00000,0.00003,0.00000,0.00000
39.81000,1.98000,0.99706,0.00000,0.00293,0.00000,0.00000
40.01000,1.98000,0.89043,0.00005,0.10896,0.00020,0.00036
40.21000,1.98000,0.79851,0.00014,0.19989,0.00056,0.00090
40.41000,1.98000,0.63871,0.00029,0.35824,0.00139,0.00136
40.61000,1.98000,0.89092,0.00007,0.10833,0.00030,0.00038
40.81000,1.98000,0.99693,0.00000,0.00305,0.00000,0.00000
41.01000,1.98000,0.99325,0.00000,0.00675,0.00000,0.00000
41.21000,1.98000,0.99883,0.00000,0.00117,0.00000,0.00000
41.41000,1.98000,0.99993,0.00000,0.00007,0.00000,0.00000
41.61000,1.98000,0.99994,0.00000,0.00006,0.00000,0.00000
41.81000,1.98000,0.99992,0.00000,0.00007,0.00000,0.00000
42.01000,1.98000,0.99993,0.00000,0.00006,0.00000,0.00000
42.21000,1.98000,0.99998,0.00000,0.00002,0.00000,0.00000
42.41000,1.98000,0.99997,0.00000,0.00003,0.00000,0.00000
42.61000,1.98000,0.99995,0.00000,0.00005,0.00000,0.00000
42.81000,1.98000,0.99997,0.00000,0.00003,0.00000,0.00000
43.01000,1.98000,0.99995,0.00000,0.00005,0.00000,0.00000
43.21000,1.98000,0.99999,0.00000,0.00001,0.00000,0.00000
43.41000,1.98000,0.99995,0.00000,0.00004,0.00000,0.00000
43.61000,1.98000,0.99995,0.00000,0.00005,0.00000,0.00000
43.81000,1.98000,0.99974,0.00000,0.00025,0.00000,0.00001
44.01000,1.98000,0.99993,0.00000,0.00007,0.00000,0.00000
44.21000,1.98000,0.99977,0.00000,0.00021,0.00000,0.00002
44.41000,1.98000,0.99990,0.00000,0.00010,0.00000,0.00001
44.61000,1.98000,0.99997,0.00000,0.00002,0.00000,0.00000
44.81000,1.98000,0.99991,0.00000,0.00008,0.00000,0.00001
45.01000,1.98000,0.99987,0.00000,0.00013,0.00000,0.00001
45.21000,1.98000,0.99984,0.00000,0.00015,0.00000,0.00001
45.41000,1.98000,0.99974,0.00000,0.00026,0.00000,0.00001
45.61000,1.98000,0.99988,0.00000,0.00012,0.00000,0.00000
45.81000,1.98000,0.99996,0.00000,0.00004,0.00000,0.00000
46.01000,1.98000,0.99995,0.00000,0.00004,0.00000,0.00000
46.21000,1.98000,0.99994,0.00000,0.00006,0.00000,0.00000
46.41000,1.98000,0.99998,0.00000,0.00002,0.00000,0.00000
46.61000,1.98000,0.99998,0.00000,0.00002,0.00000,0.00000
46.81000,1.98000,0.99998,0.00000,0.00002,0.00000,0.00000
47.01000,1.98000,0.99997,0.00000,0.00003,0.00000,0.00000
47.21000,1.98000,0.99999,0.00000,0.00001,0.00000,0.00000
47.41000,1.98000,1.00000,0.00000,0.00000,0.00000,0.00000
47.61000,1.98000,0.99999,0.00000,0.00001,0.00000,0.00000
47.81000,1.98000,0.99953,0.00000,0.00046,0.00000,0.00000
48.01000,1.98000,0.87578,0.00008,0.12311,0.00037,0.00067
48.21000,1.98000,0.77897,0.00014,0.21865,0.00047,0.00178
48.41000,1.98000,0.77298,0.00019,0.22381,0.00052,0.00250
48.61000,1.98000,0.94337,0.00006,0.05571,0.00014,0.00072
48.81000,1.98000,0.99896,0.00000,0.00103,0.00000,0.00000
49.01000,1.98000,0.99931,0.00000,0.00069,0.00000,0.00000
49.21000,1.98000,0.99979,0.00000,0.00021,0.00000,0.00000
49.41000,1.98000,0.99996,0.00000,0.00004,0.00000,0.00000
49.61000,1.98000,0.99999,0.00000,0.00001,0.00000,0.00000
49.81000,1.98000,0.99999,0.00000,0.00001,0.00000,0.00000
50.01000,1.98000,0.99999,0.00000,0.00001,0.00000,0.00000
50.21000,1.98000,0.99999,0.00000,0.00001,0.00000,0.00000
50.41000,1.98000,0.99998,0.00000,0.00002,0.00000,0.00000
50.61000,1.98000,0.99998,0.00000,0.00002,0.00000,0.00000
50.81000,1.98000,0.99998,0.00000,0.00002,0.00000,0.00000
51.01000,1.98000,0.99997,0.00000,0.00003,0.00000,0.00000
51.21000,1.98000,0.99995,0.00000,0.00005,0.00000,0.00000
51.41000,1.98000,0.99996,0.00000,0.00004,0.00000,0.00000
51.61000,1.98000,0.99998,0.00000,0.00002,0.00000,0.00000
51.81000,1.98000,0.99998,0.00000,0.00002,0.00000,0.00000
52.01000,1.98000,0.99999,0.00000,0.00001,0.00000,0.00000
52.21000,1.98000,0.99997,0.00000,0.00003,0.00000,0.00000
52.41000,1.98000,0.99996,0.00000,0.00004,0.00000,0.00000
52.61000,1.98000,0.99997,0.00000,0.00003,0.00000,0.00000
52.81000,1.98000,0.99997,0.00000,0.00003,0.00000,0.00000
53.01000,1.98000,0.99995,0.00000,0.00005,0.00000,0.00000
53.21000,1.98000,0.99993,0.00000,0.00006,0.00000,0.00000
53.41000,1.98000,0.99994,0.00000,0.00006,0.00000,0.00000
53.61000,1.98000,0.99992,0.00000,0.00008,0.00000,0.00000
53.81000,1.98000,0.99994,0.00000,0.00006,0.00000,0.00000
54.01000,1.98000,0.99994,0.00000,0.00006,0.00000,0.00000
54.21000,1.98000,0.99995,0.00000,0.00005,0.00000,0.00000
54.41000,1.98000,0.99998,0.00000,0.00002,0.00000,0.00000
54.61000,1.98000,0.99999,0.00000,0.00001,0.00000,0.00000
54.81000,1.98000,0.99998,0.00000,0.00002,0.00000,0.00000
55.01000,1.98000,0.99974,0.00000,0.00025,0.00000,0.00001
55.21000,1.98000,0.94563,0.00001,0.03993,0.00018,0.01425
55.41000,1.98000,0.89821,0.00001,0.07062,0.00024,0.03092
55.61000,1.98000,0.93328,0.00000,0.04924,0.00011,0.01737
55.81000,1.98000,0.88969,0.00001,0.09537,0.00045,0.01448
56.01000,1.98000,0.99963,0.00000,0.00034,0.00000,0.00002
56.21000,1.98000,0.99872,0.00000,0.00125,0.00000,0.00002
56.41000,1.98000,0.99993,0.00000,0.00007,0.00000,0.00000
56.61000,1.98000,0.99997,0.00000,0.00003,0.00000,0.00000
56.81000,1.98000,0.99998,0.00000,0.00002,0.00000,0.00000
57.01000,1.98000,0.99999,0.00000,0.00001,0.00000,0.00000
57.21000,1.98000,0.99999,0.00000,0.00001,0.00000,0.00000
57.41000,1.98000,0.99999,0.00000,0.00001,0.00000,0.00000
57.61000,1.98000,1.00000,0.00000,0.00000,0.00000,0.00000
57.81000,1.98000,1.00000,0.00000,0.00000,0.00000,0.00000
58.01000,1.98000,0.99999,0.00000,0.00001,0.00000,0.00000
58.21000,1.98000,0.99999,0.00000,0.00000,0.00000,0.00000
58.41000,1.98000,0.99999,0.00000,0.00001,0.00000,0.00000
58.61000,1.98000,0.99999,0.00000,0.00001,0.00000,0.00000
58.81000,1.98000,0.99999,0.00000,0.00001,0.00000,0.00000
59.01000,1.98000,0.99999,0.00000,0.00001,0.00000,0.00000
59.21000,1.98000,0.99996,0.00000,0.00004,0.00000,0.00000
59.41000,1.98000,0.99994,0.00000,0.00006,0.00000,0.00000
59.61000,1.98000,0.99991,0.00000,0.00009,0.00000,0.00000
59.81000,1.98000,0.99994,0.00000,0.00005,0.00000,0.00001
60.01000,1.98000,0.99932,0.00000,0.00037,0.00000,0.00031
60.21000,1.98000,0.99636,0.00000,0.00161,0.00000,0.00202
60.41000,1.98000,0.99814,0.00000,0.00065,0.00000,0.00121
60.61000,1.98000,0.99554,0.00000,0.00181,0.00000,0.00265
60.81000,1.98000,0.99656,0.00000,0.00206,0.00000,0.00137
61.01000,1.98000,0.99961,0.00000,0.00017,0.00000,0.00022
61.21000,1.98000,0.99993,0.00000,0.00004,0.00000,0.00003
61.41000,1.98000,0.99978,0.00000,0.00021,0.00000,0.00001
61.61000,1.98000,0.99906,0.00000,0.00093,0.00000,0.00001
61.81000,1.98000,0.96999,0.00003,0.02913,0.00004,0.00080
62.01000,1.98000,0.71597,0.00021,0.27643,0.00050,0.00688
62.21000,1.98000,0.73196,0.00017,0.26347,0.00049,0.00391
62.41000,1.98000,0.83541,0.00007,0.16286,0.00029,0.00136
62.61000,1.98000,0.99872,0.00000,0.00127,0.00000,0.00001
62.81000,1.98000,0.99683,0.00000,0.00316,0.00000,0.00000
63.01000,1.98000,0.99982,0.00000,0.00018,0.00000,0.00000
63.21000,1.98000,0.99996,0.00000,0.00003,0.00000,0.00000
63.41000,1.98000,0.99998,0.00000,0.00002,0.00000,0.00000
63.61000,1.98000,0.99999,0.00000,0.00001,0.00000,0.00000
63.81000,1.98000,0.99999,0.00000,0.00001,0.00000,0.00000
64.01000,1.98000,0.99999,0.00000,0.00001,0.00000,0.00000
64.21000,1.98000,1.00000,0.00000,0.00000,0.00000,0.00000
64.41000,1.98000,0.99999,0.00000,0.00001,0.00000,0.00000
64.61000,1.98000,0.99999,0.00000,0.00001,0.00000,0.00000
64.81000,1.98000,0.99998,0.00000,0.00002,0.00000,0.00000
65.01000,1.98000,0.99999,0.00000,0.00001,0.00000,0.00000
65.21000,1.98000,0.99998,0.00000,0.00002,0.00000,0.00000
65.41000,1.98000,0.99992,0.00000,0.00008,0.00000,0.00000
65.61000,1.98000,0.99992,0.00000,0.00008,0.00000,0.00000
65.81000,1.98000,0.99988,0.00000,0.00011,0.00000,0.00000
66.01000,1.98000,0.99982,0.00000,0.00018,0.00000,0.00000
66.21000,1.98000,0.99985,0.00000,0.00014,0.00001,0.00000
66.41000,1.98000,0.99984,0.00000,0.00015,0.00000,0.00000
66.61000,1.98000,0.99998,0.00000,0.00002,0.00000,0.00000
66.81000,1.98000,0.99997,0.00000,0.00003,0.00000,0.00000
67.01000,1.98000,0.99996,0.00000,0.00003,0.00000,0.00000
67.21000,1.98000,0.99997,0.00000,0.00003,0.00000,0.00000
67.41000,1.98000,0.99949,0.00000,0.00049,0.00000,0.00001
67.61000,1.98000,0.99961,0.00000,0.00038,0.00000,0.00001
67.81000,1.98000,0.99969,0.00000,0.00030,0.00000,0.00001
68.01000,1.98000,0.99941,0.00000,0.00055,0.00000,0.00004
68.21000,1.98000,0.99975,0.00000,0.00022,0.00000,0.00003
68.41000,1.98000,0.99986,0.00000,0.00013,0.00000,0.00001
68.61000,1.98000,0.99986,0.00000,0.00013,0.00000,0.00000
68.81000,1.98000,0.99922,0.00000,0.00077,0.00000,0.00001
69.01000,1.98000,0.98712,0.00000,0.01270,0.00000,0.00018
69.21000,1.98000,0.93484,0.00001,0.06235,0.00003,0.00277
69.41000,1.98000,0.62989,0.00001,0.35618,0.00016,0.01375
69.61000,1.98000,0.91805,0.00000,0.08024,0.00005,0.00166
69.81000,1.98000,0.99795,0.00000,0.00203,0.00000,0.00002
70.01000,1.98000,0.99672,0.00000,0.00327,0.00000,0.00001
70.21000,1.98000,0.99871,0.00000,0.00129,0.00000,0.00000
70.41000,1.98000,0.99984,0.00000,0.00016,0.00000,0.00000
70.61000,1.98000,0.99999,0.00000,0.00001,0.00000,0.00000
70.81000,1.98000,0.99999,0.00000,0.00001,0.00000,0.00000
71.01000,1.98000,0.99999,0.00000,0.00001,0.00000,0.00000
71.21000,1.98000,0.99999,0.00000,0.00001,0.00000,0.00000
71.41000,1.98000,0.99999,0.00000,0.00001,0.00000,0.00000
71.61000,1.98000,0.99999,0.00000,0.00001,0.00000,0.00000
71.81000,1.98000,1.00000,0.00000,0.00000,0.00000,0.00000
72.01000,1.98000,0.99999,0.00000,0.00001,0.00000,0.00000
72.21000,1.98000,0.99999,0.00000,0.00001,0.00000,0.00000
72.41000,1.98000,0.99999,0.00000,0.00001,0.00000,0.00000
72.61000,1.98000,0.99997,0.00000,0.00003,0.00000,0.00000
72.81000,1.98000,0.99992,0.00000,0.00007,0.00000,0.00001
73.01000,1.98000,0.99933,0.00000,0.00054,0.00000,0.00014
73.21000,1.98000,0.99979,0.00000,0.00015,0.00000,0.00007
73.41000,1.98000,0.99960,0.00000,0.00024,0.00000,0.00016
73.61000,1.98000,0.99985,0.00000,0.00010,0.00000,0.00006
73.81000,1.98000,0.99943,0.00000,0.00019,0.00000,0.00038
74.01000,1.98000,0.99658,0.00000,0.00146,0.00000,0.00196
74.21000,1.98000,0.99915,0.00000,0.00058,0.00000,0.00027
74.41000,1.98000,0.99917,0.00000,0.00070,0.00000,0.00013
74.61000,1.98000,0.99933,0.00000,0.00065,0.00000,0.00003
74.81000,1.98000,0.99972,0.00000,0.00026,0.00000,0.00002
75.01000,1.98000,0.99999,0.00000,0.00001,0.00000,0.00000
75.21000,1.98000,0.99984,0.00000,0.00015,0.00000,0.00001
75.41000,1.98000,0.99979,0.00000,0.00019,0.00000,0.00002
75.61000,1.98000,0.93547,0.00009,0.05631,0.00049,0.00765
75.81000,1.98000,0.82947,0.00022,0.14331,0.00168,0.02533
76.01000,1.98000,0.78723,0.00023,0.16456,0.00145,0.04653
76.21000,1.98000,0.69689,0.00046,0.24404,0.00369,0.05492
76.41000,1.98000,0.99618,0.00001,0.00340,0.00002,0.00039
76.61000,1.98000,0.99906,0.00000,0.00090,0.00001,0.00004
76.81000,1.98000,0.99982,0.00000,0.00017,0.00000,0.00000
77.01000,1.98000,0.99984,0.00000,0.00015,0.00000,0.00000
77.21000,1.98000,0.99998,0.00000,0.00002,0.00000,0.00000
77.41000,1.98000,1.00000,0.00000,0.00000,0.00000,0.00000
77.61000,1.98000,0.99999,0.00000,0.00001,0.00000,0.00000
77.81000,1.98000,0.99998,0.00000,0.00002,0.00000,0.00000
78.01000,1.98000,0.99999,0.00000,0.00001,0.00000,0.00000
78.21000,1.98000,0.99999,0.00000,0.00001,0.00000,0.00000
78.41000,1.98000,0.99999,0.00000,0.00001,0.00000,0.00000
78.61000,1.98000,0.99994,0.00000,0.00006,0.00000,0.00000
78.81000,1.98000,0.99973,0.00000,0.00025,0.00000,0.00002
79.01000,1.98000,0.99883,0.00000,0.00093,0.00000,0.00024
79.21000,1.98000,0.99724,0.00000,0.00169,0.00000,0.00108
79.41000,1.98000,0.99537,0.00000,0.00196,0.00000,0.00268
79.61000,1.98000,0.99384,0.00000,0.00155,0.00000,0.00461
79.81000,1.98000,0.99770,0.00000,0.00048,0.00000,0.00183
80.01000,1.98000,0.99911,0.00000,0.00038,0.00000,0.00051
80.21000,1.98000,0.99905,0.00000,0.00053,0.00000,0.00042
80.41000,1.98000,0.99967,0.00000,0.00026,0.00000,0.00007
80.61000,1.98000,0.99984,0.00000,0.00015,0.00000,0.00001
80.81000,1.98000,0.99991,0.00000,0.00008,0.00000,0.00000
81.01000,1.98000,0.99991,0.00000,0.00009,0.00000,0.00000
81.21000,1.98000,0.99994,0.00000,0.00006,0.00000,0.00000
81.41000,1.98000,0.99999,0.00000,0.00001,0.00000,0.00000
81.61000,1.98000,0.99996,0.00000,0.00004,0.00000,0.00000
81.81000,1.98000,0.99650,0.00001,0.00341,0.00001,0.00009
82.01000,1.98000,0.85404,0.00026,0.13898,0.00088,0.00584
82.21000,1.98000,0.83680,0.00039,0.15552,0.00173,0.00556
82.41000,1.98000,0.78028,0.00051,0.21053,0.00258,0.00610
82.61000,1.98000,0.98938,0.00003,0.01023,0.00009,0.00026
82.81000,1.98000,0.99966,0.00000,0.00033,0.00000,0.00000
83.01000,1.98000,0.99991,0.00000,0.00009,0.00000,0.00000
83.21000,1.98000,0.99989,0.00000,0.00011,0.00000,0.00000
83.41000,1.98000,0.99999,0.00000,0.00001,0.00000,0.00000
83.61000,1.98000,0.99999,0.00000,0.00001,0.00000,0.00000
83.81000,1.98000,0.99998,0.00000,0.00002,0.00000,0.00000
84.01000,1.98000,0.99998,0.00000,0.00002,0.00000,0.00000
84.21000,1.98000,0.99994,0.00000,0.00006,0.00000,0.00000
84.41000,1.98000,0.99996,0.00000,0.00004,0.00000,0.00000
84.61000,1.98000,0.99993,0.00000,0.00007,0.00000,0.00000
84.81000,1.98000,0.99994,0.00000,0.00006,0.00000,0.00000
85.01000,1.98000,0.99979,0.00000,0.00021,0.00000,0.00000
85.21000,1.98000,0.99985,0.00000,0.00014,0.00000,0.00001
85.41000,1.98000,0.99986,0.00000,0.00013,0.00000,0.00001
85.61000,1.98000,0.99980,0.00000,0.00019,0.00000,0.00001
85.81000,1.98000,0.99975,0.00000,0.00024,0.00000,0.00001
86.01000,1.98000,0.99988,0.00000,0.00011,0.00000,0.00001
86.21000,1.98000,0.99984,0.00000,0.00015,0.00000,0.00001
86.41000,1.98000,0.99978,0.00000,0.00021,0.00000,0.00001
86.61000,1.98000,0.99977,0.00000,0.00022,0.00000,0.00001
86.81000,1.98000,0.99979,0.00000,0.00020,0.00000,0.00000
87.01000,1.98000,0.99928,0.00000,0.00071,0.00000,0.00001
87.21000,1.98000,0.99924,0.00000,0.00075,0.00001,0.00001
87.41000,1.98000,0.99992,0.00000,0.00008,0.00000,0.00000
87.61000,1.98000,0.99996,0.00000,0.00004,0.00000,0.00000
87.81000,1.98000,0.99991,0.00000,0.00009,0.00000,0.00000
88.01000,1.98000,0.99990,0.00000,0.00010,0.00000,0.00000
88.21000,1.98000,0.89335,0.00002,0.10571,0.00004,0.00088
88.41000,1.98000,0.80819,0.00004,0.18938,0.00010,0.00229
88.61000,1.98000,0.54402,0.00009,0.45213,0.00038,0.00338
88.81000,1.98000,0.91701,0.00002,0.08216,0.00006,0.00076
89.01000,1.98000,0.99371,0.00000,0.00625,0.00000,0.00003
89.21000,1.98000,0.99821,0.00000,0.00179,0.00000,0.00000
89.41000,1.98000,0.99967,0.00000,0.00033,0.00000,0.00000
89.61000,1.98000,0.99974,0.00000,0.00026,0.00000,0.00000
89.81000,1.98000,0.99999,0.00000,0.00001,0.00000,0.00000
90.01000,1.98000,0.99998,0.00000,0.00001,0.00000,0.00000
90.21000,1.98000,0.99999,0.00000,0.00001,0.00000,0.00000
90.41000,1.98000,0.99999,0.00000,0.00001,0.00000,0.00000
90.61000,1.98000,0.99998,0.00000,0.00001,0.00000,0.00000
90.81000,1.98000,0.99998,0.00000,0.00002,0.00000,0.00000
91.01000,1.98000,0.99998,0.00000,0.00002,0.00000,0.00000
91.21000,1.98000,0.99999,0.00000,0.00001,0.00000,0.00000
91.41000,1.98000,0.99997,0.00000,0.00003,0.00000,0.00000
91.61000,1.98000,0.99998,0.00000,0.00002,0.00000,0.00000
91.81000,1.98000,0.99998,0.00000,0.00001,0.00000,0.00000
92.01000,1.98000,0.99994,0.00000,0.00006,0.00000,0.00000
92.21000,1.98000,0.99987,0.00000,0.00012,0.00000,0.00000
92.41000,1.98000,0.99978,0.00000,0.00021,0.00000,0.00001
92.61000,1.98000,0.99794,0.00000,0.00188,0.00001,0.00017
92.81000,1.98000,0.99744,0.00000,0.00213,0.00001,0.00042
93.01000,1.98000,0.99932,0.00000,0.00053,0.00000,0.00014
93.21000,1.98000,0.99978,0.00000,0.00017,0.00000,0.00005
93.41000,1.98000,0.99894,0.00000,0.00087,0.00000,0.00020
93.61000,1.98000,0.99940,0.00000,0.00051,0.00000,0.00009
93.81000,1.98000,0.99967,0.00000,0.00029,0.00000,0.00004
94.01000,1.98000,0.99978,0.00000,0.00020,0.00000,0.00002
94.21000,1.98000,0.99959,0.00000,0.00040,0.00000,0.00002
94.41000,1.98000,0.99955,0.00000,0.00044,0.00000,0.00001
94.61000,1.98000,0.99995,0.00000,0.00004,0.00000,0.00000
94.81000,1.98000,0.99991,0.00000,0.00008,0.00000,0.00000
95.01000,1.98000,0.99988,0.00000,0.00012,0.00000,0.00000
95.21000,1.98000,0.99992,0.00000,0.00008,0.00000,0.00000
95.41000,1.98000,0.94054,0.00006,0.05870,0.00005,0.00065
95.61000,1.98000,0.75687,0.00035,0.23977,0.00029,0.00272
95.81000,1.98000,0.58037,0.00090,0.41401,0.00090,0.00383
96.01000,1.98000,0.51809,0.00158,0.47488,0.00166,0.00379
96.21000,1.98000,0.99720,0.00001,0.00277,0.00000,0.00001
96.41000,1.98000,0.99569,0.00000,0.00431,0.00000,0.00000
96.61000,1.98000,0.99942,0.00000,0.00058,0.00000,0.00000
96.81000,1.98000,0.99982,0.00000,0.00018,0.00000,0.00000
97.01000,1.98000,0.99998,0.00000,0.00001,0.00000,0.00000
97.21000,1.98000,0.99999,0.00000,0.00001,0.00000,0.00000
97.41000,1.98000,1.00000,0.00000,0.00000,0.00000,0.00000
97.61000,1.98000,0.99999,0.00000,0.00000,0.00000,0.00000
97.81000,1.98000,1.00000,0.00000,0.00000,0.00000,0.00000
98.01000,1.98000,0.99999,0.00000,0.00001,0.00000,0.00000
98.21000,1.98000,1.00000,0.00000,0.00000,0.00000,0.00000
98.41000,1.98000,0.99999,0.00000,0.00000,0.00000,0.00000
98.61000,1.98000,0.99999,0.00000,0.00001,0.00000,0.00000
98.81000,1.98000,0.99999,0.00000,0.00001,0.00000,0.00000
99.01000,1.98000,0.99999,0.00000,0.00001,0.00000,0.00000
99.21000,1.98000,0.99999,0.00000,0.00001,0.00000,0.00000
99.41000,1.98000,0.99999,0.00000,0.00001,0.00000,0.00000
99.61000,1.98000,1.00000,0.00000,0.00000,0.00000,0.00000
99.81000,1.98000,0.99995,0.00000,0.00005,0.00000,0.00000
100.01000,1.98000,0.99987,0.00000,0.00013,0.00000,0.00000
100.21000,1.98000,0.99977,0.00000,0.00023,0.00000,0.00000
100.41000,1.98000,0.99982,0.00000,0.00017,0.00000,0.00000
100.61000,1.98000,0.99990,0.00000,0.00009,0.00000,0.00001
100.81000,1.98000,0.99922,0.00000,0.00068,0.00000,0.00010
101.01000,1.98000,0.99968,0.00000,0.00027,0.00000,0.00005
101.21000,1.98000,0.99980,0.00000,0.00016,0.00000,0.00004
101.41000,1.98000,0.99957,0.00000,0.00036,0.00000,0.00007
101.61000,1.98000,0.99954,0.00000,0.00038,0.00000,0.00009
101.81000,1.98000,0.99978,0.00000,0.00016,0.00000,0.00006
102.01000,1.98000,0.99975,0.00000,0.00022,0.00000,0.00003
102.21000,1.98000,0.99976,0.00000,0.00023,0.00000,0.00001
102.41000,1.98000,0.99484,0.00003,0.00487,0.00001,0.00026
102.61000,1.98000,0.55954,0.00128,0.35766,0.00098,0.08053
102.81000,1.98000,0.57963,0.00074,0.37174,0.00084,0.04705
103.01000,1.98000,0.52676,0.00099,0.44666,0.00160,0.02400
103.21000,1.98000,0.97430,0.00010,0.02454,0.00011,0.00096
103.41000,1.98000,0.99797,0.00001,0.00201,0.00000,0.00002
103.61000,1.98000,0.99953,0.00000,0.00046,0.00000,0.00000
103.81000,1.98000,0.99993,0.00000,0.00007,0.00000,0.00000
104.01000,1.98000,0.99997,0.00000,0.00003,0.00000,0.00000
104.21000,1.98000,0.99999,0.00000,0.00001,0.00000,0.00000
104.41000,1.98000,0.99999,0.00000,0.00001,0.00000,0.00000
104.61000,1.98000,0.99999,0.00000,0.00001,0.00000,0.00000
104.81000,1.98000,0.99999,0.00000,0.00001,0.00000,0.00000
105.01000,1.98000,0.99999,0.00000,0.00001,0.00000,0.00000
105.21000,1.98000,0.99999,0.00000,0.00001,0.00000,0.00000
105.41000,1.98000,0.99999,0.00000,0.00001,0.00000,0.00000
105.61000,1.98000,0.99999,0.00000,0.00001,0.00000,0.00000
105.81000,1.98000,0.99999,0.00000,0.00001,0.00000,0.00000
106.01000,1.98000,0.99998,0.00000,0.00002,0.00000,0.00000
106.21000,1.98000,0.99998,0.00000,0.00002,0.00000,0.00000
106.41000,1.98000,0.99997,0.00000,0.00003,0.00000,0.00000
106.61000,1.98000,0.99994,0.00000,0.00006,0.00000,0.00000
106.81000,1.98000,0.99992,0.00000,0.00008,0.00000,0.00000
107.01000,1.98000,0.99977,0.00000,0.00022,0.00000,0.00000
107.21000,1.98000,0.99995,0.00000,0.00005,0.00000,0.00000
107.41000,1.98000,0.99981,0.00000,0.00018,0.00000,0.00001
107.61000,1.98000,0.99975,0.00000,0.00024,0.00000,0.00002
107.81000,1.98000,0.99977,0.00000,0.00021,0.00000,0.00002
108.01000,1.98000,0.99979,0.00000,0.00018,0.00000,0.00003
108.21000,1.98000,0.99775,0.00000,0.00175,0.00000,0.00050
108.41000,1.98000,0.99275,0.00000,0.00463,0.00000,0.00262
108.61000,1.98000,0.99835,0.00000,0.00107,0.00000,0.00058
108.81000,1.98000,0.98988,0.00000,0.00547,0.00000,0.00465
109.01000,1.98000,0.97064,0.00000,0.01291,0.00000,0.01645
109.21000,1.98000,0.99402,0.00000,0.00256,0.00000,0.00342
109.41000,1.98000,0.99937,0.00000,0.00027,0.00000,0.00036
109.61000,1.98000,0.99966,0.00000,0.00026,0.00000,0.00008
109.81000,1.98000,0.99755,0.00000,0.00211,0.00000,0.00033
110.01000,1.98000,0.98474,0.00000,0.01128,0.00000,0.00398
110.21000,1.98000,0.95974,0.00000,0.02361,0.00000,0.01665
110.41000,1.98000,0.96332,0.00000,0.02265,0.00000,0.01402
110.61000,1.98000,0.99832,0.00000,0.00087,0.00000,0.00080
110.81000,1.98000,0.99927,0.00000,0.00034,0.00000,0.00039
111.01000,1.98000,0.99405,0.00000,0.00295,0.00000,0.00299
111.21000,1.98000,0.94466,0.00001,0.01844,0.00000,0.03690
111.41000,1.98000,0.95575,0.00001,0.00432,0.00000,0.03992
111.61000,1.98000,0.89783,0.00001,0.00680,0.00001,0.09535
111.81000,1.98000,0.96274,0.00000,0.00579,0.00000,0.03146
112.01000,1.98000,0.93032,0.00000,0.00833,0.00001,0.06134
112.21000,1.98000,0.99134,0.00000,0.00118,0.00000,0.00748
112.41000,1.98000,0.99702,0.00000,0.00045,0.00000,0.00253
112.61000,1.98000,0.99313,0.00000,0.00140,0.00000,0.00547
112.81000,1.98000,0.99399,0.00000,0.00179,0.00000,0.00422
113.01000,1.98000,0.99481,0.00000,0.00196,0.00000,0.00324
113.21000,1.98000,0.99816,0.00000,0.00067,0.00000,0.00118
113.41000,1.98000,0.99389,0.00000,0.00283,0.00000,0.00328
113.61000,1.98000,0.99860,0.00000,0.00080,0.00000,0.00061
113.81000,1.98000,0.99955,0.00000,0.00028,0.00000,0.00017
114.01000,1.98000,0.99925,0.00000,0.00053,0.00000,0.00022
114.21000,1.98000,0.99946,0.00000,0.00048,0.00000,0.00006
114.41000,1.98000,0.99953,0.00000,0.00045,0.00000,0.00001
114.61000,1.98000,0.99996,0.00000,0.00004,0.00000,0.00000
114.81000,1.98000,0.99976,0.00000,0.00024,0.00000,0.00000
115.01000,1.98000,0.99999,0.00000,0.00001,0.00000,0.00000
115.21000,1.98000,0.99999,0.00000,0.00001,0.00000,0.00000
115.41000,1.98000,0.99991,0.00000,0.00009,0.00000,0.00000
115.61000,1.98000,0.99905,0.00000,0.00090,0.00001,0.00004
115.81000,1.98000,0.91844,0.00004,0.07312,0.00176,0.00663
116.01000,1.98000,0.88430,0.00006,0.10335,0.00240,0.00989
116.21000,1.98000,0.87462,0.00007,0.11159,0.00295,0.01076
116.41000,1.98000,0.98595,0.00001,0.01275,0.00026,0.00103
116.61000,1.98000,0.99953,0.00000,0.00045,0.00000,0.00001
116.81000,1.98000,0.99964,0.00000,0.00034,0.00000,0.00001
117.01000,1.98000,0.99992,0.00000,0.00008,0.00000,0.00000
117.21000,1.98000,0.99989,0.00000,0.00010,0.00000,0.00000
117.41000,1.98000,0.99996,0.00000,0.00004,0.00000,0.00000
117.61000,1.98000,0.99997,0.00000,0.00003,0.00000,0.00000
117.81000,1.98000,0.99996,0.00000,0.00004,0.00000,0.00000
118.01000,1.98000,0.99979,0.00000,0.00019,0.00000,0.00001
118.21000,1.98000,0.99919,0.00000,0.00053,0.00000,0.00028
118.41000,1.98000,0.99817,0.00000,0.00096,0.00000,0.00088
118.61000,1.98000,0.99816,0.00000,0.00078,0.00000,0.00105
118.81000,1.98000,0.99747,0.00000,0.00051,0.00000,0.00202
119.01000,1.98000,0.99944,0.00000,0.00021,0.00000,0.00036
119.21000,1.98000,0.99553,0.00000,0.00042,0.00000,0.00405
119.41000,1.98000,0.99737,0.00000,0.00042,0.00000,0.00221
119.61000,1.98000,0.99833,0.00000,0.00084,0.00000,0.00082
119.81000,1.98000,0.99951,0.00000,0.00041,0.00000,0.00008
120.01000,1.98000,0.99966,0.00000,0.00031,0.00000,0.00003
120.21000,1.98000,0.99992,0.00000,0.00006,0.00000,0.00001
120.41000,1.98000,0.99995,0.00000,0.00004,0.00000,0.00000
120.61000,1.98000,0.99998,0.00000,0.00002,0.00000,0.00000
120.81000,1.98000,0.99985,0.00000,0.00015,0.00000,0.00000
121.01000,1.98000,0.99851,0.00000,0.00139,0.00000,0.00009
121.21000,1.98000,0.91790,0.00001,0.06998,0.00007,0.01205
121.41000,1.98000,0.76859,0.00002,0.18419,0.00016,0.04705
121.61000,1.98000,0.71097,0.00003,0.21796,0.00023,0.07082
121.81000,1.98000,0.97817,0.00000,0.01716,0.00002,0.00464
122.01000,1.98000,0.99754,0.00000,0.00230,0.00000,0.00017
122.21000,1.98000,0.99963,0.00000,0.00034,0.00000,0.00002
122.41000,1.98000,0.99947,0.00000,0.00051,0.00000,0.00002
122.61000,1.98000,0.99980,0.00000,0.00018,0.00000,0.00001
122.81000,1.98000,0.99994,0.00000,0.00006,0.00000,0.00000
123.01000,1.98000,0.99992,0.00000,0.00008,0.00000,0.00000
123.21000,1.98000,0.99994,0.00000,0.00006,0.00000,0.00000
123.41000,1.98000,0.99996,0.00000,0.00004,0.00000,0.00000
123.61000,1.98000,0.99993,0.00000,0.00007,0.00000,0.00000
123.81000,1.98000,0.99994,0.00000,0.00006,0.00000,0.00000
124.01000,1.98000,0.99999,0.00000,0.00001,0.00000,0.00000
124.21000,1.98000,0.99998,0.00000,0.00002,0.00000,0.00000
124.41000,1.98000,0.99994,0.00000,0.00006,0.00000,0.00000
124.61000,1.98000,0.99975,0.00000,0.00021,0.00000,0.00004
124.81000,1.98000,0.99982,0.00000,0.00014,0.00000,0.00005
125.01000,1.98000,0.99943,0.00000,0.00032,0.00000,0.00025
125.21000,1.98000,0.99403,0.00000,0.00255,0.00000,0.00342
125.41000,1.98000,0.99928,0.00000,0.00017,0.00000,0.00055
125.61000,1.98000,0.99415,0.00000,0.00061,0.00000,0.00524
125.81000,1.98000,0.97717,0.00000,0.00162,0.00000,0.02121
126.01000,1.98000,0.99629,0.00000,0.00051,0.00000,0.00320
126.21000,1.98000,0.99978,0.00000,0.00011,0.00000,0.00011
126.41000,1.98000,0.99950,0.00000,0.00029,0.00000,0.00021
126.61000,1.98000,0.96710,0.00003,0.01558,0.00001,0.01729
126.81000,1.98000,0.82857,0.00005,0.08006,0.00004,0.09127
127.01000,1.98000,0.94214,0.00004,0.03257,0.00002,0.02523
127.21000,1.98000,0.88962,0.00003,0.07291,0.00008,0.03736
127.41000,1.98000,0.96092,0.00002,0.03538,0.00014,0.00355
127.61000,1.98000,0.99936,0.00000,0.00062,0.00000,0.00002
127.81000,1.98000,0.99896,0.00000,0.00102,0.00000,0.00002
128.00999,1.98001,0.99971,0.00000,0.00028,0.00000,0.00001
128.21001,1.98000,0.99988,0.00000,0.00011,0.00000,0.00000
128.41000,1.98000,0.99997,0.00000,0.00003,0.00000,0.00000
128.61000,1.98000,0.99997,0.00000,0.00003,0.00000,0.00000
128.81000,1.98000,0.99994,0.00000,0.00006,0.00000,0.00000
129.00999,1.98001,0.99992,0.00000,0.00008,0.00000,0.00000
129.21001,1.98000,0.99968,0.00000,0.00030,0.00000,0.00001
129.41000,1.98000,0.99915,0.00000,0.00080,0.00000,0.00005
129.61000,1.98000,0.99768,0.00000,0.00209,0.00001,0.00022
129.81000,1.98000,0.99978,0.00000,0.00019,0.00000,0.00003
130.00999,1.98001,0.99936,0.00000,0.00046,0.00000,0.00019
130.21001,1.98000,0.99878,0.00000,0.00031,0.00000,0.00091
130.41000,1.98000,0.99640,0.00000,0.00055,0.00000,0.00305
130.61000,1.98000,0.99856,0.00000,0.00033,0.00000,0.00111
130.81000,1.98000,0.99849,0.00000,0.00089,0.00000,0.00062
131.00999,1.98001,0.99902,0.00000,0.00055,0.00000,0.00043
131.21001,1.98000,0.99993,0.00000,0.00003,0.00000,0.00003
131.41000,1.98000,0.99998,0.00000,0.00001,0.00000,0.00002
131.61000,1.98000,0.99997,0.00000,0.00001,0.00000,0.00002
131.81000,1.98000,0.99993,0.00000,0.00004,0.00000,0.00003
132.00999,1.98001,0.99812,0.00001,0.00124,0.00001,0.00062
132.21001,1.98000,0.96357,0.00042,0.02548,0.00123,0.00931
132.41000,1.98000,0.95814,0.00052,0.02673,0.00184,0.01277
