Time (seconds), Duration (seconds),pred_(unlabeled),pred_On,pred_Off,pred_Dimmer,pred_Lighter
0.01000,1.98000,0.99999,0.00000,0.00001,0.00000,0.00000
0.21000,1.98000,0.99999,0.00000,0.00001,0.00000,0.00000
0.41000,1.98000,0.99999,0.00000,0.00001,0.00000,0.00000
0.61000,1.98000,0.99999,0.00000,0.00001,0.00000,0.00000
0.81000,1.98000,0.99998,0.00000,0.00002,0.00000,0.00000
1.01000,1.98000,0.99998,0.00000,0.00002,0.00000,0.00000
1.21000,1.98000,0.99996,0.00000,0.00004,0.00000,0.00000
1.41000,1.98000,0.99224,0.00000,0.00768,0.00001,0.00007
1.61000,1.98000,0.66052,0.00001,0.32480,0.00038,0.01430
1.81000,1.98000,0.56276,0.00002,0.41447,0.00052,0.02224
2.01000,1.98000,0.65773,0.00002,0.32418,0.00042,0.01766
2.21000,1.98000,0.99375,0.00000,0.00607,0.00000,0.00018
2.41000,1.98000,0.99657,0.00000,0.00339,0.00000,0.00003
2.61000,1.98000,0.99962,0.00000,0.00038,0.00000,0.00000
2.81000,1.98000,0.99989,0.00000,0.00011,0.00000,0.00000
3.01000,1.98000,0.99997,0.00000,0.00003,0.00000,0.00000
3.21000,1.98000,0.99998,0.00000,0.00002,0.00000,0.00000
3.41000,1.98000,0.99994,0.00000,0.00006,0.00000,0.00000
3.61000,1.98000,0.99993,0.00000,0.00007,0.00000,0.00000
3.81000,1.98000,0.99986,0.00000,0.00014,0.00000,0.00000
4.01000,1.98000,0.99964,0.00000,0.00035,0.00000,0.00000
4.21000,1.98000,0.99925,0.00000,0.00074,0.00000,0.00001
4.41000,1.98000,0.99921,0.00000,0.00077,0.00000,0.00001
4.61000,1.98000,0.99979,0.00000,0.00020,0.00000,0.00001
4.81000,1.98000,0.99945,0.00000,0.00051,0.00000,0.00004
5.01000,1.98000,0.99916,0.00000,0.00080,0.00000,0.00004
5.21000,1.98000,0.99986,0.00000,0.00013,0.00000,0.00001
5.41000,1.98000,0.99976,0.00000,0.00023,0.00000,0.00001
5.61000,1.98000,0.99987,0.00000,0.00012,0.00000,0.00000
5.81000,1.98000,0.99993,0.00000,0.00007,0.00000,0.00000
6.01000,1.98000,0.99999,0.00000,0.00001,0.00000,0.00000
6.21000,1.98000,0.99999,0.00000,0.00001,0.00000,0.00000
6.41000,1.98000,0.99999,0.00000,0.00001,0.00000,0.00000
6.61000,1.98000,0.99999,0.00000,0.00001,0.00000,0.00000
6.81000,1.98000,0.99999,0.00000,0.00001,0.00000,0.00000
7.01000,1.98000,0.99999,0.00000,0.00001,0.00000,0.00000
7.21000,1.98000,0.99999,0.00000,0.00001,0.00000,0.00000
7.41000,1.98000,1.00000,0.00000,0.00000,0.00000,0.00000
7.61000,1.98000,0.99999,0.00000,0.00001,0.00000,0.00000
7.81000,1.98000,0.99999,0.00000,0.00001,0.00000,0.00000
8.01000,1.98000,0.99999,0.00000,0.00001,0.00000,0.00000
8.21000,1.98000,0.99999,0.00000,0.00001,0.00000,0.00000
8.41000,1.98000,0.99999,0.00000,0.00001,0.00000,0.00000
8.61000,1.98000,0.99999,0.00000,0.00001,0.00000,0.00000
8.81000,1.98000,0.99999,0.00000,0.00001,0.00000,0.00000
9.01000,1.98000,0.99999,0.00000,0.00001,0.00000,0.00000
9.21000,1.98000,1.00000,0.00000,0.00000,0.00000,0.00000
9.41000,1.98000,0.99998,0.00000,0.00002,0.00000,0.00000
9.61000,1.98000,0.99389,0.00000,0.00606,0.00004,0.00002
9.81000,1.98000,0.77209,0.00003,0.22408,0.00215,0.00165
10.01000,1.98000,0.78286,0.00003,0.21316,0.00229,0.00166
10.21000,1.98000,0.70168,0.00004,0.29239,0.00339,0.00249
10.41000,1.98000,0.83936,0.00003,0.15735,0.00194,0.00132
10.61000,1.98000,0.98859,0.00000,0.01116,0.00017,0.00007
10.81000,1.98000,0.99956,0.00000,0.00043,0.00000,0.00000
11.01000,1.98000,0.99976,0.00000,0.00023,0.00000,0.00000
11.21000,1.98000,1.00000,0.00000,0.00000,0.00000,0.00000
11.41000,1.98000,0.99999,0.00000,0.00001,0.00000,0.00000
11.61000,1.98000,0.99999,0.00000,0.00001,0.00000,0.00000
11.81000,1.98000,1.00000,0.00000,0.00000,0.00000,0.00000
12.01000,1.98000,1.00000,0.00000,0.00000,0.00000,0.00000
12.21000,1.98000,1.00000,0.00000,0.00000,0.00000,0.00000
12.41000,1.98000,1.00000,0.00000,0.00000,0.00000,0.00000
12.61000,1.98000,1.00000,0.00000,0.00000,0.00000,0.00000
12.81000,1.98000,1.00000,0.00000,0.00000,0.00000,0.00000
13.01000,1.98000,1.00000,0.00000,0.00000,0.00000,0.00000
13.21000,1.98000,1.00000,0.00000,0.00000,0.00000,0.00000
13.41000,1.98000,1.00000,0.00000,0.00000,0.00000,0.00000
13.61000,1.98000,0.99999,0.00000,0.00001,0.00000,0.00000
13.81000,1.98000,0.99999,0.00000,0.00000,0.00000,0.00000
14.01000,1.98000,0.99999,0.00000,0.00001,0.00000,0.00000
14.21000,1.98000,0.99998,0.00000,0.00002,0.00000,0.00000
14.41000,1.98000,0.99997,0.00000,0.00003,0.00000,0.00000
14.61000,1.98000,0.99893,0.00000,0.00097,0.00000,0.00010
14.81000,1.98000,0.99860,0.00000,0.00119,0.00000,0.00021
15.01000,1.98000,0.99401,0.00000,0.00369,0.00000,0.00230
15.21000,1.98000,0.99721,0.00000,0.00126,0.00000,0.00152
15.41000,1.98000,0.99968,0.00000,0.00014,0.00000,0.00017
15.61000,1.98000,0.99918,0.00000,0.00053,0.00000,0.00030
15.81000,1.98000,0.99984,0.00000,0.00014,0.00000,0.00001
16.01000,1.98000,0.99992,0.00000,0.00008,0.00000,0.00000
16.21000,1.98000,0.99995,0.00000,0.00004,0.00000,0.00000
16.41000,1.98000,0.99999,0.00000,0.00001,0.00000,0.00000
16.61000,1.98000,0.99999,0.00000,0.00001,0.00000,0.00000
16.81000,1.98000,0.99999,0.00000,0.00001,0.00000,0.00000
17.01000,1.98000,0.99999,0.00000,0.00001,0.00000,0.00000
17.21000,1.98000,0.99999,0.00000,0.00001,0.00000,0.00000
17.41000,1.98000,0.99999,0.00000,0.00001,0.00000,0.00000
17.61000,1.98000,0.99999,0.00000,0.00001,0.00000,0.00000
17.81000,1.98000,0.99999,0.00000,0.00001,0.00000,0.00000
18.01000,1.98000,0.99999,0.00000,0.00001,0.00000,0.00000
18.21000,1.98000,0.99999,0.00000,0.00001,0.00000,0.00000
18.41000,1.98000,0.99999,0.00000,0.00001,0.00000,0.00000
18.61000,1.98000,0.99988,0.00000,0.00012,0.00000,0.00000
18.81000,1.98000,0.85654,0.00002,0.14161,0.00101,0.00082
19.01000,1.98000,0.57235,0.00009,0.42097,0.00372,0.00289
19.21000,1.98000,0.45245,0.00013,0.53723,0.00562,0.00456
19.41000,1.98000,0.53166,0.00011,0.45959,0.00492,0.00373
19.61000,1.98000,0.98251,0.00001,0.01711,0.00021,0.00017
19.81000,1.98000,0.99935,0.00000,0.00064,0.00000,0.00000
20.01000,1.98000,0.99878,0.00000,0.00121,0.00001,0.00000
20.21000,1.98000,0.99992,0.00000,0.00008,0.00000,0.00000
20.41000,1.98000,0.99998,0.00000,0.00002,0.00000,0.00000
20.61000,1.98000,0.99999,0.00000,0.00001,0.00000,0.00000
20.81000,1.98000,0.99999,0.00000,0.00000,0.00000,0.00000
21.01000,1.98000,1.00000,0.00000,0.00000,0.00000,0.00000
21.21000,1.98000,1.00000,0.00000,0.00000,0.00000,0.00000
21.41000,1.98000,1.00000,0.00000,0.00000,0.00000,0.00000
21.61000,1.98000,1.00000,0.00000,0.00000,0.00000,0.00000
21.81000,1.98000,1.00000,0.00000,0.00000,0.00000,0.00000
22.01000,1.98000,1.00000,0.00000,0.00000,0.00000,0.00000
22.21000,1.98000,1.00000,0.00000,0.00000,0.00000,0.00000
22.41000,1.98000,1.00000,0.00000,0.00000,0.00000,0.00000
22.61000,1.98000,1.00000,0.00000,0.00000,0.00000,0.00000
22.81000,1.98000,0.99999,0.00000,0.00001,0.00000,0.00000
23.01000,1.98000,0.99997,0.00000,0.00003,0.00000,0.00000
23.21000,1.98000,0.99992,0.00000,0.00007,0.00000,0.00001
23.41000,1.98000,0.99713,0.00000,0.00162,0.00000,0.00125
23.61000,1.98000,0.98724,0.00000,0.00499,0.00000,0.00777
23.81000,1.98000,0.98691,0.00000,0.00359,0.00000,0.00950
24.01000,1.98000,0.99869,0.00000,0.00042,0.00000,0.00089
24.21000,1.98000,0.99930,0.00000,0.00022,0.00000,0.00049
24.41000,1.98000,0.99889,0.00000,0.00037,0.00000,0.00074
24.61000,1.98000,0.99923,0.00000,0.00051,0.00000,0.00025
24.81000,1.98000,0.99981,0.00000,0.00018,0.00000,0.00002
25.01000,1.98000,0.99995,0.00000,0.00004,0.00000,0.00000
25.21000,1.98000,0.99993,0.00000,0.00007,0.00000,0.00000
25.41000,1.98000,0.99962,0.00000,0.00037,0.00000,0.00001
25.61000,1.98000,0.99963,0.00000,0.00035,0.00000,0.00002
25.81000,1.98000,0.99921,0.00000,0.00076,0.00000,0.00003
26.01000,1.98000,0.99970,0.00000,0.00029,0.00000,0.00001
26.21000,1.98000,0.99961,0.00000,0.00038,0.00000,0.00000
26.41000,1.98000,0.99963,0.00000,0.00036,0.00000,0.00001
26.61000,1.98000,0.99994,0.00000,0.00006,0.00000,0.00000
26.81000,1.98000,0.99990,0.00000,0.00010,0.00000,0.00000
27.01000,1.98000,0.99960,0.00000,0.00039,0.00000,0.00000
27.21000,1.98000,0.73808,0.00006,0.26027,0.00068,0.00092
27.41000,1.98000,0.72258,0.00013,0.27471,0.00137,0.00121
27.61000,1.98000,0.63009,0.00011,0.36728,0.00133,0.00119
27.81000,1.98000,0.69671,0.00009,0.30113,0.00109,0.00098
28.01000,1.98000,0.99864,0.00000,0.00135,0.00000,0.00000
28.21000,1.98000,0.99810,0.00000,0.00190,0.00000,0.00000
28.41000,1.98000,0.99960,0.00000,0.00040,0.00000,0.00000
28.61000,1.98000,0.99998,0.00000,0.00002,0.00000,0.00000
28.81000,1.98000,0.99999,0.00000,0.00001,0.00000,0.00000
29.01000,1.98000,0.99999,0.00000,0.00001,0.00000,0.00000
29.21000,1.98000,1.00000,0.00000,0.00000,0.00000,0.00000
29.41000,1.98000,1.00000,0.00000,0.00000,0.00000,0.00000
29.61000,1.98000,0.99999,0.00000,0.00000,0.00000,0.00000
29.81000,1.98000,1.00000,0.00000,0.00000,0.00000,0.00000
30.01000,1.98000,0.99999,0.00000,0.00001,0.00000,0.00000
30.21000,1.98000,1.00000,0.00000,0.00000,0.00000,0.00000
30.41000,1.98000,0.99998,0.00000,0.00002,0.00000,0.00000
30.61000,1.98000,0.99997,0.00000,0.00003,0.00000,0.00000
30.81000,1.98000,0.99990,0.00000,0.00009,0.00000,0.00000
31.01000,1.98000,0.99989,0.00000,0.00010,0.00000,0.00000
31.21000,1.98000,0.99983,0.00000,0.00016,0.00000,0.00000
31.41000,1.98000,0.99979,0.00000,0.00021,0.00000,0.00000
31.61000,1.98000,0.99991,0.00000,0.00008,0.00000,0.00000
31.81000,1.98000,0.99998,0.00000,0.00002,0.00000,0.00000
32.01000,1.98000,0.99992,0.00000,0.00008,0.00000,0.00000
32.21000,1.98000,0.99998,0.00000,0.00002,0.00000,0.00000
32.41000,1.98000,0.99994,0.00000,0.00006,0.00000,0.00000
32.61000,1.98000,0.99990,0.00000,0.00010,0.00000,0.00000
32.81000,1.98000,0.99989,0.00000,0.00011,0.00000,0.00000
33.01000,1.98000,0.99989,0.00000,0.00011,0.00000,0.00000
33.21000,1.98000,0.99991,0.00000,0.00009,0.00000,0.00000
33.41000,1.98000,0.99996,0.00000,0.00004,0.00000,0.00000
33.61000,1.98000,0.99998,0.00000,0.00002,0.00000,0.00000
33.81000,1.98000,0.99997,0.00000,0.00003,0.00000,0.00000
34.01000,1.98000,0.99998,0.00000,0.00002,0.00000,0.00000
34.21000,1.98000,0.99999,0.00000,0.00001,0.00000,0.00000
34.41000,1.98000,0.99999,0.00000,0.00001,0.00000,0.00000
34.61000,1.98000,0.99999,0.00000,0.00001,0.00000,0.00000
34.81000,1.98000,0.99999,0.00000,0.00001,0.00000,0.00000
35.01000,1.98000,0.99999,0.00000,0.00001,0.00000,0.00000
35.21000,1.98000,0.99999,0.00000,0.00001,0.00000,0.00000
35.41000,1.98000,0.99999,0.00000,0.00001,0.00000,0.00000
35.61000,1.98000,0.99999,0.00000,0.00001,0.00000,0.00000
35.81000,1.98000,0.99999,0.00000,0.00001,0.00000,0.00000
36.01000,1.98000,0.99999,0.00000,0.00001,0.00000,0.00000
36.21000,1.98000,0.99999,0.00000,0.00001,0.00000,0.00000
36.41000,1.98000,0.99999,0.00000,0.00001,0.00000,0.00000
36.61000,1.98000,0.99999,0.00000,0.00001,0.00000,0.00000
36.81000,1.98000,0.99999,0.00000,0.00001,0.00000,0.00000
37.01000,1.98000,0.99998,0.00000,0.00002,0.00000,0.00000
37.21000,1.98000,0.99999,0.00000,0.00001,0.00000,0.00000
37.41000,1.98000,0.99997,0.00000,0.00003,0.00000,0.00000
37.61000,1.98000,0.99997,0.00000,0.00003,0.00000,0.00000
37.81000,1.98000,0.95182,0.00000,0.04710,0.00020,0.00087
38.01000,1.98000,0.76461,0.00002,0.22534,0.00085,0.00918
38.21000,1.98000,0.71300,0.00003,0.27161,0.00096,0.01440
38.41000,1.98000,0.67030,0.00004,0.30933,0.00139,0.01894
38.61000,1.98000,0.99548,0.00000,0.00438,0.00001,0.00013
38.81000,1.98000,0.99360,0.00000,0.00635,0.00001,0.00004
39.01000,1.98000,0.99905,0.00000,0.00094,0.00000,0.00000
39.21000,1.98000,0.99990,0.00000,0.00010,0.00000,0.00000
39.41000,1.98000,0.99999,0.00000,0.00001,0.00000,0.00000
39.61000,1.98000,0.99999,0.00000,0.00001,0.00000,0.00000
39.81000,1.98000,1.00000,0.00000,0.00000,0.00000,0.00000
40.01000,1.98000,1.00000,0.00000,0.00000,0.00000,0.00000
40.21000,1.98000,1.00000,0.00000,0.00000,0.00000,0.00000
40.41000,1.98000,1.00000,0.00000,0.00000,0.00000,0.00000
40.61000,1.98000,1.00000,0.00000,0.00000,0.00000,0.00000
40.81000,1.98000,1.00000,0.00000,0.00000,0.00000,0.00000
41.01000,1.98000,1.00000,0.00000,0.00000,0.00000,0.00000
41.21000,1.98000,1.00000,0.00000,0.00000,0.00000,0.00000
41.41000,1.98000,1.00000,0.00000,0.00000,0.00000,0.00000
41.61000,1.98000,1.00000,0.00000,0.00000,0.00000,0.00000
41.81000,1.98000,1.00000,0.00000,0.00000,0.00000,0.00000
42.01000,1.98000,1.00000,0.00000,0.00000,0.00000,0.00000
42.21000,1.98000,1.00000,0.00000,0.00000,0.00000,0.00000
42.41000,1.98000,1.00000,0.00000,0.00000,0.00000,0.00000
42.61000,1.98000,1.00000,0.00000,0.00000,0.00000,0.00000
42.81000,1.98000,1.00000,0.00000,0.00000,0.00000,0.00000
43.01000,1.98000,0.99999,0.00000,0.00001,0.00000,0.00000
43.21000,1.98000,0.99999,0.00000,0.00001,0.00000,0.00000
43.41000,1.98000,0.99999,0.00000,0.00001,0.00000,0.00000
43.61000,1.98000,0.99999,0.00000,0.00001,0.00000,0.00000
43.81000,1.98000,0.99999,0.00000,0.00001,0.00000,0.00000
44.01000,1.98000,0.99999,0.00000,0.00001,0.00000,0.00000
44.21000,1.98000,0.99999,0.00000,0.00001,0.00000,0.00000
44.41000,1.98000,0.99999,0.00000,0.00001,0.00000,0.00000
44.61000,1.98000,1.00000,0.00000,0.00000,0.00000,0.00000
44.81000,1.98000,1.00000,0.00000,0.00000,0.00000,0.00000
45.01000,1.98000,0.99999,0.00000,0.00001,0.00000,0.00000
45.21000,1.98000,0.99999,0.00000,0.00001,0.00000,0.00000
45.41000,1.98000,0.99999,0.00000,0.00001,0.00000,0.00000
45.61000,1.98000,0.99999,0.00000,0.00001,0.00000,0.00000
45.81000,1.98000,0.99999,0.00000,0.00001,0.00000,0.00000
46.01000,1.98000,0.99999,0.00000,0.00001,0.00000,0.00000
46.21000,1.98000,0.99999,0.00000,0.00001,0.00000,0.00000
46.41000,1.98000,0.99999,0.00000,0.00001,0.00000,0.00000
46.61000,1.98000,0.99999,0.00000,0.00001,0.00000,0.00000
46.81000,1.98000,0.99999,0.00000,0.00001,0.00000,0.00000
47.01000,1.98000,0.99997,0.00000,0.00003,0.00000,0.00000
47.21000,1.98000,0.99996,0.00000,0.00004,0.00000,0.00000
47.41000,1.98000,0.99997,0.00000,0.00003,0.00000,0.00000
47.61000,1.98000,0.99995,0.00000,0.00005,0.00000,0.00000
47.81000,1.98000,0.99994,0.00000,0.00006,0.00000,0.00000
48.01000,1.98000,0.99994,0.00000,0.00006,0.00000,0.00000
48.21000,1.98000,0.99999,0.00000,0.00001,0.00000,0.00000
48.41000,1.98000,0.99997,0.00000,0.00003,0.00000,0.00000
48.61000,1.98000,0.99997,0.00000,0.00003,0.00000,0.00000
48.81000,1.98000,0.99997,0.00000,0.00003,0.00000,0.00000
49.01000,1.98000,0.99998,0.00000,0.00002,0.00000,0.00000
49.21000,1.98000,0.99999,0.00000,0.00001,0.00000,0.00000
49.41000,1.98000,0.99998,0.00000,0.00002,0.00000,0.00000
49.61000,1.98000,0.99998,0.00000,0.00002,0.00000,0.00000
49.81000,1.98000,0.99998,0.00000,0.00002,0.00000,0.00000
50.01000,1.98000,0.99999,0.00000,0.00001,0.00000,0.00000
50.21000,1.98000,0.99999,0.00000,0.00001,0.00000,0.00000
50.41000,1.98000,0.99998,0.00000,0.00002,0.00000,0.00000
50.61000,1.98000,0.99995,0.00000,0.00005,0.00000,0.00000
50.81000,1.98000,0.96080,0.00000,0.03855,0.00009,0.00056
51.01000,1.98000,0.87584,0.00001,0.11970,0.00022,0.00423
51.21000,1.98000,0.74712,0.00002,0.24378,0.00046,0.00862
51.41000,1.98000,0.86123,0.00001,0.13402,0.00030,0.00443
51.61000,1.98000,0.99820,0.00000,0.00175,0.00000,0.00004
51.81000,1.98000,0.99891,0.00000,0.00109,0.00000,0.00000
52.01000,1.98000,0.99977,0.00000,0.00023,0.00000,0.00000
52.21000,1.98000,0.99997,0.00000,0.00003,0.00000,0.00000
52.41000,1.98000,0.99999,0.00000,0.00001,0.00000,0.00000
52.61000,1.98000,1.00000,0.00000,0.00000,0.00000,0.00000
52.81000,1.98000,1.00000,0.00000,0.00000,0.00000,0.00000
53.01000,1.98000,1.00000,0.00000,0.00000,0.00000,0.00000
53.21000,1.98000,1.00000,0.00000,0.00000,0.00000,0.00000
53.41000,1.98000,1.00000,0.00000,0.00000,0.00000,0.00000
53.61000,1.98000,1.00000,0.00000,0.00000,0.00000,0.00000
53.81000,1.98000,1.00000,0.00000,0.00000,0.00000,0.00000
54.01000,1.98000,1.00000,0.00000,0.00000,0.00000,0.00000
54.21000,1.98000,1.00000,0.00000,0.00000,0.00000,0.00000
54.41000,1.98000,1.00000,0.00000,0.00000,0.00000,0.00000
54.61000,1.98000,1.00000,0.00000,0.00000,0.00000,0.00000
54.81000,1.98000,1.00000,0.00000,0.00000,0.00000,0.00000
55.01000,1.98000,1.00000,0.00000,0.00000,0.00000,0.00000
55.21000,1.98000,1.00000,0.00000,0.00000,0.00000,0.00000
55.41000,1.98000,1.00000,0.00000,0.00000,0.00000,0.00000
55.61000,1.98000,1.00000,0.00000,0.00000,0.00000,0.00000
55.81000,1.98000,1.00000,0.00000,0.00000,0.00000,0.00000
56.01000,1.98000,1.00000,0.00000,0.00000,0.00000,0.00000
56.21000,1.98000,1.00000,0.00000,0.00000,0.00000,0.00000
56.41000,1.98000,1.00000,0.00000,0.00000,0.00000,0.00000
56.61000,1.98000,1.00000,0.00000,0.00000,0.00000,0.00000
56.81000,1.98000,1.00000,0.00000,0.00000,0.00000,0.00000
57.01000,1.98000,1.00000,0.00000,0.00000,0.00000,0.00000
57.21000,1.98000,1.00000,0.00000,0.00000,0.00000,0.00000
57.41000,1.98000,1.00000,0.00000,0.00000,0.00000,0.00000
57.61000,1.98000,0.99999,0.00000,0.00001,0.00000,0.00000
57.81000,1.98000,0.99999,0.00000,0.00001,0.00000,0.00000
58.01000,1.98000,0.99999,0.00000,0.00001,0.00000,0.00000
58.21000,1.98000,0.99999,0.00000,0.00001,0.00000,0.00000
58.41000,1.98000,0.99999,0.00000,0.00001,0.00000,0.00000
58.61000,1.98000,0.99998,0.00000,0.00002,0.00000,0.00000
58.81000,1.98000,0.99998,0.00000,0.00002,0.00000,0.00000
59.01000,1.98000,0.99999,0.00000,0.00001,0.00000,0.00000
59.21000,1.98000,0.99999,0.00000,0.00001,0.00000,0.00000
59.41000,1.98000,1.00000,0.00000,0.00000,0.00000,0.00000
59.61000,1.98000,0.99999,0.00000,0.00001,0.00000,0.00000
59.81000,1.98000,0.99999,0.00000,0.00001,0.00000,0.00000
60.01000,1.98000,0.99998,0.00000,0.00002,0.00000,0.00000
60.21000,1.98000,0.99998,0.00000,0.00002,0.00000,0.00000
60.41000,1.98000,0.99996,0.00000,0.00004,0.00000,0.00000
60.61000,1.98000,0.99997,0.00000,0.00003,0.00000,0.00000
60.81000,1.98000,0.99997,0.00000,0.00003,0.00000,0.00000
61.01000,1.98000,0.99998,0.00000,0.00002,0.00000,0.00000
61.21000,1.98000,0.99997,0.00000,0.00003,0.00000,0.00000
61.41000,1.98000,1.00000,0.00000,0.00000,0.00000,0.00000
61.61000,1.98000,0.99999,0.00000,0.00001,0.00000,0.00000
61.81000,1.98000,0.99999,0.00000,0.00001,0.00000,0.00000
62.01000,1.98000,0.99999,0.00000,0.00001,0.00000,0.00000
62.21000,1.98000,0.99999,0.00000,0.00001,0.00000,0.00000
62.41000,1.98000,0.99999,0.00000,0.00001,0.00000,0.00000
62.61000,1.98000,0.99999,0.00000,0.00001,0.00000,0.00000
62.81000,1.98000,0.99999,0.00000,0.00001,0.00000,0.00000
63.01000,1.98000,0.99997,0.00000,0.00003,0.00000,0.00000
63.21000,1.98000,0.99997,0.00000,0.00003,0.00000,0.00000
63.41000,1.98000,0.99998,0.00000,0.00002,0.00000,0.00000
63.61000,1.98000,0.99997,0.00000,0.00003,0.00000,0.00000
63.81000,1.98000,0.99998,0.00000,0.00002,0.00000,0.00000
64.01000,1.98000,0.99996,0.00000,0.00003,0.00000,0.00000
64.21000,1.98000,0.99997,0.00000,0.00003,0.00000,0.00000
64.41000,1.98000,0.99892,0.00000,0.00106,0.00000,0.00002
64.61000,1.98000,0.93997,0.00000,0.05753,0.00034,0.00215
64.81000,1.98000,0.89272,0.00001,0.10218,0.00094,0.00415
65.01000,1.98000,0.91643,0.00001,0.07981,0.00060,0.00315
65.21000,1.98000,0.98268,0.00000,0.01654,0.00009,0.00069
65.41000,1.98000,0.99949,0.00000,0.00051,0.00000,0.00001
65.61000,1.98000,0.99972,0.00000,0.00028,0.00000,0.00000
65.81000,1.98000,0.99995,0.00000,0.00005,0.00000,0.00000
66.01000,1.98000,0.99999,0.00000,0.00001,0.00000,0.00000
66.21000,1.98000,1.00000,0.00000,0.00000,0.00000,0.00000
66.41000,1.98000,0.99999,0.00000,0.00001,0.00000,0.00000
66.61000,1.98000,0.99999,0.00000,0.00001,0.00000,0.00000
66.81000,1.98000,0.99998,0.00000,0.00002,0.00000,0.00000
67.01000,1.98000,0.99998,0.00000,0.00002,0.00000,0.00000
67.21000,1.98000,0.99997,0.00000,0.00003,0.00000,0.00000
67.41000,1.98000,0.99984,0.00000,0.00015,0.00000,0.00000
67.61000,1.98000,0.99986,0.00000,0.00014,0.00000,0.00000
67.81000,1.98000,0.99900,0.00000,0.00090,0.00001,0.00009
68.01000,1.98000,0.99972,0.00000,0.00021,0.00000,0.00006
68.21000,1.98000,0.99976,0.00000,0.00013,0.00000,0.00011
68.41000,1.98000,0.96550,0.00003,0.01483,0.00055,0.01908
68.61000,1.98000,0.98585,0.00001,0.00530,0.00011,0.00874
68.81000,1.98000,0.97993,0.00000,0.00298,0.00001,0.01708
69.01000,1.98000,0.90619,0.00001,0.00972,0.00009,0.08398
69.21000,1.98000,0.99020,0.00000,0.00365,0.00002,0.00613
69.41000,1.98000,0.99756,0.00000,0.00162,0.00001,0.00081
69.61000,1.98000,0.99987,0.00000,0.00011,0.00000,0.00001
69.81000,1.98000,0.99945,0.00000,0.00051,0.00001,0.00003
70.01000,1.98000,0.99994,0.00000,0.00005,0.00000,0.00000
70.21000,1.98000,0.99998,0.00000,0.00002,0.00000,0.00000
70.41000,1.98000,0.99988,0.00000,0.00012,0.00000,0.00000
70.61000,1.98000,0.99994,0.00000,0.00006,0.00000,0.00000
70.81000,1.98000,0.99983,0.00000,0.00017,0.00000,0.00000
71.01000,1.98000,0.99971,0.00000,0.00029,0.00000,0.00000
71.21000,1.98000,0.99971,0.00000,0.00028,0.00000,0.00000
71.41000,1.98000,0.99988,0.00000,0.00012,0.00000,0.00000
71.61000,1.98000,0.99994,0.00000,0.00006,0.00000,0.00000
71.81000,1.98000,0.99997,0.00000,0.00003,0.00000,0.00000
72.01000,1.98000,0.99997,0.00000,0.00003,0.00000,0.00000
72.21000,1.98000,0.99998,0.00000,0.00002,0.00000,0.00000
72.41000,1.98000,0.99999,0.00000,0.00001,0.00000,0.00000
72.61000,1.98000,0.99999,0.00000,0.00001,0.00000,0.00000
72.81000,1.98000,0.99997,0.00000,0.00003,0.00000,0.00000
73.01000,1.98000,0.99996,0.00000,0.00004,0.00000,0.00000
73.21000,1.98000,0.99994,0.00000,0.00006,0.00000,0.00000
73.41000,1.98000,0.99986,0.00000,0.00014,0.00000,0.00000
73.61000,1.98000,0.99991,0.00000,0.00009,0.00000,0.00000
73.81000,1.98000,0.99993,0.00000,0.00007,0.00000,0.00000
74.01000,1.98000,0.99989,0.00000,0.00011,0.00000,0.00000
74.21000,1.98000,0.99996,0.00000,0.00004,0.00000,0.00000
74.41000,1.98000,0.99998,0.00000,0.00002,0.00000,0.00000
74.61000,1.98000,0.99998,0.00000,0.00002,0.00000,0.00000
74.81000,1.98000,0.99999,0.00000,0.00001,0.00000,0.00000
75.01000,1.98000,0.99999,0.00000,0.00001,0.00000,0.00000
75.21000,1.98000,0.99999,0.00000,0.00001,0.00000,0.00000
75.41000,1.98000,0.99998,0.00000,0.00002,0.00000,0.00000
75.61000,1.98000,0.99999,0.00000,0.00001,0.00000,0.00000
75.81000,1.98000,0.99999,0.00000,0.00001,0.00000,0.00000
76.01000,1.98000,0.99999,0.00000,0.00001,0.00000,0.00000
76.21000,1.98000,0.99985,0.00000,0.00015,0.00000,0.00000
76.41000,1.98000,0.98754,0.00000,0.01230,0.00006,0.00010
76.61000,1.98000,0.73447,0.00008,0.25831,0.00182,0.00532
76.81000,1.98000,0.74025,0.00008,0.25189,0.00178,0.00600
77.01000,1.98000,0.72253,0.00008,0.26915,0.00188,0.00636
77.21000,1.98000,0.96455,0.00001,0.03428,0.00024,0.00091
77.41000,1.98000,0.99943,0.00000,0.00056,0.00000,0.00000
77.61000,1.98000,0.99918,0.00000,0.00082,0.00000,0.00000
77.81000,1.98000,0.99988,0.00000,0.00012,0.00000,0.00000
78.01000,1.98000,0.99998,0.00000,0.00002,0.00000,0.00000
78.21000,1.98000,0.99999,0.00000,0.00001,0.00000,0.00000
78.41000,1.98000,0.99999,0.00000,0.00001,0.00000,0.00000
78.61000,1.98000,0.99999,0.00000,0.00001,0.00000,0.00000
78.81000,1.98000,0.99999,0.00000,0.00001,0.00000,0.00000
79.01000,1.98000,0.99999,0.00000,0.00001,0.00000,0.00000
79.21000,1.98000,0.99999,0.00000,0.00001,0.00000,0.00000
79.41000,1.98000,0.99999,0.00000,0.00001,0.00000,0.00000
79.61000,1.98000,0.99999,0.00000,0.00001,0.00000,0.00000
79.81000,1.98000,0.99999,0.00000,0.00001,0.00000,0.00000
80.01000,1.98000,0.99999,0.00000,0.00001,0.00000,0.00000
80.21000,1.98000,0.99999,0.00000,0.00001,0.00000,0.00000
80.41000,1.98000,0.99999,0.00000,0.00001,0.00000,0.00000
80.61000,1.98000,0.99999,0.00000,0.00001,0.00000,0.00000
80.81000,1.98000,0.99999,0.00000,0.00001,0.00000,0.00000
81.01000,1.98000,0.99999,0.00000,0.00001,0.00000,0.00000
81.21000,1.98000,0.99998,0.00000,0.00002,0.00000,0.00000
81.41000,1.98000,0.99999,0.00000,0.00001,0.00000,0.00000
81.61000,1.98000,0.99967,0.00000,0.00032,0.00001,0.00000
81.81000,1.98000,0.99932,0.00000,0.00066,0.00002,0.00000
82.01000,1.98000,0.99939,0.00000,0.00058,0.00002,0.00000
82.21000,1.98000,0.99853,0.00000,0.00141,0.00005,0.00001
82.41000,1.98000,0.99712,0.00000,0.00276,0.00008,0.00003
82.61000,1.98000,0.99663,0.00000,0.00325,0.00009,0.00004
82.81000,1.98000,0.99947,0.00000,0.00052,0.00001,0.00001
83.01000,1.98000,0.99982,0.00000,0.00017,0.00000,0.00000
83.21000,1.98000,0.99988,0.00000,0.00012,0.00000,0.00000
83.41000,1.98000,0.99992,0.00000,0.00008,0.00000,0.00000
83.61000,1.98000,0.99997,0.00000,0.00003,0.00000,0.00000
83.81000,1.98000,0.99995,0.00000,0.00005,0.00000,0.00000
84.01000,1.98000,0.99996,0.00000,0.00004,0.00000,0.00000
84.21000,1.98000,0.99998,0.00000,0.00002,0.00000,0.00000
84.41000,1.98000,0.99997,0.00000,0.00003,0.00000,0.00000
84.61000,1.98000,0.99997,0.00000,0.00003,0.00000,0.00000
84.81000,1.98000,0.99999,0.00000,0.00001,0.00000,0.00000
85.01000,1.98000,0.99998,0.00000,0.00002,0.00000,0.00000
85.21000,1.98000,0.99998,0.00000,0.00002,0.00000,0.00000
85.41000,1.98000,0.99996,0.00000,0.00004,0.00000,0.00000
85.61000,1.98000,0.99997,0.00000,0.00003,0.00000,0.00000
85.81000,1.98000,0.99994,0.00000,0.00006,0.00000,0.00000
86.01000,1.98000,0.99997,0.00000,0.00003,0.00000,0.00000
86.21000,1.98000,0.99996,0.00000,0.00004,0.00000,0.00000
86.41000,1.98000,0.99997,0.00000,0.00003,0.00000,0.00000
86.61000,1.98000,0.94292,0.00001,0.05602,0.00015,0.00090
86.81000,1.98000,0.55989,0.00009,0.42559,0.00143,0.01300
87.01000,1.98000,0.55477,0.00008,0.42797,0.00128,0.01590
87.21000,1.98000,0.54205,0.00008,0.44191,0.00141,0.01455
87.41000,1.98000,0.87633,0.00003,0.11951,0.00052,0.00361
87.61000,1.98000,0.99807,0.00000,0.00190,0.00001,0.00002
87.81000,1.98000,0.99941,0.00000,0.00059,0.00000,0.00000
88.01000,1.98000,0.99988,0.00000,0.00012,0.00000,0.00000
88.21000,1.98000,0.99996,0.00000,0.00004,0.00000,0.00000
88.41000,1.98000,0.99999,0.00000,0.00001,0.00000,0.00000
88.61000,1.98000,0.99999,0.00000,0.00001,0.00000,0.00000
88.81000,1.98000,0.99999,0.00000,0.00001,0.00000,0.00000
89.01000,1.98000,0.99999,0.00000,0.00001,0.00000,0.00000
89.21000,1.98000,0.99999,0.00000,0.00001,0.00000,0.00000
89.41000,1.98000,0.99999,0.00000,0.00001,0.00000,0.00000
89.61000,1.98000,0.99999,0.00000,0.00001,0.00000,0.00000
89.81000,1.98000,0.99999,0.00000,0.00001,0.00000,0.00000
90.01000,1.98000,0.99999,0.00000,0.00001,0.00000,0.00000
90.21000,1.98000,0.99999,0.00000,0.00001,0.00000,0.00000
90.41000,1.98000,0.99999,0.00000,0.00001,0.00000,0.00000
90.61000,1.98000,0.99999,0.00000,0.00001,0.00000,0.00000
90.81000,1.98000,0.99999,0.00000,0.00001,0.00000,0.00000
91.01000,1.98000,0.99999,0.00000,0.00001,0.00000,0.00000
91.21000,1.98000,0.99999,0.00000,0.00001,0.00000,0.00000
91.41000,1.98000,0.99999,0.00000,0.00001,0.00000,0.00000
91.61000,1.98000,0.99999,0.00000,0.00001,0.00000,0.00000
91.81000,1.98000,0.99999,0.00000,0.00001,0.00000,0.00000
92.01000,1.98000,0.99999,0.00000,0.00001,0.00000,0.00000
92.21000,1.98000,0.99999,0.00000,0.00001,0.00000,0.00000
92.41000,1.98000,0.99999,0.00000,0.00001,0.00000,0.00000
92.61000,1.98000,0.99999,0.00000,0.00001,0.00000,0.00000
92.81000,1.98000,0.99999,0.00000,0.00001,0.00000,0.00000
93.01000,1.98000,0.99999,0.00000,0.00001,0.00000,0.00000
93.21000,1.98000,0.99999,0.00000,0.00001,0.00000,0.00000
93.41000,1.98000,0.99999,0.00000,0.00001,0.00000,0.00000
93.61000,1.98000,0.99998,0.00000,0.00002,0.00000,0.00000
93.81000,1.98000,0.99998,0.00000,0.00002,0.00000,0.00000
94.01000,1.98000,0.99996,0.00000,0.00004,0.00000,0.00000
94.21000,1.98000,0.99997,0.00000,0.00003,0.00000,0.00000
94.41000,1.98000,0.99993,0.00000,0.00007,0.00000,0.00000
94.61000,1.98000,0.99991,0.00000,0.00009,0.00000,0.00000
94.81000,1.98000,0.99991,0.00000,0.00009,0.00000,0.00000
95.01000,1.98000,0.99984,0.00000,0.00016,0.00000,0.00000
95.21000,1.98000,0.99992,0.00000,0.00008,0.00000,0.00000
95.41000,1.98000,0.99993,0.00000,0.00007,0.00000,0.00000
95.61000,1.98000,0.99999,0.00000,0.00001,0.00000,0.00000
95.81000,1.98000,0.99994,0.00000,0.00006,0.00000,0.00000
96.01000,1.98000,0.99996,0.00000,0.00004,0.00000,0.00000
96.21000,1.98000,0.99999,0.00000,0.00001,0.00000,0.00000
96.41000,1.98000,0.99998,0.00000,0.00002,0.00000,0.00000
96.61000,1.98000,0.99989,0.00000,0.00011,0.00000,0.00000
96.81000,1.98000,0.99962,0.00000,0.00037,0.00000,0.00001
97.01000,1.98000,0.99979,0.00000,0.00021,0.00000,0.00000
97.21000,1.98000,0.99970,0.00000,0.00030,0.00000,0.00000
97.41000,1.98000,0.99960,0.00000,0.00039,0.00000,0.00001
97.61000,1.98000,0.99960,0.00000,0.00039,0.00000,0.00001
97.81000,1.98000,0.99986,0.00000,0.00014,0.00000,0.00000
98.01000,1.98000,0.99997,0.00000,0.00003,0.00000,0.00000
98.21000,1.98000,0.99993,0.00000,0.00007,0.00000,0.00000
98.41000,1.98000,0.99999,0.00000,0.00001,0.00000,0.00000
98.61000,1.98000,0.99998,0.00000,0.00002,0.00000,0.00000
98.81000,1.98000,0.99994,0.00000,0.00006,0.00000,0.00000
99.01000,1.98000,0.94413,0.00001,0.05490,0.00008,0.00088
99.21000,1.98000,0.85536,0.00006,0.14156,0.00044,0.00259
99.41000,1.98000,0.86381,0.00005,0.13328,0.00042,0.00245
99.61000,1.98000,0.86151,0.00006,0.13528,0.00047,0.00268
99.81000,1.98000,0.98512,0.00001,0.01451,0.00004,0.00032
100.01000,1.98000,0.99958,0.00000,0.00041,0.00000,0.00000
100.21000,1.98000,0.99967,0.00000,0.00033,0.00000,0.00000
100.41000,1.98000,0.99993,0.00000,0.00007,0.00000,0.00000
100.61000,1.98000,0.99997,0.00000,0.00003,0.00000,0.00000
100.81000,1.98000,0.99999,0.00000,0.00001,0.00000,0.00000
101.01000,1.98000,0.99998,0.00000,0.00002,0.00000,0.00000
101.21000,1.98000,0.99996,0.00000,0.00004,0.00000,0.00000
101.41000,1.98000,0.99997,0.00000,0.00002,0.00000,0.00000
101.61000,1.98000,0.99998,0.00000,0.00002,0.00000,0.00000
101.81000,1.98000,0.99999,0.00000,0.00001,0.00000,0.00000
102.01000,1.98000,0.99998,0.00000,0.00002,0.00000,0.00000
102.21000,1.98000,0.99999,0.00000,0.00001,0.00000,0.00000
102.41000,1.98000,0.99998,0.00000,0.00002,0.00000,0.00000
102.61000,1.98000,0.99998,0.00000,0.00001,0.00000,0.00000
102.81000,1.98000,0.99999,0.00000,0.00001,0.00000,0.00000
103.01000,1.98000,0.99999,0.00000,0.00001,0.00000,0.00000
103.21000,1.98000,0.99999,0.00000,0.00001,0.00000,0.00000
103.41000,1.98000,0.99999,0.00000,0.00001,0.00000,0.00000
103.61000,1.98000,0.99999,0.00000,0.00001,0.00000,0.00000
103.81000,1.98000,0.99999,0.00000,0.00001,0.00000,0.00000
104.01000,1.98000,0.99999,0.00000,0.00001,0.00000,0.00000
104.21000,1.98000,0.99997,0.00000,0.00003,0.00000,0.00000
104.41000,1.98000,0.99997,0.00000,0.00003,0.00000,0.00000
104.61000,1.98000,0.99997,0.00000,0.00003,0.00000,0.00000
104.81000,1.98000,0.99995,0.00000,0.00005,0.00000,0.00000
105.01000,1.98000,0.99994,0.00000,0.00006,0.00000,0.00000
105.21000,1.98000,0.99993,0.00000,0.00007,0.00000,0.00000
105.41000,1.98000,0.99998,0.00000,0.00002,0.00000,0.00000
105.61000,1.98000,0.99998,0.00000,0.00002,0.00000,0.00000
105.81000,1.98000,0.99999,0.00000,0.00001,0.00000,0.00000
106.01000,1.98000,0.99998,0.00000,0.00002,0.00000,0.00000
106.21000,1.98000,0.99998,0.00000,0.00002,0.00000,0.00000
106.41000,1.98000,0.99998,0.00000,0.00002,0.00000,0.00000
106.61000,1.98000,0.99997,0.00000,0.00003,0.00000,0.00000
106.81000,1.98000,0.99992,0.00000,0.00008,0.00000,0.00000
107.01000,1.98000,0.99991,0.00000,0.00009,0.00000,0.00000
107.21000,1.98000,0.99984,0.00000,0.00016,0.00000,0.00000
107.41000,1.98000,0.99970,0.00000,0.00030,0.00000,0.00000
107.61000,1.98000,0.99966,0.00000,0.00033,0.00000,0.00001
107.81000,1.98000,0.99864,0.00000,0.00129,0.00000,0.00007
108.01000,1.98000,0.99825,0.00000,0.00169,0.00000,0.00006
108.21000,1.98000,0.99903,0.00000,0.00095,0.00000,0.00002
108.41000,1.98000,0.99984,0.00000,0.00015,0.00000,0.00000
108.61000,1.98000,0.99922,0.00000,0.00077,0.00000,0.00001
108.81000,1.98000,0.99967,0.00000,0.00032,0.00000,0.00001
109.01000,1.98000,0.99998,0.00000,0.00002,0.00000,0.00000
109.21000,1.98000,0.99999,0.00000,0.00001,0.00000,0.00000
109.41000,1.98000,0.99972,0.00000,0.00028,0.00000,0.00000
109.61000,1.98000,0.90509,0.00001,0.09461,0.00007,0.00021
109.81000,1.98000,0.83791,0.00002,0.16157,0.00008,0.00042
110.01000,1.98000,0.73105,0.00004,0.26795,0.00017,0.00079
110.21000,1.98000,0.77783,0.00003,0.22137,0.00013,0.00064
110.41000,1.98000,0.99715,0.00000,0.00284,0.00000,0.00001
110.61000,1.98000,0.99846,0.00000,0.00154,0.00000,0.00000
110.81000,1.98000,0.99988,0.00000,0.00012,0.00000,0.00000
111.01000,1.98000,0.99995,0.00000,0.00005,0.00000,0.00000
111.21000,1.98000,0.99999,0.00000,0.00001,0.00000,0.00000
111.41000,1.98000,0.99999,0.00000,0.00001,0.00000,0.00000
111.61000,1.98000,0.99999,0.00000,0.00001,0.00000,0.00000
111.81000,1.98000,0.99999,0.00000,0.00001,0.00000,0.00000
112.01000,1.98000,0.99999,0.00000,0.00001,0.00000,0.00000
112.21000,1.98000,0.99999,0.00000,0.00001,0.00000,0.00000
112.41000,1.98000,0.99999,0.00000,0.00001,0.00000,0.00000
112.61000,1.98000,0.99999,0.00000,0.00001,0.00000,0.00000
112.81000,1.98000,0.99999,0.00000,0.00001,0.00000,0.00000
113.01000,1.98000,0.99998,0.00000,0.00002,0.00000,0.00000
113.21000,1.98000,0.99996,0.00000,0.00004,0.00000,0.00000
113.41000,1.98000,0.99993,0.00000,0.00007,0.00000,0.00000
113.61000,1.98000,0.99993,0.00000,0.00006,0.00000,0.00000
113.81000,1.98000,0.99991,0.00000,0.00009,0.00000,0.00000
114.01000,1.98000,0.99988,0.00000,0.00012,0.00000,0.00000
114.21000,1.98000,0.99991,0.00000,0.00009,0.00000,0.00000
114.41000,1.98000,0.99996,0.00000,0.00004,0.00000,0.00000
114.61000,1.98000,0.99997,0.00000,0.00003,0.00000,0.00000
114.81000,1.98000,0.99997,0.00000,0.00003,0.00000,0.00000
115.01000,1.98000,0.99998,0.00000,0.00002,0.00000,0.00000
115.21000,1.98000,0.99998,0.00000,0.00002,0.00000,0.00000
115.41000,1.98000,0.99996,0.00000,0.00004,0.00000,0.00000
115.61000,1.98000,0.99996,0.00000,0.00004,0.00000,0.00000
115.81000,1.98000,0.99995,0.00000,0.00005,0.00000,0.00000
116.01000,1.98000,0.99993,0.00000,0.00007,0.00000,0.00000
116.21000,1.98000,0.99983,0.00000,0.00017,0.00000,0.00000
116.41000,1.98000,0.99987,0.00000,0.00013,0.00000,0.00000
116.61000,1.98000,0.99990,0.00000,0.00009,0.00000,0.00000
116.81000,1.98000,0.99980,0.00000,0.00020,0.00000,0.00000
117.01000,1.98000,0.99995,0.00000,0.00005,0.00000,0.00000
117.21000,1.98000,0.99955,0.00000,0.00043,0.00000,0.00001
117.41000,1.98000,0.99986,0.00000,0.00014,0.00000,0.00000
117.61000,1.98000,0.99986,0.00000,0.00013,0.00000,0.00000
117.81000,1.98000,0.99964,0.00000,0.00036,0.00000,0.00000
118.01000,1.98000,0.99999,0.00000,0.00001,0.00000,0.00000
118.21000,1.98000,0.99994,0.00000,0.00005,0.00000,0.00000
118.41000,1.98000,0.99998,0.00000,0.00002,0.00000,0.00000
118.61000,1.98000,0.99502,0.00000,0.00494,0.00001,0.00002
118.81000,1.98000,0.88745,0.00004,0.11109,0.00031,0.00111
119.01000,1.98000,0.79855,0.00008,0.19800,0.00060,0.00277
119.21000,1.98000,0.76895,0.00008,0.22746,0.00063,0.00287
119.41000,1.98000,0.94433,0.00002,0.05466,0.00012,0.00086
119.61000,1.98000,0.99877,0.00000,0.00123,0.00000,0.00000
119.81000,1.98000,0.99959,0.00000,0.00041,0.00000,0.00000
120.01000,1.98000,0.99989,0.00000,0.00011,0.00000,0.00000
120.21000,1.98000,0.99998,0.00000,0.00002,0.00000,0.00000
120.41000,1.98000,0.99999,0.00000,0.00001,0.00000,0.00000
120.61000,1.98000,0.99999,0.00000,0.00001,0.00000,0.00000
120.81000,1.98000,0.99999,0.00000,0.00001,0.00000,0.00000
121.01000,1.98000,0.99999,0.00000,0.00001,0.00000,0.00000
121.21000,1.98000,0.99999,0.00000,0.00001,0.00000,0.00000
121.41000,1.98000,0.99999,0.00000,0.00001,0.00000,0.00000
121.61000,1.98000,0.99999,0.00000,0.00001,0.00000,0.00000
121.81000,1.98000,0.99999,0.00000,0.00001,0.00000,0.00000
122.01000,1.98000,0.99999,0.00000,0.00001,0.00000,0.00000
122.21000,1.98000,0.99999,0.00000,0.00001,0.00000,0.00000
122.41000,1.98000,0.99999,0.00000,0.00001,0.00000,0.00000
122.61000,1.98000,0.99999,0.00000,0.00001,0.00000,0.00000
122.81000,1.98000,0.99999,0.00000,0.00001,0.00000,0.00000
123.01000,1.98000,0.99999,0.00000,0.00001,0.00000,0.00000
123.21000,1.98000,0.99997,0.00000,0.00003,0.00000,0.00000
123.41000,1.98000,0.99995,0.00000,0.00005,0.00000,0.00000
123.61000,1.98000,0.99996,0.00000,0.00004,0.00000,0.00000
123.81000,1.98000,0.99994,0.00000,0.00006,0.00000,0.00000
124.01000,1.98000,0.99978,0.00000,0.00022,0.00000,0.00000
124.21000,1.98000,0.99980,0.00000,0.00020,0.00000,0.00000
124.41000,1.98000,0.99988,0.00000,0.00011,0.00000,0.00000
124.61000,1.98000,0.99992,0.00000,0.00008,0.00000,0.00000
124.81000,1.98000,0.99984,0.00000,0.00016,0.00000,0.00000
125.01000,1.98000,0.99973,0.00000,0.00026,0.00000,0.00001
125.21000,1.98000,0.99929,0.00000,0.00067,0.00000,0.00004
125.41000,1.98000,0.99989,0.00000,0.00010,0.00000,0.00001
125.61000,1.98000,0.99979,0.00000,0.00020,0.00000,0.00002
125.81000,1.98000,0.99957,0.00000,0.00039,0.00000,0.00004
126.01000,1.98000,0.99399,0.00000,0.00520,0.00000,0.00080
126.21000,1.98000,0.67588,0.00004,0.26954,0.00015,0.05439
126.41000,1.98000,0.80564,0.00002,0.16985,0.00007,0.02442
126.61000,1.98000,0.87379,0.00001,0.12136,0.00011,0.00473
126.81000,1.98000,0.99534,0.00000,0.00457,0.00001,0.00008
127.01000,1.98000,0.99777,0.00000,0.00222,0.00000,0.00001
127.21000,1.98000,0.99890,0.00000,0.00109,0.00000,0.00000
127.41000,1.98000,0.99998,0.00000,0.00002,0.00000,0.00000
127.61000,1.98000,0.99996,0.00000,0.00004,0.00000,0.00000
127.81000,1.98000,0.99999,0.00000,0.00001,0.00000,0.00000
128.00999,1.98001,1.00000,0.00000,0.00000,0.00000,0.00000
128.21001,1.98000,0.99999,0.00000,0.00001,0.00000,0.00000
128.41000,1.98000,0.99999,0.00000,0.00001,0.00000,0.00000
128.61000,1.98000,0.99999,0.00000,0.00001,0.00000,0.00000
128.81000,1.98000,0.99999,0.00000,0.00001,0.00000,0.00000
129.00999,1.98001,0.99999,0.00000,0.00001,0.00000,0.00000
129.21001,1.98000,0.99999,0.00000,0.00001,0.00000,0.00000
129.41000,1.98000,0.99999,0.00000,0.00001,0.00000,0.00000
129.61000,1.98000,0.99997,0.00000,0.00003,0.00000,0.00000
129.81000,1.98000,0.99996,0.00000,0.00004,0.00000,0.00000
130.00999,1.98001,0.99994,0.00000,0.00005,0.00000,0.00000
130.21001,1.98000,0.99994,0.00000,0.00006,0.00000,0.00000
130.41000,1.98000,0.99996,0.00000,0.00004,0.00000,0.00000
130.61000,1.98000,0.99996,0.00000,0.00004,0.00000,0.00000
130.81000,1.98000,0.99997,0.00000,0.00003,0.00000,0.00000
131.00999,1.98001,0.99997,0.00000,0.00003,0.00000,0.00000
131.21001,1.98000,0.99997,0.00000,0.00003,0.00000,0.00000
131.41000,1.98000,0.99997,0.00000,0.00003,0.00000,0.00000
131.61000,1.98000,0.99997,0.00000,0.00002,0.00000,0.00000
131.81000,1.98000,0.99998,0.00000,0.00002,0.00000,0.00000
132.00999,1.98001,0.99999,0.00000,0.00001,0.00000,0.00000
