Time (seconds), Duration (seconds),pred_(unlabeled),pred_On,pred_Off,pred_Dimmer,pred_Lighter
0.01000,1.98000,1.00000,0.00000,0.00000,0.00000,0.00000
0.21000,1.98000,1.00000,0.00000,0.00000,0.00000,0.00000
0.41000,1.98000,1.00000,0.00000,0.00000,0.00000,0.00000
0.61000,1.98000,1.00000,0.00000,0.00000,0.00000,0.00000
0.81000,1.98000,1.00000,0.00000,0.00000,0.00000,0.00000
1.01000,1.98000,1.00000,0.00000,0.00000,0.00000,0.00000
1.21000,1.98000,1.00000,0.00000,0.00000,0.00000,0.00000
1.41000,1.98000,0.99999,0.00000,0.00001,0.00000,0.00000
1.61000,1.98000,0.99999,0.00000,0.00001,0.00000,0.00000
1.81000,1.98000,0.99998,0.00000,0.00002,0.00000,0.00000
2.01000,1.98000,0.99998,0.00000,0.00002,0.00000,0.00000
2.21000,1.98000,0.99999,0.00000,0.00001,0.00000,0.00000
2.41000,1.98000,0.99996,0.00000,0.00004,0.00000,0.00000
2.61000,1.98000,0.99999,0.00000,0.00001,0.00000,0.00000
2.81000,1.98000,1.00000,0.00000,0.00000,0.00000,0.00000
3.01000,1.98000,0.99996,0.00002,0.00001,0.00000,0.00000
3.21000,1.98000,0.99996,0.00001,0.00002,0.00000,0.00000
3.41000,1.98000,0.99992,0.00002,0.00006,0.00000,0.00000
3.61000,1.98000,0.99990,0.00003,0.00006,0.00000,0.00000
3.81000,1.98000,0.99999,0.00000,0.00001,0.00000,0.00000
4.01000,1.98000,0.99999,0.00000,0.00000,0.00000,0.00001
4.21000,1.98000,1.00000,0.00000,0.00000,0.00000,0.00000
4.41000,1.98000,0.99999,0.00000,0.00000,0.00000,0.00001
4.61000,1.98000,0.99998,0.00000,0.00000,0.00000,0.00002
4.81000,1.98000,0.99994,0.00000,0.00000,0.00000,0.00006
5.01000,1.98000,0.99998,0.00000,0.00000,0.00000,0.00002
5.21000,1.98000,0.99998,0.00000,0.00000,0.00000,0.00002
5.41000,1.98000,0.99979,0.00000,0.00001,0.00000,0.00020
5.61000,1.98000,0.99993,0.00000,0.00001,0.00000,0.00006
5.81000,1.98000,0.99997,0.00000,0.00003,0.00000,0.00001
6.01000,1.98000,0.99979,0.00000,0.00020,0.00000,0.00001
6.21000,1.98000,0.99985,0.00002,0.00012,0.00000,0.00001
6.41000,1.98000,0.99994,0.00001,0.00005,0.00000,0.00000
6.61000,1.98000,0.99994,0.00000,0.00005,0.00000,0.00000
6.81000,1.98000,0.99974,0.00000,0.00024,0.00000,0.00001
7.01000,1.98000,0.99853,0.00003,0.00131,0.00000,0.00013
7.21000,1.98000,0.99660,0.00001,0.00272,0.00000,0.00067
7.41000,1.98000,0.99561,0.00000,0.00423,0.00000,0.00016
7.61000,1.98000,0.99731,0.00000,0.00223,0.00000,0.00046
7.81000,1.98000,0.99879,0.00000,0.00037,0.00000,0.00084
8.01000,1.98000,0.99776,0.00000,0.00028,0.00000,0.00196
8.21000,1.98000,0.99882,0.00000,0.00005,0.00000,0.00112
8.41000,1.98000,0.99950,0.00000,0.00003,0.00000,0.00047
8.61000,1.98000,0.99972,0.00000,0.00003,0.00000,0.00025
8.81000,1.98000,0.99986,0.00000,0.00002,0.00000,0.00012
9.01000,1.98000,0.99987,0.00000,0.00002,0.00000,0.00011
9.21000,1.98000,0.99996,0.00000,0.00000,0.00000,0.00004
9.41000,1.98000,0.99998,0.00000,0.00000,0.00000,0.00002
9.61000,1.98000,0.99999,0.00000,0.00000,0.00000,0.00001
9.81000,1.98000,1.00000,0.00000,0.00000,0.00000,0.00000
10.01000,1.98000,1.00000,0.00000,0.00000,0.00000,0.00000
10.21000,1.98000,1.00000,0.00000,0.00000,0.00000,0.00000
10.41000,1.98000,0.99999,0.00000,0.00000,0.00000,0.00001
10.61000,1.98000,0.99999,0.00000,0.00000,0.00000,0.00001
10.81000,1.98000,0.99993,0.00000,0.00007,0.00000,0.00000
11.01000,1.98000,0.97758,0.00000,0.02242,0.00000,0.00000
11.21000,1.98000,0.73672,0.00000,0.26290,0.00000,0.00038
11.41000,1.98000,0.67302,0.00001,0.32648,0.00001,0.00048
11.61000,1.98000,0.64377,0.00002,0.35584,0.00001,0.00035
11.81000,1.98000,0.61149,0.00007,0.38810,0.00004,0.00031
12.01000,1.98000,0.69265,0.00014,0.30705,0.00004,0.00012
12.21000,1.98000,0.86946,0.00035,0.13003,0.00010,0.00005
12.41000,1.98000,0.99827,0.00001,0.00171,0.00001,0.00000
12.61000,1.98000,0.99996,0.00000,0.00004,0.00000,0.00000
12.81000,1.98000,1.00000,0.00000,0.00000,0.00000,0.00000
13.01000,1.98000,1.00000,0.00000,0.00000,0.00000,0.00000
13.21000,1.98000,1.00000,0.00000,0.00000,0.00000,0.00000
13.41000,1.98000,1.00000,0.00000,0.00000,0.00000,0.00000
13.61000,1.98000,1.00000,0.00000,0.00000,0.00000,0.00000
13.81000,1.98000,1.00000,0.00000,0.00000,0.00000,0.00000
14.01000,1.98000,1.00000,0.00000,0.00000,0.00000,0.00000
14.21000,1.98000,1.00000,0.00000,0.00000,0.00000,0.00000
14.41000,1.98000,1.00000,0.00000,0.00000,0.00000,0.00000
14.61000,1.98000,0.99997,0.00000,0.00000,0.00001,0.00002
14.81000,1.98000,0.99949,0.00001,0.00000,0.00001,0.00049
15.01000,1.98000,0.98877,0.00005,0.00009,0.00003,0.01107
15.21000,1.98000,0.98237,0.00006,0.00022,0.00001,0.01733
15.41000,1.98000,0.98444,0.00009,0.00055,0.00000,0.01491
15.61000,1.98000,0.98648,0.00003,0.00153,0.00000,0.01196
15.81000,1.98000,0.99111,0.00000,0.00137,0.00000,0.00751
16.01000,1.98000,0.99840,0.00000,0.00085,0.00000,0.00075
16.21000,1.98000,0.99962,0.00000,0.00014,0.00000,0.00023
16.41000,1.98000,0.99985,0.00000,0.00004,0.00000,0.00011
16.61000,1.98000,0.99996,0.00000,0.00000,0.00000,0.00004
16.81000,1.98000,0.99999,0.00000,0.00000,0.00000,0.00001
17.01000,1.98000,0.99999,0.00000,0.00001,0.00000,0.00000
17.21000,1.98000,0.99828,0.00000,0.00172,0.00000,0.00000
17.41000,1.98000,0.94625,0.00000,0.05373,0.00000,0.00001
17.61000,1.98000,0.78089,0.00002,0.21900,0.00000,0.00009
17.81000,1.98000,0.66452,0.00009,0.33525,0.00001,0.00014
18.01000,1.98000,0.66535,0.00017,0.33441,0.00001,0.00007
18.21000,1.98000,0.72046,0.00054,0.27895,0.00001,0.00003
18.41000,1.98000,0.76218,0.00078,0.23701,0.00001,0.00002
18.61000,1.98000,0.91217,0.00035,0.08747,0.00000,0.00000
18.81000,1.98000,0.99173,0.00001,0.00825,0.00000,0.00000
19.01000,1.98000,0.99959,0.00000,0.00040,0.00000,0.00000
19.21000,1.98000,1.00000,0.00000,0.00000,0.00000,0.00000
19.41000,1.98000,1.00000,0.00000,0.00000,0.00000,0.00000
19.61000,1.98000,0.99999,0.00000,0.00000,0.00000,0.00000
19.81000,1.98000,0.99999,0.00000,0.00000,0.00000,0.00001
20.01000,1.98000,0.99998,0.00002,0.00000,0.00000,0.00000
20.21000,1.98000,0.99837,0.00160,0.00001,0.00000,0.00002
20.41000,1.98000,0.99803,0.00195,0.00001,0.00000,0.00001
20.61000,1.98000,0.99947,0.00052,0.00001,0.00000,0.00000
20.81000,1.98000,0.99981,0.00017,0.00001,0.00000,0.00000
21.01000,1.98000,0.99971,0.00011,0.00017,0.00000,0.00001
21.21000,1.98000,0.99771,0.00002,0.00222,0.00000,0.00005
21.41000,1.98000,0.99812,0.00001,0.00161,0.00000,0.00026
21.61000,1.98000,0.98888,0.00002,0.00973,0.00000,0.00137
21.81000,1.98000,0.99320,0.00000,0.00651,0.00000,0.00028
22.01000,1.98000,0.99743,0.00000,0.00058,0.00000,0.00199
22.21000,1.98000,0.99918,0.00000,0.00008,0.00000,0.00074
22.41000,1.98000,0.99980,0.00000,0.00002,0.00000,0.00018
22.61000,1.98000,0.99957,0.00000,0.00003,0.00000,0.00040
22.81000,1.98000,0.99986,0.00000,0.00002,0.00000,0.00012
23.01000,1.98000,0.99825,0.00000,0.00156,0.00000,0.00019
23.21000,1.98000,0.90587,0.00000,0.09159,0.00000,0.00254
23.41000,1.98000,0.87293,0.00000,0.12554,0.00000,0.00153
23.61000,1.98000,0.74703,0.00000,0.24950,0.00004,0.00344
23.81000,1.98000,0.63159,0.00002,0.36515,0.00019,0.00305
24.01000,1.98000,0.60238,0.00004,0.39516,0.00038,0.00204
24.21000,1.98000,0.78243,0.00006,0.21565,0.00070,0.00116
24.41000,1.98000,0.95862,0.00009,0.04019,0.00087,0.00023
24.61000,1.98000,0.99971,0.00000,0.00021,0.00008,0.00000
24.81000,1.98000,1.00000,0.00000,0.00000,0.00000,0.00000
25.01000,1.98000,1.00000,0.00000,0.00000,0.00000,0.00000
25.21000,1.98000,1.00000,0.00000,0.00000,0.00000,0.00000
25.41000,1.98000,0.99999,0.00000,0.00000,0.00001,0.00000
25.61000,1.98000,0.99998,0.00000,0.00000,0.00002,0.00000
25.81000,1.98000,0.99999,0.00000,0.00000,0.00001,0.00000
26.01000,1.98000,0.99999,0.00000,0.00000,0.00001,0.00000
26.21000,1.98000,0.99999,0.00000,0.00000,0.00001,0.00000
26.41000,1.98000,0.99999,0.00000,0.00000,0.00001,0.00000
26.61000,1.98000,0.99995,0.00000,0.00000,0.00004,0.00001
26.81000,1.98000,0.99981,0.00000,0.00000,0.00007,0.00013
27.01000,1.98000,0.99898,0.00000,0.00000,0.00002,0.00100
27.21000,1.98000,0.99796,0.00000,0.00000,0.00000,0.00203
27.41000,1.98000,0.98179,0.00000,0.00000,0.00000,0.01821
27.61000,1.98000,0.99311,0.00000,0.00001,0.00000,0.00688
27.81000,1.98000,0.99452,0.00000,0.00006,0.00000,0.00541
28.01000,1.98000,0.96862,0.00000,0.03126,0.00000,0.00012
28.21000,1.98000,0.82040,0.00000,0.17935,0.00000,0.00025
28.41000,1.98000,0.63391,0.00000,0.36587,0.00000,0.00022
28.61000,1.98000,0.54674,0.00000,0.45316,0.00000,0.00010
28.81000,1.98000,0.49862,0.00000,0.50132,0.00001,0.00005
29.01000,1.98000,0.66043,0.00001,0.33949,0.00002,0.00005
29.21000,1.98000,0.92206,0.00001,0.07791,0.00001,0.00001
29.41000,1.98000,0.99333,0.00001,0.00664,0.00002,0.00000
29.61000,1.98000,0.99996,0.00000,0.00004,0.00000,0.00000
29.81000,1.98000,1.00000,0.00000,0.00000,0.00000,0.00000
30.01000,1.98000,1.00000,0.00000,0.00000,0.00000,0.00000
30.21000,1.98000,1.00000,0.00000,0.00000,0.00000,0.00000
30.41000,1.98000,1.00000,0.00000,0.00000,0.00000,0.00000
30.61000,1.98000,1.00000,0.00000,0.00000,0.00000,0.00000
30.81000,1.98000,1.00000,0.00000,0.00000,0.00000,0.00000
31.01000,1.98000,1.00000,0.00000,0.00000,0.00000,0.00000
31.21000,1.98000,0.99999,0.00000,0.00000,0.00001,0.00000
31.41000,1.98000,0.99998,0.00000,0.00000,0.00002,0.00000
31.61000,1.98000,0.99996,0.00000,0.00000,0.00004,0.00000
31.81000,1.98000,0.99998,0.00000,0.00000,0.00002,0.00000
32.01000,1.98000,0.99905,0.00000,0.00000,0.00090,0.00005
32.21000,1.98000,0.99874,0.00001,0.00000,0.00116,0.00010
32.41000,1.98000,0.99391,0.00005,0.00000,0.00567,0.00038
32.61000,1.98000,0.99771,0.00002,0.00000,0.00213,0.00014
32.81000,1.98000,0.99988,0.00000,0.00000,0.00012,0.00000
33.01000,1.98000,0.99996,0.00000,0.00000,0.00003,0.00000
33.21000,1.98000,0.99996,0.00000,0.00000,0.00004,0.00000
33.41000,1.98000,0.99999,0.00000,0.00000,0.00001,0.00000
33.61000,1.98000,1.00000,0.00000,0.00000,0.00000,0.00000
33.81000,1.98000,0.99998,0.00000,0.00000,0.00002,0.00000
34.01000,1.98000,0.99993,0.00000,0.00000,0.00003,0.00004
34.21000,1.98000,0.99196,0.00000,0.00000,0.00043,0.00761
34.41000,1.98000,0.99284,0.00000,0.00000,0.00006,0.00711
34.61000,1.98000,0.98274,0.00000,0.00032,0.00007,0.01687
34.81000,1.98000,0.93711,0.00004,0.01279,0.00063,0.04942
35.01000,1.98000,0.89161,0.00008,0.03503,0.00145,0.07183
35.21000,1.98000,0.77425,0.00012,0.15413,0.00319,0.06830
35.41000,1.98000,0.62318,0.00003,0.34302,0.00240,0.03136
35.61000,1.98000,0.87147,0.00001,0.12107,0.00220,0.00525
35.81000,1.98000,0.97335,0.00000,0.02372,0.00162,0.00131
36.01000,1.98000,0.99666,0.00000,0.00124,0.00192,0.00017
36.21000,1.98000,0.99989,0.00000,0.00002,0.00009,0.00000
36.41000,1.98000,1.00000,0.00000,0.00000,0.00000,0.00000
36.61000,1.98000,1.00000,0.00000,0.00000,0.00000,0.00000
36.81000,1.98000,0.99999,0.00000,0.00000,0.00001,0.00000
37.01000,1.98000,0.99999,0.00000,0.00000,0.00001,0.00000
37.21000,1.98000,1.00000,0.00000,0.00000,0.00000,0.00000
37.41000,1.98000,1.00000,0.00000,0.00000,0.00000,0.00000
37.61000,1.98000,1.00000,0.00000,0.00000,0.00000,0.00000
37.81000,1.98000,1.00000,0.00000,0.00000,0.00000,0.00000
38.01000,1.98000,0.99999,0.00000,0.00000,0.00000,0.00000
38.21000,1.98000,0.99991,0.00000,0.00000,0.00002,0.00007
38.41000,1.98000,0.99930,0.00000,0.00000,0.00002,0.00068
38.61000,1.98000,0.99169,0.00000,0.00000,0.00005,0.00826
38.81000,1.98000,0.99576,0.00000,0.00000,0.00002,0.00422
39.01000,1.98000,0.99708,0.00000,0.00000,0.00001,0.00291
39.21000,1.98000,0.99457,0.00000,0.00001,0.00001,0.00541
39.41000,1.98000,0.99980,0.00000,0.00000,0.00000,0.00020
39.61000,1.98000,0.99997,0.00000,0.00000,0.00000,0.00002
39.81000,1.98000,1.00000,0.00000,0.00000,0.00000,0.00000
40.01000,1.98000,0.99999,0.00000,0.00000,0.00000,0.00000
40.21000,1.98000,1.00000,0.00000,0.00000,0.00000,0.00000
40.41000,1.98000,0.99944,0.00000,0.00010,0.00000,0.00046
40.61000,1.98000,0.99966,0.00000,0.00006,0.00000,0.00028
40.81000,1.98000,0.99725,0.00000,0.00044,0.00000,0.00232
41.01000,1.98000,0.95045,0.00000,0.03675,0.00001,0.01279
41.21000,1.98000,0.84129,0.00000,0.12860,0.00005,0.03005
41.41000,1.98000,0.76706,0.00000,0.18307,0.00018,0.04968
41.61000,1.98000,0.61294,0.00000,0.35874,0.00036,0.02795
41.81000,1.98000,0.56603,0.00002,0.38313,0.00304,0.04779
42.01000,1.98000,0.91852,0.00001,0.05534,0.00471,0.02142
42.21000,1.98000,0.98962,0.00000,0.00280,0.00588,0.00170
42.41000,1.98000,0.99790,0.00000,0.00003,0.00202,0.00006
42.61000,1.98000,1.00000,0.00000,0.00000,0.00000,0.00000
42.81000,1.98000,1.00000,0.00000,0.00000,0.00000,0.00000
43.01000,1.98000,1.00000,0.00000,0.00000,0.00000,0.00000
43.21000,1.98000,1.00000,0.00000,0.00000,0.00000,0.00000
43.41000,1.98000,0.99999,0.00000,0.00000,0.00001,0.00000
43.61000,1.98000,0.99994,0.00000,0.00000,0.00006,0.00000
43.81000,1.98000,0.99998,0.00000,0.00000,0.00002,0.00000
44.01000,1.98000,0.99997,0.00000,0.00000,0.00003,0.00000
44.21000,1.98000,0.99997,0.00000,0.00000,0.00001,0.00002
44.41000,1.98000,0.99985,0.00000,0.00000,0.00001,0.00014
44.61000,1.98000,0.99955,0.00000,0.00000,0.00000,0.00045
44.81000,1.98000,0.99809,0.00000,0.00000,0.00000,0.00191
45.01000,1.98000,0.99959,0.00000,0.00001,0.00000,0.00040
45.21000,1.98000,0.99719,0.00000,0.00005,0.00000,0.00276
45.41000,1.98000,0.99473,0.00000,0.00006,0.00000,0.00521
45.61000,1.98000,0.99815,0.00000,0.00009,0.00000,0.00175
45.81000,1.98000,0.99953,0.00000,0.00010,0.00000,0.00038
46.01000,1.98000,0.99980,0.00000,0.00003,0.00000,0.00017
46.21000,1.98000,0.99954,0.00000,0.00004,0.00000,0.00042
46.41000,1.98000,0.99982,0.00000,0.00001,0.00000,0.00017
46.61000,1.98000,0.99989,0.00000,0.00001,0.00000,0.00010
46.81000,1.98000,0.99984,0.00000,0.00001,0.00000,0.00016
47.01000,1.98000,0.99986,0.00000,0.00001,0.00000,0.00013
47.21000,1.98000,0.99416,0.00000,0.00573,0.00000,0.00012
47.41000,1.98000,0.83039,0.00000,0.15206,0.00001,0.01754
47.61000,1.98000,0.74778,0.00000,0.23143,0.00005,0.02073
47.81000,1.98000,0.65741,0.00001,0.32340,0.00027,0.01891
48.01000,1.98000,0.74973,0.00005,0.22381,0.00214,0.02427
48.21000,1.98000,0.90564,0.00005,0.07700,0.00440,0.01292
48.41000,1.98000,0.99444,0.00002,0.00353,0.00111,0.00090
48.61000,1.98000,0.99830,0.00007,0.00037,0.00102,0.00024
48.81000,1.98000,0.99999,0.00000,0.00000,0.00001,0.00000
49.01000,1.98000,1.00000,0.00000,0.00000,0.00000,0.00000
49.21000,1.98000,1.00000,0.00000,0.00000,0.00000,0.00000
49.41000,1.98000,0.99993,0.00000,0.00000,0.00000,0.00006
49.61000,1.98000,0.99962,0.00000,0.00000,0.00000,0.00038
49.81000,1.98000,0.99090,0.00000,0.00000,0.00000,0.00909
50.01000,1.98000,0.99868,0.00000,0.00000,0.00000,0.00132
50.21000,1.98000,0.99875,0.00000,0.00001,0.00000,0.00124
50.41000,1.98000,0.99829,0.00000,0.00004,0.00000,0.00167
50.61000,1.98000,0.99881,0.00000,0.00006,0.00000,0.00113
50.81000,1.98000,0.99944,0.00000,0.00006,0.00000,0.00050
51.01000,1.98000,0.99981,0.00000,0.00003,0.00000,0.00016
51.21000,1.98000,0.99971,0.00000,0.00003,0.00000,0.00026
51.41000,1.98000,0.99868,0.00000,0.00003,0.00000,0.00129
51.61000,1.98000,0.99915,0.00000,0.00003,0.00000,0.00081
51.81000,1.98000,0.99923,0.00000,0.00006,0.00000,0.00071
52.01000,1.98000,0.99949,0.00000,0.00001,0.00000,0.00050
52.21000,1.98000,0.97856,0.00000,0.02103,0.00000,0.00041
52.41000,1.98000,0.85900,0.00002,0.13345,0.00000,0.00753
52.61000,1.98000,0.81919,0.00004,0.17371,0.00002,0.00704
52.81000,1.98000,0.71937,0.00010,0.27653,0.00004,0.00395
53.01000,1.98000,0.79838,0.00010,0.19755,0.00005,0.00391
53.21000,1.98000,0.81968,0.00033,0.17658,0.00013,0.00328
53.41000,1.98000,0.78930,0.00087,0.20634,0.00031,0.00318
53.61000,1.98000,0.89187,0.00050,0.10167,0.00078,0.00518
53.81000,1.98000,0.99460,0.00001,0.00513,0.00009,0.00017
54.01000,1.98000,0.99995,0.00000,0.00000,0.00003,0.00002
54.21000,1.98000,0.99992,0.00000,0.00000,0.00006,0.00001
54.41000,1.98000,0.99995,0.00000,0.00000,0.00004,0.00001
54.61000,1.98000,0.99992,0.00000,0.00000,0.00007,0.00001
54.81000,1.98000,1.00000,0.00000,0.00000,0.00000,0.00000
55.01000,1.98000,1.00000,0.00000,0.00000,0.00000,0.00000
55.21000,1.98000,0.99999,0.00000,0.00000,0.00001,0.00000
55.41000,1.98000,0.99999,0.00000,0.00000,0.00001,0.00000
55.61000,1.98000,0.99999,0.00000,0.00000,0.00001,0.00000
55.81000,1.98000,1.00000,0.00000,0.00000,0.00000,0.00000
56.01000,1.98000,0.99999,0.00000,0.00000,0.00000,0.00000
56.21000,1.98000,1.00000,0.00000,0.00000,0.00000,0.00000
56.41000,1.98000,0.99995,0.00000,0.00000,0.00000,0.00004
56.61000,1.98000,0.99986,0.00000,0.00000,0.00000,0.00014
56.81000,1.98000,0.99955,0.00000,0.00000,0.00000,0.00044
57.01000,1.98000,0.99833,0.00000,0.00000,0.00000,0.00167
57.21000,1.98000,0.99833,0.00000,0.00000,0.00000,0.00167
57.41000,1.98000,0.99799,0.00000,0.00000,0.00000,0.00201
57.61000,1.98000,0.99818,0.00000,0.00000,0.00000,0.00182
57.81000,1.98000,0.99861,0.00000,0.00000,0.00000,0.00138
58.01000,1.98000,0.99927,0.00000,0.00000,0.00000,0.00072
58.21000,1.98000,0.99918,0.00000,0.00000,0.00000,0.00082
58.41000,1.98000,0.99991,0.00000,0.00000,0.00000,0.00009
58.61000,1.98000,0.99980,0.00000,0.00003,0.00000,0.00017
58.81000,1.98000,0.98794,0.00000,0.01200,0.00000,0.00006
59.01000,1.98000,0.81437,0.00000,0.18358,0.00000,0.00205
59.21000,1.98000,0.65395,0.00002,0.34340,0.00003,0.00261
59.41000,1.98000,0.67990,0.00007,0.31784,0.00011,0.00208
59.61000,1.98000,0.83343,0.00014,0.16494,0.00036,0.00113
59.81000,1.98000,0.94278,0.00017,0.05601,0.00064,0.00040
60.01000,1.98000,0.99028,0.00016,0.00873,0.00074,0.00009
60.21000,1.98000,0.99993,0.00000,0.00005,0.00002,0.00000
60.41000,1.98000,1.00000,0.00000,0.00000,0.00000,0.00000
60.61000,1.98000,1.00000,0.00000,0.00000,0.00000,0.00000
60.81000,1.98000,1.00000,0.00000,0.00000,0.00000,0.00000
61.01000,1.98000,0.99999,0.00000,0.00000,0.00001,0.00000
61.21000,1.98000,0.99999,0.00000,0.00000,0.00001,0.00000
61.41000,1.98000,0.99995,0.00000,0.00000,0.00005,0.00000
61.61000,1.98000,0.99995,0.00000,0.00000,0.00005,0.00000
61.81000,1.98000,0.99996,0.00000,0.00000,0.00004,0.00000
62.01000,1.98000,0.99999,0.00000,0.00000,0.00001,0.00000
62.21000,1.98000,0.99999,0.00000,0.00000,0.00001,0.00000
62.41000,1.98000,0.99999,0.00000,0.00000,0.00000,0.00001
62.61000,1.98000,0.99996,0.00000,0.00000,0.00000,0.00004
62.81000,1.98000,0.99950,0.00000,0.00000,0.00000,0.00050
63.01000,1.98000,0.99804,0.00000,0.00001,0.00000,0.00195
63.21000,1.98000,0.99136,0.00000,0.00003,0.00000,0.00861
63.41000,1.98000,0.99398,0.00000,0.00002,0.00000,0.00600
63.61000,1.98000,0.99159,0.00000,0.00003,0.00000,0.00838
63.81000,1.98000,0.99519,0.00000,0.00003,0.00000,0.00478
64.01000,1.98000,0.99970,0.00000,0.00001,0.00000,0.00029
64.21000,1.98000,0.99988,0.00000,0.00001,0.00000,0.00010
64.41000,1.98000,0.99912,0.00000,0.00058,0.00000,0.00030
64.61000,1.98000,0.94204,0.00000,0.04459,0.00000,0.01337
64.81000,1.98000,0.80528,0.00000,0.16905,0.00002,0.02565
65.01000,1.98000,0.68533,0.00001,0.28324,0.00025,0.03117
65.21000,1.98000,0.67737,0.00003,0.29771,0.00145,0.02344
65.41000,1.98000,0.90932,0.00003,0.07301,0.00691,0.01073
65.61000,1.98000,0.98028,0.00002,0.00553,0.01273,0.00145
65.81000,1.98000,0.99539,0.00000,0.00009,0.00446,0.00005
66.01000,1.98000,0.99986,0.00000,0.00000,0.00014,0.00000
66.21000,1.98000,1.00000,0.00000,0.00000,0.00000,0.00000
66.41000,1.98000,1.00000,0.00000,0.00000,0.00000,0.00000
66.61000,1.98000,1.00000,0.00000,0.00000,0.00000,0.00000
66.81000,1.98000,1.00000,0.00000,0.00000,0.00000,0.00000
67.01000,1.98000,1.00000,0.00000,0.00000,0.00000,0.00000
67.21000,1.98000,1.00000,0.00000,0.00000,0.00000,0.00000
67.41000,1.98000,1.00000,0.00000,0.00000,0.00000,0.00000
67.61000,1.98000,0.99999,0.00000,0.00000,0.00001,0.00000
67.81000,1.98000,1.00000,0.00000,0.00000,0.00000,0.00000
68.01000,1.98000,1.00000,0.00000,0.00000,0.00000,0.00000
68.21000,1.98000,0.99999,0.00000,0.00000,0.00001,0.00000
68.41000,1.98000,0.99991,0.00000,0.00000,0.00009,0.00000
68.61000,1.98000,0.99964,0.00000,0.00000,0.00034,0.00002
68.81000,1.98000,0.99612,0.00027,0.00000,0.00252,0.00109
69.01000,1.98000,0.97406,0.00189,0.00000,0.00298,0.02107
69.21000,1.98000,0.87577,0.00111,0.00003,0.00136,0.12174
69.41000,1.98000,0.84310,0.00113,0.00003,0.00060,0.15514
69.61000,1.98000,0.99138,0.00008,0.00000,0.00000,0.00853
69.81000,1.98000,0.99834,0.00000,0.00026,0.00000,0.00139
70.01000,1.98000,0.97184,0.00000,0.02780,0.00000,0.00036
70.21000,1.98000,0.87153,0.00000,0.12747,0.00000,0.00099
70.41000,1.98000,0.71295,0.00001,0.28544,0.00001,0.00159
70.61000,1.98000,0.55204,0.00004,0.44613,0.00004,0.00175
70.81000,1.98000,0.66641,0.00009,0.33186,0.00014,0.00149
71.01000,1.98000,0.95686,0.00008,0.04217,0.00049,0.00040
71.21000,1.98000,0.99645,0.00008,0.00256,0.00086,0.00005
71.41000,1.98000,0.99990,0.00000,0.00002,0.00008,0.00000
71.61000,1.98000,1.00000,0.00000,0.00000,0.00000,0.00000
71.81000,1.98000,1.00000,0.00000,0.00000,0.00000,0.00000
72.01000,1.98000,1.00000,0.00000,0.00000,0.00000,0.00000
72.21000,1.98000,1.00000,0.00000,0.00000,0.00000,0.00000
72.41000,1.98000,0.99999,0.00000,0.00000,0.00001,0.00000
72.61000,1.98000,1.00000,0.00000,0.00000,0.00000,0.00000
72.81000,1.98000,1.00000,0.00000,0.00000,0.00000,0.00000
73.01000,1.98000,0.99992,0.00000,0.00000,0.00000,0.00008
73.21000,1.98000,0.99946,0.00001,0.00000,0.00000,0.00053
73.41000,1.98000,0.99873,0.00001,0.00000,0.00000,0.00126
73.61000,1.98000,0.99962,0.00000,0.00001,0.00000,0.00037
73.81000,1.98000,0.99501,0.00001,0.00013,0.00000,0.00485
74.01000,1.98000,0.99449,0.00000,0.00019,0.00000,0.00532
74.21000,1.98000,0.99864,0.00000,0.00002,0.00000,0.00134
74.41000,1.98000,0.99809,0.00000,0.00011,0.00000,0.00180
74.61000,1.98000,0.99045,0.00000,0.00905,0.00000,0.00050
74.81000,1.98000,0.94075,0.00000,0.05129,0.00000,0.00795
75.01000,1.98000,0.86228,0.00002,0.12674,0.00003,0.01092
75.21000,1.98000,0.71068,0.00002,0.27946,0.00010,0.00974
75.41000,1.98000,0.71163,0.00002,0.28136,0.00025,0.00674
75.61000,1.98000,0.92004,0.00003,0.07186,0.00285,0.00522
75.81000,1.98000,0.98999,0.00001,0.00442,0.00474,0.00084
76.01000,1.98000,0.99897,0.00000,0.00009,0.00091,0.00004
76.21000,1.98000,0.99999,0.00000,0.00000,0.00001,0.00000
76.41000,1.98000,1.00000,0.00000,0.00000,0.00000,0.00000
76.61000,1.98000,1.00000,0.00000,0.00000,0.00000,0.00000
76.81000,1.98000,1.00000,0.00000,0.00000,0.00000,0.00000
77.01000,1.98000,1.00000,0.00000,0.00000,0.00000,0.00000
77.21000,1.98000,1.00000,0.00000,0.00000,0.00000,0.00000
77.41000,1.98000,1.00000,0.00000,0.00000,0.00000,0.00000
77.61000,1.98000,1.00000,0.00000,0.00000,0.00000,0.00000
77.81000,1.98000,0.99996,0.00000,0.00000,0.00003,0.00001
78.01000,1.98000,0.99882,0.00001,0.00000,0.00006,0.00111
78.21000,1.98000,0.98260,0.00001,0.00002,0.00004,0.01733
78.41000,1.98000,0.89284,0.00001,0.00009,0.00007,0.10699
78.61000,1.98000,0.97443,0.00001,0.00003,0.00000,0.02553
78.81000,1.98000,0.98189,0.00000,0.00003,0.00000,0.01809
79.01000,1.98000,0.97877,0.00000,0.02093,0.00000,0.00030
79.21000,1.98000,0.84590,0.00001,0.15184,0.00000,0.00224
79.41000,1.98000,0.69354,0.00002,0.30334,0.00002,0.00308
79.61000,1.98000,0.62850,0.00003,0.36895,0.00003,0.00249
79.81000,1.98000,0.56203,0.00012,0.43570,0.00017,0.00198
80.01000,1.98000,0.81344,0.00024,0.18451,0.00071,0.00110
80.21000,1.98000,0.95815,0.00053,0.03660,0.00416,0.00056
80.41000,1.98000,0.99538,0.00012,0.00126,0.00319,0.00006
80.61000,1.98000,0.99993,0.00000,0.00001,0.00006,0.00000
80.81000,1.98000,1.00000,0.00000,0.00000,0.00000,0.00000
81.01000,1.98000,1.00000,0.00000,0.00000,0.00000,0.00000
81.21000,1.98000,1.00000,0.00000,0.00000,0.00000,0.00000
81.41000,1.98000,1.00000,0.00000,0.00000,0.00000,0.00000
81.61000,1.98000,1.00000,0.00000,0.00000,0.00000,0.00000
81.81000,1.98000,1.00000,0.00000,0.00000,0.00000,0.00000
82.01000,1.98000,1.00000,0.00000,0.00000,0.00000,0.00000
82.21000,1.98000,1.00000,0.00000,0.00000,0.00000,0.00000
82.41000,1.98000,1.00000,0.00000,0.00000,0.00000,0.00000
82.61000,1.98000,1.00000,0.00000,0.00000,0.00000,0.00000
82.81000,1.98000,0.99789,0.00000,0.00000,0.00002,0.00209
83.01000,1.98000,0.93756,0.00000,0.00001,0.00007,0.06236
83.21000,1.98000,0.86913,0.00000,0.00002,0.00003,0.13082
83.41000,1.98000,0.94559,0.00000,0.00001,0.00000,0.05439
83.61000,1.98000,0.99517,0.00000,0.00001,0.00000,0.00482
83.81000,1.98000,0.99590,0.00000,0.00008,0.00000,0.00403
84.01000,1.98000,0.98260,0.00000,0.01550,0.00000,0.00190
84.21000,1.98000,0.86879,0.00001,0.10581,0.00004,0.02535
84.41000,1.98000,0.79886,0.00002,0.17713,0.00012,0.02386
84.61000,1.98000,0.75965,0.00007,0.22355,0.00036,0.01637
84.81000,1.98000,0.87579,0.00025,0.11201,0.00284,0.00911
85.01000,1.98000,0.92332,0.00055,0.05448,0.01420,0.00744
85.21000,1.98000,0.98120,0.00048,0.00496,0.01230,0.00106
85.41000,1.98000,0.99905,0.00004,0.00028,0.00031,0.00031
85.61000,1.98000,0.99994,0.00001,0.00004,0.00001,0.00001
85.81000,1.98000,0.99999,0.00000,0.00000,0.00000,0.00000
86.01000,1.98000,1.00000,0.00000,0.00000,0.00000,0.00000
86.21000,1.98000,0.99985,0.00015,0.00000,0.00000,0.00000
86.41000,1.98000,0.99657,0.00338,0.00000,0.00004,0.00001
86.61000,1.98000,0.99521,0.00472,0.00000,0.00005,0.00002
86.81000,1.98000,0.98683,0.01251,0.00000,0.00058,0.00008
87.01000,1.98000,0.99881,0.00042,0.00000,0.00037,0.00041
87.21000,1.98000,0.98961,0.00009,0.01029,0.00000,0.00001
87.41000,1.98000,0.93649,0.00501,0.05832,0.00010,0.00007
87.61000,1.98000,0.88993,0.00638,0.10313,0.00035,0.00020
87.81000,1.98000,0.75151,0.00208,0.24583,0.00039,0.00019
88.01000,1.98000,0.66837,0.00104,0.32945,0.00076,0.00038
88.21000,1.98000,0.80977,0.00130,0.18837,0.00029,0.00027
88.41000,1.98000,0.96543,0.00020,0.03426,0.00007,0.00004
88.61000,1.98000,0.99767,0.00001,0.00218,0.00012,0.00002
88.81000,1.98000,0.99998,0.00000,0.00001,0.00000,0.00000
89.01000,1.98000,1.00000,0.00000,0.00000,0.00000,0.00000
89.21000,1.98000,0.99999,0.00000,0.00000,0.00001,0.00000
89.41000,1.98000,0.99999,0.00000,0.00000,0.00001,0.00000
89.61000,1.98000,0.99998,0.00000,0.00000,0.00001,0.00000
89.81000,1.98000,0.99995,0.00000,0.00000,0.00005,0.00000
90.01000,1.98000,0.99999,0.00000,0.00000,0.00000,0.00000
90.21000,1.98000,0.99998,0.00001,0.00000,0.00000,0.00000
90.41000,1.98000,0.99998,0.00001,0.00000,0.00000,0.00001
90.61000,1.98000,0.99987,0.00004,0.00001,0.00001,0.00007
90.81000,1.98000,0.99915,0.00009,0.00004,0.00008,0.00064
91.01000,1.98000,0.99973,0.00007,0.00002,0.00002,0.00017
91.21000,1.98000,0.99940,0.00001,0.00019,0.00001,0.00039
91.41000,1.98000,0.93678,0.00000,0.06320,0.00000,0.00002
91.61000,1.98000,0.93640,0.00016,0.06333,0.00003,0.00007
91.81000,1.98000,0.86366,0.00032,0.13580,0.00011,0.00011
92.01000,1.98000,0.70761,0.00003,0.29219,0.00007,0.00011
92.21000,1.98000,0.77096,0.00001,0.22893,0.00000,0.00009
92.41000,1.98000,0.79429,0.00005,0.20550,0.00001,0.00015
92.61000,1.98000,0.84336,0.00004,0.15653,0.00000,0.00007
92.81000,1.98000,0.94419,0.00001,0.05577,0.00000,0.00003
93.01000,1.98000,0.87986,0.00012,0.12001,0.00000,0.00001
93.21000,1.98000,0.99863,0.00002,0.00135,0.00000,0.00000
93.41000,1.98000,0.99986,0.00008,0.00002,0.00001,0.00003
93.61000,1.98000,0.99956,0.00028,0.00006,0.00002,0.00009
93.81000,1.98000,0.99946,0.00024,0.00016,0.00001,0.00013
94.01000,1.98000,0.99914,0.00057,0.00024,0.00001,0.00005
94.21000,1.98000,0.99870,0.00113,0.00005,0.00002,0.00009
94.41000,1.98000,0.99978,0.00019,0.00001,0.00000,0.00002
94.61000,1.98000,0.99891,0.00105,0.00003,0.00000,0.00001
94.81000,1.98000,0.99483,0.00421,0.00005,0.00029,0.00063
95.01000,1.98000,0.99573,0.00411,0.00004,0.00005,0.00007
95.21000,1.98000,0.99612,0.00385,0.00000,0.00001,0.00001
95.41000,1.98000,0.99896,0.00018,0.00079,0.00001,0.00006
95.61000,1.98000,0.89982,0.00442,0.09381,0.00082,0.00113
95.81000,1.98000,0.86709,0.01974,0.10662,0.00385,0.00270
96.01000,1.98000,0.83223,0.00699,0.15682,0.00210,0.00186
96.21000,1.98000,0.69842,0.00144,0.29789,0.00118,0.00107
96.41000,1.98000,0.76817,0.00198,0.22891,0.00043,0.00051
96.61000,1.98000,0.88641,0.00081,0.11214,0.00012,0.00052
96.81000,1.98000,0.98266,0.00003,0.01720,0.00000,0.00011
97.01000,1.98000,0.97274,0.00006,0.02712,0.00000,0.00008
97.21000,1.98000,0.97735,0.00206,0.02057,0.00000,0.00002
97.41000,1.98000,0.99992,0.00000,0.00001,0.00000,0.00006
97.61000,1.98000,0.99988,0.00001,0.00000,0.00000,0.00011
97.81000,1.98000,0.99995,0.00004,0.00000,0.00000,0.00002
98.01000,1.98000,0.99947,0.00052,0.00000,0.00000,0.00000
98.21000,1.98000,0.99966,0.00032,0.00002,0.00000,0.00000
98.41000,1.98000,0.99985,0.00006,0.00009,0.00000,0.00001
98.61000,1.98000,0.99960,0.00001,0.00039,0.00000,0.00001
98.81000,1.98000,0.99899,0.00000,0.00101,0.00000,0.00001
99.01000,1.98000,0.99786,0.00000,0.00211,0.00000,0.00003
99.21000,1.98000,0.99939,0.00000,0.00060,0.00000,0.00000
99.41000,1.98000,0.98769,0.00000,0.01231,0.00000,0.00000
99.61000,1.98000,0.91170,0.00000,0.08830,0.00000,0.00000
99.81000,1.98000,0.77965,0.00000,0.22032,0.00000,0.00003
100.01000,1.98000,0.64891,0.00000,0.35103,0.00000,0.00006
100.21000,1.98000,0.66392,0.00000,0.33592,0.00000,0.00016
100.41000,1.98000,0.84277,0.00001,0.15681,0.00004,0.00037
100.61000,1.98000,0.97905,0.00001,0.02073,0.00009,0.00012
100.81000,1.98000,0.99896,0.00000,0.00088,0.00013,0.00003
101.01000,1.98000,0.99949,0.00000,0.00006,0.00044,0.00001
101.21000,1.98000,0.99997,0.00000,0.00000,0.00003,0.00000
101.41000,1.98000,0.99998,0.00000,0.00000,0.00002,0.00000
101.61000,1.98000,1.00000,0.00000,0.00000,0.00000,0.00000
101.81000,1.98000,1.00000,0.00000,0.00000,0.00000,0.00000
102.01000,1.98000,0.99998,0.00001,0.00000,0.00001,0.00000
102.21000,1.98000,0.99993,0.00007,0.00000,0.00000,0.00000
102.41000,1.98000,0.99879,0.00120,0.00000,0.00000,0.00001
102.61000,1.98000,0.99364,0.00634,0.00000,0.00001,0.00001
102.81000,1.98000,0.99821,0.00178,0.00000,0.00000,0.00000
103.01000,1.98000,0.99977,0.00021,0.00001,0.00000,0.00001
103.21000,1.98000,0.99205,0.00248,0.00543,0.00000,0.00005
103.41000,1.98000,0.96717,0.00644,0.02633,0.00000,0.00006
103.61000,1.98000,0.83020,0.00638,0.16322,0.00002,0.00017
103.81000,1.98000,0.64603,0.00412,0.34932,0.00011,0.00041
104.01000,1.98000,0.75515,0.00165,0.24241,0.00016,0.00064
104.21000,1.98000,0.98177,0.00003,0.01792,0.00010,0.00019
104.41000,1.98000,0.99831,0.00000,0.00153,0.00010,0.00006
104.61000,1.98000,0.99990,0.00000,0.00006,0.00003,0.00001
104.81000,1.98000,1.00000,0.00000,0.00000,0.00000,0.00000
105.01000,1.98000,1.00000,0.00000,0.00000,0.00000,0.00000
105.21000,1.98000,1.00000,0.00000,0.00000,0.00000,0.00000
105.41000,1.98000,1.00000,0.00000,0.00000,0.00000,0.00000
105.61000,1.98000,0.99999,0.00000,0.00000,0.00001,0.00000
105.81000,1.98000,1.00000,0.00000,0.00000,0.00000,0.00000
106.01000,1.98000,0.99997,0.00003,0.00000,0.00000,0.00000
106.21000,1.98000,0.99959,0.00040,0.00000,0.00000,0.00001
106.41000,1.98000,0.99931,0.00053,0.00000,0.00001,0.00015
106.61000,1.98000,0.99586,0.00374,0.00002,0.00003,0.00034
106.81000,1.98000,0.99908,0.00082,0.00000,0.00000,0.00009
107.01000,1.98000,0.99940,0.00022,0.00031,0.00000,0.00007
107.21000,1.98000,0.98754,0.00166,0.01027,0.00006,0.00048
107.41000,1.98000,0.93606,0.00312,0.05909,0.00034,0.00139
107.61000,1.98000,0.72474,0.00185,0.27217,0.00035,0.00089
107.81000,1.98000,0.57734,0.00177,0.41865,0.00040,0.00183
108.01000,1.98000,0.83341,0.00023,0.16297,0.00034,0.00305
108.21000,1.98000,0.99710,0.00005,0.00178,0.00065,0.00042
108.41000,1.98000,0.99989,0.00000,0.00002,0.00006,0.00003
108.61000,1.98000,0.99999,0.00000,0.00000,0.00001,0.00001
108.81000,1.98000,0.99998,0.00000,0.00000,0.00001,0.00000
109.01000,1.98000,0.99999,0.00000,0.00000,0.00000,0.00000
109.21000,1.98000,1.00000,0.00000,0.00000,0.00000,0.00000
109.41000,1.98000,0.99982,0.00006,0.00000,0.00004,0.00008
109.61000,1.98000,0.99994,0.00005,0.00000,0.00000,0.00001
109.81000,1.98000,0.99938,0.00061,0.00000,0.00000,0.00001
110.01000,1.98000,0.99882,0.00106,0.00000,0.00001,0.00011
110.21000,1.98000,0.99769,0.00228,0.00000,0.00000,0.00002
110.41000,1.98000,0.99269,0.00731,0.00000,0.00000,0.00000
110.61000,1.98000,0.98999,0.01001,0.00000,0.00000,0.00000
110.81000,1.98000,0.99837,0.00158,0.00003,0.00000,0.00002
111.01000,1.98000,0.98907,0.00164,0.00925,0.00000,0.00003
111.21000,1.98000,0.94385,0.01033,0.04523,0.00012,0.00047
111.41000,1.98000,0.81351,0.00733,0.17789,0.00040,0.00087
111.61000,1.98000,0.69220,0.00265,0.30405,0.00030,0.00080
111.81000,1.98000,0.67717,0.00195,0.31991,0.00026,0.00071
112.01000,1.98000,0.93577,0.00055,0.06320,0.00010,0.00038
112.21000,1.98000,0.99387,0.00002,0.00581,0.00004,0.00027
112.41000,1.98000,0.99607,0.00001,0.00379,0.00001,0.00012
112.61000,1.98000,0.99896,0.00000,0.00102,0.00000,0.00001
112.81000,1.98000,0.99997,0.00000,0.00000,0.00002,0.00001
113.01000,1.98000,0.99995,0.00000,0.00000,0.00003,0.00002
113.21000,1.98000,0.99996,0.00000,0.00000,0.00001,0.00003
113.41000,1.98000,0.99999,0.00000,0.00000,0.00000,0.00001
113.61000,1.98000,0.99997,0.00001,0.00000,0.00000,0.00001
113.81000,1.98000,0.99984,0.00013,0.00000,0.00001,0.00002
114.01000,1.98000,0.99939,0.00058,0.00001,0.00001,0.00002
114.21000,1.98000,0.99507,0.00422,0.00002,0.00021,0.00048
114.41000,1.98000,0.96677,0.01277,0.00006,0.00673,0.01368
114.61000,1.98000,0.93516,0.03628,0.00009,0.00479,0.02368
114.81000,1.98000,0.96193,0.03755,0.00000,0.00003,0.00048
115.01000,1.98000,0.99870,0.00027,0.00066,0.00000,0.00037
115.21000,1.98000,0.96503,0.00018,0.03474,0.00000,0.00005
115.41000,1.98000,0.86095,0.00039,0.13774,0.00003,0.00088
115.61000,1.98000,0.72879,0.00014,0.26975,0.00003,0.00129
115.81000,1.98000,0.66049,0.00005,0.33813,0.00002,0.00131
116.01000,1.98000,0.72649,0.00008,0.27190,0.00005,0.00148
116.21000,1.98000,0.81459,0.00011,0.18445,0.00006,0.00079
116.41000,1.98000,0.92788,0.00015,0.07131,0.00010,0.00056
116.61000,1.98000,0.98531,0.00001,0.01429,0.00013,0.00026
116.81000,1.98000,0.99966,0.00000,0.00032,0.00001,0.00001
117.01000,1.98000,0.99997,0.00000,0.00000,0.00003,0.00000
117.21000,1.98000,0.99993,0.00000,0.00000,0.00006,0.00000
117.41000,1.98000,0.99996,0.00000,0.00000,0.00003,0.00000
117.61000,1.98000,0.99997,0.00000,0.00000,0.00003,0.00000
117.81000,1.98000,0.99995,0.00000,0.00000,0.00004,0.00000
118.01000,1.98000,0.99998,0.00000,0.00000,0.00002,0.00000
118.21000,1.98000,0.99986,0.00000,0.00000,0.00014,0.00000
118.41000,1.98000,0.99997,0.00001,0.00000,0.00002,0.00000
118.61000,1.98000,0.99941,0.00042,0.00000,0.00016,0.00001
118.81000,1.98000,0.99865,0.00130,0.00000,0.00005,0.00000
119.01000,1.98000,0.99938,0.00062,0.00000,0.00000,0.00000
119.21000,1.98000,0.99773,0.00227,0.00000,0.00000,0.00000
119.41000,1.98000,0.99919,0.00081,0.00000,0.00000,0.00000
119.61000,1.98000,0.99999,0.00001,0.00000,0.00000,0.00000
119.81000,1.98000,0.99998,0.00002,0.00000,0.00000,0.00000
120.01000,1.98000,0.99999,0.00001,0.00000,0.00000,0.00000
120.21000,1.98000,0.99999,0.00001,0.00000,0.00000,0.00000
120.41000,1.98000,0.99995,0.00005,0.00000,0.00000,0.00000
120.61000,1.98000,0.99996,0.00003,0.00000,0.00000,0.00001
120.81000,1.98000,0.99990,0.00009,0.00000,0.00000,0.00001
121.01000,1.98000,0.99957,0.00023,0.00000,0.00000,0.00019
121.21000,1.98000,0.99880,0.00068,0.00000,0.00003,0.00049
121.41000,1.98000,0.99936,0.00029,0.00001,0.00006,0.00029
121.61000,1.98000,0.99999,0.00000,0.00000,0.00000,0.00001
121.81000,1.98000,1.00000,0.00000,0.00000,0.00000,0.00000
