Time (seconds), Duration (seconds),pred_(unlabeled),pred_empty_box,pred_table
0.00250,0.49500,0.03542,0.96414,0.00044
0.10250,0.49500,0.05131,0.94812,0.00057
0.20250,0.49500,0.04306,0.95653,0.00041
0.30250,0.49500,0.02560,0.97346,0.00094
0.40250,0.49500,0.04371,0.95563,0.00066
0.50250,0.49500,0.03630,0.96301,0.00069
0.60250,0.49500,0.02622,0.97262,0.00116
0.70250,0.49500,0.03103,0.96721,0.00176
0.80250,0.49500,0.02909,0.96997,0.00094
0.90250,0.49500,0.03243,0.96697,0.00060
1.00250,0.49500,0.03797,0.96144,0.00059
1.10250,0.49500,0.03444,0.96462,0.00094
1.20250,0.49500,0.04003,0.95890,0.00106
1.30250,0.49500,0.06429,0.93513,0.00058
1.40250,0.49500,0.02917,0.96961,0.00122
1.50250,0.49500,0.02655,0.97191,0.00155
1.60250,0.49500,0.02447,0.97474,0.00078
1.70250,0.49500,0.02169,0.97715,0.00116
1.80250,0.49500,0.01864,0.97976,0.00160
1.90250,0.49500,0.03349,0.96530,0.00121
2.00250,0.49500,0.02043,0.97864,0.00094
2.10250,0.49500,0.02329,0.97522,0.00149
2.20250,0.49500,0.02689,0.97211,0.00100
2.30250,0.49500,0.02699,0.97205,0.00097
2.40250,0.49500,0.02575,0.97374,0.00051
2.50250,0.49500,0.04370,0.95588,0.00042
2.60250,0.49500,0.04375,0.95556,0.00068
2.70250,0.49500,0.03971,0.95947,0.00082
2.80250,0.49500,0.02897,0.97066,0.00037
2.90250,0.49500,0.02700,0.97264,0.00036
3.00250,0.49500,0.03928,0.96010,0.00061
3.10250,0.49500,0.02518,0.97428,0.00053
3.20250,0.49500,0.02356,0.97578,0.00066
3.30250,0.49500,0.02453,0.97498,0.00049
3.40250,0.49500,0.02179,0.97752,0.00069
3.50250,0.49500,0.02512,0.97417,0.00071
3.60250,0.49500,0.01924,0.98018,0.00058
3.70250,0.49500,0.03129,0.96768,0.00103
3.80250,0.49500,0.02169,0.97739,0.00092
3.90250,0.49500,0.02708,0.97211,0.00081
4.00250,0.49500,0.02875,0.97072,0.00053
4.10250,0.49500,0.02732,0.97178,0.00089
4.20250,0.49500,0.05457,0.94469,0.00074
4.30250,0.49500,0.02732,0.97187,0.00082
4.40250,0.49500,0.05130,0.94840,0.00031
4.50250,0.49500,0.04643,0.95280,0.00076
4.60250,0.49500,0.03793,0.96166,0.00042
4.70250,0.49500,0.04494,0.95443,0.00063
4.80250,0.49500,0.02865,0.97042,0.00092
4.90250,0.49500,0.03130,0.96788,0.00082
5.00250,0.49500,0.02208,0.97701,0.00091
5.10250,0.49500,0.02932,0.96960,0.00108
5.20250,0.49500,0.03362,0.96536,0.00102
5.30250,0.49500,0.01794,0.98092,0.00114
5.40250,0.49500,0.02513,0.97378,0.00108
5.50250,0.49500,0.03199,0.96711,0.00090
5.60250,0.49500,0.03413,0.96498,0.00090
5.70250,0.49500,0.04267,0.95694,0.00039
5.80250,0.49500,0.01918,0.97985,0.00097
5.90250,0.49500,0.02513,0.97424,0.00063
6.00250,0.49500,0.03040,0.96882,0.00078
6.10250,0.49500,0.02093,0.97827,0.00080
6.20250,0.49500,0.02453,0.97463,0.00084
6.30250,0.49500,0.03319,0.96591,0.00091
6.40250,0.49500,0.01982,0.97953,0.00065
6.50250,0.49500,0.02552,0.97354,0.00094
6.60250,0.49500,0.02707,0.97208,0.00085
6.70250,0.49500,0.02161,0.97790,0.00049
6.80250,0.49500,0.03524,0.96395,0.00081
6.90250,0.49500,0.03157,0.96782,0.00061
7.00250,0.49500,0.04194,0.95737,0.00069
7.10250,0.49500,0.02317,0.97553,0.00130
7.20250,0.49500,0.03794,0.96112,0.00094
7.30250,0.49500,0.02581,0.97368,0.00052
7.40250,0.49500,0.03882,0.96065,0.00053
7.50250,0.49500,0.03055,0.96866,0.00079
7.60250,0.49500,0.03406,0.96481,0.00113
7.70250,0.49500,0.05496,0.94435,0.00069
7.80250,0.49500,0.05353,0.94542,0.00105
7.90250,0.49500,0.03051,0.96795,0.00154
8.00250,0.49500,0.03470,0.96441,0.00089
8.10250,0.49500,0.03086,0.96832,0.00082
8.20250,0.49500,0.02558,0.97344,0.00098
8.30250,0.49500,0.02207,0.97673,0.00120
8.40250,0.49500,0.02614,0.97316,0.00069
8.50250,0.49500,0.02185,0.97752,0.00063
8.60250,0.49500,0.02234,0.97715,0.00051
8.70250,0.49500,0.02675,0.97253,0.00072
8.80250,0.49500,0.03619,0.96317,0.00064
8.90250,0.49500,0.02796,0.97158,0.00046
9.00250,0.49500,0.02941,0.96981,0.00078
9.10250,0.49500,0.04322,0.95639,0.00039
9.20250,0.49500,0.03152,0.96805,0.00043
9.30250,0.49500,0.04040,0.95888,0.00072
9.40250,0.49500,0.03299,0.96640,0.00061
9.50250,0.49500,0.03153,0.96816,0.00031
9.60250,0.49500,0.04107,0.95866,0.00027
9.70250,0.49500,0.04234,0.95729,0.00037
9.80250,0.49500,0.02212,0.97720,0.00068
9.90250,0.49500,0.02813,0.97121,0.00065
10.00250,0.49500,0.02505,0.97435,0.00061
10.10250,0.49500,0.02773,0.97186,0.00041
10.20250,0.49500,0.02949,0.96999,0.00052
10.30250,0.49500,0.03538,0.96414,0.00048
10.40250,0.49500,0.02073,0.97891,0.00037
10.50250,0.49500,0.02917,0.97058,0.00025
10.60250,0.49500,0.02515,0.97443,0.00042
10.70250,0.49500,0.03354,0.96609,0.00036
10.80250,0.49500,0.02878,0.97093,0.00029
10.90250,0.49500,0.03406,0.96560,0.00035
11.00250,0.49500,0.02911,0.97024,0.00066
11.10250,0.49500,0.02981,0.96974,0.00045
11.20250,0.49500,0.02522,0.97424,0.00054
11.30250,0.49500,0.04366,0.95589,0.00045
11.40250,0.49500,0.02339,0.97604,0.00057
11.50250,0.49500,0.02862,0.97080,0.00059
11.60250,0.49500,0.02910,0.97009,0.00082
11.70250,0.49500,0.02760,0.97183,0.00057
11.80250,0.49500,0.02691,0.97253,0.00055
11.90250,0.49500,0.03477,0.96493,0.00030
12.00250,0.49500,0.02605,0.97282,0.00113
12.10250,0.49500,0.03035,0.96935,0.00030
12.20250,0.49500,0.03234,0.96693,0.00073
12.30250,0.49500,0.02254,0.97687,0.00059
12.40250,0.49500,0.04708,0.95230,0.00062
12.50250,0.49500,0.02434,0.97497,0.00069
12.60250,0.49500,0.05780,0.94196,0.00024
12.70250,0.49500,0.03779,0.96174,0.00046
12.80250,0.49500,0.05518,0.94443,0.00039
12.90250,0.49500,0.03176,0.96794,0.00030
13.00250,0.49500,0.02707,0.97235,0.00057
13.10250,0.49500,0.03230,0.96724,0.00046
13.20250,0.49500,0.02725,0.97246,0.00029
13.30250,0.49500,0.02997,0.96940,0.00063
13.40250,0.49500,0.03303,0.96655,0.00042
13.50250,0.49500,0.03671,0.96273,0.00056
13.60250,0.49500,0.06480,0.93499,0.00021
13.70250,0.49500,0.05377,0.94593,0.00030
13.80250,0.49500,0.05537,0.94449,0.00014
13.90250,0.49500,0.03850,0.96136,0.00014
14.00250,0.49500,0.04113,0.95868,0.00019
14.10250,0.49500,0.05613,0.94364,0.00024
14.20250,0.49500,0.02496,0.97479,0.00025
14.30250,0.49500,0.04239,0.95742,0.00020
14.40250,0.49500,0.03011,0.96944,0.00045
14.50250,0.49500,0.03031,0.96912,0.00057
14.60250,0.49500,0.04206,0.95759,0.00034
14.70250,0.49500,0.04074,0.95903,0.00023
14.80250,0.49500,0.06638,0.93323,0.00038
14.90250,0.49500,0.03013,0.96944,0.00043
15.00250,0.49500,0.02825,0.97095,0.00080
15.10250,0.49500,0.03598,0.96345,0.00057
15.20250,0.49500,0.02647,0.97267,0.00086
15.30250,0.49500,0.04781,0.95172,0.00046
15.40250,0.49500,0.02775,0.97158,0.00067
15.50250,0.49500,0.03497,0.96465,0.00038
15.60250,0.49500,0.01970,0.97927,0.00102
15.70250,0.49500,0.04299,0.95658,0.00042
15.80250,0.49500,0.03259,0.96709,0.00032
15.90250,0.49500,0.04212,0.95715,0.00074
16.00250,0.49500,0.03229,0.96719,0.00052
16.10250,0.49500,0.03289,0.96682,0.00029
16.20250,0.49500,0.03395,0.96572,0.00033
16.30250,0.49500,0.02774,0.97187,0.00039
16.40250,0.49500,0.03331,0.96600,0.00069
16.50250,0.49500,0.04571,0.95373,0.00055
16.60250,0.49500,0.02567,0.97396,0.00038
16.70250,0.49500,0.03391,0.96571,0.00039
16.80250,0.49500,0.04022,0.95930,0.00048
16.90250,0.49500,0.02973,0.96968,0.00060
17.00250,0.49500,0.03850,0.96117,0.00033
17.10250,0.49500,0.03011,0.96926,0.00063
17.20250,0.49500,0.04762,0.95179,0.00059
17.30250,0.49500,0.02705,0.97243,0.00053
17.40250,0.49500,0.03449,0.96500,0.00052
17.50250,0.49500,0.03063,0.96898,0.00039
17.60250,0.49500,0.03284,0.96675,0.00041
17.70250,0.49500,0.03976,0.95996,0.00028
17.80250,0.49500,0.02244,0.97705,0.00051
17.90250,0.49500,0.03993,0.95937,0.00070
18.00250,0.49500,0.02607,0.97332,0.00061
18.10250,0.49500,0.02445,0.97520,0.00035
18.20250,0.49500,0.02149,0.97799,0.00052
18.30250,0.49500,0.02981,0.96940,0.00080
18.40250,0.49500,0.02986,0.96961,0.00053
18.50250,0.49500,0.02470,0.97460,0.00070
18.60250,0.49500,0.02808,0.97153,0.00039
18.70250,0.49500,0.02762,0.97181,0.00056
18.80250,0.49500,0.02678,0.97274,0.00048
18.90250,0.49500,0.02461,0.97497,0.00042
19.00250,0.49500,0.02716,0.97248,0.00036
19.10250,0.49500,0.03612,0.96329,0.00059
19.20250,0.49500,0.02080,0.97862,0.00059
19.30250,0.49500,0.02492,0.97430,0.00077
19.40250,0.49500,0.02307,0.97602,0.00091
19.50250,0.49500,0.02134,0.97764,0.00102
19.60250,0.49500,0.03648,0.96257,0.00094
19.70250,0.49500,0.02260,0.97655,0.00085
19.80250,0.49500,0.02452,0.97414,0.00134
19.90250,0.49500,0.02635,0.97278,0.00087
20.00250,0.49500,0.02361,0.97529,0.00110
20.10250,0.49500,0.03046,0.96880,0.00074
20.20250,0.49500,0.04036,0.95837,0.00127
20.30250,0.49500,0.04990,0.94900,0.00110
20.40250,0.49500,0.04676,0.95244,0.00080
20.50250,0.49500,0.03984,0.95929,0.00087
20.60250,0.49500,0.03355,0.96574,0.00072
20.70250,0.49500,0.03912,0.96035,0.00052
20.80250,0.49500,0.02587,0.97355,0.00058
20.90250,0.49500,0.03110,0.96864,0.00026
21.00250,0.49500,0.04310,0.95614,0.00077
21.10250,0.49500,0.07003,0.92963,0.00034
21.20250,0.49500,0.10046,0.89909,0.00045
21.30250,0.49500,0.09748,0.90212,0.00040
21.40250,0.49500,0.21339,0.78637,0.00024
21.50250,0.49500,0.08100,0.91854,0.00045
21.60250,0.49500,0.08732,0.91244,0.00024
21.70250,0.49500,0.03969,0.96007,0.00024
21.80250,0.49500,0.04884,0.95078,0.00037
21.90250,0.49500,0.06518,0.93437,0.00046
22.00250,0.49500,0.08362,0.91610,0.00028
22.10250,0.49500,0.06832,0.93134,0.00034
22.20250,0.49500,0.04458,0.95525,0.00017
22.30250,0.49500,0.03675,0.96303,0.00022
22.40250,0.49500,0.04638,0.95351,0.00011
22.50250,0.49500,0.03563,0.96421,0.00016
22.60250,0.49500,0.03668,0.96325,0.00007
22.70250,0.49500,0.04480,0.95502,0.00018
22.80250,0.49500,0.04948,0.95044,0.00008
22.90250,0.49500,0.08029,0.91966,0.00005
23.00250,0.49500,0.15726,0.84272,0.00003
23.10250,0.49500,0.14990,0.85008,0.00002
23.20250,0.49500,0.06654,0.93345,0.00001
23.30250,0.49500,0.08408,0.91588,0.00004
23.40250,0.49500,0.02496,0.97500,0.00004
23.50250,0.49500,0.07569,0.92426,0.00005
23.60250,0.49500,0.04899,0.95090,0.00011
23.70250,0.49500,0.06154,0.93840,0.00006
23.80250,0.49500,0.05060,0.94925,0.00016
23.90250,0.49500,0.08700,0.91289,0.00010
24.00250,0.49500,0.04361,0.95628,0.00011
24.10250,0.49500,0.07144,0.92850,0.00006
24.20250,0.49500,0.05176,0.94811,0.00013
24.30250,0.49500,0.07343,0.92645,0.00012
24.40250,0.49500,0.05990,0.93992,0.00018
24.50250,0.49500,0.08933,0.91047,0.00020
24.60250,0.49500,0.13807,0.86187,0.00006
24.70250,0.49500,0.05522,0.94463,0.00015
24.80250,0.49500,0.07755,0.92222,0.00023
24.90250,0.49500,0.07167,0.92817,0.00016
25.00250,0.49500,0.11686,0.88293,0.00021
25.10250,0.49500,0.06662,0.93307,0.00031
25.20250,0.49500,0.21915,0.78079,0.00006
25.30250,0.49500,0.05052,0.94942,0.00006
25.40250,0.49500,0.09605,0.90392,0.00003
25.50250,0.49500,0.11540,0.88449,0.00011
25.60250,0.49500,0.06264,0.93723,0.00013
25.70250,0.49500,0.07289,0.92704,0.00007
25.80250,0.49500,0.06122,0.93868,0.00009
25.90250,0.49500,0.04466,0.95526,0.00008
26.00250,0.49500,0.05680,0.94301,0.00019
26.10250,0.49500,0.15970,0.84020,0.00010
26.20250,0.49500,0.43901,0.56090,0.00009
26.30250,0.49500,0.36127,0.63868,0.00005
26.40250,0.49500,0.08169,0.91772,0.00060
26.50250,0.49500,0.11977,0.87992,0.00031
26.60250,0.49500,0.05844,0.94117,0.00038
26.70250,0.49500,0.03598,0.96337,0.00065
26.80250,0.49500,0.05283,0.94693,0.00024
26.90250,0.49500,0.05512,0.94470,0.00017
27.00250,0.49500,0.15722,0.84265,0.00013
27.10250,0.49500,0.10821,0.89170,0.00010
27.20250,0.49500,0.48343,0.51643,0.00014
27.30250,0.49500,0.08384,0.91615,0.00001
27.40250,0.49500,0.70500,0.29498,0.00002
27.50250,0.49500,0.98796,0.01204,0.00001
27.60250,0.49500,0.99789,0.00211,0.00000
27.70250,0.49500,0.99996,0.00004,0.00000
27.80250,0.49500,0.99888,0.00112,0.00000
27.90250,0.49500,0.99921,0.00079,0.00000
28.00250,0.49500,0.89916,0.09887,0.00196
28.10250,0.49500,0.99558,0.00442,0.00000
28.20250,0.49500,0.85723,0.14267,0.00010
28.30250,0.49500,0.98695,0.01304,0.00000
28.40250,0.49500,0.99893,0.00107,0.00001
28.50250,0.49500,0.99528,0.00458,0.00013
28.60250,0.49500,0.99832,0.00167,0.00001
28.70250,0.49500,0.99922,0.00078,0.00000
28.80250,0.49500,0.98751,0.01230,0.00018
28.90250,0.49500,0.99805,0.00195,0.00000
29.00250,0.49500,0.99411,0.00570,0.00019
29.10250,0.49500,0.33596,0.47684,0.18720
29.20250,0.49500,0.93612,0.05903,0.00484
29.30250,0.49500,0.67735,0.15079,0.17185
29.40250,0.49500,0.34359,0.61634,0.04007
29.50250,0.49500,0.63382,0.29571,0.07047
29.60250,0.49500,0.47210,0.41040,0.11750
29.70250,0.49500,0.59406,0.28267,0.12327
29.80250,0.49500,0.39420,0.54270,0.06311
29.90250,0.49500,0.49421,0.40190,0.10389
30.00250,0.49500,0.26830,0.52570,0.20599
30.10250,0.49500,0.16799,0.59246,0.23955
30.20250,0.49500,0.11490,0.64160,0.24350
30.30250,0.49500,0.14320,0.58955,0.26726
30.40250,0.49500,0.11047,0.64808,0.24144
30.50250,0.49500,0.29283,0.47770,0.22947
30.60250,0.49500,0.24062,0.71796,0.04142
30.70250,0.49500,0.39293,0.56268,0.04439
30.80250,0.49500,0.16207,0.74973,0.08820
30.90250,0.49500,0.08826,0.64884,0.26289
31.00250,0.49500,0.07058,0.60353,0.32589
31.10250,0.49500,0.11275,0.47605,0.41120
31.20250,0.49500,0.10504,0.30661,0.58835
31.30250,0.49500,0.06886,0.35972,0.57142
31.40250,0.49500,0.14558,0.63416,0.22025
31.50250,0.49500,0.07383,0.59653,0.32964
31.60250,0.49500,0.10487,0.68537,0.20976
31.70250,0.49500,0.03957,0.66877,0.29166
31.80250,0.49500,0.04825,0.73716,0.21459
31.90250,0.49500,0.11506,0.70048,0.18447
32.00250,0.49500,0.10786,0.61312,0.27901
32.10250,0.49500,0.09906,0.69337,0.20757
32.20250,0.49500,0.15951,0.72180,0.11869
32.30250,0.49500,0.11575,0.77745,0.10681
32.40250,0.49500,0.07616,0.77439,0.14945
32.50250,0.49500,0.12021,0.74623,0.13356
32.60250,0.49500,0.13500,0.66491,0.20009
32.70250,0.49500,0.20602,0.55731,0.23667
32.80250,0.49500,0.16137,0.40325,0.43538
32.90250,0.49500,0.24768,0.50594,0.24639
33.00250,0.49500,0.29510,0.42578,0.27912
33.10250,0.49500,0.20307,0.57263,0.22430
33.20250,0.49500,0.25766,0.48227,0.26007
33.30250,0.49500,0.10401,0.52795,0.36804
33.40250,0.49500,0.11230,0.57894,0.30877
33.50250,0.49500,0.11698,0.54370,0.33932
33.60250,0.49500,0.16231,0.72323,0.11446
33.70250,0.49500,0.04374,0.67833,0.27793
33.80250,0.49500,0.10662,0.77576,0.11762
33.90250,0.49500,0.11629,0.69649,0.18722
34.00250,0.49500,0.08240,0.65211,0.26549
34.10250,0.49500,0.27948,0.52564,0.19489
34.20250,0.49500,0.07875,0.48027,0.44097
34.30250,0.49500,0.10836,0.50841,0.38322
34.40250,0.49500,0.11510,0.68064,0.20426
34.50250,0.49500,0.07325,0.57161,0.35515
34.60250,0.49500,0.08322,0.47581,0.44097
34.70250,0.49500,0.26183,0.50556,0.23261
34.80250,0.49500,0.32138,0.27301,0.40561
34.90250,0.49500,0.43489,0.40475,0.16036
35.00250,0.49500,0.10899,0.56011,0.33090
35.10250,0.49500,0.11165,0.66401,0.22434
35.20250,0.49500,0.08362,0.54990,0.36648
35.30250,0.49500,0.15186,0.65851,0.18963
35.40250,0.49500,0.32516,0.44938,0.22546
35.50250,0.49500,0.14598,0.63512,0.21890
35.60250,0.49500,0.28438,0.54805,0.16757
35.70250,0.49500,0.20336,0.48186,0.31477
35.80250,0.49500,0.25166,0.43890,0.30944
35.90250,0.49500,0.07466,0.30927,0.61607
36.00250,0.49500,0.08038,0.47123,0.44839
36.10250,0.49500,0.05466,0.51798,0.42735
36.20250,0.49500,0.07253,0.73398,0.19349
36.30250,0.49500,0.06420,0.79540,0.14039
36.40250,0.49500,0.09691,0.87726,0.02583
36.50250,0.49500,0.10061,0.78268,0.11671
36.60250,0.49500,0.15619,0.75600,0.08781
36.70250,0.49500,0.16943,0.78570,0.04487
36.80250,0.49500,0.10343,0.86359,0.03299
36.90250,0.49500,0.11266,0.82971,0.05763
37.00250,0.49500,0.15600,0.75568,0.08832
37.10250,0.49500,0.33769,0.60708,0.05523
37.20250,0.49500,0.13174,0.80521,0.06305
37.30250,0.49500,0.10017,0.80566,0.09417
37.40250,0.49500,0.08703,0.86129,0.05168
37.50250,0.49500,0.11215,0.85275,0.03510
37.60250,0.49500,0.07953,0.88053,0.03994
37.70250,0.49500,0.05995,0.90835,0.03170
37.80250,0.49500,0.05583,0.92448,0.01970
37.90250,0.49500,0.08860,0.89508,0.01632
38.00250,0.49500,0.07393,0.85568,0.07040
38.10250,0.49500,0.08879,0.83855,0.07267
38.20250,0.49500,0.06910,0.84213,0.08877
38.30250,0.49500,0.04521,0.90573,0.04906
38.40250,0.49500,0.04304,0.92826,0.02870
38.50250,0.49500,0.04476,0.90475,0.05049
38.60250,0.49500,0.06306,0.90094,0.03599
38.70250,0.49500,0.06592,0.85833,0.07575
38.80250,0.49500,0.08037,0.69316,0.22647
38.90250,0.49500,0.07827,0.69220,0.22953
39.00250,0.49500,0.11428,0.81773,0.06799
39.10250,0.49500,0.14210,0.64424,0.21366
39.20250,0.49500,0.26878,0.58780,0.14341
39.30250,0.49500,0.18146,0.24975,0.56879
39.40250,0.49500,0.15167,0.58015,0.26819
39.50250,0.49500,0.08379,0.50350,0.41271
39.60250,0.49500,0.12304,0.53246,0.34450
39.70250,0.49500,0.08618,0.34741,0.56641
39.80250,0.49500,0.09473,0.30338,0.60189
39.90250,0.49500,0.05295,0.13952,0.80753
40.00250,0.49500,0.12610,0.13751,0.73640
40.10250,0.49500,0.08208,0.11291,0.80501
40.20250,0.49500,0.09677,0.16336,0.73987
40.30250,0.49500,0.06632,0.19525,0.73843
40.40250,0.49500,0.11152,0.24410,0.64438
40.50250,0.49500,0.21239,0.33513,0.45248
40.60250,0.49500,0.13100,0.44229,0.42671
40.70250,0.49500,0.13399,0.26804,0.59797
40.80250,0.49500,0.44730,0.25226,0.30044
40.90250,0.49500,0.14669,0.15175,0.70156
41.00250,0.49500,0.37364,0.37932,0.24704
41.10250,0.49500,0.04627,0.08732,0.86640
41.20250,0.49500,0.06483,0.17206,0.76312
41.30250,0.49500,0.11573,0.16060,0.72367
41.40250,0.49500,0.18991,0.09458,0.71551
41.50250,0.49500,0.16303,0.17602,0.66095
41.60250,0.49500,0.08244,0.06791,0.84966
41.70250,0.49500,0.07522,0.07526,0.84952
41.80250,0.49500,0.24133,0.31178,0.44689
41.90250,0.49500,0.20593,0.29158,0.50249
42.00250,0.49500,0.14002,0.35947,0.50052
42.10250,0.49500,0.21484,0.33439,0.45077
42.20250,0.49500,0.12051,0.42965,0.44984
42.30250,0.49500,0.07478,0.49939,0.42583
42.40250,0.49500,0.16321,0.32154,0.51525
42.50250,0.49500,0.12189,0.26880,0.60931
42.60250,0.49500,0.27507,0.15865,0.56628
42.70250,0.49500,0.27122,0.23106,0.49772
42.80250,0.49500,0.11077,0.13835,0.75088
42.90250,0.49500,0.45421,0.36053,0.18526
43.00250,0.49500,0.36839,0.18641,0.44520
43.10250,0.49500,0.24836,0.34855,0.40308
43.20250,0.49500,0.08862,0.26424,0.64714
43.30250,0.49500,0.14116,0.32474,0.53410
43.40250,0.49500,0.04490,0.17887,0.77623
43.50250,0.49500,0.30882,0.39248,0.29870
43.60250,0.49500,0.12571,0.10188,0.77241
43.70250,0.49500,0.23484,0.19467,0.57050
43.80250,0.49500,0.12991,0.09855,0.77154
43.90250,0.49500,0.15644,0.35071,0.49286
44.00250,0.49500,0.36321,0.31590,0.32090
44.10250,0.49500,0.47443,0.38717,0.13840
44.20250,0.49500,0.76194,0.08888,0.14918
44.30250,0.49500,0.54470,0.19162,0.26367
44.40250,0.49500,0.08964,0.12333,0.78702
44.50250,0.49500,0.36274,0.25285,0.38440
44.60250,0.49500,0.12673,0.23174,0.64153
44.70250,0.49500,0.24693,0.32371,0.42936
44.80250,0.49500,0.08749,0.32815,0.58437
44.90250,0.49500,0.17991,0.48549,0.33460
45.00250,0.49500,0.10914,0.16118,0.72968
45.10250,0.49500,0.14155,0.21013,0.64832
45.20250,0.49500,0.12305,0.17844,0.69851
45.30250,0.49500,0.09831,0.14911,0.75258
45.40250,0.49500,0.11902,0.31205,0.56893
45.50250,0.49500,0.03988,0.12209,0.83803
45.60250,0.49500,0.06261,0.21654,0.72085
45.70250,0.49500,0.12233,0.49833,0.37934
45.80250,0.49500,0.13893,0.22737,0.63370
45.90250,0.49500,0.23673,0.38151,0.38176
46.00250,0.49500,0.11474,0.30523,0.58003
46.10250,0.49500,0.15509,0.49672,0.34819
46.20250,0.49500,0.08089,0.43719,0.48192
46.30250,0.49500,0.08359,0.44662,0.46980
46.40250,0.49500,0.10435,0.47326,0.42239
46.50250,0.49500,0.08079,0.43177,0.48744
46.60250,0.49500,0.06903,0.37587,0.55510
46.70250,0.49500,0.10109,0.29049,0.60842
46.80250,0.49500,0.19148,0.37158,0.43695
46.90250,0.49500,0.36780,0.21178,0.42042
47.00250,0.49500,0.44766,0.14301,0.40933
47.10250,0.49500,0.20681,0.37324,0.41996
47.20250,0.49500,0.26303,0.40495,0.33202
47.30250,0.49500,0.07700,0.33405,0.58895
47.40250,0.49500,0.18043,0.44369,0.37588
47.50250,0.49500,0.14838,0.41998,0.43165
47.60250,0.49500,0.21105,0.54076,0.24819
47.70250,0.49500,0.07425,0.25713,0.66863
47.80250,0.49500,0.19966,0.40383,0.39650
47.90250,0.49500,0.13413,0.34140,0.52448
48.00250,0.49500,0.13803,0.35426,0.50771
48.10250,0.49500,0.07523,0.25152,0.67325
48.20250,0.49500,0.08376,0.20751,0.70873
48.30250,0.49500,0.07559,0.25288,0.67153
48.40250,0.49500,0.10621,0.38176,0.51203
48.50250,0.49500,0.08325,0.21919,0.69756
48.60250,0.49500,0.19784,0.41595,0.38620
48.70250,0.49500,0.15061,0.12772,0.72167
48.80250,0.49500,0.18609,0.25247,0.56144
48.90250,0.49500,0.11037,0.21944,0.67019
49.00250,0.49500,0.17166,0.28871,0.53963
49.10250,0.49500,0.17584,0.22312,0.60104
49.20250,0.49500,0.04916,0.21414,0.73671
49.30250,0.49500,0.13276,0.22277,0.64447
49.40250,0.49500,0.09419,0.23111,0.67470
49.50250,0.49500,0.10905,0.16866,0.72229
49.60250,0.49500,0.06216,0.17257,0.76527
49.70250,0.49500,0.06033,0.22152,0.71815
49.80250,0.49500,0.08166,0.19145,0.72689
49.90250,0.49500,0.10858,0.20535,0.68607
50.00250,0.49500,0.10254,0.18985,0.70761
50.10250,0.49500,0.10978,0.30099,0.58923
50.20250,0.49500,0.08228,0.15110,0.76662
50.30250,0.49500,0.11876,0.34931,0.53193
50.40250,0.49500,0.11481,0.25360,0.63159
50.50250,0.49500,0.08157,0.25767,0.66076
50.60250,0.49500,0.16482,0.46522,0.36996
50.70250,0.49500,0.14874,0.35048,0.50079
50.80250,0.49500,0.14209,0.48898,0.36893
50.90250,0.49500,0.10889,0.52012,0.37100
51.00250,0.49500,0.14408,0.46868,0.38724
51.10250,0.49500,0.12263,0.45372,0.42365
51.20250,0.49500,0.18094,0.29495,0.52411
51.30250,0.49500,0.17529,0.32587,0.49884
51.40250,0.49500,0.25037,0.26584,0.48378
51.50250,0.49500,0.11744,0.26068,0.62187
51.60250,0.49500,0.10999,0.15887,0.73114
51.70250,0.49500,0.10264,0.31286,0.58449
51.80250,0.49500,0.29579,0.27407,0.43014
51.90250,0.49500,0.12789,0.25804,0.61407
52.00250,0.49500,0.07663,0.18958,0.73379
52.10250,0.49500,0.20801,0.33638,0.45561
52.20250,0.49500,0.10679,0.32286,0.57035
52.30250,0.49500,0.20901,0.38517,0.40582
52.40250,0.49500,0.10579,0.16674,0.72747
52.50250,0.49500,0.10064,0.19213,0.70723
52.60250,0.49500,0.23366,0.25151,0.51483
52.70250,0.49500,0.25641,0.16494,0.57865
52.80250,0.49500,0.08713,0.12993,0.78294
52.90250,0.49500,0.21495,0.22759,0.55745
53.00250,0.49500,0.45884,0.23941,0.30175
53.10250,0.49500,0.27638,0.27608,0.44754
53.20250,0.49500,0.14300,0.21125,0.64575
53.30250,0.49500,0.05479,0.15244,0.79278
53.40250,0.49500,0.16777,0.25635,0.57588
53.50250,0.49500,0.10884,0.23427,0.65689
53.60250,0.49500,0.09831,0.22164,0.68005
53.70250,0.49500,0.09683,0.15795,0.74521
53.80250,0.49500,0.08749,0.15072,0.76179
53.90250,0.49500,0.19410,0.17161,0.63429
54.00250,0.49500,0.11847,0.20553,0.67600
54.10250,0.49500,0.16604,0.24114,0.59282
54.20250,0.49500,0.20106,0.15376,0.64518
54.30250,0.49500,0.19130,0.15045,0.65824
54.40250,0.49500,0.20556,0.19336,0.60108
54.50250,0.49500,0.29317,0.19791,0.50892
54.60250,0.49500,0.15128,0.09572,0.75300
54.70250,0.49500,0.08741,0.10650,0.80609
54.80250,0.49500,0.18604,0.18892,0.62503
54.90250,0.49500,0.11532,0.18888,0.69580
55.00250,0.49500,0.08021,0.23886,0.68092
55.10250,0.49500,0.10448,0.26153,0.63399
55.20250,0.49500,0.13168,0.37270,0.49562
55.30250,0.49500,0.07782,0.34444,0.57774
55.40250,0.49500,0.07679,0.38087,0.54234
55.50250,0.49500,0.13016,0.44597,0.42387
55.60250,0.49500,0.11720,0.59437,0.28843
55.70250,0.49500,0.07464,0.44598,0.47937
55.80250,0.49500,0.08433,0.58309,0.33258
55.90250,0.49500,0.07319,0.42510,0.50171
56.00250,0.49500,0.07857,0.52358,0.39785
56.10250,0.49500,0.22385,0.56998,0.20616
56.20250,0.49500,0.16791,0.65835,0.17374
56.30250,0.49500,0.19539,0.28349,0.52113
56.40250,0.49500,0.31575,0.53082,0.15343
56.50250,0.49500,0.12267,0.14052,0.73681
56.60250,0.49500,0.32603,0.35354,0.32043
56.70250,0.49500,0.07577,0.13127,0.79296
56.80250,0.49500,0.14285,0.38095,0.47619
56.90250,0.49500,0.09944,0.29428,0.60628
57.00250,0.49500,0.16151,0.27494,0.56355
57.10250,0.49500,0.17253,0.37461,0.45286
57.20250,0.49500,0.06223,0.17855,0.75922
57.30250,0.49500,0.09427,0.16414,0.74159
57.40250,0.49500,0.11641,0.39004,0.49355
57.50250,0.49500,0.23095,0.39876,0.37029
57.60250,0.49500,0.10163,0.42530,0.47307
57.70250,0.49500,0.05688,0.40155,0.54157
57.80250,0.49500,0.08820,0.50169,0.41011
57.90250,0.49500,0.07057,0.54956,0.37987
58.00250,0.49500,0.07388,0.51269,0.41344
58.10250,0.49500,0.09790,0.72529,0.17681
58.20250,0.49500,0.10269,0.45668,0.44064
58.30250,0.49500,0.11830,0.63515,0.24655
58.40250,0.49500,0.07149,0.37189,0.55663
58.50250,0.49500,0.07906,0.55998,0.36096
58.60250,0.49500,0.06691,0.29968,0.63341
58.70250,0.49500,0.32223,0.44505,0.23273
58.80250,0.49500,0.32445,0.35931,0.31624
58.90250,0.49500,0.22096,0.32685,0.45219
59.00250,0.49500,0.08528,0.28048,0.63423
59.10250,0.49500,0.10515,0.43379,0.46106
59.20250,0.49500,0.09965,0.51453,0.38582
59.30250,0.49500,0.25338,0.44625,0.30037
59.40250,0.49500,0.17240,0.66159,0.16601
59.50250,0.49500,0.09571,0.55825,0.34604
59.60250,0.49500,0.21957,0.57602,0.20441
59.70250,0.49500,0.20285,0.41196,0.38519
59.80250,0.49500,0.09932,0.22003,0.68065
59.90250,0.49500,0.10274,0.28344,0.61382
60.00250,0.49500,0.07304,0.32509,0.60187
60.10250,0.49500,0.11613,0.36341,0.52045
60.20250,0.49500,0.11215,0.29335,0.59450
60.30250,0.49500,0.17562,0.45461,0.36978
60.40250,0.49500,0.18142,0.37254,0.44605
60.50250,0.49500,0.11090,0.52928,0.35982
60.60250,0.49500,0.13564,0.36759,0.49677
60.70250,0.49500,0.11056,0.39941,0.49003
60.80250,0.49500,0.18246,0.20591,0.61162
60.90250,0.49500,0.11603,0.24839,0.63558
61.00250,0.49500,0.10010,0.26050,0.63940
61.10250,0.49500,0.15503,0.27066,0.57431
61.20250,0.49500,0.07741,0.17372,0.74887
61.30250,0.49500,0.12328,0.25743,0.61929
61.40250,0.49500,0.18874,0.29627,0.51499
61.50250,0.49500,0.06123,0.23625,0.70252
61.60250,0.49500,0.25262,0.43020,0.31718
61.70250,0.49500,0.12849,0.24382,0.62769
61.80250,0.49500,0.11372,0.25869,0.62760
61.90250,0.49500,0.07747,0.13633,0.78620
62.00250,0.49500,0.09401,0.17185,0.73414
62.10250,0.49500,0.07625,0.19481,0.72894
62.20250,0.49500,0.15363,0.28353,0.56284
62.30250,0.49500,0.13691,0.36820,0.49490
62.40250,0.49500,0.11132,0.47681,0.41188
62.50250,0.49500,0.07350,0.59621,0.33028
62.60250,0.49500,0.08547,0.76219,0.15235
62.70250,0.49500,0.11823,0.63615,0.24562
62.80250,0.49500,0.08061,0.67078,0.24861
62.90250,0.49500,0.14749,0.51868,0.33383
63.00250,0.49500,0.26143,0.56010,0.17847
63.10250,0.49500,0.11549,0.53664,0.34787
63.20250,0.49500,0.29988,0.39916,0.30097
63.30250,0.49500,0.20375,0.37082,0.42543
63.40250,0.49500,0.09408,0.50162,0.40430
63.50250,0.49500,0.26331,0.49733,0.23936
63.60250,0.49500,0.14594,0.45282,0.40124
63.70250,0.49500,0.20125,0.42967,0.36908
63.80250,0.49500,0.14762,0.53932,0.31306
63.90250,0.49500,0.29757,0.38499,0.31743
64.00250,0.49500,0.19305,0.41545,0.39149
64.10250,0.49500,0.15032,0.55608,0.29360
64.20250,0.49500,0.12310,0.68328,0.19361
64.30250,0.49500,0.08938,0.76065,0.14998
64.40250,0.49500,0.07598,0.85824,0.06578
64.50250,0.49500,0.06089,0.85605,0.08305
64.60250,0.49500,0.06151,0.69696,0.24153
64.70250,0.49500,0.09387,0.74448,0.16165
64.80250,0.49500,0.11582,0.71437,0.16981
64.90250,0.49500,0.12312,0.71450,0.16238
65.00250,0.49500,0.13671,0.74879,0.11449
65.10250,0.49500,0.12478,0.66956,0.20566
65.20250,0.49500,0.11540,0.60830,0.27630
65.30250,0.49500,0.04512,0.64109,0.31379
65.40250,0.49500,0.16003,0.79243,0.04754
65.50250,0.49500,0.15238,0.72887,0.11875
65.60250,0.49500,0.18085,0.75795,0.06121
65.70250,0.49500,0.14346,0.78848,0.06806
65.80250,0.49500,0.07172,0.87866,0.04962
65.90250,0.49500,0.07667,0.86133,0.06201
66.00250,0.49500,0.09376,0.73086,0.17538
66.10250,0.49500,0.06838,0.81990,0.11172
66.20250,0.49500,0.05355,0.88148,0.06497
66.30250,0.49500,0.05326,0.92995,0.01679
66.40250,0.49500,0.05600,0.90574,0.03826
66.50250,0.49500,0.09369,0.81398,0.09233
66.60250,0.49500,0.15435,0.76819,0.07747
66.70250,0.49500,0.13861,0.78827,0.07312
66.80250,0.49500,0.12981,0.82414,0.04606
66.90250,0.49500,0.06643,0.76584,0.16774
67.00250,0.49500,0.06184,0.83676,0.10140
67.10250,0.49500,0.12631,0.75442,0.11926
67.20250,0.49500,0.05096,0.89226,0.05677
67.30250,0.49500,0.05819,0.86899,0.07282
67.40250,0.49500,0.03696,0.92250,0.04054
67.50250,0.49500,0.04150,0.91061,0.04789
67.60250,0.49500,0.03412,0.87581,0.09008
67.70250,0.49500,0.09241,0.86904,0.03855
67.80250,0.49500,0.05033,0.92044,0.02924
67.90250,0.49500,0.07526,0.89398,0.03077
68.00250,0.49500,0.07644,0.90524,0.01832
68.10250,0.49500,0.20443,0.76950,0.02606
68.20250,0.49500,0.07374,0.81505,0.11121
68.30250,0.49500,0.22759,0.62110,0.15132
68.40250,0.49500,0.16068,0.65263,0.18668
68.50250,0.49500,0.34793,0.55095,0.10112
68.60250,0.49500,0.10019,0.84253,0.05728
68.70250,0.49500,0.19668,0.76830,0.03502
68.80250,0.49500,0.04526,0.92525,0.02949
68.90250,0.49500,0.08215,0.90314,0.01471
69.00250,0.49500,0.12077,0.81416,0.06507
69.10250,0.49500,0.11262,0.82471,0.06268
69.20250,0.49500,0.07751,0.88159,0.04090
69.30250,0.49500,0.10595,0.78425,0.10981
69.40250,0.49500,0.09638,0.71749,0.18612
69.50250,0.49500,0.12248,0.76964,0.10788
69.60250,0.49500,0.11319,0.73661,0.15020
69.70250,0.49500,0.09491,0.79661,0.10849
69.80250,0.49500,0.12933,0.85067,0.02000
69.90250,0.49500,0.02808,0.94300,0.02892
70.00250,0.49500,0.02789,0.95440,0.01771
70.10250,0.49500,0.06797,0.85608,0.07594
70.20250,0.49500,0.08284,0.86154,0.05561
70.30250,0.49500,0.09870,0.86961,0.03169
70.40250,0.49500,0.05789,0.90675,0.03536
70.50250,0.49500,0.04495,0.90081,0.05424
70.60250,0.49500,0.07131,0.79597,0.13272
70.70250,0.49500,0.15464,0.80932,0.03604
70.80250,0.49500,0.39466,0.54620,0.05914
70.90250,0.49500,0.20463,0.70927,0.08610
71.00250,0.49500,0.13603,0.74595,0.11802
71.10250,0.49500,0.07003,0.86571,0.06426
71.20250,0.49500,0.17863,0.74823,0.07314
71.30250,0.49500,0.04415,0.81459,0.14125
71.40250,0.49500,0.07497,0.88803,0.03700
71.50250,0.49500,0.04418,0.92671,0.02911
71.60250,0.49500,0.05718,0.90096,0.04187
71.70250,0.49500,0.07133,0.87740,0.05127
71.80250,0.49500,0.06269,0.90785,0.02946
71.90250,0.49500,0.09545,0.84104,0.06352
72.00250,0.49500,0.05842,0.81537,0.12621
72.10250,0.49500,0.12270,0.80060,0.07669
72.20250,0.49500,0.09354,0.78538,0.12108
72.30250,0.49500,0.06667,0.82621,0.10712
72.40250,0.49500,0.04050,0.87440,0.08510
72.50250,0.49500,0.04639,0.87230,0.08131
72.60250,0.49500,0.03038,0.88026,0.08935
72.70250,0.49500,0.07773,0.88433,0.03794
72.80250,0.49500,0.06988,0.84453,0.08559
72.90250,0.49500,0.06267,0.84830,0.08903
73.00250,0.49500,0.06946,0.83207,0.09847
73.10250,0.49500,0.06048,0.89707,0.04245
73.20250,0.49500,0.03398,0.93680,0.02923
73.30250,0.49500,0.04822,0.92364,0.02814
73.40250,0.49500,0.05030,0.89382,0.05588
73.50250,0.49500,0.06708,0.90071,0.03221
73.60250,0.49500,0.16253,0.77936,0.05811
73.70250,0.49500,0.06994,0.88665,0.04341
73.80250,0.49500,0.04820,0.90469,0.04710
73.90250,0.49500,0.07139,0.89722,0.03138
74.00250,0.49500,0.11775,0.82977,0.05249
74.10250,0.49500,0.09927,0.83893,0.06180
74.20250,0.49500,0.05996,0.84743,0.09261
74.30250,0.49500,0.05782,0.90843,0.03375
74.40250,0.49500,0.06038,0.83325,0.10637
74.50250,0.49500,0.06369,0.78077,0.15554
74.60250,0.49500,0.05505,0.81433,0.13062
74.70250,0.49500,0.07712,0.80731,0.11557
74.80250,0.49500,0.07486,0.87915,0.04598
74.90250,0.49500,0.06677,0.84829,0.08494
75.00250,0.49500,0.06524,0.86066,0.07409
75.10250,0.49500,0.06922,0.87792,0.05286
75.20250,0.49500,0.07839,0.87000,0.05161
75.30250,0.49500,0.07007,0.90880,0.02113
75.40250,0.49500,0.11805,0.83943,0.04252
75.50250,0.49500,0.05933,0.88882,0.05185
75.60250,0.49500,0.03904,0.77366,0.18730
75.70250,0.49500,0.08104,0.83543,0.08352
75.80250,0.49500,0.07583,0.87415,0.05002
75.90250,0.49500,0.04724,0.90321,0.04956
76.00250,0.49500,0.03289,0.90827,0.05884
76.10250,0.49500,0.04026,0.88007,0.07968
76.20250,0.49500,0.04386,0.93028,0.02587
76.30250,0.49500,0.03442,0.94821,0.01737
76.40250,0.49500,0.03952,0.95292,0.00756
76.50250,0.49500,0.03465,0.95474,0.01061
76.60250,0.49500,0.01885,0.95718,0.02397
76.70250,0.49500,0.03143,0.94607,0.02250
76.80250,0.49500,0.06477,0.89963,0.03560
76.90250,0.49500,0.09792,0.84445,0.05763
77.00250,0.49500,0.02980,0.87093,0.09927
77.10250,0.49500,0.07705,0.89987,0.02308
77.20250,0.49500,0.07321,0.85838,0.06842
77.30250,0.49500,0.10850,0.86271,0.02879
77.40250,0.49500,0.07179,0.76975,0.15845
77.50250,0.49500,0.10209,0.82738,0.07053
77.60250,0.49500,0.02545,0.90081,0.07374
77.70250,0.49500,0.03702,0.95257,0.01041
77.80250,0.49500,0.02047,0.97124,0.00829
77.90250,0.49500,0.02875,0.96462,0.00663
78.00250,0.49500,0.02091,0.96675,0.01234
78.10250,0.49500,0.01836,0.96905,0.01259
78.20250,0.49500,0.02804,0.95644,0.01552
78.30250,0.49500,0.03089,0.92896,0.04015
78.40250,0.49500,0.03705,0.91935,0.04360
78.50250,0.49500,0.03378,0.92464,0.04158
78.60250,0.49500,0.04349,0.91131,0.04520
78.70250,0.49500,0.04697,0.90878,0.04425
78.80250,0.49500,0.04387,0.92080,0.03533
78.90250,0.49500,0.02942,0.92506,0.04552
79.00250,0.49500,0.07098,0.87542,0.05360
79.10250,0.49500,0.05358,0.86591,0.08051
79.20250,0.49500,0.07328,0.80157,0.12514
79.30250,0.49500,0.10448,0.82228,0.07324
79.40250,0.49500,0.08153,0.70018,0.21830
79.50250,0.49500,0.10454,0.77920,0.11626
79.60250,0.49500,0.08702,0.41812,0.49486
79.70250,0.49500,0.16760,0.72007,0.11232
79.80250,0.49500,0.13211,0.78818,0.07971
79.90250,0.49500,0.05694,0.86648,0.07658
80.00250,0.49500,0.04708,0.89986,0.05306
80.10250,0.49500,0.05958,0.88405,0.05636
80.20250,0.49500,0.12375,0.60554,0.27071
80.30250,0.49500,0.23079,0.62023,0.14898
80.40250,0.49500,0.13590,0.57780,0.28630
80.50250,0.49500,0.15369,0.32951,0.51680
80.60250,0.49500,0.09796,0.31113,0.59091
80.70250,0.49500,0.18252,0.42391,0.39357
80.80250,0.49500,0.08342,0.17964,0.73694
80.90250,0.49500,0.06858,0.14819,0.78323
81.00250,0.49500,0.06643,0.21019,0.72338
81.10250,0.49500,0.09409,0.32658,0.57932
81.20250,0.49500,0.16458,0.27431,0.56111
81.30250,0.49500,0.12769,0.51869,0.35362
81.40250,0.49500,0.21576,0.44217,0.34207
81.50250,0.49500,0.15161,0.38681,0.46158
81.60250,0.49500,0.27966,0.50828,0.21206
81.70250,0.49500,0.12876,0.39486,0.47638
81.80250,0.49500,0.11405,0.63229,0.25366
81.90250,0.49500,0.23940,0.61812,0.14248
82.00250,0.49500,0.25909,0.61340,0.12751
82.10250,0.49500,0.47234,0.32582,0.20183
82.20250,0.49500,0.42193,0.45691,0.12116
82.30250,0.49500,0.71294,0.24722,0.03984
82.40250,0.49500,0.22367,0.61307,0.16326
82.50250,0.49500,0.16470,0.81849,0.01681
82.60250,0.49500,0.05076,0.93458,0.01465
82.70250,0.49500,0.10496,0.79704,0.09800
82.80250,0.49500,0.19171,0.63927,0.16902
82.90250,0.49500,0.08731,0.51044,0.40225
83.00250,0.49500,0.28163,0.34701,0.37137
83.10250,0.49500,0.29973,0.32028,0.37999
83.20250,0.49500,0.18894,0.35250,0.45856
83.30250,0.49500,0.16406,0.38575,0.45019
83.40250,0.49500,0.28368,0.43003,0.28629
83.50250,0.49500,0.20161,0.28043,0.51796
83.60250,0.49500,0.14805,0.47893,0.37302
83.70250,0.49500,0.16131,0.48974,0.34895
83.80250,0.49500,0.12670,0.62788,0.24543
83.90250,0.49500,0.34019,0.40855,0.25126
84.00250,0.49500,0.29955,0.43456,0.26589
84.10250,0.49500,0.13773,0.46769,0.39458
84.20250,0.49500,0.20143,0.62202,0.17655
84.30250,0.49500,0.16375,0.40817,0.42808
84.40250,0.49500,0.40672,0.45548,0.13779
84.50250,0.49500,0.56088,0.31469,0.12443
84.60250,0.49500,0.52013,0.20974,0.27013
84.70250,0.49500,0.26322,0.21683,0.51995
84.80250,0.49500,0.07254,0.11536,0.81209
84.90250,0.49500,0.18139,0.24051,0.57810
85.00250,0.49500,0.34216,0.35477,0.30307
85.10250,0.49500,0.10963,0.33278,0.55759
85.20250,0.49500,0.11376,0.33985,0.54639
85.30250,0.49500,0.08619,0.25983,0.65398
85.40250,0.49500,0.12050,0.56075,0.31876
85.50250,0.49500,0.21318,0.36977,0.41705
85.60250,0.49500,0.13813,0.37655,0.48532
85.70250,0.49500,0.08731,0.12509,0.78760
85.80250,0.49500,0.22098,0.66045,0.11857
85.90250,0.49500,0.51564,0.34253,0.14183
86.00250,0.49500,0.44964,0.30043,0.24992
86.10250,0.49500,0.16746,0.35658,0.47596
86.20250,0.49500,0.75965,0.20936,0.03099
86.30250,0.49500,0.58350,0.21220,0.20430
86.40250,0.49500,0.56787,0.17253,0.25960
86.50250,0.49500,0.38973,0.18237,0.42790
86.60250,0.49500,0.21764,0.23212,0.55024
86.70250,0.49500,0.15744,0.25016,0.59239
86.80250,0.49500,0.28326,0.13833,0.57840
86.90250,0.49500,0.20013,0.20784,0.59203
87.00250,0.49500,0.33350,0.10520,0.56130
87.10250,0.49500,0.31506,0.25205,0.43290
87.20250,0.49500,0.06733,0.11421,0.81847
87.30250,0.49500,0.47440,0.20426,0.32135
87.40250,0.49500,0.17950,0.24312,0.57738
87.50250,0.49500,0.83871,0.11504,0.04625
87.60250,0.49500,0.68062,0.01370,0.30568
87.70250,0.49500,0.90670,0.00213,0.09117
87.80250,0.49500,0.71429,0.00003,0.28568
87.90250,0.49500,0.39998,0.00000,0.60002
88.00250,0.49500,0.96514,0.00001,0.03485
88.10250,0.49500,0.96241,0.00000,0.03759
88.20250,0.49500,0.98476,0.00006,0.01519
88.30250,0.49500,0.99959,0.00000,0.00041
88.40250,0.49500,0.99999,0.00000,0.00000
88.50250,0.49500,1.00000,0.00000,0.00000
88.60250,0.49500,1.00000,0.00000,0.00000
88.70250,0.49500,0.99998,0.00001,0.00002
88.80250,0.49500,0.99479,0.00000,0.00521
88.90250,0.49500,0.42595,0.00003,0.57401
89.00250,0.49500,0.49003,0.00007,0.50989
89.10250,0.49500,0.04793,0.00001,0.95206
89.20250,0.49500,0.09462,0.00000,0.90538
89.30250,0.49500,0.05448,0.00000,0.94551
89.40250,0.49500,0.20145,0.00001,0.79854
89.50250,0.49500,0.07523,0.00000,0.92477
89.60250,0.49500,0.07270,0.00000,0.92729
89.70250,0.49500,0.24377,0.00001,0.75622
89.80250,0.49500,0.67397,0.00007,0.32596
89.90250,0.49500,0.96423,0.00020,0.03557
90.00250,0.49500,0.99086,0.00223,0.00692
90.10250,0.49500,0.99514,0.00006,0.00480
90.20250,0.49500,0.99992,0.00006,0.00002
90.30250,0.49500,0.99998,0.00000,0.00001
90.40250,0.49500,0.99998,0.00002,0.00000
90.50250,0.49500,0.99999,0.00000,0.00000
90.60250,0.49500,0.99975,0.00013,0.00012
90.70250,0.49500,0.99592,0.00002,0.00406
90.80250,0.49500,0.90158,0.00005,0.09837
90.90250,0.49500,0.98107,0.00001,0.01892
91.00250,0.49500,0.99132,0.00001,0.00868
91.10250,0.49500,0.99981,0.00002,0.00017
91.20250,0.49500,0.99998,0.00000,0.00002
91.30250,0.49500,0.99998,0.00000,0.00002
91.40250,0.49500,0.99974,0.00000,0.00026
91.50250,0.49500,0.99985,0.00000,0.00015
91.60250,0.49500,0.99910,0.00000,0.00090
91.70250,0.49500,0.99960,0.00000,0.00040
91.80250,0.49500,0.99994,0.00000,0.00006
91.90250,0.49500,0.99976,0.00001,0.00023
92.00250,0.49500,0.99987,0.00009,0.00003
92.10250,0.49500,0.92651,0.00020,0.07329
92.20250,0.49500,1.00000,0.00000,0.00000
92.30250,0.49500,0.99927,0.00001,0.00073
92.40250,0.49500,1.00000,0.00000,0.00000
92.50250,0.49500,0.99904,0.00086,0.00010
92.60250,0.49500,0.98491,0.00135,0.01374
92.70250,0.49500,0.99945,0.00006,0.00049
92.80250,0.49500,0.89900,0.00062,0.10038
92.90250,0.49500,0.99649,0.00028,0.00323
93.00250,0.49500,0.99982,0.00010,0.00008
93.10250,0.49500,0.99956,0.00001,0.00043
93.20250,0.49500,0.99960,0.00034,0.00006
93.30250,0.49500,0.99960,0.00010,0.00030
93.40250,0.49500,0.99999,0.00000,0.00001
93.50250,0.49500,0.99748,0.00013,0.00238
93.60250,0.49500,0.99823,0.00023,0.00155
93.70250,0.49500,0.99500,0.00004,0.00496
93.80250,0.49500,0.94134,0.00042,0.05824
93.90250,0.49500,0.74396,0.00076,0.25529
94.00250,0.49500,0.99873,0.00050,0.00077
94.10250,0.49500,0.93508,0.00066,0.06427
94.20250,0.49500,0.99971,0.00023,0.00006
94.30250,0.49500,0.99936,0.00014,0.00049
94.40250,0.49500,0.99999,0.00001,0.00000
94.50250,0.49500,0.99998,0.00000,0.00002
94.60250,0.49500,1.00000,0.00000,0.00000
94.70250,0.49500,1.00000,0.00000,0.00000
94.80250,0.49500,1.00000,0.00000,0.00000
94.90250,0.49500,1.00000,0.00000,0.00000
95.00250,0.49500,1.00000,0.00000,0.00000
95.10250,0.49500,1.00000,0.00000,0.00000
95.20250,0.49500,0.99941,0.00059,0.00000
95.30250,0.49500,1.00000,0.00000,0.00000
95.40250,0.49500,0.99994,0.00005,0.00001
95.50250,0.49500,0.99685,0.00013,0.00302
95.60250,0.49500,0.99995,0.00000,0.00005
95.70250,0.49500,0.99991,0.00001,0.00008
95.80250,0.49500,0.99999,0.00001,0.00000
95.90250,0.49500,0.99994,0.00006,0.00000
96.00250,0.49500,0.99997,0.00003,0.00000
96.10250,0.49500,0.99516,0.00000,0.00484
96.20250,0.49500,1.00000,0.00000,0.00000
96.30250,0.49500,1.00000,0.00000,0.00000
96.40250,0.49500,0.99998,0.00002,0.00000
96.50250,0.49500,0.99998,0.00002,0.00000
96.60250,0.49500,0.99995,0.00000,0.00005
96.70250,0.49500,0.90626,0.00147,0.09227
96.80250,0.49500,0.96264,0.00008,0.03727
96.90250,0.49500,0.99490,0.00085,0.00425
97.00250,0.49500,0.99876,0.00001,0.00123
97.10250,0.49500,0.99977,0.00010,0.00013
97.20250,0.49500,0.99030,0.00210,0.00760
97.30250,0.49500,0.97682,0.02289,0.00029
97.40250,0.49500,0.99593,0.00376,0.00031
97.50250,0.49500,0.99055,0.00929,0.00016
97.60250,0.49500,0.99950,0.00049,0.00001
97.70250,0.49500,0.99738,0.00248,0.00014
97.80250,0.49500,0.99988,0.00011,0.00000
97.90250,0.49500,0.99662,0.00008,0.00330
98.00250,0.49500,0.99998,0.00002,0.00000
98.10250,0.49500,0.99999,0.00001,0.00000
98.20250,0.49500,0.99997,0.00002,0.00001
98.30250,0.49500,0.99982,0.00002,0.00016
98.40250,0.49500,0.99992,0.00001,0.00007
98.50250,0.49500,0.99900,0.00001,0.00099
98.60250,0.49500,0.99898,0.00000,0.00101
98.70250,0.49500,0.99097,0.00004,0.00900
98.80250,0.49500,0.99941,0.00000,0.00058
98.90250,0.49500,0.99971,0.00009,0.00020
99.00250,0.49500,0.99998,0.00000,0.00002
99.10250,0.49500,0.99999,0.00000,0.00001
99.20250,0.49500,0.99970,0.00030,0.00001
99.30250,0.49500,1.00000,0.00000,0.00000
99.40250,0.49500,0.99970,0.00011,0.00019
99.50250,0.49500,0.99997,0.00002,0.00001
99.60250,0.49500,0.99974,0.00004,0.00022
99.70250,0.49500,0.95456,0.00001,0.04543
99.80250,0.49500,0.99406,0.00000,0.00594
99.90250,0.49500,0.99819,0.00003,0.00178
100.00250,0.49500,0.99332,0.00000,0.00668
100.10250,0.49500,0.99043,0.00000,0.00957
100.20250,0.49500,0.99335,0.00000,0.00665
100.30250,0.49500,0.99770,0.00000,0.00230
100.40250,0.49500,0.98008,0.00004,0.01988
100.50250,0.49500,0.99862,0.00000,0.00138
100.60250,0.49500,0.87569,0.00002,0.12429
100.70250,0.49500,0.99489,0.00000,0.00511
100.80250,0.49500,0.95606,0.00001,0.04393
100.90250,0.49500,0.99992,0.00000,0.00008
101.00250,0.49500,0.89160,0.00000,0.10840
101.10250,0.49500,0.99659,0.00000,0.00341
101.20250,0.49500,0.91618,0.00000,0.08382
101.30250,0.49500,0.99997,0.00000,0.00002
101.40250,0.49500,0.99835,0.00000,0.00165
101.50250,0.49500,0.99988,0.00002,0.00010
101.60250,0.49500,0.99999,0.00000,0.00001
101.70250,0.49500,0.99714,0.00000,0.00286
101.80250,0.49500,0.99961,0.00020,0.00019
101.90250,0.49500,0.99944,0.00001,0.00055
102.00250,0.49500,0.99819,0.00004,0.00177
102.10250,0.49500,0.99906,0.00000,0.00094
102.20250,0.49500,0.99484,0.00001,0.00514
102.30250,0.49500,0.99994,0.00000,0.00006
102.40250,0.49500,0.37136,0.00000,0.62864
102.50250,0.49500,0.99997,0.00000,0.00003
102.60250,0.49500,0.99540,0.00000,0.00460
102.70250,0.49500,0.99979,0.00000,0.00021
102.80250,0.49500,0.99980,0.00000,0.00020
102.90250,0.49500,0.92566,0.00000,0.07434
103.00250,0.49500,0.94797,0.00000,0.05203
103.10250,0.49500,0.93234,0.00000,0.06766
103.20250,0.49500,0.90200,0.00000,0.09800
103.30250,0.49500,0.88786,0.00000,0.11214
103.40250,0.49500,0.99701,0.00001,0.00298
103.50250,0.49500,0.99491,0.00000,0.00508
103.60250,0.49500,0.99999,0.00001,0.00000
103.70250,0.49500,0.99967,0.00033,0.00000
103.80250,0.49500,0.99941,0.00059,0.00000
103.90250,0.49500,0.99989,0.00011,0.00000
104.00250,0.49500,0.99999,0.00001,0.00000
104.10250,0.49500,0.99999,0.00001,0.00000
104.20250,0.49500,0.99718,0.00075,0.00208
104.30250,0.49500,0.98654,0.00002,0.01344
104.40250,0.49500,0.98675,0.00004,0.01321
104.50250,0.49500,0.98060,0.00008,0.01931
104.60250,0.49500,0.99962,0.00037,0.00002
104.70250,0.49500,0.99947,0.00053,0.00000
104.80250,0.49500,0.99991,0.00009,0.00000
104.90250,0.49500,0.99999,0.00001,0.00000
105.00250,0.49500,1.00000,0.00000,0.00000
105.10250,0.49500,1.00000,0.00000,0.00000
105.20250,0.49500,0.99982,0.00002,0.00017
105.30250,0.49500,0.49003,0.00003,0.50995
105.40250,0.49500,0.98119,0.00012,0.01869
105.50250,0.49500,0.99700,0.00299,0.00001
105.60250,0.49500,0.97201,0.02799,0.00000
105.70250,0.49500,0.98321,0.01679,0.00000
105.80250,0.49500,0.99969,0.00029,0.00002
105.90250,0.49500,0.99979,0.00001,0.00020
106.00250,0.49500,0.83672,0.00002,0.16325
106.10250,0.49500,0.83869,0.00000,0.16131
106.20250,0.49500,0.37434,0.00000,0.62566
106.30250,0.49500,0.15163,0.00001,0.84836
106.40250,0.49500,0.15732,0.00001,0.84268
106.50250,0.49500,0.38994,0.00001,0.61006
106.60250,0.49500,0.49633,0.00002,0.50365
106.70250,0.49500,0.55419,0.00002,0.44579
106.80250,0.49500,0.90645,0.00007,0.09348
106.90250,0.49500,0.89818,0.00003,0.10179
107.00250,0.49500,0.90965,0.00012,0.09023
107.10250,0.49500,0.95446,0.00001,0.04553
107.20250,0.49500,0.86079,0.00015,0.13906
107.30250,0.49500,0.99100,0.00001,0.00899
107.40250,0.49500,0.99928,0.00068,0.00003
107.50250,0.49500,0.99996,0.00004,0.00000
107.60250,0.49500,0.99998,0.00002,0.00000
107.70250,0.49500,1.00000,0.00000,0.00000
107.80250,0.49500,1.00000,0.00000,0.00000
107.90250,0.49500,1.00000,0.00000,0.00000
108.00250,0.49500,0.99969,0.00001,0.00031
108.10250,0.49500,0.99887,0.00103,0.00009
108.20250,0.49500,0.99976,0.00001,0.00022
108.30250,0.49500,0.99327,0.00007,0.00666
108.40250,0.49500,0.99883,0.00032,0.00085
108.50250,0.49500,0.99841,0.00000,0.00159
108.60250,0.49500,0.99597,0.00000,0.00403
108.70250,0.49500,0.99064,0.00000,0.00936
108.80250,0.49500,0.98193,0.00000,0.01807
108.90250,0.49500,0.94253,0.00000,0.05747
109.00250,0.49500,0.94345,0.00002,0.05653
109.10250,0.49500,0.90797,0.00001,0.09202
109.20250,0.49500,0.99020,0.00009,0.00971
109.30250,0.49500,0.90901,0.00015,0.09084
109.40250,0.49500,0.93075,0.00012,0.06913
109.50250,0.49500,0.77152,0.00001,0.22847
109.60250,0.49500,0.66209,0.00001,0.33789
109.70250,0.49500,0.73905,0.00003,0.26092
109.80250,0.49500,0.75562,0.00000,0.24438
109.90250,0.49500,0.87393,0.00005,0.12602
110.00250,0.49500,0.98909,0.00004,0.01087
110.10250,0.49500,0.95563,0.00002,0.04436
110.20250,0.49500,0.99242,0.00001,0.00757
110.30250,0.49500,0.96583,0.00007,0.03410
110.40250,0.49500,0.99242,0.00004,0.00753
110.50250,0.49500,0.96675,0.00005,0.03320
110.60250,0.49500,0.99896,0.00001,0.00103
110.70250,0.49500,0.98985,0.00002,0.01013
110.80250,0.49500,0.99948,0.00002,0.00050
110.90250,0.49500,0.98314,0.00000,0.01685
111.00250,0.49500,0.99960,0.00001,0.00039
111.10250,0.49500,0.99934,0.00001,0.00066
111.20250,0.49500,0.99671,0.00031,0.00298
111.30250,0.49500,0.99975,0.00001,0.00024
111.40250,0.49500,0.99803,0.00002,0.00195
111.50250,0.49500,0.99753,0.00003,0.00244
111.60250,0.49500,0.99888,0.00000,0.00111
111.70250,0.49500,0.99986,0.00000,0.00014
111.80250,0.49500,0.99609,0.00004,0.00387
111.90250,0.49500,0.92792,0.00008,0.07199
112.00250,0.49500,0.99178,0.00006,0.00816
112.10250,0.49500,0.99970,0.00004,0.00026
112.20250,0.49500,0.99916,0.00021,0.00063
112.30250,0.49500,0.99938,0.00012,0.00050
112.40250,0.49500,0.99999,0.00000,0.00000
112.50250,0.49500,0.99492,0.00001,0.00508
112.60250,0.49500,0.99986,0.00001,0.00014
112.70250,0.49500,0.99371,0.00000,0.00629
112.80250,0.49500,0.99865,0.00006,0.00129
112.90250,0.49500,0.99114,0.00003,0.00883
113.00250,0.49500,0.99904,0.00003,0.00093
113.10250,0.49500,0.88983,0.00005,0.11012
113.20250,0.49500,0.98030,0.00028,0.01942
113.30250,0.49500,0.95490,0.00016,0.04495
113.40250,0.49500,0.89591,0.00027,0.10383
113.50250,0.49500,0.38175,0.00015,0.61809
113.60250,0.49500,0.99808,0.00013,0.00179
113.70250,0.49500,0.99376,0.00007,0.00617
113.80250,0.49500,0.99918,0.00015,0.00067
113.90250,0.49500,0.99780,0.00013,0.00207
114.00250,0.49500,0.93861,0.00046,0.06093
114.10250,0.49500,0.99771,0.00013,0.00216
114.20250,0.49500,0.74699,0.00009,0.25292
114.30250,0.49500,0.99866,0.00002,0.00132
114.40250,0.49500,0.94388,0.00006,0.05606
114.50250,0.49500,0.99988,0.00004,0.00008
114.60250,0.49500,0.99728,0.00002,0.00270
114.70250,0.49500,0.99983,0.00002,0.00015
114.80250,0.49500,0.99588,0.00005,0.00407
114.90250,0.49500,0.99763,0.00016,0.00220
115.00250,0.49500,0.94529,0.00025,0.05445
115.10250,0.49500,0.84028,0.00048,0.15924
115.20250,0.49500,0.97079,0.00018,0.02903
115.30250,0.49500,0.25079,0.00011,0.74909
115.40250,0.49500,0.99060,0.00107,0.00833
115.50250,0.49500,0.91108,0.00010,0.08881
115.60250,0.49500,0.99861,0.00004,0.00135
115.70250,0.49500,0.99949,0.00000,0.00051
115.80250,0.49500,0.99998,0.00000,0.00001
115.90250,0.49500,0.99993,0.00003,0.00005
116.00250,0.49500,0.99856,0.00015,0.00129
116.10250,0.49500,0.99904,0.00018,0.00079
116.20250,0.49500,0.99973,0.00003,0.00024
116.30250,0.49500,0.98895,0.00052,0.01053
116.40250,0.49500,0.99787,0.00050,0.00163
116.50250,0.49500,0.97581,0.00046,0.02373
116.60250,0.49500,0.99907,0.00047,0.00046
116.70250,0.49500,0.98547,0.00016,0.01437
116.80250,0.49500,0.99986,0.00001,0.00013
116.90250,0.49500,0.95530,0.00012,0.04457
117.00250,0.49500,0.98936,0.00346,0.00718
117.10250,0.49500,0.99861,0.00026,0.00113
117.20250,0.49500,0.98873,0.00040,0.01087
117.30250,0.49500,0.81115,0.00053,0.18831
117.40250,0.49500,0.98163,0.00013,0.01824
117.50250,0.49500,0.72622,0.00008,0.27370
117.60250,0.49500,0.19700,0.00001,0.80299
117.70250,0.49500,0.99822,0.00006,0.00172
117.80250,0.49500,0.99545,0.00002,0.00453
117.90250,0.49500,0.99925,0.00007,0.00069
118.00250,0.49500,0.99882,0.00058,0.00060
118.10250,0.49500,0.99738,0.00020,0.00241
118.20250,0.49500,0.99982,0.00009,0.00009
118.30250,0.49500,0.99487,0.00012,0.00501
118.40250,0.49500,0.99995,0.00001,0.00004
118.50250,0.49500,0.99078,0.00283,0.00640
118.60250,0.49500,0.99725,0.00003,0.00272
118.70250,0.49500,0.98220,0.00013,0.01767
118.80250,0.49500,0.99772,0.00002,0.00226
118.90250,0.49500,0.99918,0.00020,0.00062
119.00250,0.49500,0.99905,0.00000,0.00095
119.10250,0.49500,0.99995,0.00000,0.00005
119.20250,0.49500,0.99318,0.00000,0.00682
119.30250,0.49500,0.99979,0.00000,0.00021
119.40250,0.49500,0.99900,0.00008,0.00093
119.50250,0.49500,0.99874,0.00001,0.00125
119.60250,0.49500,0.99925,0.00001,0.00074
119.70250,0.49500,0.84003,0.00015,0.15982
119.80250,0.49500,0.93057,0.00047,0.06897
119.90250,0.49500,0.99778,0.00002,0.00220
120.00250,0.49500,0.96832,0.00003,0.03165
120.10250,0.49500,0.99769,0.00003,0.00228
120.20250,0.49500,0.99663,0.00010,0.00327
120.30250,0.49500,0.98840,0.00002,0.01158
120.40250,0.49500,0.96680,0.00005,0.03315
120.50250,0.49500,0.83170,0.00028,0.16802
120.60250,0.49500,0.99537,0.00008,0.00455
120.70250,0.49500,0.99713,0.00008,0.00279
120.80250,0.49500,0.99854,0.00022,0.00124
120.90250,0.49500,0.99997,0.00001,0.00002
121.00250,0.49500,0.99969,0.00030,0.00001
121.10250,0.49500,0.99941,0.00059,0.00000
121.20250,0.49500,0.99234,0.00766,0.00000
121.30250,0.49500,0.99993,0.00007,0.00000
121.40250,0.49500,0.99984,0.00016,0.00000
121.50250,0.49500,0.99896,0.00104,0.00000
121.60250,0.49500,1.00000,0.00000,0.00000
121.70250,0.49500,0.99838,0.00162,0.00000
121.80250,0.49500,0.80032,0.19968,0.00000
121.90250,0.49500,0.99725,0.00275,0.00000
122.00250,0.49500,0.99006,0.00994,0.00000
122.10250,0.49500,1.00000,0.00000,0.00000
122.20250,0.49500,0.99630,0.00370,0.00000
122.30250,0.49500,1.00000,0.00000,0.00000
122.40250,0.49500,0.99998,0.00000,0.00001
122.50250,0.49500,0.99085,0.00036,0.00879
122.60250,0.49500,0.99673,0.00013,0.00314
122.70250,0.49500,0.99882,0.00017,0.00102
122.80250,0.49500,0.81425,0.00082,0.18493
122.90250,0.49500,0.74298,0.00079,0.25623
123.00250,0.49500,0.92528,0.00058,0.07414
123.10250,0.49500,0.64265,0.00015,0.35721
123.20250,0.49500,0.83845,0.00031,0.16125
123.30250,0.49500,0.98913,0.00006,0.01081
123.40250,0.49500,0.99992,0.00000,0.00008
123.50250,0.49500,0.99927,0.00001,0.00072
123.60250,0.49500,0.99993,0.00001,0.00007
123.70250,0.49500,0.99986,0.00000,0.00014
123.80250,0.49500,0.99868,0.00003,0.00128
123.90250,0.49500,0.99974,0.00000,0.00025
124.00250,0.49500,0.99939,0.00000,0.00061
124.10250,0.49500,0.99640,0.00004,0.00356
124.20250,0.49500,0.96081,0.00003,0.03916
124.30250,0.49500,0.99929,0.00021,0.00050
124.40250,0.49500,0.99912,0.00000,0.00088
124.50250,0.49500,0.99993,0.00000,0.00007
124.60250,0.49500,0.99895,0.00006,0.00099
124.70250,0.49500,0.99954,0.00002,0.00045
124.80250,0.49500,0.99636,0.00011,0.00353
124.90250,0.49500,0.99260,0.00015,0.00724
125.00250,0.49500,0.97642,0.00023,0.02335
125.10250,0.49500,0.99536,0.00109,0.00355
125.20250,0.49500,0.99935,0.00044,0.00021
125.30250,0.49500,0.99957,0.00028,0.00014
125.40250,0.49500,0.99994,0.00003,0.00002
125.50250,0.49500,0.99843,0.00142,0.00015
125.60250,0.49500,0.99985,0.00004,0.00011
125.70250,0.49500,0.99692,0.00006,0.00302
125.80250,0.49500,0.99941,0.00002,0.00056
125.90250,0.49500,0.99319,0.00011,0.00670
126.00250,0.49500,0.99940,0.00042,0.00018
126.10250,0.49500,0.99930,0.00020,0.00050
126.20250,0.49500,0.89273,0.00065,0.10662
126.30250,0.49500,0.99927,0.00008,0.00066
126.40250,0.49500,0.94516,0.00001,0.05483
126.50250,0.49500,0.99819,0.00004,0.00176
126.60250,0.49500,0.92029,0.00007,0.07964
126.70250,0.49500,0.99136,0.00007,0.00857
126.80250,0.49500,0.63633,0.00008,0.36359
126.90250,0.49500,0.91777,0.00108,0.08115
127.00250,0.49500,0.93720,0.00038,0.06242
127.10250,0.49500,0.63085,0.00004,0.36911
127.20250,0.49500,0.58758,0.00047,0.41195
127.30250,0.49500,0.87654,0.00013,0.12334
127.40250,0.49500,0.88286,0.00015,0.11699
127.50250,0.49500,0.76299,0.00001,0.23700
127.60250,0.49500,0.65801,0.00001,0.34198
127.70250,0.49500,0.96486,0.00014,0.03501
127.80250,0.49500,0.72538,0.00002,0.27460
127.90250,0.49501,0.97215,0.00006,0.02779
128.00250,0.49500,0.96968,0.00005,0.03026
128.10249,0.49501,0.85449,0.00034,0.14517
128.20250,0.49500,0.87123,0.00006,0.12871
128.30251,0.49500,0.87048,0.00063,0.12890
128.40250,0.49501,0.97751,0.00005,0.02244
128.50250,0.49500,0.94688,0.00016,0.05296
128.60249,0.49501,0.98411,0.00008,0.01582
128.70250,0.49500,0.98308,0.00162,0.01530
128.80251,0.49500,0.99131,0.00031,0.00838
128.90250,0.49501,0.99185,0.00011,0.00804
129.00250,0.49500,0.99461,0.00009,0.00530
129.10249,0.49501,0.99865,0.00009,0.00126
129.20250,0.49500,0.99515,0.00000,0.00485
129.30251,0.49500,0.97664,0.00000,0.02336
129.40250,0.49501,0.99016,0.00000,0.00984
129.50250,0.49500,0.96816,0.00000,0.03184
129.60249,0.49501,0.98576,0.00000,0.01424
129.70250,0.49500,0.89863,0.00002,0.10136
129.80251,0.49500,0.99720,0.00006,0.00273
129.90250,0.49501,0.97884,0.00000,0.02116
130.00250,0.49500,0.99070,0.00003,0.00927
130.10249,0.49501,0.98969,0.00001,0.01030
130.20250,0.49500,0.98069,0.00005,0.01926
130.30251,0.49500,0.83715,0.00000,0.16285
130.40250,0.49501,0.97755,0.00002,0.02243
130.50250,0.49500,0.59915,0.00003,0.40082
130.60249,0.49501,0.86832,0.00031,0.13137
130.70250,0.49500,0.97704,0.00014,0.02282
130.80251,0.49500,0.57431,0.00074,0.42495
130.90250,0.49501,0.94555,0.00023,0.05422
131.00250,0.49500,0.67446,0.00039,0.32515
131.10249,0.49501,0.95842,0.00033,0.04124
131.20250,0.49500,0.94241,0.00004,0.05755
131.30251,0.49500,0.90850,0.00004,0.09146
131.40250,0.49501,0.94384,0.00003,0.05613
131.50250,0.49500,0.94444,0.00002,0.05554
131.60249,0.49501,0.55450,0.00001,0.44549
131.70250,0.49500,0.51637,0.00001,0.48362
131.80251,0.49500,0.31157,0.00003,0.68841
131.90250,0.49501,0.12967,0.00005,0.87029
132.00250,0.49500,0.24638,0.00002,0.75360
132.10249,0.49501,0.03074,0.00001,0.96925
132.20250,0.49500,0.07181,0.00002,0.92818
132.30251,0.49500,0.07542,0.00000,0.92457
132.40250,0.49501,0.02636,0.00001,0.97363
132.50250,0.49500,0.18878,0.00003,0.81119
132.60249,0.49501,0.03793,0.00002,0.96205
132.70250,0.49500,0.03652,0.00003,0.96345
132.80251,0.49500,0.21860,0.00010,0.78131
132.90250,0.49501,0.09931,0.00004,0.90065
133.00250,0.49500,0.52438,0.00009,0.47553
133.10249,0.49501,0.81357,0.00022,0.18620
133.20250,0.49500,0.78173,0.00014,0.21814
133.30251,0.49500,0.17967,0.00005,0.82028
133.40250,0.49501,0.06594,0.00009,0.93398
133.50250,0.49500,0.03063,0.00003,0.96933
133.60249,0.49501,0.01937,0.00004,0.98059
133.70250,0.49500,0.02953,0.00002,0.97045
133.80251,0.49500,0.01487,0.00000,0.98512
133.90250,0.49501,0.10216,0.00004,0.89780
134.00250,0.49500,0.10020,0.00001,0.89979
134.10249,0.49501,0.14776,0.00002,0.85222
134.20250,0.49500,0.01656,0.00004,0.98340
134.30251,0.49500,0.01062,0.00005,0.98933
134.40250,0.49501,0.02241,0.00005,0.97754
134.50250,0.49500,0.00781,0.00005,0.99214
134.60249,0.49501,0.03025,0.00005,0.96970
134.70250,0.49500,0.02013,0.00018,0.97969
134.80251,0.49500,0.06070,0.00030,0.93900
134.90250,0.49501,0.01590,0.00003,0.98407
135.00250,0.49500,0.00874,0.00002,0.99124
135.10249,0.49501,0.11902,0.00005,0.88092
135.20250,0.49500,0.01652,0.00001,0.98347
135.30251,0.49500,0.23897,0.00020,0.76083
135.40250,0.49501,0.05574,0.00013,0.94412
135.50250,0.49500,0.04789,0.00026,0.95186
135.60249,0.49501,0.04585,0.00063,0.95353
135.70250,0.49500,0.02783,0.00059,0.97158
135.80251,0.49500,0.02287,0.00254,0.97458
135.90250,0.49501,0.00974,0.00057,0.98970
136.00250,0.49500,0.01607,0.00018,0.98375
136.10249,0.49501,0.02918,0.00043,0.97039
136.20250,0.49500,0.02231,0.00055,0.97714
136.30251,0.49500,0.02665,0.00069,0.97267
136.40250,0.49501,0.01302,0.00116,0.98582
136.50250,0.49500,0.01174,0.00033,0.98793
136.60249,0.49501,0.02971,0.00085,0.96944
136.70250,0.49500,0.06154,0.00072,0.93773
136.80251,0.49500,0.14595,0.00013,0.85393
136.90250,0.49501,0.16699,0.00049,0.83252
137.00250,0.49500,0.40217,0.00064,0.59719
137.10249,0.49501,0.03223,0.00006,0.96771
137.20250,0.49500,0.02220,0.00036,0.97744
137.30251,0.49500,0.02430,0.00015,0.97555
137.40250,0.49501,0.01797,0.00017,0.98187
137.50250,0.49500,0.01647,0.00025,0.98328
137.60249,0.49501,0.01269,0.00013,0.98719
137.70250,0.49500,0.00857,0.00016,0.99126
137.80251,0.49500,0.01116,0.00022,0.98862
137.90250,0.49501,0.01391,0.00036,0.98573
138.00250,0.49500,0.01004,0.00005,0.98991
138.10249,0.49501,0.03366,0.00020,0.96614
138.20250,0.49500,0.05312,0.00030,0.94659
138.30251,0.49500,0.01480,0.00014,0.98507
138.40250,0.49501,0.03595,0.00015,0.96390
138.50250,0.49500,0.04592,0.00012,0.95396
138.60249,0.49501,0.03117,0.00006,0.96877
138.70250,0.49500,0.02346,0.00009,0.97645
138.80251,0.49500,0.02608,0.00002,0.97390
138.90250,0.49501,0.02851,0.00002,0.97147
139.00250,0.49500,0.00794,0.00001,0.99205
139.10249,0.49501,0.06329,0.00001,0.93670
139.20250,0.49500,0.01704,0.00002,0.98294
139.30251,0.49500,0.01962,0.00000,0.98037
139.40250,0.49501,0.01085,0.00000,0.98915
139.50250,0.49500,0.01245,0.00000,0.98755
139.60249,0.49501,0.00824,0.00000,0.99176
139.70250,0.49500,0.01257,0.00001,0.98743
139.80251,0.49500,0.02651,0.00002,0.97346
139.90250,0.49501,0.01770,0.00001,0.98229
140.00250,0.49500,0.04763,0.00001,0.95236
140.10249,0.49501,0.02674,0.00001,0.97325
140.20250,0.49500,0.01767,0.00000,0.98233
140.30251,0.49500,0.01491,0.00000,0.98508
140.40250,0.49501,0.00784,0.00000,0.99216
140.50250,0.49500,0.00969,0.00000,0.99030
140.60249,0.49501,0.00760,0.00001,0.99239
140.70250,0.49500,0.01864,0.00001,0.98135
140.80251,0.49500,0.00821,0.00001,0.99178
140.90250,0.49501,0.00950,0.00001,0.99049
141.00250,0.49500,0.01396,0.00002,0.98602
141.10249,0.49501,0.00657,0.00001,0.99342
141.20250,0.49500,0.01010,0.00001,0.98990
141.30251,0.49500,0.00494,0.00000,0.99506
141.40250,0.49501,0.00691,0.00000,0.99308
141.50250,0.49500,0.00834,0.00000,0.99166
141.60249,0.49501,0.01093,0.00001,0.98906
141.70250,0.49500,0.02664,0.00003,0.97333
141.80251,0.49500,0.01291,0.00003,0.98706
141.90250,0.49501,0.01291,0.00008,0.98701
142.00250,0.49500,0.05296,0.00018,0.94686
142.10249,0.49501,0.01232,0.00007,0.98761
142.20250,0.49500,0.01356,0.00009,0.98635
142.30251,0.49500,0.01156,0.00006,0.98838
142.40250,0.49501,0.01713,0.00014,0.98274
142.50250,0.49500,0.03939,0.00012,0.96049
142.60249,0.49501,0.03257,0.00020,0.96723
142.70250,0.49500,0.04875,0.00015,0.95111
142.80251,0.49500,0.04730,0.00024,0.95246
142.90250,0.49501,0.06037,0.00008,0.93955
143.00250,0.49500,0.02703,0.00002,0.97295
143.10249,0.49501,0.04812,0.00001,0.95187
143.20250,0.49500,0.04377,0.00003,0.95619
143.30251,0.49500,0.37457,0.00008,0.62535
143.40250,0.49501,0.07806,0.00004,0.92190
143.50250,0.49500,0.09841,0.00002,0.90157
143.60249,0.49501,0.08691,0.00002,0.91307
143.70250,0.49500,0.09365,0.00001,0.90634
143.80251,0.49500,0.04318,0.00000,0.95681
143.90250,0.49501,0.02373,0.00000,0.97627
144.00250,0.49500,0.01092,0.00000,0.98908
144.10249,0.49501,0.03308,0.00000,0.96691
144.20250,0.49500,0.01725,0.00000,0.98275
144.30251,0.49500,0.02650,0.00000,0.97350
144.40250,0.49501,0.00984,0.00000,0.99016
144.50250,0.49500,0.00783,0.00000,0.99217
144.60249,0.49501,0.00630,0.00000,0.99370
144.70250,0.49500,0.00488,0.00000,0.99512
144.80251,0.49500,0.00822,0.00000,0.99178
144.90250,0.49501,0.00654,0.00000,0.99345
145.00250,0.49500,0.01384,0.00000,0.98616
145.10249,0.49501,0.01411,0.00000,0.98589
145.20250,0.49500,0.00992,0.00000,0.99008
145.30251,0.49500,0.00853,0.00000,0.99146
145.40250,0.49501,0.01227,0.00000,0.98773
145.50250,0.49500,0.00628,0.00000,0.99372
145.60249,0.49501,0.01524,0.00000,0.98476
145.70250,0.49500,0.01152,0.00000,0.98848
145.80251,0.49500,0.02956,0.00001,0.97043
145.90250,0.49501,0.03002,0.00001,0.96997
146.00250,0.49500,0.02144,0.00000,0.97855
146.10249,0.49501,0.00599,0.00000,0.99400
146.20250,0.49500,0.00655,0.00001,0.99344
146.30251,0.49500,0.00873,0.00001,0.99126
146.40250,0.49501,0.01481,0.00001,0.98518
146.50250,0.49500,0.02279,0.00000,0.97721
146.60249,0.49501,0.03542,0.00000,0.96458
146.70250,0.49500,0.03423,0.00000,0.96577
146.80251,0.49500,0.02783,0.00000,0.97217
146.90250,0.49501,0.01292,0.00000,0.98708
147.00250,0.49500,0.01804,0.00002,0.98195
147.10249,0.49501,0.01883,0.00001,0.98116
147.20250,0.49500,0.01331,0.00002,0.98667
147.30251,0.49500,0.01168,0.00001,0.98831
147.40250,0.49501,0.02386,0.00001,0.97614
147.50250,0.49500,0.05774,0.00002,0.94224
147.60249,0.49501,0.13300,0.00001,0.86700
147.70250,0.49500,0.09809,0.00001,0.90190
147.80251,0.49500,0.01373,0.00001,0.98627
147.90250,0.49501,0.00597,0.00000,0.99403
148.00250,0.49500,0.00641,0.00000,0.99359
148.10249,0.49501,0.00973,0.00001,0.99027
148.20250,0.49500,0.00595,0.00000,0.99404
148.30251,0.49500,0.01148,0.00001,0.98851
148.40250,0.49501,0.01798,0.00004,0.98199
148.50250,0.49500,0.01000,0.00000,0.99000
148.60249,0.49501,0.01214,0.00002,0.98784
148.70250,0.49500,0.04418,0.00003,0.95579
148.80251,0.49500,0.02651,0.00002,0.97347
148.90250,0.49501,0.03048,0.00001,0.96951
149.00250,0.49500,0.01109,0.00002,0.98889
149.10249,0.49501,0.00743,0.00001,0.99256
149.20250,0.49500,0.02136,0.00001,0.97863
149.30251,0.49500,0.02423,0.00000,0.97577
149.40250,0.49501,0.05533,0.00003,0.94464
149.50250,0.49500,0.09363,0.00006,0.90632
149.60249,0.49501,0.01000,0.00003,0.98997
149.70250,0.49500,0.01292,0.00002,0.98707
149.80251,0.49500,0.01004,0.00001,0.98995
149.90250,0.49501,0.01114,0.00000,0.98886
150.00250,0.49500,0.00813,0.00000,0.99187
150.10249,0.49501,0.00564,0.00000,0.99436
150.20250,0.49500,0.00967,0.00000,0.99033
150.30251,0.49500,0.01728,0.00000,0.98272
150.40250,0.49501,0.01577,0.00000,0.98422
150.50250,0.49500,0.00740,0.00001,0.99258
150.60249,0.49501,0.00774,0.00002,0.99225
150.70250,0.49500,0.01107,0.00003,0.98889
150.80251,0.49500,0.01787,0.00011,0.98202
150.90250,0.49501,0.01205,0.00014,0.98781
151.00250,0.49500,0.01474,0.00006,0.98520
151.10249,0.49501,0.01387,0.00003,0.98610
151.20250,0.49500,0.02326,0.00004,0.97670
151.30251,0.49500,0.02142,0.00001,0.97857
151.40250,0.49501,0.01157,0.00001,0.98843
151.50250,0.49500,0.00608,0.00001,0.99391
151.60249,0.49501,0.01841,0.00000,0.98159
151.70250,0.49500,0.01190,0.00000,0.98809
151.80251,0.49500,0.00773,0.00000,0.99227
151.90250,0.49501,0.00962,0.00000,0.99038
152.00250,0.49500,0.00906,0.00000,0.99094
152.10249,0.49501,0.00855,0.00000,0.99145
152.20250,0.49500,0.00955,0.00000,0.99045
152.30251,0.49500,0.00470,0.00000,0.99530
152.40250,0.49501,0.00821,0.00000,0.99179
152.50250,0.49500,0.00419,0.00000,0.99581
152.60249,0.49501,0.00829,0.00000,0.99171
152.70250,0.49500,0.00425,0.00000,0.99575
152.80251,0.49500,0.00669,0.00000,0.99331
152.90250,0.49501,0.00732,0.00000,0.99267
153.00250,0.49500,0.02531,0.00000,0.97469
153.10249,0.49501,0.01174,0.00000,0.98826
153.20250,0.49500,0.01380,0.00000,0.98620
153.30251,0.49500,0.01039,0.00000,0.98961
153.40250,0.49501,0.00623,0.00000,0.99377
153.50250,0.49500,0.00503,0.00000,0.99497
153.60249,0.49501,0.01491,0.00000,0.98509
153.70250,0.49500,0.01357,0.00000,0.98643
153.80251,0.49500,0.02536,0.00000,0.97464
153.90250,0.49501,0.01230,0.00000,0.98770
154.00250,0.49500,0.00405,0.00000,0.99595
154.10249,0.49501,0.00366,0.00000,0.99634
154.20250,0.49500,0.00824,0.00000,0.99176
154.30251,0.49500,0.01093,0.00000,0.98907
154.40250,0.49501,0.00687,0.00000,0.99313
154.50250,0.49500,0.02806,0.00000,0.97194
154.60249,0.49501,0.00740,0.00000,0.99260
154.70250,0.49500,0.00785,0.00000,0.99215
154.80251,0.49500,0.00542,0.00000,0.99458
154.90250,0.49501,0.00557,0.00000,0.99443
155.00250,0.49500,0.00689,0.00000,0.99310
155.10249,0.49501,0.00541,0.00000,0.99459
155.20250,0.49500,0.00432,0.00000,0.99568
155.30251,0.49500,0.00354,0.00000,0.99646
155.40250,0.49501,0.00564,0.00000,0.99436
155.50250,0.49500,0.00897,0.00000,0.99103
155.60249,0.49501,0.00769,0.00000,0.99231
155.70250,0.49500,0.00645,0.00000,0.99355
155.80251,0.49500,0.01272,0.00001,0.98727
155.90250,0.49501,0.05741,0.00002,0.94257
156.00250,0.49500,0.03690,0.00000,0.96310
156.10249,0.49501,0.02073,0.00000,0.97927
156.20250,0.49500,0.04535,0.00000,0.95465
156.30251,0.49500,0.01215,0.00000,0.98785
156.40250,0.49501,0.00432,0.00000,0.99568
156.50250,0.49500,0.01340,0.00000,0.98660
156.60249,0.49501,0.01153,0.00000,0.98847
156.70250,0.49500,0.00658,0.00000,0.99342
156.80251,0.49500,0.01018,0.00000,0.98982
156.90250,0.49501,0.01659,0.00000,0.98341
157.00250,0.49500,0.00717,0.00000,0.99283
157.10249,0.49501,0.00627,0.00000,0.99373
157.20250,0.49500,0.01311,0.00000,0.98689
157.30251,0.49500,0.00905,0.00000,0.99095
157.40250,0.49501,0.00712,0.00000,0.99288
157.50250,0.49500,0.00769,0.00000,0.99230
157.60249,0.49501,0.01008,0.00000,0.98992
157.70250,0.49500,0.01153,0.00000,0.98847
157.80251,0.49500,0.00556,0.00000,0.99443
157.90250,0.49501,0.00623,0.00000,0.99377
158.00250,0.49500,0.00745,0.00000,0.99254
158.10249,0.49501,0.00566,0.00000,0.99434
158.20250,0.49500,0.00927,0.00000,0.99073
158.30251,0.49500,0.00648,0.00000,0.99352
158.40250,0.49501,0.01306,0.00000,0.98694
158.50250,0.49500,0.01183,0.00000,0.98816
158.60249,0.49501,0.00409,0.00000,0.99591
158.70250,0.49500,0.00490,0.00000,0.99510
158.80251,0.49500,0.00581,0.00000,0.99419
158.90250,0.49501,0.00833,0.00000,0.99167
159.00250,0.49500,0.00619,0.00000,0.99381
159.10249,0.49501,0.01623,0.00000,0.98377
159.20250,0.49500,0.00770,0.00000,0.99230
159.30251,0.49500,0.01722,0.00001,0.98277
159.40250,0.49501,0.01672,0.00000,0.98328
159.50250,0.49500,0.01490,0.00001,0.98510
159.60249,0.49501,0.01123,0.00001,0.98876
159.70250,0.49500,0.00685,0.00002,0.99313
159.80251,0.49500,0.00609,0.00004,0.99387
159.90250,0.49501,0.00838,0.00003,0.99159
160.00250,0.49500,0.00781,0.00007,0.99212
160.10249,0.49501,0.01062,0.00002,0.98936
160.20250,0.49500,0.00642,0.00001,0.99357
160.30251,0.49500,0.00653,0.00001,0.99346
160.40250,0.49501,0.01110,0.00000,0.98890
160.50250,0.49500,0.01468,0.00000,0.98532
160.60249,0.49501,0.01579,0.00000,0.98420
160.70250,0.49500,0.02255,0.00000,0.97745
160.80251,0.49500,0.00472,0.00000,0.99528
160.90250,0.49501,0.00715,0.00001,0.99284
161.00250,0.49500,0.00922,0.00002,0.99076
161.10249,0.49501,0.00676,0.00000,0.99324
161.20250,0.49500,0.00729,0.00000,0.99271
161.30251,0.49500,0.00991,0.00000,0.99009
161.40250,0.49501,0.00790,0.00000,0.99210
161.50250,0.49500,0.00611,0.00000,0.99389
161.60249,0.49501,0.00895,0.00000,0.99105
161.70250,0.49500,0.00610,0.00000,0.99390
161.80251,0.49500,0.00553,0.00000,0.99447
161.90250,0.49501,0.00779,0.00000,0.99221
162.00250,0.49500,0.01017,0.00000,0.98983
162.10249,0.49501,0.00409,0.00000,0.99591
162.20250,0.49500,0.00607,0.00000,0.99393
162.30251,0.49500,0.00703,0.00000,0.99297
162.40250,0.49501,0.00702,0.00000,0.99298
162.50250,0.49500,0.01044,0.00000,0.98956
162.60249,0.49501,0.00488,0.00000,0.99512
162.70250,0.49500,0.00910,0.00000,0.99090
162.80251,0.49500,0.00679,0.00000,0.99321
162.90250,0.49501,0.00634,0.00000,0.99366
163.00250,0.49500,0.00682,0.00000,0.99318
163.10249,0.49501,0.00590,0.00000,0.99410
163.20250,0.49500,0.00605,0.00000,0.99395
163.30251,0.49500,0.00527,0.00000,0.99473
163.40250,0.49501,0.00724,0.00000,0.99276
163.50250,0.49500,0.01519,0.00000,0.98481
163.60249,0.49501,0.01564,0.00000,0.98436
163.70250,0.49500,0.02200,0.00000,0.97800
163.80251,0.49500,0.00891,0.00000,0.99109
163.90250,0.49501,0.00418,0.00000,0.99582
164.00250,0.49500,0.00436,0.00000,0.99564
164.10249,0.49501,0.00735,0.00000,0.99265
164.20250,0.49500,0.00588,0.00000,0.99412
164.30251,0.49500,0.00926,0.00000,0.99074
164.40250,0.49501,0.01281,0.00000,0.98719
164.50250,0.49500,0.01959,0.00000,0.98041
164.60249,0.49501,0.01807,0.00000,0.98193
164.70250,0.49500,0.01640,0.00000,0.98360
164.80251,0.49500,0.01263,0.00000,0.98737
164.90250,0.49501,0.01757,0.00000,0.98243
165.00250,0.49500,0.01535,0.00000,0.98464
165.10249,0.49501,0.00884,0.00000,0.99116
165.20250,0.49500,0.00442,0.00000,0.99558
165.30251,0.49500,0.01483,0.00000,0.98517
165.40250,0.49501,0.00689,0.00000,0.99311
165.50250,0.49500,0.01152,0.00000,0.98848
165.60249,0.49501,0.00554,0.00000,0.99446
165.70250,0.49500,0.00881,0.00000,0.99119
165.80251,0.49500,0.00689,0.00000,0.99311
165.90250,0.49501,0.00989,0.00000,0.99011
166.00250,0.49500,0.00920,0.00000,0.99080
166.10249,0.49501,0.00769,0.00000,0.99231
166.20250,0.49500,0.00541,0.00000,0.99459
166.30251,0.49500,0.00921,0.00000,0.99079
166.40250,0.49501,0.00740,0.00000,0.99260
166.50250,0.49500,0.00474,0.00000,0.99526
166.60249,0.49501,0.00719,0.00000,0.99281
166.70250,0.49500,0.00677,0.00000,0.99323
166.80251,0.49500,0.00466,0.00000,0.99534
166.90250,0.49501,0.00487,0.00000,0.99513
167.00250,0.49500,0.00678,0.00000,0.99322
167.10249,0.49501,0.00952,0.00000,0.99048
167.20250,0.49500,0.01042,0.00000,0.98958
167.30251,0.49500,0.00512,0.00000,0.99488
167.40250,0.49501,0.00852,0.00000,0.99148
167.50250,0.49500,0.01072,0.00000,0.98928
167.60249,0.49501,0.00791,0.00000,0.99209
167.70250,0.49500,0.00501,0.00000,0.99499
167.80251,0.49500,0.00706,0.00000,0.99294
167.90250,0.49501,0.00599,0.00000,0.99401
168.00250,0.49500,0.00848,0.00000,0.99152
168.10249,0.49501,0.01358,0.00000,0.98641
168.20250,0.49500,0.00487,0.00000,0.99513
168.30251,0.49500,0.01108,0.00000,0.98891
168.40250,0.49501,0.00621,0.00000,0.99379
168.50250,0.49500,0.00991,0.00000,0.99008
168.60249,0.49501,0.00707,0.00000,0.99293
168.70250,0.49500,0.00985,0.00000,0.99015
168.80251,0.49500,0.01198,0.00000,0.98802
168.90250,0.49501,0.00470,0.00000,0.99530
169.00250,0.49500,0.00852,0.00000,0.99148
169.10249,0.49501,0.01121,0.00000,0.98879
169.20250,0.49500,0.01013,0.00000,0.98987
169.30251,0.49500,0.01903,0.00000,0.98097
169.40250,0.49501,0.00886,0.00000,0.99114
