Time (seconds), Duration (seconds),pred_(unlabeled),pred_empty_box,pred_table
0.00250,0.49500,0.00390,0.00300,0.99311
0.10250,0.49500,0.00461,0.00258,0.99281
0.20250,0.49500,0.00998,0.00462,0.98540
0.30250,0.49500,0.00877,0.00500,0.98623
0.40250,0.49500,0.01588,0.02131,0.96282
0.50250,0.49500,0.00911,0.00814,0.98275
0.60250,0.49500,0.00926,0.00604,0.98470
0.70250,0.49500,0.00687,0.01193,0.98120
0.80250,0.49500,0.00710,0.01141,0.98149
0.90250,0.49500,0.00347,0.00266,0.99387
1.00250,0.49500,0.01815,0.00643,0.97542
1.10250,0.49500,0.09229,0.04748,0.86023
1.20250,0.49500,0.14570,0.30162,0.55268
1.30250,0.49500,0.09730,0.80528,0.09743
1.40250,0.49500,0.02109,0.96901,0.00991
1.50250,0.49500,0.01591,0.96577,0.01832
1.60250,0.49500,0.01466,0.96161,0.02373
1.70250,0.49500,0.02230,0.92443,0.05327
1.80250,0.49500,0.01966,0.93092,0.04943
1.90250,0.49500,0.02305,0.91400,0.06295
2.00250,0.49500,0.02731,0.88576,0.08694
2.10250,0.49500,0.02694,0.87775,0.09532
2.20250,0.49500,0.02820,0.88327,0.08853
2.30250,0.49500,0.03062,0.88757,0.08180
2.40250,0.49500,0.02724,0.88553,0.08723
2.50250,0.49500,0.02842,0.89242,0.07916
2.60250,0.49500,0.02265,0.89572,0.08163
2.70250,0.49500,0.03572,0.86857,0.09571
2.80250,0.49500,0.02482,0.87407,0.10110
2.90250,0.49500,0.04250,0.82509,0.13241
3.00250,0.49500,0.03572,0.78810,0.17618
3.10250,0.49500,0.04785,0.76333,0.18882
3.20250,0.49500,0.04499,0.77959,0.17541
3.30250,0.49500,0.03926,0.77792,0.18282
3.40250,0.49500,0.05226,0.64715,0.30059
3.50250,0.49500,0.04482,0.33067,0.62450
3.60250,0.49500,0.02582,0.08413,0.89005
3.70250,0.49500,0.01365,0.01174,0.97461
3.80250,0.49500,0.03759,0.00512,0.95728
3.90250,0.49500,0.06527,0.00679,0.92794
4.00250,0.49500,0.05181,0.00924,0.93895
4.10250,0.49500,0.06548,0.03080,0.90372
4.20250,0.49500,0.06311,0.02763,0.90926
4.30250,0.49500,0.04008,0.03547,0.92445
4.40250,0.49500,0.06547,0.01310,0.92143
4.50250,0.49500,0.04494,0.01347,0.94159
4.60250,0.49500,0.05502,0.01184,0.93314
4.70250,0.49500,0.04882,0.01430,0.93688
4.80250,0.49500,0.17505,0.10804,0.71691
4.90250,0.49500,0.08140,0.07146,0.84714
5.00250,0.49500,0.06183,0.06844,0.86973
5.10250,0.49500,0.23037,0.53553,0.23409
5.20250,0.49500,0.14857,0.29643,0.55500
5.30250,0.49500,0.17183,0.37450,0.45367
5.40250,0.49500,0.15358,0.67707,0.16935
5.50250,0.49500,0.18097,0.50158,0.31744
5.60250,0.49500,0.06777,0.03151,0.90071
5.70250,0.49500,0.08700,0.07911,0.83390
5.80250,0.49500,0.09759,0.11221,0.79020
5.90250,0.49500,0.16581,0.15828,0.67591
6.00250,0.49500,0.09865,0.24030,0.66106
6.10250,0.49500,0.08083,0.91236,0.00681
6.20250,0.49500,0.07626,0.91027,0.01347
6.30250,0.49500,0.14990,0.82583,0.02427
6.40250,0.49500,0.11801,0.85804,0.02394
6.50250,0.49500,0.18455,0.72002,0.09544
6.60250,0.49500,0.12867,0.10371,0.76761
6.70250,0.49500,0.16325,0.46548,0.37127
6.80250,0.49500,0.10050,0.35346,0.54604
6.90250,0.49500,0.08885,0.30880,0.60236
7.00250,0.49500,0.08231,0.12402,0.79366
7.10250,0.49500,0.02870,0.04051,0.93079
7.20250,0.49500,0.02795,0.02218,0.94987
7.30250,0.49500,0.05760,0.04857,0.89382
7.40250,0.49500,0.03302,0.03169,0.93529
7.50250,0.49500,0.05525,0.03865,0.90610
7.60250,0.49500,0.03446,0.03261,0.93293
7.70250,0.49500,0.04852,0.01858,0.93289
7.80250,0.49500,0.31537,0.24005,0.44458
7.90250,0.49500,0.24400,0.22749,0.52851
8.00250,0.49500,0.17127,0.13276,0.69597
8.10250,0.49500,0.18936,0.40675,0.40389
8.20250,0.49500,0.24163,0.34016,0.41821
8.30250,0.49500,0.16833,0.18792,0.64375
8.40250,0.49500,0.15863,0.64886,0.19251
8.50250,0.49500,0.18682,0.81001,0.00316
8.60250,0.49500,0.13292,0.86081,0.00627
8.70250,0.49500,0.20333,0.79379,0.00289
8.80250,0.49500,0.24043,0.75907,0.00050
8.90250,0.49500,0.20600,0.78779,0.00621
9.00250,0.49500,0.19306,0.71580,0.09114
9.10250,0.49500,0.10646,0.87297,0.02057
9.20250,0.49500,0.23040,0.60897,0.16063
9.30250,0.49500,0.12318,0.63524,0.24158
9.40250,0.49500,0.22384,0.72543,0.05073
9.50250,0.49500,0.30396,0.46682,0.22922
9.60250,0.49500,0.24841,0.35789,0.39371
9.70250,0.49500,0.17346,0.63318,0.19336
9.80250,0.49500,0.09582,0.89898,0.00520
9.90250,0.49500,0.08967,0.89991,0.01042
10.00250,0.49500,0.04918,0.94486,0.00595
10.10250,0.49500,0.07936,0.88664,0.03401
10.20250,0.49500,0.09185,0.75552,0.15263
10.30250,0.49500,0.28183,0.49160,0.22657
10.40250,0.49500,0.40620,0.46750,0.12630
10.50250,0.49500,0.13021,0.63821,0.23158
10.60250,0.49500,0.27171,0.67700,0.05128
10.70250,0.49500,0.10397,0.54277,0.35326
10.80250,0.49500,0.10574,0.85123,0.04302
10.90250,0.49500,0.15684,0.38729,0.45587
11.00250,0.49500,0.38177,0.43475,0.18348
11.10250,0.49500,0.34528,0.48420,0.17051
11.20250,0.49500,0.30326,0.67544,0.02130
11.30250,0.49500,0.18882,0.79468,0.01650
11.40250,0.49500,0.08167,0.91351,0.00481
11.50250,0.49500,0.06655,0.68293,0.25052
11.60250,0.49500,0.11328,0.46538,0.42134
11.70250,0.49500,0.05714,0.07178,0.87108
11.80250,0.49500,0.02713,0.01697,0.95590
11.90250,0.49500,0.03855,0.00914,0.95231
12.00250,0.49500,0.02824,0.01009,0.96168
12.10250,0.49500,0.10902,0.05142,0.83956
12.20250,0.49500,0.08020,0.08249,0.83731
12.30250,0.49500,0.14931,0.18826,0.66243
12.40250,0.49500,0.19149,0.43703,0.37149
12.50250,0.49500,0.19321,0.34213,0.46466
12.60250,0.49500,0.16826,0.34218,0.48956
12.70250,0.49500,0.08894,0.60575,0.30531
12.80250,0.49500,0.09486,0.51081,0.39433
12.90250,0.49500,0.10853,0.54847,0.34300
13.00250,0.49500,0.06863,0.31684,0.61453
13.10250,0.49500,0.11005,0.32140,0.56855
13.20250,0.49500,0.17791,0.57060,0.25149
13.30250,0.49500,0.16818,0.17977,0.65206
13.40250,0.49500,0.06677,0.10045,0.83278
13.50250,0.49500,0.29570,0.21394,0.49036
13.60250,0.49500,0.28567,0.56882,0.14552
13.70250,0.49500,0.18759,0.17381,0.63860
13.80250,0.49500,0.18335,0.43508,0.38157
13.90250,0.49500,0.13064,0.42618,0.44318
14.00250,0.49500,0.08812,0.09904,0.81284
14.10250,0.49500,0.06904,0.08767,0.84329
14.20250,0.49500,0.07322,0.02653,0.90025
14.30250,0.49500,0.08845,0.06592,0.84563
14.40250,0.49500,0.05626,0.02691,0.91683
14.50250,0.49500,0.05380,0.02710,0.91910
14.60250,0.49500,0.14368,0.05871,0.79761
14.70250,0.49500,0.12861,0.04068,0.83071
14.80250,0.49500,0.05114,0.00947,0.93939
14.90250,0.49500,0.08471,0.03933,0.87595
15.00250,0.49500,0.09334,0.03522,0.87143
15.10250,0.49500,0.09927,0.07444,0.82629
15.20250,0.49500,0.05679,0.08299,0.86022
15.30250,0.49500,0.03505,0.03292,0.93203
15.40250,0.49500,0.08903,0.06188,0.84909
15.50250,0.49500,0.11186,0.03188,0.85625
15.60250,0.49500,0.10620,0.06129,0.83252
15.70250,0.49500,0.07506,0.07856,0.84638
15.80250,0.49500,0.08503,0.10877,0.80620
15.90250,0.49500,0.09324,0.23333,0.67343
16.00250,0.49500,0.19998,0.58879,0.21123
16.10250,0.49500,0.19168,0.60710,0.20122
16.20250,0.49500,0.11387,0.54218,0.34395
16.30250,0.49500,0.10434,0.38153,0.51413
16.40250,0.49500,0.16028,0.39942,0.44030
16.50250,0.49500,0.17729,0.09073,0.73198
16.60250,0.49500,0.04296,0.00766,0.94938
16.70250,0.49500,0.03453,0.00903,0.95644
16.80250,0.49500,0.02076,0.00250,0.97673
16.90250,0.49500,0.00915,0.00044,0.99042
17.00250,0.49500,0.00937,0.00045,0.99019
17.10250,0.49500,0.01053,0.00048,0.98899
17.20250,0.49500,0.04071,0.00447,0.95482
17.30250,0.49500,0.08467,0.00519,0.91014
17.40250,0.49500,0.04338,0.00543,0.95119
17.50250,0.49500,0.11375,0.09458,0.79167
17.60250,0.49500,0.21302,0.26133,0.52564
17.70250,0.49500,0.15074,0.25780,0.59145
17.80250,0.49500,0.09175,0.32911,0.57913
17.90250,0.49500,0.10049,0.74872,0.15079
18.00250,0.49500,0.12716,0.18876,0.68408
18.10250,0.49500,0.07969,0.04229,0.87802
18.20250,0.49500,0.06130,0.04158,0.89712
18.30250,0.49500,0.05663,0.01193,0.93143
18.40250,0.49500,0.02731,0.00746,0.96523
18.50250,0.49500,0.01989,0.00746,0.97264
18.60250,0.49500,0.08242,0.05360,0.86398
18.70250,0.49500,0.18046,0.19610,0.62343
18.80250,0.49500,0.13685,0.13828,0.72486
18.90250,0.49500,0.10115,0.18736,0.71150
19.00250,0.49500,0.08522,0.12280,0.79198
19.10250,0.49500,0.14659,0.10754,0.74587
19.20250,0.49500,0.09770,0.05781,0.84449
19.30250,0.49500,0.14330,0.09284,0.76386
19.40250,0.49500,0.19878,0.44628,0.35494
19.50250,0.49500,0.09302,0.14502,0.76196
19.60250,0.49500,0.04538,0.02206,0.93256
19.70250,0.49500,0.07825,0.05575,0.86600
19.80250,0.49500,0.09997,0.02104,0.87899
19.90250,0.49500,0.11009,0.02977,0.86015
20.00250,0.49500,0.27365,0.18909,0.53726
20.10250,0.49500,0.17463,0.21523,0.61014
20.20250,0.49500,0.21528,0.38021,0.40451
20.30250,0.49500,0.26546,0.11535,0.61919
20.40250,0.49500,0.08726,0.01771,0.89502
20.50250,0.49500,0.07474,0.01191,0.91335
20.60250,0.49500,0.19603,0.10610,0.69788
20.70250,0.49500,0.33179,0.52698,0.14124
20.80250,0.49500,0.23810,0.69097,0.07093
20.90250,0.49500,0.17655,0.73548,0.08798
21.00250,0.49500,0.27862,0.35846,0.36292
21.10250,0.49500,0.24959,0.26481,0.48560
21.20250,0.49500,0.17074,0.08733,0.74193
21.30250,0.49500,0.12301,0.12731,0.74968
21.40250,0.49500,0.07638,0.10525,0.81837
21.50250,0.49500,0.07476,0.22065,0.70458
21.60250,0.49500,0.04213,0.03268,0.92519
21.70250,0.49500,0.03194,0.01034,0.95772
21.80250,0.49500,0.03889,0.01069,0.95042
21.90250,0.49500,0.13360,0.07641,0.79000
22.00250,0.49500,0.13453,0.12602,0.73946
22.10250,0.49500,0.24879,0.12956,0.62164
22.20250,0.49500,0.09072,0.06601,0.84326
22.30250,0.49500,0.27017,0.25888,0.47095
22.40250,0.49500,0.40744,0.16758,0.42497
22.50250,0.49500,0.37086,0.43611,0.19303
22.60250,0.49500,0.32612,0.57750,0.09638
22.70250,0.49500,0.98319,0.01678,0.00003
22.80250,0.49500,0.97700,0.02299,0.00000
22.90250,0.49500,0.98612,0.01382,0.00006
23.00250,0.49500,0.99802,0.00198,0.00000
23.10250,0.49500,0.99477,0.00523,0.00000
23.20250,0.49500,0.99939,0.00061,0.00000
23.30250,0.49500,0.99718,0.00282,0.00000
23.40250,0.49500,0.99896,0.00104,0.00000
23.50250,0.49500,0.58024,0.41976,0.00000
23.60250,0.49500,0.95870,0.04130,0.00000
23.70250,0.49500,0.99232,0.00768,0.00000
23.80250,0.49500,0.95636,0.04364,0.00000
23.90250,0.49500,0.99865,0.00135,0.00000
24.00250,0.49500,0.97987,0.02013,0.00000
24.10250,0.49500,0.99507,0.00493,0.00000
24.20250,0.49500,0.96375,0.03625,0.00000
24.30250,0.49500,0.99954,0.00046,0.00000
24.40250,0.49500,0.99775,0.00221,0.00003
24.50250,0.49500,0.99421,0.00272,0.00307
24.60250,0.49500,0.99756,0.00118,0.00126
24.70250,0.49500,0.98920,0.00352,0.00728
24.80250,0.49500,0.99051,0.00945,0.00003
24.90250,0.49500,0.96445,0.03372,0.00183
25.00250,0.49500,0.84073,0.15927,0.00000
25.10250,0.49500,0.43550,0.56449,0.00000
25.20250,0.49500,0.62846,0.37154,0.00000
25.30250,0.49500,0.46887,0.53113,0.00000
25.40250,0.49500,0.22104,0.77896,0.00000
25.50250,0.49500,0.19897,0.80103,0.00000
25.60250,0.49500,0.16422,0.83578,0.00000
25.70250,0.49500,0.06607,0.93393,0.00000
25.80250,0.49500,0.01609,0.98391,0.00000
25.90250,0.49500,0.08226,0.91774,0.00000
26.00250,0.49500,0.08296,0.91704,0.00000
26.10250,0.49500,0.15619,0.84381,0.00000
26.20250,0.49500,0.24432,0.75568,0.00000
26.30250,0.49500,0.20041,0.79959,0.00000
26.40250,0.49500,0.37283,0.62717,0.00000
26.50250,0.49500,0.38597,0.61403,0.00000
26.60250,0.49500,0.42810,0.57190,0.00000
26.70250,0.49500,0.28916,0.71084,0.00000
26.80250,0.49500,0.48741,0.51259,0.00000
26.90250,0.49500,0.21891,0.78109,0.00000
27.00250,0.49500,0.21829,0.78170,0.00000
27.10250,0.49500,0.05625,0.94375,0.00000
27.20250,0.49500,0.10076,0.89924,0.00000
27.30250,0.49500,0.07116,0.92884,0.00000
27.40250,0.49500,0.09444,0.90556,0.00000
27.50250,0.49500,0.18767,0.81233,0.00000
27.60250,0.49500,0.12147,0.87853,0.00000
27.70250,0.49500,0.14915,0.85085,0.00000
27.80250,0.49500,0.09707,0.90293,0.00000
27.90250,0.49500,0.04599,0.95401,0.00000
28.00250,0.49500,0.05528,0.94472,0.00000
28.10250,0.49500,0.06359,0.93641,0.00000
28.20250,0.49500,0.10587,0.89413,0.00000
28.30250,0.49500,0.08988,0.91011,0.00000
28.40250,0.49500,0.07327,0.92673,0.00000
28.50250,0.49500,0.05822,0.94177,0.00001
28.60250,0.49500,0.04118,0.95881,0.00000
28.70250,0.49500,0.08007,0.91993,0.00000
28.80250,0.49500,0.05224,0.94776,0.00000
28.90250,0.49500,0.05465,0.94535,0.00000
29.00250,0.49500,0.05365,0.94635,0.00000
29.10250,0.49500,0.03966,0.96034,0.00001
29.20250,0.49500,0.05080,0.94920,0.00000
29.30250,0.49500,0.04675,0.95325,0.00000
29.40250,0.49500,0.02684,0.97316,0.00000
29.50250,0.49500,0.03384,0.96616,0.00000
29.60250,0.49500,0.02521,0.97479,0.00000
29.70250,0.49500,0.02736,0.97264,0.00000
29.80250,0.49500,0.02006,0.97994,0.00000
29.90250,0.49500,0.01323,0.98677,0.00000
30.00250,0.49500,0.01288,0.98712,0.00000
30.10250,0.49500,0.02321,0.97679,0.00000
30.20250,0.49500,0.01901,0.98098,0.00001
30.30250,0.49500,0.03988,0.96011,0.00000
30.40250,0.49500,0.02087,0.97913,0.00000
30.50250,0.49500,0.02395,0.97605,0.00000
30.60250,0.49500,0.01289,0.98711,0.00001
30.70250,0.49500,0.00890,0.99110,0.00000
30.80250,0.49500,0.01985,0.98014,0.00001
30.90250,0.49500,0.01253,0.98747,0.00000
31.00250,0.49500,0.01623,0.98377,0.00000
31.10250,0.49500,0.01541,0.98459,0.00000
31.20250,0.49500,0.01731,0.98269,0.00000
31.30250,0.49500,0.01532,0.98468,0.00000
31.40250,0.49500,0.01738,0.98262,0.00000
31.50250,0.49500,0.02206,0.97794,0.00000
31.60250,0.49500,0.02355,0.97645,0.00000
31.70250,0.49500,0.02221,0.97779,0.00000
31.80250,0.49500,0.02267,0.97733,0.00000
31.90250,0.49500,0.00923,0.99077,0.00000
32.00250,0.49500,0.01224,0.98776,0.00000
32.10250,0.49500,0.00635,0.99365,0.00000
32.20250,0.49500,0.00786,0.99214,0.00000
32.30250,0.49500,0.00715,0.99284,0.00000
32.40250,0.49500,0.00678,0.99322,0.00000
32.50250,0.49500,0.00680,0.99320,0.00000
32.60250,0.49500,0.00705,0.99295,0.00000
32.70250,0.49500,0.00811,0.99189,0.00000
32.80250,0.49500,0.02497,0.97503,0.00000
32.90250,0.49500,0.01397,0.98603,0.00000
33.00250,0.49500,0.01108,0.98892,0.00000
33.10250,0.49500,0.01365,0.98635,0.00000
33.20250,0.49500,0.00619,0.99381,0.00000
33.30250,0.49500,0.02009,0.97991,0.00000
33.40250,0.49500,0.00878,0.99122,0.00000
33.50250,0.49500,0.02094,0.97906,0.00000
33.60250,0.49500,0.01361,0.98639,0.00000
33.70250,0.49500,0.01491,0.98508,0.00000
33.80250,0.49500,0.01542,0.98458,0.00000
33.90250,0.49500,0.01742,0.98258,0.00000
34.00250,0.49500,0.01010,0.98989,0.00000
34.10250,0.49500,0.01125,0.98875,0.00000
34.20250,0.49500,0.00984,0.99016,0.00000
34.30250,0.49500,0.01027,0.98973,0.00000
34.40250,0.49500,0.00890,0.99110,0.00000
34.50250,0.49500,0.00986,0.99013,0.00001
34.60250,0.49500,0.01149,0.98851,0.00000
34.70250,0.49500,0.00880,0.99120,0.00001
34.80250,0.49500,0.01112,0.98887,0.00000
34.90250,0.49500,0.01027,0.98972,0.00000
35.00250,0.49500,0.01780,0.98220,0.00000
35.10250,0.49500,0.02691,0.97309,0.00000
35.20250,0.49500,0.02161,0.97839,0.00000
35.30250,0.49500,0.01779,0.98221,0.00000
35.40250,0.49500,0.01628,0.98372,0.00000
35.50250,0.49500,0.01492,0.98508,0.00000
35.60250,0.49500,0.01302,0.98698,0.00000
35.70250,0.49500,0.01871,0.98129,0.00000
35.80250,0.49500,0.02870,0.97130,0.00000
35.90250,0.49500,0.02942,0.97058,0.00000
36.00250,0.49500,0.01817,0.98183,0.00000
36.10250,0.49500,0.01810,0.98190,0.00000
36.20250,0.49500,0.01549,0.98450,0.00001
36.30250,0.49500,0.04140,0.95860,0.00000
36.40250,0.49500,0.03032,0.96968,0.00000
36.50250,0.49500,0.03284,0.96716,0.00000
36.60250,0.49500,0.02569,0.97430,0.00001
36.70250,0.49500,0.01858,0.98142,0.00000
36.80250,0.49500,0.02082,0.97917,0.00000
36.90250,0.49500,0.02323,0.97677,0.00001
37.00250,0.49500,0.03038,0.96960,0.00002
37.10250,0.49500,0.03204,0.96796,0.00001
37.20250,0.49500,0.02801,0.97199,0.00000
37.30250,0.49500,0.03554,0.96444,0.00002
37.40250,0.49500,0.02970,0.97028,0.00002
37.50250,0.49500,0.04294,0.95697,0.00010
37.60250,0.49500,0.03566,0.96429,0.00006
37.70250,0.49500,0.02800,0.97199,0.00001
37.80250,0.49500,0.05752,0.94247,0.00000
37.90250,0.49500,0.06608,0.93391,0.00000
38.00250,0.49500,0.06742,0.93258,0.00000
38.10250,0.49500,0.26392,0.73608,0.00000
38.20250,0.49500,0.20759,0.79241,0.00000
38.30250,0.49500,0.36230,0.63770,0.00000
38.40250,0.49500,0.69125,0.30875,0.00000
38.50250,0.49500,0.66133,0.33867,0.00000
38.60250,0.49500,0.91305,0.08695,0.00000
38.70250,0.49500,0.99941,0.00059,0.00000
38.80250,0.49500,0.99987,0.00013,0.00000
38.90250,0.49500,0.98418,0.01582,0.00000
39.00250,0.49500,0.98361,0.01639,0.00000
39.10250,0.49500,0.99803,0.00197,0.00000
39.20250,0.49500,1.00000,0.00000,0.00000
39.30250,0.49500,0.99995,0.00005,0.00000
39.40250,0.49500,0.99966,0.00034,0.00000
39.50250,0.49500,0.99999,0.00001,0.00000
39.60250,0.49500,1.00000,0.00000,0.00000
39.70250,0.49500,1.00000,0.00000,0.00000
39.80250,0.49500,0.99998,0.00002,0.00000
39.90250,0.49500,0.99999,0.00001,0.00000
40.00250,0.49500,0.99997,0.00003,0.00000
40.10250,0.49500,0.99985,0.00007,0.00009
40.20250,0.49500,0.91447,0.00069,0.08484
40.30250,0.49500,0.98032,0.00842,0.01127
40.40250,0.49500,0.90432,0.08696,0.00872
40.50250,0.49500,0.78231,0.20641,0.01128
40.60250,0.49500,0.76630,0.22974,0.00395
40.70250,0.49500,0.86599,0.13397,0.00004
40.80250,0.49500,0.94860,0.05080,0.00059
40.90250,0.49500,0.92646,0.07230,0.00124
41.00250,0.49500,0.92420,0.07469,0.00110
41.10250,0.49500,0.97576,0.02408,0.00016
41.20250,0.49500,0.84616,0.14872,0.00512
41.30250,0.49500,0.40817,0.57926,0.01257
41.40250,0.49500,0.38286,0.59976,0.01737
41.50250,0.49500,0.14651,0.82678,0.02671
41.60250,0.49500,0.20919,0.78731,0.00350
41.70250,0.49500,0.40632,0.58511,0.00857
41.80250,0.49500,0.39220,0.58184,0.02595
41.90250,0.49500,0.22169,0.76852,0.00978
42.00250,0.49500,0.18337,0.79847,0.01816
42.10250,0.49500,0.07255,0.91673,0.01071
42.20250,0.49500,0.05064,0.94817,0.00119
42.30250,0.49500,0.05591,0.93568,0.00841
42.40250,0.49500,0.04390,0.94787,0.00823
42.50250,0.49500,0.04734,0.94478,0.00788
42.60250,0.49500,0.06942,0.92774,0.00284
42.70250,0.49500,0.05834,0.93521,0.00645
42.80250,0.49500,0.04254,0.95708,0.00039
42.90250,0.49500,0.09779,0.90104,0.00117
43.00250,0.49500,0.02672,0.97307,0.00021
43.10250,0.49500,0.04283,0.95675,0.00042
43.20250,0.49500,0.02524,0.97449,0.00027
43.30250,0.49500,0.03043,0.96952,0.00006
43.40250,0.49500,0.02810,0.97188,0.00002
43.50250,0.49500,0.02649,0.97349,0.00002
43.60250,0.49500,0.01838,0.98130,0.00032
43.70250,0.49500,0.01494,0.98502,0.00004
43.80250,0.49500,0.02341,0.97656,0.00003
43.90250,0.49500,0.03801,0.96198,0.00000
44.00250,0.49500,0.01897,0.98101,0.00002
44.10250,0.49500,0.03282,0.96717,0.00001
44.20250,0.49500,0.02794,0.97204,0.00003
44.30250,0.49500,0.01629,0.98371,0.00000
44.40250,0.49500,0.01493,0.98507,0.00000
44.50250,0.49500,0.01699,0.98300,0.00001
44.60250,0.49500,0.01378,0.98620,0.00002
44.70250,0.49500,0.01625,0.98371,0.00004
44.80250,0.49500,0.01972,0.98022,0.00006
44.90250,0.49500,0.02775,0.97160,0.00065
45.00250,0.49500,0.06700,0.93278,0.00022
45.10250,0.49500,0.04252,0.95718,0.00030
45.20250,0.49500,0.03685,0.96292,0.00023
45.30250,0.49500,0.05771,0.94159,0.00070
45.40250,0.49500,0.02115,0.97847,0.00038
45.50250,0.49500,0.02679,0.97289,0.00032
45.60250,0.49500,0.02069,0.97904,0.00028
45.70250,0.49500,0.01373,0.98617,0.00010
45.80250,0.49500,0.02093,0.97885,0.00022
45.90250,0.49500,0.01767,0.98172,0.00060
46.00250,0.49500,0.03156,0.96833,0.00010
46.10250,0.49500,0.04268,0.95669,0.00063
46.20250,0.49500,0.03098,0.96855,0.00047
46.30250,0.49500,0.02993,0.96972,0.00034
46.40250,0.49500,0.02481,0.97510,0.00009
46.50250,0.49500,0.02777,0.97216,0.00007
46.60250,0.49500,0.02040,0.97947,0.00013
46.70250,0.49500,0.02718,0.97265,0.00017
46.80250,0.49500,0.01368,0.98616,0.00016
46.90250,0.49500,0.02510,0.97471,0.00019
47.00250,0.49500,0.02509,0.97442,0.00049
47.10250,0.49500,0.01827,0.98136,0.00037
47.20250,0.49500,0.03341,0.96627,0.00032
47.30250,0.49500,0.01911,0.98039,0.00050
47.40250,0.49500,0.03761,0.96224,0.00015
47.50250,0.49500,0.02180,0.97803,0.00017
47.60250,0.49500,0.02586,0.97367,0.00047
47.70250,0.49500,0.03225,0.96753,0.00022
47.80250,0.49500,0.01467,0.98523,0.00010
47.90250,0.49500,0.01296,0.98696,0.00008
48.00250,0.49500,0.01458,0.98539,0.00003
48.10250,0.49500,0.01708,0.98288,0.00004
48.20250,0.49500,0.01824,0.98164,0.00012
48.30250,0.49500,0.02743,0.97248,0.00009
48.40250,0.49500,0.02766,0.97207,0.00027
48.50250,0.49500,0.03377,0.96593,0.00030
48.60250,0.49500,0.03023,0.96914,0.00063
48.70250,0.49500,0.02490,0.97481,0.00029
48.80250,0.49500,0.01769,0.98209,0.00023
48.90250,0.49500,0.01202,0.98784,0.00014
49.00250,0.49500,0.01461,0.98513,0.00026
49.10250,0.49500,0.00756,0.99236,0.00008
49.20250,0.49500,0.01299,0.98689,0.00013
49.30250,0.49500,0.01860,0.98101,0.00040
49.40250,0.49500,0.02338,0.97645,0.00017
49.50250,0.49500,0.01575,0.98408,0.00017
49.60250,0.49500,0.02728,0.97255,0.00017
49.70250,0.49500,0.01436,0.98536,0.00028
49.80250,0.49500,0.01683,0.98301,0.00016
49.90250,0.49500,0.02015,0.97959,0.00026
50.00250,0.49500,0.03040,0.96953,0.00006
50.10250,0.49500,0.02649,0.97317,0.00034
50.20250,0.49500,0.02569,0.97386,0.00045
50.30250,0.49500,0.02515,0.97413,0.00071
50.40250,0.49500,0.01797,0.98160,0.00044
50.50250,0.49500,0.02895,0.97091,0.00014
50.60250,0.49500,0.01448,0.98503,0.00049
50.70250,0.49500,0.02043,0.97930,0.00027
50.80250,0.49500,0.04021,0.95966,0.00013
50.90250,0.49500,0.03233,0.96737,0.00030
51.00250,0.49500,0.05111,0.94885,0.00004
51.10250,0.49500,0.05194,0.94787,0.00019
51.20250,0.49500,0.05042,0.94955,0.00003
51.30250,0.49500,0.03376,0.96608,0.00016
51.40250,0.49500,0.03262,0.96736,0.00002
51.50250,0.49500,0.02368,0.97581,0.00051
51.60250,0.49500,0.05770,0.94208,0.00022
51.70250,0.49500,0.02740,0.97075,0.00185
51.80250,0.49500,0.03313,0.96662,0.00026
51.90250,0.49500,0.02084,0.97841,0.00075
52.00250,0.49500,0.02964,0.97002,0.00034
52.10250,0.49500,0.02464,0.97412,0.00124
52.20250,0.49500,0.05834,0.94159,0.00007
52.30250,0.49500,0.04529,0.95409,0.00062
52.40250,0.49500,0.10470,0.89519,0.00012
52.50250,0.49500,0.04234,0.95744,0.00022
52.60250,0.49500,0.04806,0.95188,0.00006
52.70250,0.49500,0.07520,0.92461,0.00019
52.80250,0.49500,0.10151,0.89833,0.00016
52.90250,0.49500,0.05019,0.94967,0.00014
53.00250,0.49500,0.05366,0.94610,0.00024
53.10250,0.49500,0.04864,0.95114,0.00022
53.20250,0.49500,0.05333,0.94635,0.00032
53.30250,0.49500,0.03944,0.95895,0.00161
53.40250,0.49500,0.06462,0.93448,0.00089
53.50250,0.49500,0.05555,0.94202,0.00242
53.60250,0.49500,0.15599,0.83963,0.00438
53.70250,0.49500,0.13388,0.86338,0.00275
53.80250,0.49500,0.26414,0.73122,0.00465
53.90250,0.49500,0.11292,0.88199,0.00509
54.00250,0.49500,0.05783,0.93954,0.00263
54.10250,0.49500,0.16464,0.83100,0.00436
54.20250,0.49500,0.11162,0.86439,0.02399
54.30250,0.49500,0.30604,0.60964,0.08432
54.40250,0.49500,0.32403,0.51445,0.16153
54.50250,0.49500,0.37276,0.46050,0.16674
54.60250,0.49500,0.34031,0.56628,0.09341
54.70250,0.49500,0.33070,0.65161,0.01769
54.80250,0.49500,0.58443,0.40385,0.01172
54.90250,0.49500,0.79715,0.20160,0.00125
55.00250,0.49500,0.99912,0.00084,0.00004
55.10250,0.49500,0.99957,0.00043,0.00000
55.20250,0.49500,0.91190,0.08810,0.00000
55.30250,0.49500,0.99342,0.00657,0.00000
55.40250,0.49500,0.98361,0.01639,0.00000
55.50250,0.49500,0.84462,0.15538,0.00000
55.60250,0.49500,0.95426,0.04574,0.00000
55.70250,0.49500,0.96915,0.03085,0.00000
55.80250,0.49500,0.65114,0.34886,0.00000
55.90250,0.49500,0.97775,0.02225,0.00000
56.00250,0.49500,0.46170,0.53830,0.00000
56.10250,0.49500,0.26250,0.73750,0.00000
56.20250,0.49500,0.63926,0.36074,0.00000
56.30250,0.49500,0.19435,0.80565,0.00000
56.40250,0.49500,0.43227,0.56773,0.00000
56.50250,0.49500,0.57375,0.42625,0.00000
56.60250,0.49500,0.46074,0.53926,0.00000
56.70250,0.49500,0.59267,0.40733,0.00000
56.80250,0.49500,0.59198,0.40802,0.00000
56.90250,0.49500,0.57295,0.42705,0.00000
57.00250,0.49500,0.78500,0.21500,0.00000
57.10250,0.49500,0.98672,0.01328,0.00000
57.20250,0.49500,0.99706,0.00280,0.00014
57.30250,0.49500,0.99330,0.00670,0.00000
57.40250,0.49500,0.96348,0.03651,0.00001
57.50250,0.49500,0.97014,0.02986,0.00000
57.60250,0.49500,0.99605,0.00395,0.00000
57.70250,0.49500,0.98506,0.01494,0.00000
57.80250,0.49500,0.99954,0.00046,0.00000
57.90250,0.49500,0.99674,0.00326,0.00000
58.00250,0.49500,0.72031,0.27969,0.00000
58.10250,0.49500,0.94279,0.05721,0.00000
58.20250,0.49500,0.78959,0.21003,0.00037
58.30250,0.49500,0.82673,0.17326,0.00001
58.40250,0.49500,0.92477,0.07523,0.00000
58.50250,0.49500,0.99127,0.00872,0.00000
58.60250,0.49500,0.91410,0.08590,0.00000
58.70250,0.49500,0.87653,0.12347,0.00000
58.80250,0.49500,0.86118,0.13874,0.00008
58.90250,0.49500,0.50010,0.49990,0.00000
59.00250,0.49500,0.38273,0.61721,0.00006
59.10250,0.49500,0.42312,0.57427,0.00261
59.20250,0.49500,0.83943,0.15177,0.00880
59.30250,0.49500,0.78400,0.20726,0.00874
59.40250,0.49500,0.94315,0.03902,0.01783
59.50250,0.49500,0.71346,0.23887,0.04767
59.60250,0.49500,0.77975,0.20248,0.01778
59.70250,0.49500,0.83626,0.16274,0.00100
59.80250,0.49500,0.97958,0.02042,0.00000
59.90250,0.49500,0.99999,0.00001,0.00000
60.00250,0.49500,1.00000,0.00000,0.00000
60.10250,0.49500,0.90434,0.09566,0.00000
60.20250,0.49500,0.26404,0.73596,0.00000
60.30250,0.49500,0.99687,0.00313,0.00000
60.40250,0.49500,0.99964,0.00036,0.00000
60.50250,0.49500,0.99991,0.00009,0.00000
60.60250,0.49500,0.99867,0.00133,0.00000
60.70250,0.49500,0.99997,0.00003,0.00000
60.80250,0.49500,0.99959,0.00041,0.00000
60.90250,0.49500,0.99776,0.00224,0.00000
61.00250,0.49500,0.99677,0.00323,0.00000
61.10250,0.49500,0.99999,0.00001,0.00000
61.20250,0.49500,1.00000,0.00000,0.00000
61.30250,0.49500,1.00000,0.00000,0.00000
61.40250,0.49500,0.99999,0.00001,0.00000
61.50250,0.49500,0.99993,0.00007,0.00000
61.60250,0.49500,1.00000,0.00000,0.00000
61.70250,0.49500,1.00000,0.00000,0.00000
61.80250,0.49500,0.99970,0.00030,0.00000
61.90250,0.49500,0.99988,0.00012,0.00000
62.00250,0.49500,0.71262,0.28737,0.00001
62.10250,0.49500,0.54538,0.45454,0.00008
62.20250,0.49500,0.69023,0.30964,0.00013
62.30250,0.49500,0.96545,0.03392,0.00063
62.40250,0.49500,0.99224,0.00727,0.00049
62.50250,0.49500,0.92332,0.07627,0.00042
62.60250,0.49500,0.90688,0.09250,0.00062
62.70250,0.49500,0.60653,0.39344,0.00004
62.80250,0.49500,0.46191,0.53641,0.00168
62.90250,0.49500,0.43470,0.56257,0.00273
63.00250,0.49500,0.28298,0.71156,0.00546
63.10250,0.49500,0.09423,0.88902,0.01676
63.20250,0.49500,0.07924,0.91923,0.00153
63.30250,0.49500,0.06068,0.93476,0.00456
63.40250,0.49500,0.18534,0.80846,0.00619
63.50250,0.49500,0.20735,0.60052,0.19213
63.60250,0.49500,0.10261,0.28633,0.61106
63.70250,0.49500,0.25345,0.52757,0.21898
63.80250,0.49500,0.14542,0.71718,0.13739
63.90250,0.49500,0.10739,0.52079,0.37181
64.00250,0.49500,0.08460,0.71523,0.20017
64.10250,0.49500,0.11121,0.57950,0.30929
64.20250,0.49500,0.10985,0.77058,0.11957
64.30250,0.49500,0.12256,0.70285,0.17458
64.40250,0.49500,0.15597,0.71180,0.13222
64.50250,0.49500,0.15363,0.79232,0.05405
64.60250,0.49500,0.20867,0.40220,0.38913
64.70250,0.49500,0.03069,0.04979,0.91951
64.80250,0.49500,0.04101,0.05869,0.90029
64.90250,0.49500,0.03383,0.03257,0.93360
65.00250,0.49500,0.02989,0.03858,0.93153
65.10250,0.49500,0.02049,0.02510,0.95441
65.20250,0.49500,0.02100,0.04170,0.93730
65.30250,0.49500,0.02672,0.01960,0.95368
65.40250,0.49500,0.02229,0.01301,0.96470
65.50250,0.49500,0.03331,0.01994,0.94675
65.60250,0.49500,0.04050,0.01485,0.94465
65.70250,0.49500,0.03336,0.02369,0.94295
65.80250,0.49500,0.02489,0.00907,0.96604
65.90250,0.49500,0.02946,0.01924,0.95130
66.00250,0.49500,0.02301,0.00899,0.96800
66.10250,0.49500,0.05048,0.00831,0.94121
66.20250,0.49500,0.08461,0.01487,0.90052
66.30250,0.49500,0.04209,0.01824,0.93966
66.40250,0.49500,0.05416,0.02581,0.92003
66.50250,0.49500,0.06994,0.06216,0.86790
66.60250,0.49500,0.01625,0.01448,0.96926
66.70250,0.49500,0.02865,0.01172,0.95963
66.80250,0.49500,0.03408,0.01856,0.94737
66.90250,0.49500,0.02635,0.02030,0.95336
67.00250,0.49500,0.04135,0.02572,0.93293
67.10250,0.49500,0.04158,0.02378,0.93465
67.20250,0.49500,0.05212,0.01717,0.93071
67.30250,0.49500,0.10368,0.03412,0.86219
67.40250,0.49500,0.08728,0.08467,0.82805
67.50250,0.49500,0.03081,0.02513,0.94406
67.60250,0.49500,0.09427,0.13666,0.76908
67.70250,0.49500,0.05697,0.03230,0.91073
67.80250,0.49500,0.02848,0.00983,0.96169
67.90250,0.49500,0.03317,0.00691,0.95992
68.00250,0.49500,0.05435,0.01095,0.93471
68.10250,0.49500,0.06198,0.00691,0.93111
68.20250,0.49500,0.02584,0.00473,0.96943
68.30250,0.49500,0.02961,0.00582,0.96457
68.40250,0.49500,0.08559,0.00617,0.90824
68.50250,0.49500,0.03501,0.00540,0.95958
68.60250,0.49500,0.04346,0.01675,0.93979
68.70250,0.49500,0.08372,0.04846,0.86782
68.80250,0.49500,0.04894,0.00980,0.94127
68.90250,0.49500,0.04314,0.01176,0.94509
69.00250,0.49500,0.10164,0.04274,0.85562
69.10250,0.49500,0.09303,0.07738,0.82958
69.20250,0.49500,0.04450,0.04707,0.90842
69.30250,0.49500,0.03425,0.02234,0.94341
69.40250,0.49500,0.03038,0.01277,0.95686
69.50250,0.49500,0.01832,0.00496,0.97672
69.60250,0.49500,0.01321,0.00343,0.98336
69.70250,0.49500,0.02034,0.00865,0.97101
69.80250,0.49500,0.01565,0.00469,0.97966
69.90250,0.49500,0.01532,0.00651,0.97817
70.00250,0.49500,0.01478,0.00551,0.97971
70.10250,0.49500,0.01271,0.00519,0.98210
70.20250,0.49500,0.00756,0.00138,0.99105
70.30250,0.49500,0.00890,0.00090,0.99020
70.40250,0.49500,0.00704,0.00070,0.99226
70.50250,0.49500,0.00979,0.00049,0.98973
70.60250,0.49500,0.00717,0.00051,0.99231
70.70250,0.49500,0.00813,0.00049,0.99138
70.80250,0.49500,0.00737,0.00041,0.99222
70.90250,0.49500,0.01067,0.00055,0.98878
71.00250,0.49500,0.00845,0.00083,0.99072
71.10250,0.49500,0.01026,0.00146,0.98829
71.20250,0.49500,0.00754,0.00102,0.99145
71.30250,0.49500,0.01750,0.00409,0.97841
71.40250,0.49500,0.06838,0.01089,0.92073
71.50250,0.49500,0.04087,0.00961,0.94953
71.60250,0.49500,0.03036,0.01100,0.95864
71.70250,0.49500,0.08575,0.04953,0.86472
71.80250,0.49500,0.01893,0.01021,0.97086
71.90250,0.49500,0.08512,0.01888,0.89600
72.00250,0.49500,0.16620,0.02465,0.80915
72.10250,0.49500,0.03558,0.00633,0.95809
72.20250,0.49500,0.01685,0.00379,0.97937
72.30250,0.49500,0.03252,0.01211,0.95537
72.40250,0.49500,0.01236,0.00318,0.98446
72.50250,0.49500,0.01516,0.00374,0.98110
72.60250,0.49500,0.00872,0.00213,0.98915
72.70250,0.49500,0.00692,0.00183,0.99125
72.80250,0.49500,0.00765,0.00091,0.99144
72.90250,0.49500,0.03094,0.00474,0.96432
73.00250,0.49500,0.01988,0.00237,0.97775
73.10250,0.49500,0.05180,0.00841,0.93978
73.20250,0.49500,0.10575,0.06433,0.82992
73.30250,0.49500,0.10254,0.18237,0.71508
73.40250,0.49500,0.17010,0.17431,0.65559
73.50250,0.49500,0.09357,0.20373,0.70269
73.60250,0.49500,0.20454,0.18579,0.60967
73.70250,0.49500,0.13229,0.05026,0.81745
73.80250,0.49500,0.02103,0.01189,0.96708
73.90250,0.49500,0.01223,0.00578,0.98199
74.00250,0.49500,0.04338,0.01313,0.94349
74.10250,0.49500,0.32190,0.15516,0.52295
74.20250,0.49500,0.08991,0.03028,0.87982
74.30250,0.49500,0.09313,0.05787,0.84900
74.40250,0.49500,0.04730,0.02440,0.92830
74.50250,0.49500,0.01825,0.00353,0.97822
74.60250,0.49500,0.00991,0.00221,0.98788
74.70250,0.49500,0.01860,0.00546,0.97594
74.80250,0.49500,0.01423,0.00462,0.98114
74.90250,0.49500,0.00885,0.00387,0.98728
75.00250,0.49500,0.01657,0.00729,0.97614
75.10250,0.49500,0.02035,0.01144,0.96821
75.20250,0.49500,0.01285,0.00550,0.98166
75.30250,0.49500,0.01402,0.00682,0.97916
75.40250,0.49500,0.07415,0.02916,0.89669
75.50250,0.49500,0.02334,0.01081,0.96585
75.60250,0.49500,0.02698,0.01225,0.96077
75.70250,0.49500,0.00961,0.00746,0.98293
75.80250,0.49500,0.02448,0.01360,0.96192
75.90250,0.49500,0.02936,0.00911,0.96153
76.00250,0.49500,0.07569,0.03325,0.89106
76.10250,0.49500,0.02233,0.00949,0.96818
76.20250,0.49500,0.16693,0.15044,0.68262
76.30250,0.49500,0.06544,0.01590,0.91866
76.40250,0.49500,0.06137,0.04900,0.88963
76.50250,0.49500,0.01543,0.01005,0.97452
76.60250,0.49500,0.05073,0.02046,0.92882
76.70250,0.49500,0.01398,0.00366,0.98236
76.80250,0.49500,0.01521,0.00256,0.98223
76.90250,0.49500,0.02705,0.00650,0.96645
77.00250,0.49500,0.04394,0.00478,0.95128
77.10250,0.49500,0.01057,0.00249,0.98693
77.20250,0.49500,0.01481,0.00531,0.97988
77.30250,0.49500,0.01992,0.00263,0.97745
77.40250,0.49500,0.03300,0.00780,0.95920
77.50250,0.49500,0.02610,0.00835,0.96555
77.60250,0.49500,0.04214,0.01898,0.93888
77.70250,0.49500,0.01955,0.01761,0.96285
77.80250,0.49500,0.01173,0.00892,0.97935
77.90250,0.49500,0.02610,0.02019,0.95371
78.00250,0.49500,0.14543,0.15704,0.69752
78.10250,0.49500,0.07621,0.05839,0.86540
78.20250,0.49500,0.52926,0.39570,0.07504
78.30250,0.49500,0.43664,0.55484,0.00852
78.40250,0.49500,0.38714,0.60952,0.00334
78.50250,0.49500,0.31312,0.68463,0.00226
78.60250,0.49500,0.41011,0.58744,0.00245
78.70250,0.49500,0.28408,0.21742,0.49850
78.80250,0.49500,0.15470,0.03305,0.81225
78.90250,0.49500,0.04873,0.00831,0.94296
79.00250,0.49500,0.03865,0.01040,0.95095
79.10250,0.49500,0.04977,0.02877,0.92147
79.20250,0.49500,0.08526,0.05551,0.85923
79.30250,0.49500,0.04548,0.03981,0.91471
79.40250,0.49500,0.01946,0.01647,0.96407
79.50250,0.49500,0.01717,0.00566,0.97717
79.60250,0.49500,0.01805,0.00464,0.97730
79.70250,0.49500,0.01962,0.00359,0.97679
79.80250,0.49500,0.02574,0.00275,0.97151
79.90250,0.49500,0.01627,0.00184,0.98189
80.00250,0.49500,0.01101,0.00153,0.98745
80.10250,0.49500,0.01575,0.00148,0.98278
80.20250,0.49500,0.01404,0.00105,0.98491
80.30250,0.49500,0.03516,0.00304,0.96181
80.40250,0.49500,0.02892,0.00296,0.96812
80.50250,0.49500,0.01241,0.00259,0.98501
80.60250,0.49500,0.02433,0.00140,0.97428
80.70250,0.49500,0.03535,0.00173,0.96292
80.80250,0.49500,0.01804,0.00086,0.98109
80.90250,0.49500,0.02656,0.00132,0.97212
81.00250,0.49500,0.03366,0.00844,0.95789
81.10250,0.49500,0.11775,0.07345,0.80880
81.20250,0.49500,0.08544,0.23300,0.68156
81.30250,0.49500,0.05718,0.10476,0.83806
81.40250,0.49500,0.13602,0.51908,0.34491
81.50250,0.49500,0.21059,0.16936,0.62005
81.60250,0.49500,0.01275,0.00761,0.97964
81.70250,0.49500,0.00932,0.00239,0.98829
81.80250,0.49500,0.00910,0.00138,0.98952
81.90250,0.49500,0.02143,0.00057,0.97800
82.00250,0.49500,0.01246,0.00046,0.98708
82.10250,0.49500,0.00835,0.00035,0.99130
82.20250,0.49500,0.01062,0.00025,0.98913
82.30250,0.49500,0.01019,0.00025,0.98956
82.40250,0.49500,0.01153,0.00041,0.98806
82.50250,0.49500,0.00998,0.00058,0.98945
82.60250,0.49500,0.00992,0.00041,0.98967
82.70250,0.49500,0.00912,0.00063,0.99025
82.80250,0.49500,0.01544,0.00112,0.98344
82.90250,0.49500,0.02327,0.00210,0.97462
83.00250,0.49500,0.03204,0.00193,0.96603
83.10250,0.49500,0.02046,0.00083,0.97871
83.20250,0.49500,0.02770,0.00157,0.97074
83.30250,0.49500,0.03229,0.00590,0.96181
83.40250,0.49500,0.03220,0.00391,0.96389
83.50250,0.49500,0.07577,0.05504,0.86918
83.60250,0.49500,0.18353,0.44432,0.37215
83.70250,0.49500,0.18257,0.44196,0.37547
83.80250,0.49500,0.05111,0.20971,0.73918
83.90250,0.49500,0.08262,0.26580,0.65158
84.00250,0.49500,0.04607,0.14212,0.81181
84.10250,0.49500,0.02010,0.02027,0.95963
84.20250,0.49500,0.01163,0.01302,0.97535
84.30250,0.49500,0.01415,0.00570,0.98015
84.40250,0.49500,0.01480,0.00235,0.98285
84.50250,0.49500,0.01159,0.00119,0.98722
84.60250,0.49500,0.02933,0.00201,0.96866
84.70250,0.49500,0.02134,0.00299,0.97567
84.80250,0.49500,0.02001,0.00216,0.97782
84.90250,0.49500,0.01629,0.00193,0.98178
85.00250,0.49500,0.02849,0.00308,0.96843
85.10250,0.49500,0.08103,0.03508,0.88389
85.20250,0.49500,0.11615,0.08064,0.80320
85.30250,0.49500,0.21532,0.57619,0.20849
85.40250,0.49500,0.04888,0.93527,0.01585
85.50250,0.49500,0.07405,0.87874,0.04721
85.60250,0.49500,0.03557,0.87805,0.08638
85.70250,0.49500,0.07564,0.54923,0.37513
85.80250,0.49500,0.14767,0.53394,0.31839
85.90250,0.49500,0.35458,0.50112,0.14430
86.00250,0.49500,0.66926,0.32468,0.00606
86.10250,0.49500,0.86489,0.13177,0.00333
86.20250,0.49500,0.99507,0.00493,0.00000
86.30250,0.49500,0.83162,0.16413,0.00425
86.40250,0.49500,0.27366,0.72634,0.00000
86.50250,0.49500,0.99547,0.00453,0.00000
86.60250,0.49500,0.99995,0.00005,0.00000
86.70250,0.49500,0.95259,0.04741,0.00000
86.80250,0.49500,1.00000,0.00000,0.00000
86.90250,0.49500,0.97885,0.02115,0.00000
87.00250,0.49500,1.00000,0.00000,0.00000
87.10250,0.49500,1.00000,0.00000,0.00000
87.20250,0.49500,1.00000,0.00000,0.00000
87.30250,0.49500,0.99533,0.00467,0.00000
87.40250,0.49500,0.99999,0.00001,0.00000
87.50250,0.49500,0.85119,0.14881,0.00000
87.60250,0.49500,0.99876,0.00124,0.00000
87.70250,0.49500,0.27991,0.72009,0.00000
87.80250,0.49500,0.99988,0.00012,0.00000
87.90250,0.49500,0.99982,0.00018,0.00000
88.00250,0.49500,0.59362,0.40638,0.00000
88.10250,0.49500,0.35176,0.64824,0.00000
88.20250,0.49500,0.39742,0.60258,0.00000
88.30250,0.49500,0.30828,0.69156,0.00015
88.40250,0.49500,0.28040,0.71936,0.00024
88.50250,0.49500,0.28658,0.71342,0.00000
88.60250,0.49500,0.29503,0.70496,0.00002
88.70250,0.49500,0.36456,0.63544,0.00001
88.80250,0.49500,0.32299,0.67675,0.00027
88.90250,0.49500,0.23816,0.76050,0.00134
89.00250,0.49500,0.30056,0.69836,0.00108
89.10250,0.49500,0.28721,0.71255,0.00023
89.20250,0.49500,0.33946,0.66051,0.00003
89.30250,0.49500,0.38678,0.61310,0.00011
89.40250,0.49500,0.23301,0.76563,0.00136
89.50250,0.49500,0.23032,0.76763,0.00205
89.60250,0.49500,0.29149,0.70786,0.00065
89.70250,0.49500,0.29226,0.70766,0.00009
89.80250,0.49500,0.36427,0.63570,0.00003
89.90250,0.49500,0.36668,0.63329,0.00002
90.00250,0.49500,0.20508,0.79475,0.00017
90.10250,0.49500,0.29666,0.70332,0.00002
90.20250,0.49500,0.26425,0.73575,0.00000
90.30250,0.49500,0.16688,0.83312,0.00000
90.40250,0.49500,0.26070,0.73930,0.00000
90.50250,0.49500,0.25008,0.74992,0.00000
90.60250,0.49500,0.08552,0.91448,0.00000
90.70250,0.49500,0.21490,0.78510,0.00000
90.80250,0.49500,0.16849,0.83151,0.00000
90.90250,0.49500,0.24112,0.75888,0.00000
91.00250,0.49500,0.33913,0.66087,0.00000
91.10250,0.49500,0.23994,0.76006,0.00000
91.20250,0.49500,0.32355,0.67645,0.00000
91.30250,0.49500,0.37269,0.62731,0.00000
91.40250,0.49500,0.31529,0.68471,0.00000
91.50250,0.49500,0.38078,0.61922,0.00000
91.60250,0.49500,0.41915,0.58085,0.00000
91.70250,0.49500,0.33293,0.66707,0.00000
91.80250,0.49500,0.30859,0.69139,0.00002
91.90250,0.49500,0.30978,0.69022,0.00000
92.00250,0.49500,0.36982,0.63018,0.00000
92.10250,0.49500,0.39879,0.60121,0.00000
92.20250,0.49500,0.30132,0.69868,0.00000
92.30250,0.49500,0.31431,0.68569,0.00000
92.40250,0.49500,0.32195,0.67804,0.00001
92.50250,0.49500,0.37546,0.62453,0.00000
92.60250,0.49500,0.29883,0.70112,0.00004
92.70250,0.49500,0.12933,0.87034,0.00033
92.80250,0.49500,0.08781,0.91088,0.00131
92.90250,0.49500,0.11938,0.87411,0.00652
93.00250,0.49500,0.10633,0.89258,0.00110
93.10250,0.49500,0.13176,0.86816,0.00008
93.20250,0.49500,0.13721,0.86267,0.00012
93.30250,0.49500,0.09879,0.90113,0.00008
93.40250,0.49500,0.11307,0.88682,0.00010
93.50250,0.49500,0.10565,0.89404,0.00031
93.60250,0.49500,0.08633,0.91361,0.00007
93.70250,0.49500,0.06520,0.93404,0.00076
93.80250,0.49500,0.02714,0.95840,0.01445
93.90250,0.49500,0.02802,0.96272,0.00926
94.00250,0.49500,0.02565,0.97288,0.00147
94.10250,0.49500,0.03199,0.96795,0.00006
94.20250,0.49500,0.05749,0.94244,0.00007
94.30250,0.49500,0.05507,0.94489,0.00005
94.40250,0.49500,0.02846,0.97107,0.00047
94.50250,0.49500,0.01593,0.97814,0.00593
94.60250,0.49500,0.02402,0.96654,0.00944
94.70250,0.49500,0.01682,0.97234,0.01084
94.80250,0.49500,0.01408,0.97519,0.01072
94.90250,0.49500,0.01272,0.96907,0.01821
95.00250,0.49500,0.01475,0.96773,0.01751
95.10250,0.49500,0.01114,0.96650,0.02236
95.20250,0.49500,0.01309,0.96962,0.01729
95.30250,0.49500,0.01511,0.97646,0.00843
95.40250,0.49500,0.01110,0.98768,0.00122
95.50250,0.49500,0.00563,0.99428,0.00009
95.60250,0.49500,0.00716,0.99282,0.00001
95.70250,0.49500,0.00755,0.99245,0.00000
95.80250,0.49500,0.00403,0.99597,0.00001
95.90250,0.49500,0.00913,0.99085,0.00002
96.00250,0.49500,0.01034,0.98952,0.00014
96.10250,0.49500,0.01412,0.98586,0.00002
96.20250,0.49500,0.01672,0.98294,0.00034
96.30250,0.49500,0.02323,0.97665,0.00013
96.40250,0.49500,0.01269,0.98711,0.00019
96.50250,0.49500,0.01275,0.98518,0.00207
96.60250,0.49500,0.01437,0.97607,0.00956
96.70250,0.49500,0.01325,0.98219,0.00456
96.80250,0.49500,0.01477,0.98000,0.00523
96.90250,0.49500,0.00917,0.98544,0.00539
97.00250,0.49500,0.01121,0.98364,0.00515
97.10250,0.49500,0.00935,0.98988,0.00077
97.20250,0.49500,0.01072,0.98431,0.00497
97.30250,0.49500,0.00865,0.99031,0.00104
97.40250,0.49500,0.02185,0.97740,0.00074
97.50250,0.49500,0.01546,0.98434,0.00020
97.60250,0.49500,0.02188,0.97759,0.00052
97.70250,0.49500,0.01158,0.98736,0.00106
97.80250,0.49500,0.01685,0.98188,0.00126
97.90250,0.49500,0.03259,0.96497,0.00244
98.00250,0.49500,0.02991,0.96875,0.00134
98.10250,0.49500,0.05835,0.93966,0.00199
98.20250,0.49500,0.04419,0.95136,0.00444
98.30250,0.49500,0.02753,0.96045,0.01203
98.40250,0.49500,0.02291,0.96336,0.01372
98.50250,0.49500,0.02001,0.96671,0.01328
98.60250,0.49500,0.01071,0.97625,0.01304
98.70250,0.49500,0.01419,0.97278,0.01304
98.80250,0.49500,0.01272,0.96938,0.01790
98.90250,0.49500,0.01680,0.95534,0.02786
99.00250,0.49500,0.02048,0.96355,0.01597
99.10250,0.49500,0.01554,0.96688,0.01757
99.20250,0.49500,0.01993,0.97167,0.00840
99.30250,0.49500,0.02008,0.97121,0.00871
99.40250,0.49500,0.01575,0.96796,0.01629
99.50250,0.49500,0.01090,0.96960,0.01950
99.60250,0.49500,0.01757,0.96061,0.02181
99.70250,0.49500,0.02121,0.97111,0.00768
99.80250,0.49500,0.03201,0.96187,0.00612
99.90250,0.49500,0.03158,0.96754,0.00088
100.00250,0.49500,0.01386,0.98010,0.00605
100.10250,0.49500,0.03170,0.96474,0.00356
100.20250,0.49500,0.02738,0.97037,0.00225
100.30250,0.49500,0.01693,0.98039,0.00268
100.40250,0.49500,0.02158,0.96978,0.00863
100.50250,0.49500,0.01065,0.98545,0.00390
100.60250,0.49500,0.00970,0.98452,0.00578
100.70250,0.49500,0.01541,0.98089,0.00370
100.80250,0.49500,0.01464,0.98343,0.00192
100.90250,0.49500,0.00926,0.98746,0.00328
101.00250,0.49500,0.01436,0.98384,0.00179
101.10250,0.49500,0.00960,0.98651,0.00389
101.20250,0.49500,0.01338,0.98397,0.00265
101.30250,0.49500,0.01251,0.98638,0.00111
101.40250,0.49500,0.01128,0.98757,0.00115
101.50250,0.49500,0.01620,0.98031,0.00349
101.60250,0.49500,0.01685,0.98036,0.00279
101.70250,0.49500,0.01440,0.97696,0.00864
101.80250,0.49500,0.02911,0.96834,0.00255
101.90250,0.49500,0.03706,0.96053,0.00241
102.00250,0.49500,0.05383,0.93829,0.00788
102.10250,0.49500,0.08262,0.90708,0.01030
102.20250,0.49500,0.17135,0.82262,0.00602
102.30250,0.49500,0.23614,0.76062,0.00325
102.40250,0.49500,0.91096,0.08881,0.00023
102.50250,0.49500,0.98810,0.01179,0.00011
102.60250,0.49500,0.98088,0.01912,0.00000
102.70250,0.49500,0.99696,0.00304,0.00000
102.80250,0.49500,0.99935,0.00065,0.00000
102.90250,0.49500,0.89014,0.10555,0.00432
103.00250,0.49500,1.00000,0.00000,0.00000
103.10250,0.49500,0.99650,0.00350,0.00000
103.20250,0.49500,1.00000,0.00000,0.00000
103.30250,0.49500,0.99813,0.00187,0.00000
103.40250,0.49500,0.93613,0.06382,0.00004
103.50250,0.49500,0.76770,0.16709,0.06521
103.60250,0.49500,0.90901,0.09098,0.00001
103.70250,0.49500,0.97483,0.02512,0.00005
103.80250,0.49500,0.83384,0.16613,0.00003
103.90250,0.49500,0.70001,0.29998,0.00000
104.00250,0.49500,0.29854,0.70145,0.00001
104.10250,0.49500,0.17068,0.82932,0.00000
104.20250,0.49500,0.12023,0.87977,0.00000
104.30250,0.49500,0.12721,0.87279,0.00000
104.40250,0.49500,0.21260,0.78740,0.00000
104.50250,0.49500,0.11333,0.88667,0.00000
104.60250,0.49500,0.12028,0.87972,0.00000
104.70250,0.49500,0.06850,0.93150,0.00000
104.80250,0.49500,0.01840,0.98160,0.00000
104.90250,0.49500,0.01560,0.98440,0.00000
105.00250,0.49500,0.01628,0.98372,0.00000
105.10250,0.49500,0.02588,0.97412,0.00000
105.20250,0.49500,0.02238,0.97762,0.00000
105.30250,0.49500,0.02938,0.97062,0.00000
105.40250,0.49500,0.01911,0.98089,0.00000
105.50250,0.49500,0.00692,0.99308,0.00000
105.60250,0.49500,0.01089,0.98911,0.00000
105.70250,0.49500,0.00900,0.99100,0.00000
105.80250,0.49500,0.00573,0.99427,0.00000
105.90250,0.49500,0.00617,0.99383,0.00000
106.00250,0.49500,0.00811,0.99189,0.00000
106.10250,0.49500,0.00968,0.99032,0.00000
106.20250,0.49500,0.01052,0.98948,0.00000
106.30250,0.49500,0.01242,0.98758,0.00000
106.40250,0.49500,0.01711,0.98289,0.00000
106.50250,0.49500,0.02100,0.97900,0.00000
106.60250,0.49500,0.02229,0.97771,0.00000
106.70250,0.49500,0.02102,0.97898,0.00000
106.80250,0.49500,0.02026,0.97974,0.00000
106.90250,0.49500,0.01012,0.98988,0.00000
107.00250,0.49500,0.01667,0.98333,0.00000
107.10250,0.49500,0.00594,0.99406,0.00000
107.20250,0.49500,0.00827,0.99173,0.00000
107.30250,0.49500,0.00694,0.99306,0.00000
107.40250,0.49500,0.00759,0.99241,0.00000
107.50250,0.49500,0.00825,0.99175,0.00000
107.60250,0.49500,0.00655,0.99345,0.00000
107.70250,0.49500,0.00844,0.99156,0.00000
107.80250,0.49500,0.00417,0.99583,0.00000
107.90250,0.49500,0.00425,0.99575,0.00000
108.00250,0.49500,0.00372,0.99628,0.00000
108.10250,0.49500,0.00324,0.99676,0.00000
108.20250,0.49500,0.00523,0.99477,0.00000
108.30250,0.49500,0.00582,0.99418,0.00000
108.40250,0.49500,0.00547,0.99453,0.00000
108.50250,0.49500,0.00469,0.99531,0.00000
108.60250,0.49500,0.00373,0.99627,0.00000
108.70250,0.49500,0.00515,0.99485,0.00000
108.80250,0.49500,0.00637,0.99363,0.00000
108.90250,0.49500,0.00415,0.99585,0.00000
109.00250,0.49500,0.00584,0.99416,0.00000
109.10250,0.49500,0.00423,0.99577,0.00000
109.20250,0.49500,0.00518,0.99482,0.00000
109.30250,0.49500,0.00392,0.99608,0.00000
109.40250,0.49500,0.00510,0.99490,0.00000
109.50250,0.49500,0.00521,0.99479,0.00000
109.60250,0.49500,0.00615,0.99385,0.00000
109.70250,0.49500,0.00789,0.99211,0.00000
109.80250,0.49500,0.00425,0.99575,0.00000
109.90250,0.49500,0.00632,0.99368,0.00000
110.00250,0.49500,0.00351,0.99649,0.00000
110.10250,0.49500,0.00267,0.99733,0.00000
110.20250,0.49500,0.00378,0.99622,0.00000
110.30250,0.49500,0.00525,0.99475,0.00000
110.40250,0.49500,0.01033,0.98967,0.00000
110.50250,0.49500,0.00528,0.99472,0.00000
110.60250,0.49500,0.00588,0.99412,0.00000
110.70250,0.49500,0.00497,0.99503,0.00000
110.80250,0.49500,0.00486,0.99514,0.00000
110.90250,0.49500,0.00467,0.99533,0.00000
111.00250,0.49500,0.00380,0.99620,0.00000
111.10250,0.49500,0.00414,0.99586,0.00000
111.20250,0.49500,0.00436,0.99564,0.00000
111.30250,0.49500,0.00475,0.99525,0.00000
111.40250,0.49500,0.00450,0.99550,0.00000
111.50250,0.49500,0.00437,0.99563,0.00000
111.60250,0.49500,0.00453,0.99547,0.00000
111.70250,0.49500,0.00385,0.99615,0.00000
111.80250,0.49500,0.00321,0.99679,0.00000
111.90250,0.49500,0.00284,0.99716,0.00000
112.00250,0.49500,0.00372,0.99628,0.00000
112.10250,0.49500,0.00412,0.99588,0.00000
112.20250,0.49500,0.00436,0.99564,0.00000
112.30250,0.49500,0.00422,0.99578,0.00000
112.40250,0.49500,0.00503,0.99497,0.00000
112.50250,0.49500,0.00314,0.99686,0.00000
112.60250,0.49500,0.00477,0.99523,0.00000
112.70250,0.49500,0.00295,0.99705,0.00000
112.80250,0.49500,0.00333,0.99667,0.00000
112.90250,0.49500,0.00446,0.99554,0.00000
113.00250,0.49500,0.00563,0.99437,0.00000
113.10250,0.49500,0.00561,0.99439,0.00000
113.20250,0.49500,0.00815,0.99185,0.00000
113.30250,0.49500,0.00436,0.99564,0.00000
113.40250,0.49500,0.00401,0.99599,0.00000
113.50250,0.49500,0.00288,0.99712,0.00000
113.60250,0.49500,0.00377,0.99623,0.00000
113.70250,0.49500,0.00487,0.99513,0.00000
113.80250,0.49500,0.00622,0.99378,0.00000
113.90250,0.49500,0.00376,0.99624,0.00000
114.00250,0.49500,0.00450,0.99550,0.00000
114.10250,0.49500,0.00351,0.99649,0.00000
114.20250,0.49500,0.00470,0.99530,0.00000
114.30250,0.49500,0.00369,0.99631,0.00000
114.40250,0.49500,0.00623,0.99377,0.00000
114.50250,0.49500,0.00644,0.99356,0.00000
114.60250,0.49500,0.00697,0.99303,0.00000
114.70250,0.49500,0.00892,0.99108,0.00000
114.80250,0.49500,0.00800,0.99200,0.00000
114.90250,0.49500,0.00626,0.99374,0.00000
115.00250,0.49500,0.00803,0.99197,0.00000
115.10250,0.49500,0.00743,0.99257,0.00000
115.20250,0.49500,0.00634,0.99366,0.00000
115.30250,0.49500,0.00432,0.99568,0.00000
115.40250,0.49500,0.00512,0.99488,0.00000
115.50250,0.49500,0.00290,0.99710,0.00000
115.60250,0.49500,0.00596,0.99404,0.00000
115.70250,0.49500,0.00541,0.99459,0.00000
115.80250,0.49500,0.00512,0.99488,0.00000
115.90250,0.49500,0.00564,0.99436,0.00000
116.00250,0.49500,0.00595,0.99405,0.00000
116.10250,0.49500,0.00667,0.99333,0.00000
116.20250,0.49500,0.00543,0.99457,0.00000
116.30250,0.49500,0.00646,0.99354,0.00000
116.40250,0.49500,0.00562,0.99438,0.00000
116.50250,0.49500,0.00714,0.99286,0.00000
116.60250,0.49500,0.00755,0.99245,0.00000
116.70250,0.49500,0.00580,0.99420,0.00000
116.80250,0.49500,0.00460,0.99540,0.00000
116.90250,0.49500,0.00609,0.99391,0.00000
117.00250,0.49500,0.00463,0.99537,0.00000
117.10250,0.49500,0.00549,0.99451,0.00000
117.20250,0.49500,0.00593,0.99407,0.00000
117.30250,0.49500,0.00632,0.99368,0.00000
117.40250,0.49500,0.00448,0.99552,0.00000
117.50250,0.49500,0.00706,0.99294,0.00000
117.60250,0.49500,0.00680,0.99320,0.00000
117.70250,0.49500,0.00553,0.99447,0.00000
117.80250,0.49500,0.00509,0.99491,0.00000
117.90250,0.49500,0.00593,0.99407,0.00000
118.00250,0.49500,0.00892,0.99108,0.00000
118.10250,0.49500,0.01105,0.98895,0.00000
118.20250,0.49500,0.00439,0.99561,0.00000
118.30250,0.49500,0.00655,0.99345,0.00000
118.40250,0.49500,0.00513,0.99487,0.00000
118.50250,0.49500,0.00749,0.99251,0.00000
