Time (seconds), Duration (seconds),pred_(unlabeled),pred_On,pred_Off,pred_Dimmer,pred_Lighter
0.01000,1.98000,0.99998,0.00000,0.00001,0.00000,0.00000
0.21000,1.98000,1.00000,0.00000,0.00000,0.00000,0.00000
0.41000,1.98000,0.99999,0.00000,0.00000,0.00001,0.00000
0.61000,1.98000,0.99996,0.00000,0.00001,0.00003,0.00000
0.81000,1.98000,0.99991,0.00001,0.00004,0.00004,0.00001
1.01000,1.98000,0.99900,0.00002,0.00043,0.00018,0.00037
1.21000,1.98000,0.96293,0.00011,0.00552,0.00091,0.03052
1.41000,1.98000,0.38404,0.00023,0.02186,0.00157,0.59230
1.61000,1.98000,0.38942,0.00005,0.00987,0.00025,0.60040
1.81000,1.98000,0.92147,0.00000,0.00447,0.00001,0.07404
2.01000,1.98000,0.96105,0.00000,0.01297,0.00000,0.02597
2.21000,1.98000,0.98633,0.00000,0.00970,0.00000,0.00397
2.41000,1.98000,0.99961,0.00000,0.00017,0.00000,0.00022
2.61000,1.98000,0.99948,0.00000,0.00027,0.00000,0.00025
2.81000,1.98000,0.99917,0.00000,0.00070,0.00000,0.00013
3.01000,1.98000,0.99999,0.00000,0.00001,0.00000,0.00000
3.21000,1.98000,0.99998,0.00000,0.00002,0.00000,0.00000
3.41000,1.98000,0.99999,0.00000,0.00001,0.00000,0.00000
3.61000,1.98000,0.99993,0.00000,0.00007,0.00000,0.00000
3.81000,1.98000,0.99950,0.00000,0.00041,0.00002,0.00007
4.01000,1.98000,0.99914,0.00001,0.00054,0.00004,0.00027
4.21000,1.98000,0.99861,0.00004,0.00068,0.00008,0.00059
4.41000,1.98000,0.99373,0.00020,0.00146,0.00090,0.00370
4.61000,1.98000,0.96698,0.00040,0.00586,0.00235,0.02441
4.81000,1.98000,0.97281,0.00062,0.00177,0.00087,0.02394
5.01000,1.98000,0.92719,0.00132,0.00921,0.00738,0.05490
5.21000,1.98000,0.97811,0.00096,0.00225,0.00252,0.01616
5.41000,1.98000,0.99520,0.00008,0.00086,0.00072,0.00314
5.61000,1.98000,0.99459,0.00004,0.00118,0.00086,0.00333
5.81000,1.98000,0.99801,0.00001,0.00097,0.00025,0.00076
6.01000,1.98000,0.99918,0.00000,0.00042,0.00019,0.00020
6.21000,1.98000,0.99979,0.00000,0.00016,0.00003,0.00002
6.41000,1.98000,0.99973,0.00000,0.00019,0.00007,0.00001
6.61000,1.98000,0.99989,0.00000,0.00007,0.00004,0.00000
6.81000,1.98000,0.99999,0.00000,0.00000,0.00000,0.00000
7.01000,1.98000,0.99999,0.00000,0.00000,0.00000,0.00000
7.21000,1.98000,0.99999,0.00000,0.00000,0.00001,0.00000
7.41000,1.98000,0.99989,0.00000,0.00002,0.00008,0.00001
7.61000,1.98000,0.99861,0.00003,0.00018,0.00090,0.00028
7.81000,1.98000,0.97814,0.00021,0.00147,0.00346,0.01672
8.01000,1.98000,0.30406,0.00151,0.01531,0.04681,0.63231
8.21000,1.98000,0.28098,0.00124,0.01560,0.03885,0.66333
8.41000,1.98000,0.94812,0.00014,0.00202,0.00182,0.04790
8.61000,1.98000,0.99347,0.00001,0.00126,0.00029,0.00498
8.81000,1.98000,0.99904,0.00000,0.00071,0.00001,0.00024
9.01000,1.98000,0.99958,0.00000,0.00039,0.00000,0.00003
9.21000,1.98000,0.99986,0.00000,0.00014,0.00000,0.00000
9.41000,1.98000,0.99999,0.00000,0.00001,0.00000,0.00000
9.61000,1.98000,0.99999,0.00000,0.00001,0.00000,0.00000
9.81000,1.98000,0.99997,0.00000,0.00003,0.00000,0.00000
10.01000,1.98000,0.99997,0.00000,0.00003,0.00000,0.00000
10.21000,1.98000,0.99992,0.00000,0.00008,0.00000,0.00000
10.41000,1.98000,0.99994,0.00000,0.00006,0.00000,0.00000
10.61000,1.98000,0.99993,0.00000,0.00006,0.00000,0.00000
10.81000,1.98000,0.99992,0.00000,0.00007,0.00000,0.00001
11.01000,1.98000,0.99992,0.00000,0.00006,0.00000,0.00002
11.21000,1.98000,0.99759,0.00000,0.00118,0.00005,0.00117
11.41000,1.98000,0.99881,0.00000,0.00049,0.00003,0.00067
11.61000,1.98000,0.99753,0.00000,0.00120,0.00025,0.00101
11.81000,1.98000,0.99932,0.00000,0.00022,0.00016,0.00030
12.01000,1.98000,0.99703,0.00002,0.00062,0.00095,0.00138
12.21000,1.98000,0.99894,0.00001,0.00021,0.00053,0.00032
12.41000,1.98000,0.99955,0.00000,0.00010,0.00024,0.00011
12.61000,1.98000,0.99853,0.00000,0.00047,0.00086,0.00013
12.81000,1.98000,0.99974,0.00000,0.00006,0.00019,0.00001
13.01000,1.98000,0.99994,0.00000,0.00002,0.00004,0.00000
13.21000,1.98000,0.99998,0.00000,0.00001,0.00001,0.00000
13.41000,1.98000,0.99996,0.00000,0.00002,0.00002,0.00000
13.61000,1.98000,0.99999,0.00000,0.00000,0.00000,0.00000
13.81000,1.98000,0.99999,0.00000,0.00001,0.00000,0.00000
14.01000,1.98000,0.99999,0.00000,0.00000,0.00000,0.00000
14.21000,1.98000,0.99999,0.00000,0.00000,0.00000,0.00000
14.41000,1.98000,0.99999,0.00000,0.00000,0.00000,0.00000
14.61000,1.98000,0.99999,0.00000,0.00001,0.00000,0.00000
14.81000,1.98000,0.99999,0.00000,0.00001,0.00000,0.00000
15.01000,1.98000,0.99999,0.00000,0.00001,0.00000,0.00000
15.21000,1.98000,0.99999,0.00000,0.00001,0.00000,0.00000
15.41000,1.98000,0.99999,0.00000,0.00001,0.00000,0.00000
15.61000,1.98000,0.99999,0.00000,0.00001,0.00001,0.00000
15.81000,1.98000,0.99999,0.00000,0.00001,0.00000,0.00000
16.01000,1.98000,0.99999,0.00000,0.00001,0.00001,0.00000
16.21000,1.98000,0.99999,0.00000,0.00001,0.00001,0.00000
16.41000,1.98000,0.99999,0.00000,0.00001,0.00000,0.00000
16.61000,1.98000,0.99999,0.00000,0.00001,0.00000,0.00000
16.81000,1.98000,0.99998,0.00000,0.00001,0.00001,0.00000
17.01000,1.98000,1.00000,0.00000,0.00000,0.00000,0.00000
17.21000,1.98000,1.00000,0.00000,0.00000,0.00000,0.00000
17.41000,1.98000,0.99998,0.00000,0.00000,0.00002,0.00000
17.61000,1.98000,0.99893,0.00001,0.00001,0.00050,0.00055
17.81000,1.98000,0.97317,0.00002,0.00006,0.00093,0.02582
18.01000,1.98000,0.71299,0.00003,0.00019,0.00115,0.28564
18.21000,1.98000,0.46012,0.00002,0.00024,0.00053,0.53910
18.41000,1.98000,0.46474,0.00001,0.00018,0.00014,0.53493
18.61000,1.98000,0.98313,0.00000,0.00002,0.00000,0.01685
18.81000,1.98000,0.98521,0.00000,0.00018,0.00000,0.01461
19.01000,1.98000,0.99759,0.00000,0.00016,0.00000,0.00225
19.21000,1.98000,0.99974,0.00000,0.00013,0.00000,0.00013
19.41000,1.98000,0.99993,0.00000,0.00006,0.00000,0.00001
19.61000,1.98000,0.99995,0.00000,0.00005,0.00000,0.00000
19.81000,1.98000,0.99998,0.00000,0.00002,0.00000,0.00000
20.01000,1.98000,0.99998,0.00000,0.00002,0.00000,0.00000
20.21000,1.98000,0.99999,0.00000,0.00001,0.00000,0.00000
20.41000,1.98000,0.99999,0.00000,0.00001,0.00000,0.00000
20.61000,1.98000,0.99998,0.00000,0.00002,0.00000,0.00000
20.81000,1.98000,0.99997,0.00000,0.00003,0.00000,0.00000
21.01000,1.98000,0.99997,0.00000,0.00002,0.00000,0.00000
21.21000,1.98000,0.99997,0.00000,0.00003,0.00000,0.00000
21.41000,1.98000,0.99997,0.00000,0.00003,0.00000,0.00000
21.61000,1.98000,0.99993,0.00000,0.00007,0.00000,0.00000
21.81000,1.98000,0.99985,0.00000,0.00015,0.00000,0.00000
22.01000,1.98000,0.99986,0.00000,0.00014,0.00000,0.00000
22.21000,1.98000,0.99977,0.00000,0.00022,0.00001,0.00000
22.41000,1.98000,0.99991,0.00000,0.00009,0.00001,0.00000
22.61000,1.98000,0.99996,0.00000,0.00003,0.00000,0.00000
22.81000,1.98000,0.99998,0.00000,0.00002,0.00000,0.00000
23.01000,1.98000,0.99997,0.00000,0.00003,0.00001,0.00000
23.21000,1.98000,0.99997,0.00000,0.00002,0.00001,0.00000
23.41000,1.98000,0.99998,0.00000,0.00001,0.00001,0.00000
23.61000,1.98000,0.99996,0.00000,0.00002,0.00001,0.00000
23.81000,1.98000,0.99998,0.00000,0.00001,0.00001,0.00000
24.01000,1.98000,0.99999,0.00000,0.00001,0.00001,0.00000
24.21000,1.98000,0.99999,0.00000,0.00000,0.00000,0.00000
24.41000,1.98000,0.99999,0.00000,0.00001,0.00000,0.00000
24.61000,1.98000,0.99999,0.00000,0.00001,0.00000,0.00000
24.81000,1.98000,1.00000,0.00000,0.00000,0.00000,0.00000
25.01000,1.98000,1.00000,0.00000,0.00000,0.00000,0.00000
25.21000,1.98000,0.99999,0.00000,0.00001,0.00000,0.00000
25.41000,1.98000,1.00000,0.00000,0.00000,0.00000,0.00000
25.61000,1.98000,0.99999,0.00000,0.00000,0.00000,0.00000
25.81000,1.98000,0.99999,0.00000,0.00000,0.00000,0.00000
26.01000,1.98000,0.99999,0.00000,0.00000,0.00000,0.00000
26.21000,1.98000,0.99999,0.00000,0.00000,0.00000,0.00000
26.41000,1.98000,0.99999,0.00000,0.00000,0.00000,0.00000
26.61000,1.98000,0.99999,0.00000,0.00000,0.00000,0.00000
26.81000,1.98000,0.99999,0.00000,0.00000,0.00000,0.00000
27.01000,1.98000,0.99999,0.00000,0.00001,0.00000,0.00000
27.21000,1.98000,0.99999,0.00000,0.00000,0.00000,0.00000
27.41000,1.98000,1.00000,0.00000,0.00000,0.00000,0.00000
27.61000,1.98000,0.99999,0.00000,0.00001,0.00000,0.00000
27.81000,1.98000,1.00000,0.00000,0.00000,0.00000,0.00000
28.01000,1.98000,1.00000,0.00000,0.00000,0.00000,0.00000
28.21000,1.98000,0.99998,0.00000,0.00000,0.00002,0.00000
28.41000,1.98000,0.99979,0.00001,0.00003,0.00011,0.00006
28.61000,1.98000,0.98444,0.00019,0.00055,0.00199,0.01284
28.81000,1.98000,0.80718,0.00023,0.00184,0.00154,0.18921
29.01000,1.98000,0.18042,0.00019,0.00220,0.00105,0.81614
29.21000,1.98000,0.28733,0.00007,0.00133,0.00032,0.71094
29.41000,1.98000,0.95439,0.00000,0.00046,0.00001,0.04514
29.61000,1.98000,0.99718,0.00000,0.00008,0.00000,0.00274
29.81000,1.98000,0.99854,0.00000,0.00022,0.00000,0.00123
30.01000,1.98000,0.99977,0.00000,0.00012,0.00000,0.00011
30.21000,1.98000,0.99994,0.00000,0.00006,0.00000,0.00001
30.41000,1.98000,0.99996,0.00000,0.00004,0.00000,0.00000
30.61000,1.98000,0.99998,0.00000,0.00002,0.00000,0.00000
30.81000,1.98000,0.99998,0.00000,0.00002,0.00000,0.00000
31.01000,1.98000,0.99999,0.00000,0.00001,0.00000,0.00000
31.21000,1.98000,0.99999,0.00000,0.00001,0.00000,0.00000
31.41000,1.98000,0.99998,0.00000,0.00002,0.00000,0.00000
31.61000,1.98000,0.99998,0.00000,0.00002,0.00000,0.00000
31.81000,1.98000,0.99998,0.00000,0.00002,0.00000,0.00000
32.01000,1.98000,0.99997,0.00000,0.00003,0.00000,0.00000
32.21000,1.98000,0.99997,0.00000,0.00003,0.00000,0.00000
32.41000,1.98000,0.99994,0.00000,0.00005,0.00000,0.00000
32.61000,1.98000,0.99989,0.00000,0.00011,0.00000,0.00000
32.81000,1.98000,0.99977,0.00000,0.00022,0.00001,0.00000
33.01000,1.98000,0.99937,0.00000,0.00058,0.00004,0.00001
33.21000,1.98000,0.99996,0.00000,0.00004,0.00000,0.00000
33.41000,1.98000,0.99986,0.00000,0.00012,0.00002,0.00000
33.61000,1.98000,0.99991,0.00000,0.00007,0.00001,0.00000
33.81000,1.98000,0.99994,0.00000,0.00004,0.00001,0.00001
34.01000,1.98000,0.99981,0.00000,0.00011,0.00007,0.00002
34.21000,1.98000,0.99988,0.00000,0.00006,0.00005,0.00001
34.41000,1.98000,0.99985,0.00000,0.00008,0.00007,0.00001
34.61000,1.98000,0.99991,0.00000,0.00005,0.00004,0.00000
34.81000,1.98000,0.99981,0.00000,0.00010,0.00008,0.00000
35.01000,1.98000,0.99995,0.00000,0.00003,0.00002,0.00000
35.21000,1.98000,0.99996,0.00000,0.00002,0.00001,0.00000
35.41000,1.98000,1.00000,0.00000,0.00000,0.00000,0.00000
35.61000,1.98000,1.00000,0.00000,0.00000,0.00000,0.00000
35.81000,1.98000,1.00000,0.00000,0.00000,0.00000,0.00000
36.01000,1.98000,0.99999,0.00000,0.00001,0.00000,0.00000
36.21000,1.98000,0.99999,0.00000,0.00000,0.00000,0.00000
36.41000,1.98000,0.99999,0.00000,0.00000,0.00000,0.00000
36.61000,1.98000,0.99999,0.00000,0.00000,0.00000,0.00000
36.81000,1.98000,0.99999,0.00000,0.00000,0.00000,0.00000
37.01000,1.98000,0.99999,0.00000,0.00000,0.00000,0.00000
37.21000,1.98000,0.99999,0.00000,0.00000,0.00000,0.00000
37.41000,1.98000,0.99999,0.00000,0.00000,0.00000,0.00000
37.61000,1.98000,0.99999,0.00000,0.00000,0.00000,0.00000
37.81000,1.98000,0.99999,0.00000,0.00001,0.00000,0.00000
38.01000,1.98000,1.00000,0.00000,0.00000,0.00000,0.00000
38.21000,1.98000,1.00000,0.00000,0.00000,0.00000,0.00000
38.41000,1.98000,0.99997,0.00000,0.00000,0.00002,0.00000
38.61000,1.98000,0.99971,0.00001,0.00003,0.00019,0.00006
38.81000,1.98000,0.99550,0.00006,0.00027,0.00071,0.00346
39.01000,1.98000,0.74295,0.00031,0.00334,0.00458,0.24882
39.21000,1.98000,0.32059,0.00028,0.00419,0.00356,0.67139
39.41000,1.98000,0.63320,0.00008,0.00237,0.00108,0.36328
39.61000,1.98000,0.99132,0.00000,0.00035,0.00001,0.00831
39.81000,1.98000,0.99935,0.00000,0.00011,0.00000,0.00054
40.01000,1.98000,0.99974,0.00000,0.00015,0.00000,0.00011
40.21000,1.98000,0.99988,0.00000,0.00011,0.00000,0.00001
40.41000,1.98000,0.99997,0.00000,0.00003,0.00000,0.00000
40.61000,1.98000,0.99998,0.00000,0.00002,0.00000,0.00000
40.81000,1.98000,0.99999,0.00000,0.00001,0.00000,0.00000
41.01000,1.98000,0.99998,0.00000,0.00002,0.00000,0.00000
41.21000,1.98000,0.99998,0.00000,0.00001,0.00000,0.00000
41.41000,1.98000,0.99998,0.00000,0.00002,0.00000,0.00000
41.61000,1.98000,0.99998,0.00000,0.00002,0.00000,0.00000
41.81000,1.98000,0.99996,0.00000,0.00004,0.00000,0.00000
42.01000,1.98000,0.99996,0.00000,0.00004,0.00000,0.00000
42.21000,1.98000,0.99995,0.00000,0.00005,0.00000,0.00000
42.41000,1.98000,0.99997,0.00000,0.00003,0.00000,0.00000
42.61000,1.98000,0.99996,0.00000,0.00003,0.00000,0.00000
42.81000,1.98000,0.99997,0.00000,0.00002,0.00000,0.00000
43.01000,1.98000,0.99997,0.00000,0.00002,0.00000,0.00000
43.21000,1.98000,0.99994,0.00000,0.00005,0.00001,0.00000
43.41000,1.98000,0.99998,0.00000,0.00001,0.00001,0.00000
43.61000,1.98000,0.99981,0.00000,0.00009,0.00010,0.00001
43.81000,1.98000,0.99936,0.00000,0.00028,0.00033,0.00003
44.01000,1.98000,0.99918,0.00000,0.00028,0.00048,0.00006
44.21000,1.98000,0.99899,0.00000,0.00024,0.00070,0.00007
44.41000,1.98000,0.99986,0.00000,0.00003,0.00009,0.00002
44.61000,1.98000,0.99921,0.00001,0.00015,0.00056,0.00008
44.81000,1.98000,0.99976,0.00000,0.00006,0.00015,0.00002
45.01000,1.98000,0.99992,0.00000,0.00003,0.00004,0.00001
45.21000,1.98000,0.99990,0.00000,0.00005,0.00004,0.00000
45.41000,1.98000,0.99993,0.00000,0.00004,0.00002,0.00000
45.61000,1.98000,0.99998,0.00000,0.00001,0.00001,0.00000
45.81000,1.98000,0.99999,0.00000,0.00001,0.00000,0.00000
46.01000,1.98000,0.99999,0.00000,0.00001,0.00000,0.00000
46.21000,1.98000,0.99999,0.00000,0.00001,0.00000,0.00000
46.41000,1.98000,0.99999,0.00000,0.00001,0.00000,0.00000
46.61000,1.98000,0.99999,0.00000,0.00001,0.00000,0.00000
46.81000,1.98000,0.99999,0.00000,0.00001,0.00000,0.00000
47.01000,1.98000,0.99999,0.00000,0.00001,0.00000,0.00000
47.21000,1.98000,0.99999,0.00000,0.00001,0.00000,0.00000
47.41000,1.98000,0.99998,0.00000,0.00001,0.00001,0.00000
47.61000,1.98000,0.99999,0.00000,0.00000,0.00001,0.00000
47.81000,1.98000,0.99990,0.00000,0.00002,0.00007,0.00001
48.01000,1.98000,0.99981,0.00000,0.00003,0.00013,0.00002
48.21000,1.98000,0.99987,0.00000,0.00002,0.00007,0.00004
48.41000,1.98000,0.99928,0.00000,0.00008,0.00013,0.00051
48.61000,1.98000,0.99422,0.00000,0.00024,0.00008,0.00546
48.81000,1.98000,0.90170,0.00000,0.00067,0.00006,0.09757
49.01000,1.98000,0.48986,0.00000,0.00194,0.00017,0.50802
49.21000,1.98000,0.97300,0.00000,0.00042,0.00001,0.02657
49.41000,1.98000,0.99284,0.00000,0.00068,0.00000,0.00647
49.61000,1.98000,0.99932,0.00000,0.00016,0.00000,0.00053
49.81000,1.98000,0.99996,0.00000,0.00003,0.00000,0.00002
50.01000,1.98000,0.99992,0.00000,0.00007,0.00000,0.00001
50.21000,1.98000,0.99998,0.00000,0.00002,0.00000,0.00000
50.41000,1.98000,0.99998,0.00000,0.00002,0.00000,0.00000
50.61000,1.98000,0.99999,0.00000,0.00001,0.00000,0.00000
50.81000,1.98000,0.99999,0.00000,0.00001,0.00000,0.00000
51.01000,1.98000,0.99999,0.00000,0.00001,0.00000,0.00000
51.21000,1.98000,0.99999,0.00000,0.00001,0.00000,0.00000
51.41000,1.98000,0.99997,0.00000,0.00003,0.00000,0.00000
51.61000,1.98000,0.99983,0.00000,0.00014,0.00002,0.00000
51.81000,1.98000,0.99955,0.00000,0.00029,0.00015,0.00001
52.01000,1.98000,0.99900,0.00000,0.00064,0.00033,0.00002
52.21000,1.98000,0.99936,0.00000,0.00028,0.00033,0.00002
52.41000,1.98000,0.99980,0.00000,0.00009,0.00009,0.00002
52.61000,1.98000,0.99986,0.00000,0.00006,0.00006,0.00002
52.81000,1.98000,0.99980,0.00000,0.00008,0.00009,0.00002
53.01000,1.98000,0.99990,0.00000,0.00004,0.00005,0.00001
53.21000,1.98000,0.99992,0.00000,0.00004,0.00003,0.00000
53.41000,1.98000,0.99996,0.00000,0.00002,0.00001,0.00000
53.61000,1.98000,0.99997,0.00000,0.00002,0.00001,0.00000
53.81000,1.98000,0.99999,0.00000,0.00001,0.00000,0.00000
54.01000,1.98000,0.99999,0.00000,0.00001,0.00000,0.00000
54.21000,1.98000,0.99999,0.00000,0.00001,0.00000,0.00000
54.41000,1.98000,0.99999,0.00000,0.00001,0.00000,0.00000
54.61000,1.98000,0.99999,0.00000,0.00001,0.00000,0.00000
54.81000,1.98000,0.99999,0.00000,0.00001,0.00000,0.00000
55.01000,1.98000,0.99999,0.00000,0.00001,0.00000,0.00000
55.21000,1.98000,0.99999,0.00000,0.00001,0.00000,0.00000
55.41000,1.98000,0.99999,0.00000,0.00001,0.00000,0.00000
55.61000,1.98000,0.99999,0.00000,0.00000,0.00000,0.00000
55.81000,1.98000,0.99999,0.00000,0.00000,0.00000,0.00000
56.01000,1.98000,0.99999,0.00000,0.00000,0.00000,0.00000
56.21000,1.98000,0.99999,0.00000,0.00001,0.00000,0.00000
56.41000,1.98000,0.99999,0.00000,0.00000,0.00000,0.00000
56.61000,1.98000,0.99999,0.00000,0.00000,0.00000,0.00000
56.81000,1.98000,0.99999,0.00000,0.00000,0.00000,0.00000
57.01000,1.98000,0.99999,0.00000,0.00000,0.00000,0.00000
57.21000,1.98000,0.99999,0.00000,0.00000,0.00000,0.00000
57.41000,1.98000,1.00000,0.00000,0.00000,0.00000,0.00000
57.61000,1.98000,0.99999,0.00000,0.00000,0.00000,0.00000
57.81000,1.98000,0.99999,0.00000,0.00000,0.00000,0.00000
58.01000,1.98000,0.99999,0.00000,0.00001,0.00000,0.00000
58.21000,1.98000,1.00000,0.00000,0.00000,0.00000,0.00000
58.41000,1.98000,0.99999,0.00000,0.00000,0.00001,0.00000
58.61000,1.98000,0.99994,0.00000,0.00000,0.00005,0.00000
58.81000,1.98000,0.99951,0.00001,0.00006,0.00033,0.00009
59.01000,1.98000,0.98354,0.00007,0.00075,0.00248,0.01316
59.21000,1.98000,0.51421,0.00057,0.00617,0.01945,0.45960
59.41000,1.98000,0.39542,0.00057,0.00860,0.02359,0.57183
59.61000,1.98000,0.79895,0.00018,0.00374,0.00729,0.18984
59.81000,1.98000,0.99707,0.00000,0.00035,0.00009,0.00249
60.01000,1.98000,0.99982,0.00000,0.00009,0.00000,0.00009
60.21000,1.98000,0.99983,0.00000,0.00015,0.00000,0.00002
60.41000,1.98000,0.99995,0.00000,0.00005,0.00000,0.00000
60.61000,1.98000,0.99998,0.00000,0.00002,0.00000,0.00000
60.81000,1.98000,0.99999,0.00000,0.00001,0.00000,0.00000
61.01000,1.98000,0.99999,0.00000,0.00001,0.00000,0.00000
61.21000,1.98000,0.99999,0.00000,0.00001,0.00000,0.00000
61.41000,1.98000,0.99999,0.00000,0.00001,0.00000,0.00000
61.61000,1.98000,0.99999,0.00000,0.00001,0.00000,0.00000
61.81000,1.98000,0.99999,0.00000,0.00001,0.00000,0.00000
62.01000,1.98000,0.99999,0.00000,0.00001,0.00000,0.00000
62.21000,1.98000,0.99999,0.00000,0.00001,0.00000,0.00000
62.41000,1.98000,0.99999,0.00000,0.00001,0.00000,0.00000
62.61000,1.98000,0.99999,0.00000,0.00001,0.00000,0.00000
62.81000,1.98000,0.99999,0.00000,0.00001,0.00000,0.00000
63.01000,1.98000,0.99999,0.00000,0.00001,0.00000,0.00000
63.21000,1.98000,0.99999,0.00000,0.00001,0.00000,0.00000
63.41000,1.98000,0.99999,0.00000,0.00001,0.00000,0.00000
63.61000,1.98000,0.99999,0.00000,0.00001,0.00000,0.00000
63.81000,1.98000,0.99996,0.00000,0.00004,0.00000,0.00000
64.01000,1.98000,0.99994,0.00000,0.00005,0.00001,0.00000
64.21000,1.98000,0.99986,0.00000,0.00010,0.00003,0.00000
64.41000,1.98000,0.99957,0.00000,0.00028,0.00014,0.00001
64.61000,1.98000,0.99966,0.00000,0.00018,0.00015,0.00001
64.81000,1.98000,0.99994,0.00000,0.00003,0.00003,0.00000
65.01000,1.98000,0.99990,0.00000,0.00004,0.00006,0.00000
65.21000,1.98000,0.99994,0.00000,0.00002,0.00004,0.00000
65.41000,1.98000,0.99994,0.00000,0.00002,0.00004,0.00000
65.61000,1.98000,0.99997,0.00000,0.00001,0.00002,0.00000
65.81000,1.98000,0.99996,0.00000,0.00002,0.00002,0.00000
66.01000,1.98000,0.99996,0.00000,0.00002,0.00002,0.00000
66.21000,1.98000,0.99998,0.00000,0.00001,0.00001,0.00000
66.41000,1.98000,0.99999,0.00000,0.00001,0.00000,0.00000
66.61000,1.98000,1.00000,0.00000,0.00000,0.00000,0.00000
66.81000,1.98000,0.99999,0.00000,0.00001,0.00000,0.00000
67.01000,1.98000,0.99999,0.00000,0.00000,0.00000,0.00000
67.21000,1.98000,0.99999,0.00000,0.00001,0.00000,0.00000
67.41000,1.98000,0.99999,0.00000,0.00000,0.00000,0.00000
67.61000,1.98000,0.99999,0.00000,0.00000,0.00000,0.00000
67.81000,1.98000,0.99999,0.00000,0.00000,0.00000,0.00000
68.01000,1.98000,0.99997,0.00000,0.00000,0.00003,0.00000
68.21000,1.98000,0.99953,0.00001,0.00003,0.00031,0.00013
68.41000,1.98000,0.99080,0.00005,0.00017,0.00090,0.00808
68.61000,1.98000,0.36655,0.00079,0.00282,0.01912,0.61073
68.81000,1.98000,0.30785,0.00065,0.00351,0.01953,0.66846
69.01000,1.98000,0.96053,0.00006,0.00039,0.00090,0.03812
69.21000,1.98000,0.99449,0.00001,0.00030,0.00018,0.00502
69.41000,1.98000,0.99988,0.00000,0.00003,0.00000,0.00009
69.61000,1.98000,0.99986,0.00000,0.00011,0.00000,0.00003
69.81000,1.98000,0.99995,0.00000,0.00004,0.00000,0.00000
70.01000,1.98000,0.99998,0.00000,0.00002,0.00000,0.00000
70.21000,1.98000,0.99999,0.00000,0.00001,0.00000,0.00000
70.41000,1.98000,0.99999,0.00000,0.00001,0.00000,0.00000
70.61000,1.98000,0.99999,0.00000,0.00001,0.00000,0.00000
70.81000,1.98000,0.99999,0.00000,0.00001,0.00000,0.00000
71.01000,1.98000,0.99999,0.00000,0.00001,0.00000,0.00000
71.21000,1.98000,0.99999,0.00000,0.00001,0.00000,0.00000
71.41000,1.98000,0.99999,0.00000,0.00001,0.00000,0.00000
71.61000,1.98000,0.99999,0.00000,0.00001,0.00000,0.00000
71.81000,1.98000,0.99999,0.00000,0.00001,0.00000,0.00000
72.01000,1.98000,0.99999,0.00000,0.00001,0.00000,0.00000
72.21000,1.98000,0.99999,0.00000,0.00001,0.00000,0.00000
72.41000,1.98000,0.99999,0.00000,0.00001,0.00000,0.00000
72.61000,1.98000,0.99999,0.00000,0.00001,0.00000,0.00000
72.81000,1.98000,0.99999,0.00000,0.00001,0.00000,0.00000
73.01000,1.98000,0.99998,0.00000,0.00002,0.00000,0.00000
73.21000,1.98000,0.99997,0.00000,0.00003,0.00000,0.00000
73.41000,1.98000,0.99996,0.00000,0.00004,0.00000,0.00000
73.61000,1.98000,0.99996,0.00000,0.00004,0.00000,0.00000
73.81000,1.98000,0.99997,0.00000,0.00003,0.00000,0.00000
74.01000,1.98000,0.99997,0.00000,0.00003,0.00001,0.00000
74.21000,1.98000,0.99997,0.00000,0.00002,0.00001,0.00000
74.41000,1.98000,0.99998,0.00000,0.00002,0.00001,0.00000
74.61000,1.98000,0.99990,0.00000,0.00005,0.00005,0.00000
74.81000,1.98000,0.99986,0.00000,0.00006,0.00008,0.00000
75.01000,1.98000,0.99992,0.00000,0.00003,0.00005,0.00000
75.21000,1.98000,0.99991,0.00000,0.00003,0.00007,0.00000
75.41000,1.98000,0.99980,0.00000,0.00005,0.00015,0.00000
75.61000,1.98000,0.99992,0.00000,0.00002,0.00006,0.00000
75.81000,1.98000,0.99996,0.00000,0.00001,0.00003,0.00000
76.01000,1.98000,0.99986,0.00000,0.00003,0.00010,0.00001
76.21000,1.98000,0.99955,0.00000,0.00010,0.00033,0.00002
76.41000,1.98000,0.99962,0.00001,0.00009,0.00026,0.00002
76.61000,1.98000,0.99932,0.00001,0.00017,0.00046,0.00004
76.81000,1.98000,0.99934,0.00001,0.00021,0.00041,0.00003
77.01000,1.98000,0.99986,0.00000,0.00006,0.00008,0.00001
77.21000,1.98000,0.99975,0.00000,0.00012,0.00012,0.00001
77.41000,1.98000,0.99996,0.00000,0.00002,0.00002,0.00000
77.61000,1.98000,0.99998,0.00000,0.00001,0.00000,0.00000
77.81000,1.98000,0.99999,0.00000,0.00001,0.00000,0.00000
78.01000,1.98000,1.00000,0.00000,0.00000,0.00000,0.00000
78.21000,1.98000,0.99999,0.00000,0.00000,0.00000,0.00000
78.41000,1.98000,0.99996,0.00000,0.00001,0.00003,0.00000
78.61000,1.98000,0.99969,0.00000,0.00011,0.00014,0.00005
78.81000,1.98000,0.98625,0.00003,0.00179,0.00222,0.00970
79.01000,1.98000,0.63156,0.00044,0.02296,0.02914,0.31590
79.21000,1.98000,0.63042,0.00038,0.02532,0.02961,0.31427
79.41000,1.98000,0.90067,0.00010,0.00887,0.00840,0.08196
79.61000,1.98000,0.99891,0.00000,0.00043,0.00006,0.00060
79.81000,1.98000,0.99987,0.00000,0.00010,0.00000,0.00003
80.01000,1.98000,0.99978,0.00000,0.00021,0.00000,0.00001
80.21000,1.98000,0.99995,0.00000,0.00005,0.00000,0.00000
80.41000,1.98000,0.99997,0.00000,0.00003,0.00000,0.00000
80.61000,1.98000,0.99999,0.00000,0.00001,0.00000,0.00000
80.81000,1.98000,0.99999,0.00000,0.00001,0.00000,0.00000
81.01000,1.98000,0.99998,0.00000,0.00002,0.00000,0.00000
81.21000,1.98000,0.99997,0.00000,0.00003,0.00000,0.00000
81.41000,1.98000,0.99997,0.00000,0.00003,0.00000,0.00000
81.61000,1.98000,0.99994,0.00000,0.00006,0.00000,0.00000
81.81000,1.98000,0.99997,0.00000,0.00003,0.00000,0.00000
82.01000,1.98000,0.99999,0.00000,0.00001,0.00000,0.00000
82.21000,1.98000,0.99997,0.00000,0.00002,0.00000,0.00000
82.41000,1.98000,0.99990,0.00000,0.00007,0.00002,0.00000
82.61000,1.98000,0.99931,0.00000,0.00036,0.00030,0.00003
82.81000,1.98000,0.99953,0.00000,0.00013,0.00030,0.00004
83.01000,1.98000,0.99868,0.00001,0.00025,0.00092,0.00013
83.21000,1.98000,0.99836,0.00004,0.00017,0.00124,0.00019
83.41000,1.98000,0.99611,0.00009,0.00026,0.00307,0.00047
83.61000,1.98000,0.99906,0.00004,0.00007,0.00071,0.00012
83.81000,1.98000,0.99861,0.00004,0.00012,0.00108,0.00015
84.01000,1.98000,0.99967,0.00001,0.00004,0.00025,0.00004
84.21000,1.98000,0.99931,0.00001,0.00010,0.00053,0.00006
84.41000,1.98000,0.99982,0.00000,0.00005,0.00012,0.00001
84.61000,1.98000,0.99965,0.00000,0.00011,0.00023,0.00001
84.81000,1.98000,0.99992,0.00000,0.00003,0.00004,0.00000
85.01000,1.98000,0.99998,0.00000,0.00001,0.00001,0.00000
85.21000,1.98000,0.99997,0.00000,0.00001,0.00001,0.00000
85.41000,1.98000,0.99999,0.00000,0.00000,0.00000,0.00000
85.61000,1.98000,0.99999,0.00000,0.00001,0.00000,0.00000
85.81000,1.98000,0.99999,0.00000,0.00001,0.00000,0.00000
86.01000,1.98000,0.99999,0.00000,0.00001,0.00000,0.00000
86.21000,1.98000,0.99999,0.00000,0.00000,0.00000,0.00000
86.41000,1.98000,0.99999,0.00000,0.00001,0.00000,0.00000
86.61000,1.98000,0.99999,0.00000,0.00001,0.00000,0.00000
86.81000,1.98000,0.99999,0.00000,0.00001,0.00000,0.00000
87.01000,1.98000,0.99999,0.00000,0.00001,0.00000,0.00000
87.21000,1.98000,0.99999,0.00000,0.00001,0.00000,0.00000
87.41000,1.98000,0.99999,0.00000,0.00001,0.00000,0.00000
87.61000,1.98000,0.99999,0.00000,0.00000,0.00000,0.00000
87.81000,1.98000,0.99999,0.00000,0.00001,0.00000,0.00000
88.01000,1.98000,0.99999,0.00000,0.00001,0.00000,0.00000
88.21000,1.98000,0.99999,0.00000,0.00001,0.00000,0.00000
88.41000,1.98000,0.99999,0.00000,0.00000,0.00000,0.00000
88.61000,1.98000,0.99999,0.00000,0.00000,0.00001,0.00000
88.81000,1.98000,0.99992,0.00000,0.00000,0.00006,0.00001
89.01000,1.98000,0.99895,0.00001,0.00004,0.00030,0.00069
89.21000,1.98000,0.91092,0.00016,0.00070,0.00338,0.08484
89.41000,1.98000,0.60603,0.00019,0.00155,0.00371,0.38852
89.61000,1.98000,0.28925,0.00017,0.00224,0.00407,0.70427
89.81000,1.98000,0.96298,0.00001,0.00026,0.00015,0.03659
90.01000,1.98000,0.99824,0.00000,0.00007,0.00001,0.00168
90.21000,1.98000,0.99893,0.00000,0.00040,0.00000,0.00066
90.41000,1.98000,0.99979,0.00000,0.00016,0.00000,0.00005
90.61000,1.98000,0.99996,0.00000,0.00004,0.00000,0.00000
90.81000,1.98000,0.99997,0.00000,0.00003,0.00000,0.00000
91.01000,1.98000,0.99999,0.00000,0.00001,0.00000,0.00000
91.21000,1.98000,0.99999,0.00000,0.00001,0.00000,0.00000
91.41000,1.98000,0.99999,0.00000,0.00001,0.00000,0.00000
91.61000,1.98000,0.99999,0.00000,0.00001,0.00000,0.00000
91.81000,1.98000,0.99999,0.00000,0.00001,0.00000,0.00000
92.01000,1.98000,0.99999,0.00000,0.00001,0.00000,0.00000
92.21000,1.98000,0.99999,0.00000,0.00001,0.00000,0.00000
92.41000,1.98000,0.99999,0.00000,0.00001,0.00000,0.00000
92.61000,1.98000,0.99998,0.00000,0.00002,0.00000,0.00000
92.81000,1.98000,0.99997,0.00000,0.00003,0.00000,0.00000
93.01000,1.98000,0.99995,0.00000,0.00004,0.00000,0.00000
93.21000,1.98000,0.99993,0.00000,0.00006,0.00001,0.00000
93.41000,1.98000,0.99993,0.00000,0.00005,0.00001,0.00000
93.61000,1.98000,0.99991,0.00000,0.00006,0.00002,0.00000
93.81000,1.98000,0.99996,0.00000,0.00002,0.00001,0.00000
94.01000,1.98000,0.99999,0.00000,0.00001,0.00001,0.00000
94.21000,1.98000,0.99999,0.00000,0.00000,0.00000,0.00000
94.41000,1.98000,0.99994,0.00000,0.00003,0.00002,0.00001
94.61000,1.98000,0.99903,0.00000,0.00031,0.00044,0.00022
94.81000,1.98000,0.99917,0.00000,0.00022,0.00034,0.00026
95.01000,1.98000,0.99681,0.00001,0.00070,0.00130,0.00118
95.21000,1.98000,0.99184,0.00006,0.00079,0.00347,0.00384
95.41000,1.98000,0.99510,0.00010,0.00036,0.00136,0.00307
95.61000,1.98000,0.99488,0.00008,0.00034,0.00103,0.00367
95.81000,1.98000,0.98205,0.00011,0.00256,0.00387,0.01141
96.01000,1.98000,0.98367,0.00012,0.00361,0.00565,0.00695
96.21000,1.98000,0.99721,0.00009,0.00043,0.00159,0.00067
96.41000,1.98000,0.99806,0.00002,0.00034,0.00134,0.00024
96.61000,1.98000,0.99890,0.00001,0.00021,0.00078,0.00009
96.81000,1.98000,0.99995,0.00000,0.00002,0.00003,0.00000
97.01000,1.98000,0.99997,0.00000,0.00002,0.00001,0.00000
97.21000,1.98000,0.99999,0.00000,0.00001,0.00000,0.00000
97.41000,1.98000,0.99999,0.00000,0.00000,0.00000,0.00000
97.61000,1.98000,0.99999,0.00000,0.00001,0.00000,0.00000
97.81000,1.98000,0.99998,0.00000,0.00001,0.00000,0.00000
98.01000,1.98000,0.99995,0.00000,0.00003,0.00003,0.00000
98.21000,1.98000,0.99998,0.00000,0.00001,0.00001,0.00000
98.41000,1.98000,0.99995,0.00000,0.00001,0.00004,0.00000
98.61000,1.98000,0.99938,0.00004,0.00004,0.00047,0.00007
98.81000,1.98000,0.99556,0.00027,0.00013,0.00248,0.00156
99.01000,1.98000,0.73876,0.00571,0.00283,0.08213,0.17057
99.21000,1.98000,0.42113,0.00884,0.00670,0.21643,0.34689
99.41000,1.98000,0.69420,0.00365,0.00706,0.13228,0.16281
99.61000,1.98000,0.97260,0.00026,0.00121,0.01451,0.01142
99.81000,1.98000,0.99783,0.00001,0.00068,0.00096,0.00052
100.01000,1.98000,0.99994,0.00000,0.00004,0.00002,0.00001
100.21000,1.98000,0.99993,0.00000,0.00007,0.00000,0.00000
100.41000,1.98000,0.99998,0.00000,0.00001,0.00000,0.00000
100.61000,1.98000,1.00000,0.00000,0.00000,0.00000,0.00000
100.81000,1.98000,1.00000,0.00000,0.00000,0.00000,0.00000
101.01000,1.98000,1.00000,0.00000,0.00000,0.00000,0.00000
101.21000,1.98000,1.00000,0.00000,0.00000,0.00000,0.00000
101.41000,1.98000,1.00000,0.00000,0.00000,0.00000,0.00000
101.61000,1.98000,1.00000,0.00000,0.00000,0.00000,0.00000
101.81000,1.98000,1.00000,0.00000,0.00000,0.00000,0.00000
102.01000,1.98000,1.00000,0.00000,0.00000,0.00000,0.00000
102.21000,1.98000,1.00000,0.00000,0.00000,0.00000,0.00000
102.41000,1.98000,0.99999,0.00000,0.00000,0.00000,0.00000
102.61000,1.98000,0.99999,0.00000,0.00001,0.00000,0.00000
102.81000,1.98000,0.99999,0.00000,0.00001,0.00000,0.00000
103.01000,1.98000,0.99998,0.00000,0.00001,0.00000,0.00000
103.21000,1.98000,0.99998,0.00000,0.00002,0.00000,0.00000
103.41000,1.98000,0.99998,0.00000,0.00002,0.00000,0.00000
103.61000,1.98000,0.99998,0.00000,0.00001,0.00000,0.00000
103.81000,1.98000,0.99997,0.00000,0.00002,0.00001,0.00000
104.01000,1.98000,0.99996,0.00000,0.00003,0.00001,0.00000
104.21000,1.98000,0.99995,0.00000,0.00003,0.00001,0.00000
104.41000,1.98000,0.99995,0.00000,0.00004,0.00002,0.00000
104.61000,1.98000,0.99999,0.00000,0.00000,0.00000,0.00000
104.81000,1.98000,0.99999,0.00000,0.00001,0.00001,0.00000
105.01000,1.98000,0.99995,0.00000,0.00002,0.00004,0.00000
105.21000,1.98000,0.99991,0.00000,0.00002,0.00007,0.00000
105.41000,1.98000,0.99966,0.00000,0.00007,0.00025,0.00001
105.61000,1.98000,0.99871,0.00000,0.00022,0.00102,0.00005
105.81000,1.98000,0.99822,0.00001,0.00020,0.00145,0.00012
106.01000,1.98000,0.99804,0.00001,0.00023,0.00156,0.00016
106.21000,1.98000,0.99949,0.00001,0.00009,0.00037,0.00005
106.41000,1.98000,0.99981,0.00000,0.00004,0.00012,0.00002
106.61000,1.98000,0.99910,0.00002,0.00018,0.00063,0.00008
106.81000,1.98000,0.99956,0.00000,0.00015,0.00026,0.00003
107.01000,1.98000,0.99938,0.00001,0.00021,0.00038,0.00003
107.21000,1.98000,0.99981,0.00000,0.00009,0.00009,0.00001
107.41000,1.98000,0.99997,0.00000,0.00002,0.00001,0.00000
107.61000,1.98000,0.99995,0.00000,0.00001,0.00004,0.00000
107.81000,1.98000,0.99993,0.00000,0.00001,0.00005,0.00000
108.01000,1.98000,0.99993,0.00001,0.00000,0.00005,0.00001
108.21000,1.98000,0.99995,0.00000,0.00000,0.00003,0.00002
108.41000,1.98000,0.98562,0.00007,0.00027,0.00374,0.01031
108.61000,1.98000,0.56441,0.00193,0.00337,0.07266,0.35764
108.81000,1.98000,0.47891,0.00167,0.00546,0.09577,0.41818
109.01000,1.98000,0.66746,0.00110,0.00394,0.06236,0.26514
109.21000,1.98000,0.99834,0.00001,0.00006,0.00019,0.00139
109.41000,1.98000,0.99987,0.00000,0.00003,0.00001,0.00009
109.61000,1.98000,0.99991,0.00000,0.00006,0.00001,0.00002
109.81000,1.98000,0.99995,0.00000,0.00005,0.00000,0.00000
110.01000,1.98000,0.99999,0.00000,0.00001,0.00000,0.00000
110.21000,1.98000,0.99999,0.00000,0.00001,0.00000,0.00000
110.41000,1.98000,0.99999,0.00000,0.00001,0.00000,0.00000
110.61000,1.98000,0.99999,0.00000,0.00001,0.00000,0.00000
110.81000,1.98000,1.00000,0.00000,0.00000,0.00000,0.00000
111.01000,1.98000,0.99999,0.00000,0.00000,0.00000,0.00000
111.21000,1.98000,0.99999,0.00000,0.00001,0.00000,0.00000
111.41000,1.98000,1.00000,0.00000,0.00000,0.00000,0.00000
111.61000,1.98000,1.00000,0.00000,0.00000,0.00000,0.00000
111.81000,1.98000,1.00000,0.00000,0.00000,0.00000,0.00000
112.01000,1.98000,1.00000,0.00000,0.00000,0.00000,0.00000
112.21000,1.98000,1.00000,0.00000,0.00000,0.00000,0.00000
112.41000,1.98000,0.99998,0.00000,0.00002,0.00000,0.00000
112.61000,1.98000,0.99996,0.00000,0.00004,0.00000,0.00000
112.81000,1.98000,0.99998,0.00000,0.00002,0.00000,0.00000
113.01000,1.98000,0.99991,0.00000,0.00006,0.00002,0.00000
113.21000,1.98000,0.99971,0.00000,0.00016,0.00011,0.00001
113.41000,1.98000,0.99968,0.00000,0.00013,0.00016,0.00003
113.61000,1.98000,0.99990,0.00000,0.00004,0.00005,0.00001
113.81000,1.98000,0.99952,0.00000,0.00015,0.00025,0.00007
114.01000,1.98000,0.99860,0.00001,0.00024,0.00107,0.00008
114.21000,1.98000,0.99827,0.00002,0.00013,0.00148,0.00010
114.41000,1.98000,0.99868,0.00002,0.00015,0.00106,0.00009
114.61000,1.98000,0.99655,0.00003,0.00040,0.00283,0.00019
114.81000,1.98000,0.99817,0.00002,0.00026,0.00146,0.00009
115.01000,1.98000,0.99875,0.00002,0.00018,0.00097,0.00007
115.21000,1.98000,0.99604,0.00003,0.00063,0.00312,0.00017
115.41000,1.98000,0.99962,0.00000,0.00011,0.00025,0.00002
115.61000,1.98000,0.99997,0.00000,0.00001,0.00001,0.00000
115.81000,1.98000,0.99999,0.00000,0.00001,0.00001,0.00000
116.01000,1.98000,0.99996,0.00000,0.00002,0.00002,0.00000
116.21000,1.98000,0.99998,0.00000,0.00001,0.00001,0.00000
116.41000,1.98000,0.99999,0.00000,0.00001,0.00000,0.00000
116.61000,1.98000,0.99999,0.00000,0.00001,0.00000,0.00000
116.81000,1.98000,0.99998,0.00000,0.00001,0.00001,0.00000
117.01000,1.98000,0.99997,0.00000,0.00002,0.00001,0.00000
117.21000,1.98000,0.99993,0.00000,0.00003,0.00004,0.00000
117.41000,1.98000,0.99991,0.00000,0.00003,0.00005,0.00000
117.61000,1.98000,0.99974,0.00001,0.00008,0.00016,0.00001
117.81000,1.98000,0.99962,0.00001,0.00009,0.00026,0.00002
118.01000,1.98000,0.99959,0.00003,0.00004,0.00030,0.00004
118.21000,1.98000,0.99961,0.00006,0.00002,0.00024,0.00007
118.41000,1.98000,0.99973,0.00007,0.00000,0.00016,0.00004
118.61000,1.98000,0.99844,0.00014,0.00001,0.00103,0.00038
118.81000,1.98000,0.99853,0.00009,0.00001,0.00020,0.00117
119.01000,1.98000,0.80947,0.00055,0.00030,0.00540,0.18428
119.21000,1.98000,0.43490,0.00056,0.00075,0.01178,0.55200
119.41000,1.98000,0.77910,0.00015,0.00046,0.00244,0.21784
119.61000,1.98000,0.97826,0.00001,0.00012,0.00012,0.02149
119.81000,1.98000,0.99477,0.00000,0.00011,0.00004,0.00508
120.01000,1.98000,0.99907,0.00000,0.00021,0.00001,0.00072
120.21000,1.98000,0.99974,0.00000,0.00015,0.00000,0.00011
120.41000,1.98000,0.99989,0.00000,0.00010,0.00000,0.00001
120.61000,1.98000,0.99998,0.00000,0.00002,0.00000,0.00000
120.81000,1.98000,0.99997,0.00000,0.00003,0.00000,0.00000
121.01000,1.98000,0.99999,0.00000,0.00001,0.00000,0.00000
121.21000,1.98000,0.99998,0.00000,0.00001,0.00000,0.00000
121.41000,1.98000,0.99999,0.00000,0.00001,0.00000,0.00000
121.61000,1.98000,0.99998,0.00000,0.00002,0.00000,0.00000
121.81000,1.98000,1.00000,0.00000,0.00000,0.00000,0.00000
122.01000,1.98000,1.00000,0.00000,0.00000,0.00000,0.00000
122.21000,1.98000,1.00000,0.00000,0.00000,0.00000,0.00000
122.41000,1.98000,0.99996,0.00000,0.00003,0.00001,0.00000
122.61000,1.98000,0.99953,0.00000,0.00032,0.00013,0.00001
122.81000,1.98000,0.99834,0.00001,0.00089,0.00067,0.00009
123.01000,1.98000,0.99753,0.00002,0.00095,0.00127,0.00023
123.21000,1.98000,0.99896,0.00003,0.00023,0.00053,0.00025
123.41000,1.98000,0.99988,0.00003,0.00001,0.00004,0.00004
123.61000,1.98000,0.99919,0.00030,0.00005,0.00019,0.00027
123.81000,1.98000,0.99924,0.00053,0.00001,0.00012,0.00010
124.01000,1.98000,0.99792,0.00091,0.00005,0.00075,0.00038
124.21000,1.98000,0.99513,0.00142,0.00012,0.00246,0.00087
124.41000,1.98000,0.99679,0.00080,0.00009,0.00182,0.00050
124.61000,1.98000,0.99568,0.00117,0.00014,0.00221,0.00080
124.81000,1.98000,0.99792,0.00069,0.00008,0.00095,0.00036
125.01000,1.98000,0.99955,0.00012,0.00004,0.00021,0.00008
125.21000,1.98000,0.99950,0.00012,0.00003,0.00028,0.00008
125.41000,1.98000,0.99915,0.00003,0.00018,0.00054,0.00010
125.61000,1.98000,0.99953,0.00002,0.00009,0.00032,0.00004
125.81000,1.98000,0.99979,0.00000,0.00006,0.00013,0.00001
126.01000,1.98000,0.99983,0.00000,0.00004,0.00011,0.00001
126.21000,1.98000,0.99988,0.00000,0.00004,0.00007,0.00001
126.41000,1.98000,0.99978,0.00000,0.00008,0.00013,0.00001
126.61000,1.98000,0.99983,0.00000,0.00006,0.00010,0.00001
126.81000,1.98000,0.99996,0.00000,0.00002,0.00002,0.00000
127.01000,1.98000,0.99993,0.00000,0.00003,0.00003,0.00000
127.21000,1.98000,0.99991,0.00000,0.00003,0.00006,0.00000
127.41000,1.98000,0.99978,0.00000,0.00002,0.00018,0.00001
127.61000,1.98000,0.99853,0.00004,0.00006,0.00128,0.00009
127.81000,1.98000,0.99950,0.00010,0.00001,0.00031,0.00008
128.00999,1.98001,0.99891,0.00012,0.00002,0.00071,0.00024
128.21001,1.98000,0.99955,0.00006,0.00001,0.00023,0.00015
128.41000,1.98000,0.99868,0.00021,0.00003,0.00061,0.00047
128.61000,1.98000,0.98722,0.00051,0.00030,0.00666,0.00531
128.81000,1.98000,0.99293,0.00057,0.00011,0.00143,0.00496
129.00999,1.98001,0.44862,0.00282,0.00961,0.06706,0.47188
129.21001,1.98000,0.69542,0.00099,0.02625,0.02847,0.24887
129.41000,1.98000,0.95000,0.00017,0.00748,0.00724,0.03512
129.61000,1.98000,0.99212,0.00001,0.00494,0.00053,0.00240
129.81000,1.98000,0.99635,0.00000,0.00327,0.00011,0.00027
130.00999,1.98001,0.99949,0.00000,0.00047,0.00002,0.00002
130.21001,1.98000,0.99962,0.00000,0.00036,0.00001,0.00000
130.41000,1.98000,0.99973,0.00000,0.00026,0.00000,0.00000
130.61000,1.98000,0.99992,0.00000,0.00008,0.00000,0.00000
130.81000,1.98000,0.99997,0.00000,0.00003,0.00000,0.00000
131.00999,1.98001,0.99968,0.00000,0.00030,0.00002,0.00000
131.21001,1.98000,0.99969,0.00000,0.00029,0.00002,0.00000
131.41000,1.98000,0.99958,0.00000,0.00038,0.00005,0.00000
131.61000,1.98000,0.99963,0.00000,0.00031,0.00006,0.00001
131.81000,1.98000,0.99953,0.00000,0.00034,0.00012,0.00001
132.00999,1.98001,0.99991,0.00000,0.00005,0.00003,0.00000
132.21001,1.98000,0.99994,0.00000,0.00003,0.00003,0.00000
132.41000,1.98000,0.99986,0.00000,0.00005,0.00009,0.00001
132.61000,1.98000,0.99977,0.00000,0.00009,0.00013,0.00000
132.81000,1.98000,0.99987,0.00000,0.00004,0.00010,0.00000
133.00999,1.98001,0.99995,0.00000,0.00001,0.00003,0.00000
133.21001,1.98000,0.99994,0.00000,0.00002,0.00004,0.00000
133.41000,1.98000,0.99990,0.00000,0.00002,0.00008,0.00000
133.61000,1.98000,0.99992,0.00000,0.00002,0.00006,0.00000
133.81000,1.98000,0.99988,0.00000,0.00003,0.00010,0.00000
134.00999,1.98001,0.99992,0.00000,0.00002,0.00006,0.00000
134.21001,1.98000,0.99985,0.00000,0.00004,0.00010,0.00000
134.41000,1.98000,0.99980,0.00000,0.00005,0.00013,0.00001
134.61000,1.98000,0.99950,0.00000,0.00013,0.00036,0.00001
134.81000,1.98000,0.99983,0.00000,0.00005,0.00012,0.00001
135.00999,1.98001,0.99994,0.00000,0.00002,0.00004,0.00000
135.21001,1.98000,0.99998,0.00000,0.00001,0.00001,0.00000
135.41000,1.98000,0.99997,0.00000,0.00001,0.00002,0.00000
135.61000,1.98000,0.99997,0.00000,0.00000,0.00001,0.00001
135.81000,1.98000,0.99987,0.00001,0.00001,0.00009,0.00003
136.00999,1.98001,0.99812,0.00004,0.00006,0.00074,0.00104
136.21001,1.98000,0.95236,0.00015,0.00038,0.00415,0.04297
136.41000,1.98000,0.57309,0.00021,0.00136,0.00697,0.41837
136.61000,1.98000,0.35955,0.00011,0.00107,0.00284,0.63643
136.81000,1.98000,0.96141,0.00001,0.00040,0.00015,0.03804
137.00999,1.98001,0.96765,0.00000,0.00255,0.00029,0.02951
137.21001,1.98000,0.99782,0.00000,0.00028,0.00004,0.00186
137.41000,1.98000,0.99979,0.00000,0.00012,0.00000,0.00009
137.61000,1.98000,0.99993,0.00000,0.00006,0.00000,0.00001
137.81000,1.98000,0.99997,0.00000,0.00003,0.00000,0.00000
138.00999,1.98001,1.00000,0.00000,0.00000,0.00000,0.00000
138.21001,1.98000,0.99999,0.00000,0.00001,0.00000,0.00000
138.41000,1.98000,0.99999,0.00000,0.00001,0.00000,0.00000
138.61000,1.98000,0.99998,0.00000,0.00001,0.00000,0.00000
138.81000,1.98000,0.99998,0.00000,0.00002,0.00000,0.00000
139.00999,1.98001,0.99996,0.00000,0.00003,0.00000,0.00000
139.21001,1.98000,0.99996,0.00000,0.00004,0.00000,0.00000
139.41000,1.98000,0.99997,0.00000,0.00003,0.00000,0.00000
139.61000,1.98000,0.99999,0.00000,0.00001,0.00000,0.00000
139.81000,1.98000,0.99995,0.00000,0.00002,0.00003,0.00000
140.00999,1.98001,0.99999,0.00000,0.00000,0.00000,0.00000
140.21001,1.98000,0.99995,0.00000,0.00002,0.00003,0.00001
140.41000,1.98000,0.99978,0.00005,0.00002,0.00011,0.00004
