Time (seconds), Duration (seconds),pred_(unlabeled),pred_On,pred_Off,pred_Dimmer,pred_Lighter
0.01000,1.98000,1.00000,0.00000,0.00000,0.00000,0.00000
0.21000,1.98000,1.00000,0.00000,0.00000,0.00000,0.00000
0.41000,1.98000,1.00000,0.00000,0.00000,0.00000,0.00000
0.61000,1.98000,1.00000,0.00000,0.00000,0.00000,0.00000
0.81000,1.98000,1.00000,0.00000,0.00000,0.00000,0.00000
1.01000,1.98000,1.00000,0.00000,0.00000,0.00000,0.00000
1.21000,1.98000,0.99998,0.00000,0.00000,0.00002,0.00000
1.41000,1.98000,0.99996,0.00000,0.00000,0.00004,0.00000
1.61000,1.98000,0.99989,0.00000,0.00000,0.00011,0.00000
1.81000,1.98000,0.99482,0.00007,0.00000,0.00454,0.00057
2.01000,1.98000,0.82982,0.00247,0.00011,0.10401,0.06359
2.21000,1.98000,0.71434,0.00177,0.00051,0.06086,0.22252
2.41000,1.98000,0.62248,0.00092,0.00085,0.01802,0.35773
2.61000,1.98000,0.64956,0.00036,0.00099,0.00373,0.34535
2.81000,1.98000,0.96558,0.00003,0.00112,0.00008,0.03318
3.01000,1.98000,0.99594,0.00000,0.00039,0.00001,0.00367
3.21000,1.98000,0.99962,0.00000,0.00005,0.00000,0.00032
3.41000,1.98000,0.99988,0.00000,0.00001,0.00000,0.00011
3.61000,1.98000,0.99997,0.00000,0.00000,0.00000,0.00003
3.81000,1.98000,0.99998,0.00000,0.00000,0.00000,0.00001
4.01000,1.98000,0.99999,0.00000,0.00000,0.00000,0.00001
4.21000,1.98000,0.99998,0.00000,0.00000,0.00000,0.00002
4.41000,1.98000,0.99998,0.00000,0.00000,0.00000,0.00002
4.61000,1.98000,0.99996,0.00000,0.00000,0.00000,0.00004
4.81000,1.98000,0.99996,0.00000,0.00000,0.00000,0.00004
5.01000,1.98000,0.99953,0.00000,0.00000,0.00000,0.00047
5.21000,1.98000,0.99902,0.00000,0.00000,0.00000,0.00098
5.41000,1.98000,0.99892,0.00000,0.00000,0.00000,0.00107
5.61000,1.98000,0.99823,0.00000,0.00000,0.00000,0.00177
5.81000,1.98000,0.99523,0.00000,0.00000,0.00001,0.00475
6.01000,1.98000,0.99184,0.00000,0.00000,0.00010,0.00805
6.21000,1.98000,0.99323,0.00000,0.00000,0.00058,0.00620
6.41000,1.98000,0.99509,0.00000,0.00000,0.00198,0.00293
6.61000,1.98000,0.99774,0.00000,0.00000,0.00176,0.00050
6.81000,1.98000,0.99752,0.00000,0.00000,0.00239,0.00009
7.01000,1.98000,0.99835,0.00000,0.00000,0.00164,0.00001
7.21000,1.98000,0.99979,0.00000,0.00000,0.00021,0.00000
7.41000,1.98000,0.99996,0.00000,0.00000,0.00004,0.00000
7.61000,1.98000,0.99999,0.00000,0.00000,0.00001,0.00000
7.81000,1.98000,1.00000,0.00000,0.00000,0.00000,0.00000
8.01000,1.98000,1.00000,0.00000,0.00000,0.00000,0.00000
8.21000,1.98000,1.00000,0.00000,0.00000,0.00000,0.00000
8.41000,1.98000,1.00000,0.00000,0.00000,0.00000,0.00000
8.61000,1.98000,1.00000,0.00000,0.00000,0.00000,0.00000
8.81000,1.98000,1.00000,0.00000,0.00000,0.00000,0.00000
9.01000,1.98000,0.99998,0.00000,0.00000,0.00002,0.00000
9.21000,1.98000,0.99989,0.00000,0.00000,0.00010,0.00000
9.41000,1.98000,0.99814,0.00001,0.00000,0.00172,0.00014
9.61000,1.98000,0.85084,0.00110,0.00005,0.10021,0.04780
9.81000,1.98000,0.71663,0.00071,0.00033,0.05999,0.22234
10.01000,1.98000,0.57872,0.00033,0.00065,0.01562,0.40469
10.21000,1.98000,0.61533,0.00012,0.00069,0.00213,0.38173
10.41000,1.98000,0.91587,0.00002,0.00151,0.00008,0.08252
10.61000,1.98000,0.99647,0.00000,0.00029,0.00000,0.00324
10.81000,1.98000,0.99923,0.00000,0.00010,0.00000,0.00067
11.01000,1.98000,0.99982,0.00000,0.00002,0.00000,0.00017
11.21000,1.98000,0.99994,0.00000,0.00000,0.00000,0.00006
11.41000,1.98000,0.99999,0.00000,0.00000,0.00000,0.00001
11.61000,1.98000,0.99998,0.00000,0.00000,0.00000,0.00002
11.81000,1.98000,0.99999,0.00000,0.00000,0.00000,0.00001
12.01000,1.98000,0.99999,0.00000,0.00000,0.00000,0.00001
12.21000,1.98000,0.99996,0.00000,0.00000,0.00000,0.00004
12.41000,1.98000,0.99960,0.00000,0.00000,0.00000,0.00039
12.61000,1.98000,0.99913,0.00000,0.00001,0.00000,0.00086
12.81000,1.98000,0.99597,0.00000,0.00002,0.00001,0.00401
13.01000,1.98000,0.99320,0.00000,0.00001,0.00003,0.00676
13.21000,1.98000,0.99045,0.00000,0.00001,0.00007,0.00947
13.41000,1.98000,0.98592,0.00000,0.00001,0.00057,0.01351
13.61000,1.98000,0.99387,0.00000,0.00000,0.00097,0.00516
13.81000,1.98000,0.99761,0.00000,0.00000,0.00129,0.00110
14.01000,1.98000,0.99791,0.00000,0.00000,0.00168,0.00041
14.21000,1.98000,0.99661,0.00000,0.00000,0.00329,0.00010
14.41000,1.98000,0.99869,0.00000,0.00000,0.00130,0.00001
14.61000,1.98000,0.99942,0.00000,0.00000,0.00058,0.00000
14.81000,1.98000,0.99987,0.00000,0.00000,0.00013,0.00000
15.01000,1.98000,0.99997,0.00000,0.00000,0.00003,0.00000
15.21000,1.98000,0.99999,0.00000,0.00000,0.00001,0.00000
15.41000,1.98000,0.99999,0.00000,0.00000,0.00001,0.00000
15.61000,1.98000,0.99999,0.00000,0.00000,0.00001,0.00000
15.81000,1.98000,1.00000,0.00000,0.00000,0.00000,0.00000
16.01000,1.98000,1.00000,0.00000,0.00000,0.00000,0.00000
16.21000,1.98000,1.00000,0.00000,0.00000,0.00000,0.00000
16.41000,1.98000,1.00000,0.00000,0.00000,0.00000,0.00000
16.61000,1.98000,1.00000,0.00000,0.00000,0.00000,0.00000
16.81000,1.98000,1.00000,0.00000,0.00000,0.00000,0.00000
17.01000,1.98000,1.00000,0.00000,0.00000,0.00000,0.00000
17.21000,1.98000,1.00000,0.00000,0.00000,0.00000,0.00000
17.41000,1.98000,1.00000,0.00000,0.00000,0.00000,0.00000
17.61000,1.98000,1.00000,0.00000,0.00000,0.00000,0.00000
17.81000,1.98000,1.00000,0.00000,0.00000,0.00000,0.00000
18.01000,1.98000,0.99998,0.00000,0.00000,0.00002,0.00000
18.21000,1.98000,0.99967,0.00000,0.00000,0.00032,0.00001
18.41000,1.98000,0.94044,0.00207,0.00000,0.04514,0.01234
18.61000,1.98000,0.74115,0.00315,0.00015,0.09319,0.16235
18.81000,1.98000,0.53346,0.00146,0.00059,0.02961,0.43488
19.01000,1.98000,0.56349,0.00054,0.00072,0.00594,0.42931
19.21000,1.98000,0.67590,0.00016,0.00088,0.00080,0.32226
19.41000,1.98000,0.98632,0.00000,0.00043,0.00000,0.01324
19.61000,1.98000,0.99917,0.00000,0.00009,0.00000,0.00074
19.81000,1.98000,0.99977,0.00000,0.00002,0.00000,0.00022
20.01000,1.98000,0.99991,0.00000,0.00000,0.00000,0.00009
20.21000,1.98000,0.99997,0.00000,0.00000,0.00000,0.00003
20.41000,1.98000,0.99997,0.00000,0.00000,0.00000,0.00003
20.61000,1.98000,0.99999,0.00000,0.00000,0.00000,0.00001
20.81000,1.98000,0.99998,0.00000,0.00000,0.00000,0.00002
21.01000,1.98000,0.99996,0.00000,0.00000,0.00000,0.00004
21.21000,1.98000,0.99995,0.00000,0.00000,0.00000,0.00005
21.41000,1.98000,0.99996,0.00000,0.00000,0.00000,0.00004
21.61000,1.98000,0.99978,0.00000,0.00001,0.00000,0.00022
21.81000,1.98000,0.99984,0.00000,0.00000,0.00000,0.00016
22.01000,1.98000,0.99920,0.00000,0.00001,0.00000,0.00078
22.21000,1.98000,0.99949,0.00000,0.00001,0.00000,0.00051
22.41000,1.98000,0.99443,0.00000,0.00002,0.00000,0.00555
22.61000,1.98000,0.99087,0.00000,0.00002,0.00001,0.00909
22.81000,1.98000,0.98795,0.00000,0.00002,0.00012,0.01191
23.01000,1.98000,0.99422,0.00000,0.00001,0.00052,0.00525
23.21000,1.98000,0.99849,0.00000,0.00000,0.00085,0.00067
23.41000,1.98000,0.99612,0.00000,0.00000,0.00368,0.00020
23.61000,1.98000,0.99837,0.00000,0.00000,0.00162,0.00002
23.81000,1.98000,0.99893,0.00000,0.00000,0.00106,0.00000
24.01000,1.98000,0.99987,0.00000,0.00000,0.00013,0.00000
24.21000,1.98000,0.99997,0.00000,0.00000,0.00003,0.00000
24.41000,1.98000,0.99999,0.00000,0.00000,0.00001,0.00000
24.61000,1.98000,0.99999,0.00000,0.00000,0.00001,0.00000
24.81000,1.98000,0.99999,0.00000,0.00000,0.00001,0.00000
25.01000,1.98000,0.99999,0.00000,0.00000,0.00001,0.00000
25.21000,1.98000,0.99999,0.00000,0.00000,0.00001,0.00000
25.41000,1.98000,1.00000,0.00000,0.00000,0.00000,0.00000
25.61000,1.98000,1.00000,0.00000,0.00000,0.00000,0.00000
25.81000,1.98000,1.00000,0.00000,0.00000,0.00000,0.00000
26.01000,1.98000,1.00000,0.00000,0.00000,0.00000,0.00000
26.21000,1.98000,1.00000,0.00000,0.00000,0.00000,0.00000
26.41000,1.98000,1.00000,0.00000,0.00000,0.00000,0.00000
26.61000,1.98000,1.00000,0.00000,0.00000,0.00000,0.00000
26.81000,1.98000,1.00000,0.00000,0.00000,0.00000,0.00000
27.01000,1.98000,1.00000,0.00000,0.00000,0.00000,0.00000
27.21000,1.98000,1.00000,0.00000,0.00000,0.00000,0.00000
27.41000,1.98000,1.00000,0.00000,0.00000,0.00000,0.00000
27.61000,1.98000,1.00000,0.00000,0.00000,0.00000,0.00000
27.81000,1.98000,1.00000,0.00000,0.00000,0.00000,0.00000
28.01000,1.98000,1.00000,0.00000,0.00000,0.00000,0.00000
28.21000,1.98000,0.99999,0.00000,0.00000,0.00001,0.00000
28.41000,1.98000,0.99997,0.00000,0.00000,0.00003,0.00000
28.61000,1.98000,0.99229,0.00105,0.00000,0.00531,0.00134
28.81000,1.98000,0.90914,0.00497,0.00005,0.03276,0.05308
29.01000,1.98000,0.75890,0.00344,0.00030,0.01820,0.21915
29.21000,1.98000,0.65722,0.00150,0.00062,0.00382,0.33684
29.41000,1.98000,0.75787,0.00036,0.00075,0.00038,0.24063
29.61000,1.98000,0.99094,0.00001,0.00053,0.00000,0.00851
29.81000,1.98000,0.99920,0.00000,0.00013,0.00000,0.00066
30.01000,1.98000,0.99977,0.00000,0.00002,0.00000,0.00021
30.21000,1.98000,0.99993,0.00000,0.00000,0.00000,0.00006
30.41000,1.98000,0.99998,0.00000,0.00000,0.00000,0.00002
30.61000,1.98000,0.99999,0.00000,0.00000,0.00000,0.00001
30.81000,1.98000,0.99999,0.00000,0.00000,0.00000,0.00001
31.01000,1.98000,0.99999,0.00000,0.00000,0.00000,0.00001
31.21000,1.98000,0.99999,0.00000,0.00000,0.00000,0.00001
31.41000,1.98000,0.99999,0.00000,0.00000,0.00000,0.00001
31.61000,1.98000,0.99999,0.00000,0.00000,0.00000,0.00001
31.81000,1.98000,1.00000,0.00000,0.00000,0.00000,0.00000
32.01000,1.98000,1.00000,0.00000,0.00000,0.00000,0.00000
32.21000,1.98000,0.99999,0.00000,0.00000,0.00000,0.00001
32.41000,1.98000,0.99996,0.00000,0.00000,0.00000,0.00004
32.61000,1.98000,0.99978,0.00000,0.00000,0.00000,0.00021
32.81000,1.98000,0.99925,0.00000,0.00001,0.00000,0.00074
33.01000,1.98000,0.99801,0.00000,0.00001,0.00002,0.00197
33.21000,1.98000,0.99116,0.00000,0.00002,0.00037,0.00845
33.41000,1.98000,0.99159,0.00000,0.00001,0.00156,0.00685
33.61000,1.98000,0.99421,0.00000,0.00000,0.00299,0.00280
33.81000,1.98000,0.99829,0.00000,0.00000,0.00143,0.00027
34.01000,1.98000,0.99865,0.00000,0.00000,0.00131,0.00004
34.21000,1.98000,0.99953,0.00000,0.00000,0.00047,0.00000
34.41000,1.98000,0.99989,0.00000,0.00000,0.00011,0.00000
34.61000,1.98000,0.99997,0.00000,0.00000,0.00003,0.00000
34.81000,1.98000,0.99999,0.00000,0.00000,0.00001,0.00000
35.01000,1.98000,1.00000,0.00000,0.00000,0.00000,0.00000
35.21000,1.98000,1.00000,0.00000,0.00000,0.00000,0.00000
35.41000,1.98000,1.00000,0.00000,0.00000,0.00000,0.00000
35.61000,1.98000,1.00000,0.00000,0.00000,0.00000,0.00000
35.81000,1.98000,1.00000,0.00000,0.00000,0.00000,0.00000
36.01000,1.98000,1.00000,0.00000,0.00000,0.00000,0.00000
36.21000,1.98000,1.00000,0.00000,0.00000,0.00000,0.00000
36.41000,1.98000,1.00000,0.00000,0.00000,0.00000,0.00000
36.61000,1.98000,1.00000,0.00000,0.00000,0.00000,0.00000
36.81000,1.98000,1.00000,0.00000,0.00000,0.00000,0.00000
37.01000,1.98000,1.00000,0.00000,0.00000,0.00000,0.00000
37.21000,1.98000,1.00000,0.00000,0.00000,0.00000,0.00000
37.41000,1.98000,1.00000,0.00000,0.00000,0.00000,0.00000
37.61000,1.98000,1.00000,0.00000,0.00000,0.00000,0.00000
37.81000,1.98000,1.00000,0.00000,0.00000,0.00000,0.00000
38.01000,1.98000,0.99997,0.00000,0.00000,0.00003,0.00000
38.21000,1.98000,0.99976,0.00000,0.00000,0.00024,0.00000
38.41000,1.98000,0.98383,0.00006,0.00000,0.01378,0.00233
38.61000,1.98000,0.79371,0.00073,0.00007,0.11664,0.08885
38.81000,1.98000,0.63969,0.00052,0.00036,0.07133,0.28809
39.01000,1.98000,0.59618,0.00025,0.00067,0.01508,0.38783
39.21000,1.98000,0.66075,0.00009,0.00090,0.00258,0.33567
39.41000,1.98000,0.95793,0.00001,0.00078,0.00004,0.04125
39.61000,1.98000,0.99954,0.00000,0.00006,0.00000,0.00040
39.81000,1.98000,0.99990,0.00000,0.00001,0.00000,0.00009
40.01000,1.98000,0.99995,0.00000,0.00000,0.00000,0.00005
40.21000,1.98000,0.99998,0.00000,0.00000,0.00000,0.00002
40.41000,1.98000,0.99999,0.00000,0.00000,0.00000,0.00001
40.61000,1.98000,0.99999,0.00000,0.00000,0.00000,0.00001
40.81000,1.98000,0.99999,0.00000,0.00000,0.00000,0.00001
41.01000,1.98000,0.99998,0.00000,0.00000,0.00000,0.00002
41.21000,1.98000,0.99996,0.00000,0.00000,0.00000,0.00004
41.41000,1.98000,0.99995,0.00000,0.00000,0.00000,0.00005
41.61000,1.98000,0.99992,0.00000,0.00000,0.00000,0.00008
41.81000,1.98000,0.99993,0.00000,0.00000,0.00000,0.00007
42.01000,1.98000,0.99992,0.00000,0.00000,0.00000,0.00008
42.21000,1.98000,0.99985,0.00000,0.00000,0.00000,0.00015
42.41000,1.98000,0.99980,0.00000,0.00000,0.00000,0.00020
42.61000,1.98000,0.99983,0.00000,0.00000,0.00000,0.00017
42.81000,1.98000,0.99986,0.00000,0.00000,0.00000,0.00014
43.01000,1.98000,0.99990,0.00000,0.00000,0.00001,0.00009
43.21000,1.98000,0.99989,0.00000,0.00000,0.00004,0.00007
43.41000,1.98000,0.99988,0.00000,0.00000,0.00008,0.00003
43.61000,1.98000,0.99986,0.00000,0.00000,0.00012,0.00001
43.81000,1.98000,0.99994,0.00000,0.00000,0.00006,0.00000
44.01000,1.98000,0.99995,0.00000,0.00000,0.00005,0.00000
44.21000,1.98000,0.99997,0.00000,0.00000,0.00003,0.00000
44.41000,1.98000,0.99999,0.00000,0.00000,0.00001,0.00000
44.61000,1.98000,0.99999,0.00000,0.00000,0.00001,0.00000
44.81000,1.98000,1.00000,0.00000,0.00000,0.00000,0.00000
45.01000,1.98000,1.00000,0.00000,0.00000,0.00000,0.00000
45.21000,1.98000,1.00000,0.00000,0.00000,0.00000,0.00000
45.41000,1.98000,1.00000,0.00000,0.00000,0.00000,0.00000
45.61000,1.98000,1.00000,0.00000,0.00000,0.00000,0.00000
45.81000,1.98000,1.00000,0.00000,0.00000,0.00000,0.00000
46.01000,1.98000,1.00000,0.00000,0.00000,0.00000,0.00000
46.21000,1.98000,1.00000,0.00000,0.00000,0.00000,0.00000
46.41000,1.98000,1.00000,0.00000,0.00000,0.00000,0.00000
46.61000,1.98000,1.00000,0.00000,0.00000,0.00000,0.00000
46.81000,1.98000,1.00000,0.00000,0.00000,0.00000,0.00000
47.01000,1.98000,1.00000,0.00000,0.00000,0.00000,0.00000
47.21000,1.98000,1.00000,0.00000,0.00000,0.00000,0.00000
47.41000,1.98000,1.00000,0.00000,0.00000,0.00000,0.00000
47.61000,1.98000,1.00000,0.00000,0.00000,0.00000,0.00000
47.81000,1.98000,1.00000,0.00000,0.00000,0.00000,0.00000
48.01000,1.98000,1.00000,0.00000,0.00000,0.00000,0.00000
48.21000,1.98000,0.99999,0.00000,0.00000,0.00001,0.00000
48.41000,1.98000,0.99999,0.00000,0.00000,0.00001,0.00000
48.61000,1.98000,0.99951,0.00007,0.00000,0.00040,0.00003
48.81000,1.98000,0.98537,0.00271,0.00000,0.00698,0.00494
49.01000,1.98000,0.88742,0.00697,0.00008,0.02814,0.07740
49.21000,1.98000,0.73343,0.00392,0.00032,0.01346,0.24886
49.41000,1.98000,0.65650,0.00182,0.00060,0.00283,0.33825
49.61000,1.98000,0.79933,0.00033,0.00084,0.00020,0.19930
49.81000,1.98000,0.99695,0.00001,0.00033,0.00000,0.00271
50.01000,1.98000,0.99960,0.00000,0.00005,0.00000,0.00034
50.21000,1.98000,0.99987,0.00000,0.00001,0.00000,0.00011
50.41000,1.98000,0.99977,0.00000,0.00001,0.00000,0.00022
50.61000,1.98000,0.99962,0.00000,0.00000,0.00000,0.00037
50.81000,1.98000,0.99974,0.00000,0.00000,0.00000,0.00026
51.01000,1.98000,0.99968,0.00000,0.00000,0.00000,0.00032
51.21000,1.98000,0.99942,0.00000,0.00000,0.00000,0.00058
51.41000,1.98000,0.99894,0.00000,0.00000,0.00000,0.00106
51.61000,1.98000,0.99860,0.00000,0.00000,0.00000,0.00140
51.81000,1.98000,0.99958,0.00000,0.00000,0.00000,0.00041
52.01000,1.98000,0.99981,0.00000,0.00000,0.00001,0.00018
52.21000,1.98000,0.99995,0.00000,0.00000,0.00001,0.00005
52.41000,1.98000,0.99992,0.00000,0.00000,0.00003,0.00005
52.61000,1.98000,0.99987,0.00000,0.00000,0.00010,0.00003
52.81000,1.98000,0.99990,0.00000,0.00000,0.00010,0.00001
53.01000,1.98000,0.99992,0.00000,0.00000,0.00008,0.00000
53.21000,1.98000,0.99994,0.00000,0.00000,0.00006,0.00000
53.41000,1.98000,0.99995,0.00000,0.00000,0.00005,0.00000
53.61000,1.98000,0.99998,0.00000,0.00000,0.00002,0.00000
53.81000,1.98000,0.99998,0.00000,0.00000,0.00002,0.00000
54.01000,1.98000,0.99997,0.00000,0.00000,0.00003,0.00000
54.21000,1.98000,0.99998,0.00000,0.00000,0.00002,0.00000
54.41000,1.98000,0.99993,0.00000,0.00000,0.00007,0.00000
54.61000,1.98000,0.99990,0.00000,0.00000,0.00010,0.00000
54.81000,1.98000,0.99969,0.00000,0.00000,0.00030,0.00000
55.01000,1.98000,0.99938,0.00000,0.00000,0.00061,0.00000
55.21000,1.98000,0.99964,0.00000,0.00000,0.00036,0.00000
55.41000,1.98000,0.99987,0.00000,0.00000,0.00013,0.00000
55.61000,1.98000,0.99989,0.00000,0.00000,0.00011,0.00000
55.81000,1.98000,0.99989,0.00000,0.00000,0.00011,0.00000
56.01000,1.98000,0.99998,0.00000,0.00000,0.00002,0.00000
56.21000,1.98000,0.99999,0.00000,0.00000,0.00001,0.00000
56.41000,1.98000,0.99999,0.00000,0.00000,0.00001,0.00000
56.61000,1.98000,1.00000,0.00000,0.00000,0.00000,0.00000
56.81000,1.98000,1.00000,0.00000,0.00000,0.00000,0.00000
57.01000,1.98000,1.00000,0.00000,0.00000,0.00000,0.00000
57.21000,1.98000,1.00000,0.00000,0.00000,0.00000,0.00000
57.41000,1.98000,1.00000,0.00000,0.00000,0.00000,0.00000
57.61000,1.98000,1.00000,0.00000,0.00000,0.00000,0.00000
57.81000,1.98000,1.00000,0.00000,0.00000,0.00000,0.00000
58.01000,1.98000,1.00000,0.00000,0.00000,0.00000,0.00000
58.21000,1.98000,1.00000,0.00000,0.00000,0.00000,0.00000
58.41000,1.98000,1.00000,0.00000,0.00000,0.00000,0.00000
58.61000,1.98000,1.00000,0.00000,0.00000,0.00000,0.00000
58.81000,1.98000,1.00000,0.00000,0.00000,0.00000,0.00000
59.01000,1.98000,1.00000,0.00000,0.00000,0.00000,0.00000
59.21000,1.98000,0.99999,0.00000,0.00000,0.00001,0.00000
59.41000,1.98000,0.99998,0.00000,0.00000,0.00002,0.00000
59.61000,1.98000,0.99790,0.00023,0.00000,0.00161,0.00025
59.81000,1.98000,0.95336,0.00333,0.00003,0.01958,0.02370
60.01000,1.98000,0.80399,0.00263,0.00032,0.01824,0.17483
60.21000,1.98000,0.64333,0.00107,0.00065,0.00482,0.35013
60.41000,1.98000,0.68767,0.00041,0.00065,0.00065,0.31061
60.61000,1.98000,0.96092,0.00003,0.00081,0.00001,0.03824
60.81000,1.98000,0.99485,0.00000,0.00044,0.00000,0.00471
61.01000,1.98000,0.99900,0.00000,0.00010,0.00000,0.00090
61.21000,1.98000,0.99974,0.00000,0.00001,0.00000,0.00025
61.41000,1.98000,0.99990,0.00000,0.00000,0.00000,0.00010
61.61000,1.98000,0.99998,0.00000,0.00000,0.00000,0.00002
61.81000,1.98000,0.99997,0.00000,0.00000,0.00000,0.00003
62.01000,1.98000,0.99999,0.00000,0.00000,0.00000,0.00001
62.21000,1.98000,0.99999,0.00000,0.00000,0.00000,0.00001
62.41000,1.98000,0.99994,0.00000,0.00000,0.00000,0.00006
62.61000,1.98000,0.99981,0.00000,0.00000,0.00000,0.00018
62.81000,1.98000,0.99966,0.00000,0.00000,0.00000,0.00034
63.01000,1.98000,0.99971,0.00000,0.00000,0.00000,0.00029
63.21000,1.98000,0.99821,0.00000,0.00001,0.00000,0.00178
63.41000,1.98000,0.99361,0.00000,0.00002,0.00001,0.00636
63.61000,1.98000,0.99147,0.00000,0.00002,0.00005,0.00846
63.81000,1.98000,0.99682,0.00000,0.00001,0.00006,0.00311
64.01000,1.98000,0.99919,0.00000,0.00000,0.00012,0.00069
64.21000,1.98000,0.99952,0.00000,0.00000,0.00030,0.00017
64.41000,1.98000,0.99963,0.00000,0.00000,0.00033,0.00003
64.61000,1.98000,0.99988,0.00000,0.00000,0.00012,0.00000
64.81000,1.98000,0.99998,0.00000,0.00000,0.00002,0.00000
65.01000,1.98000,0.99999,0.00000,0.00000,0.00001,0.00000
65.21000,1.98000,1.00000,0.00000,0.00000,0.00000,0.00000
65.41000,1.98000,1.00000,0.00000,0.00000,0.00000,0.00000
65.61000,1.98000,1.00000,0.00000,0.00000,0.00000,0.00000
65.81000,1.98000,1.00000,0.00000,0.00000,0.00000,0.00000
66.01000,1.98000,1.00000,0.00000,0.00000,0.00000,0.00000
66.21000,1.98000,1.00000,0.00000,0.00000,0.00000,0.00000
66.41000,1.98000,1.00000,0.00000,0.00000,0.00000,0.00000
66.61000,1.98000,1.00000,0.00000,0.00000,0.00000,0.00000
66.81000,1.98000,1.00000,0.00000,0.00000,0.00000,0.00000
67.01000,1.98000,1.00000,0.00000,0.00000,0.00000,0.00000
67.21000,1.98000,1.00000,0.00000,0.00000,0.00000,0.00000
67.41000,1.98000,1.00000,0.00000,0.00000,0.00000,0.00000
67.61000,1.98000,1.00000,0.00000,0.00000,0.00000,0.00000
67.81000,1.98000,1.00000,0.00000,0.00000,0.00000,0.00000
68.01000,1.98000,1.00000,0.00000,0.00000,0.00000,0.00000
68.21000,1.98000,0.99999,0.00000,0.00000,0.00001,0.00000
68.41000,1.98000,0.99997,0.00000,0.00000,0.00003,0.00000
68.61000,1.98000,0.99981,0.00000,0.00000,0.00019,0.00000
68.81000,1.98000,0.99933,0.00000,0.00000,0.00065,0.00001
69.01000,1.98000,0.99771,0.00001,0.00000,0.00216,0.00012
69.21000,1.98000,0.99384,0.00011,0.00000,0.00505,0.00100
69.41000,1.98000,0.99010,0.00043,0.00000,0.00539,0.00409
69.61000,1.98000,0.98110,0.00140,0.00000,0.00436,0.01315
69.81000,1.98000,0.97467,0.00223,0.00000,0.00148,0.02163
70.01000,1.98000,0.94615,0.00353,0.00000,0.00063,0.04969
70.21000,1.98000,0.83846,0.00295,0.00001,0.00037,0.15821
70.41000,1.98000,0.85191,0.00104,0.00002,0.00017,0.14685
70.61000,1.98000,0.94383,0.00018,0.00004,0.00004,0.05592
70.81000,1.98000,0.98492,0.00001,0.00002,0.00001,0.01504
71.01000,1.98000,0.99713,0.00000,0.00001,0.00000,0.00286
71.21000,1.98000,0.99925,0.00000,0.00000,0.00000,0.00075
71.41000,1.98000,0.99942,0.00000,0.00001,0.00000,0.00058
71.61000,1.98000,0.99951,0.00000,0.00001,0.00000,0.00048
71.81000,1.98000,0.99970,0.00000,0.00000,0.00000,0.00030
72.01000,1.98000,0.99990,0.00000,0.00000,0.00000,0.00010
72.21000,1.98000,0.99982,0.00000,0.00000,0.00000,0.00018
72.41000,1.98000,0.99971,0.00000,0.00000,0.00000,0.00029
72.61000,1.98000,0.99856,0.00000,0.00001,0.00000,0.00144
72.81000,1.98000,0.99826,0.00000,0.00001,0.00000,0.00173
73.01000,1.98000,0.99585,0.00000,0.00001,0.00000,0.00413
73.21000,1.98000,0.99727,0.00000,0.00001,0.00000,0.00272
73.41000,1.98000,0.99393,0.00000,0.00001,0.00003,0.00604
73.61000,1.98000,0.99695,0.00000,0.00000,0.00013,0.00292
73.81000,1.98000,0.99907,0.00000,0.00000,0.00032,0.00061
74.01000,1.98000,0.99929,0.00000,0.00000,0.00056,0.00015
74.21000,1.98000,0.99952,0.00000,0.00000,0.00044,0.00004
74.41000,1.98000,0.99989,0.00000,0.00000,0.00011,0.00000
74.61000,1.98000,0.99997,0.00000,0.00000,0.00003,0.00000
74.81000,1.98000,0.99999,0.00000,0.00000,0.00001,0.00000
75.01000,1.98000,0.99999,0.00000,0.00000,0.00001,0.00000
75.21000,1.98000,1.00000,0.00000,0.00000,0.00000,0.00000
75.41000,1.98000,1.00000,0.00000,0.00000,0.00000,0.00000
75.61000,1.98000,1.00000,0.00000,0.00000,0.00000,0.00000
75.81000,1.98000,1.00000,0.00000,0.00000,0.00000,0.00000
76.01000,1.98000,1.00000,0.00000,0.00000,0.00000,0.00000
76.21000,1.98000,1.00000,0.00000,0.00000,0.00000,0.00000
76.41000,1.98000,1.00000,0.00000,0.00000,0.00000,0.00000
76.61000,1.98000,1.00000,0.00000,0.00000,0.00000,0.00000
76.81000,1.98000,1.00000,0.00000,0.00000,0.00000,0.00000
77.01000,1.98000,1.00000,0.00000,0.00000,0.00000,0.00000
77.21000,1.98000,1.00000,0.00000,0.00000,0.00000,0.00000
77.41000,1.98000,1.00000,0.00000,0.00000,0.00000,0.00000
77.61000,1.98000,1.00000,0.00000,0.00000,0.00000,0.00000
77.81000,1.98000,1.00000,0.00000,0.00000,0.00000,0.00000
78.01000,1.98000,1.00000,0.00000,0.00000,0.00000,0.00000
78.21000,1.98000,1.00000,0.00000,0.00000,0.00000,0.00000
78.41000,1.98000,1.00000,0.00000,0.00000,0.00000,0.00000
78.61000,1.98000,1.00000,0.00000,0.00000,0.00000,0.00000
78.81000,1.98000,1.00000,0.00000,0.00000,0.00000,0.00000
79.01000,1.98000,0.99999,0.00000,0.00000,0.00001,0.00000
79.21000,1.98000,1.00000,0.00000,0.00000,0.00000,0.00000
79.41000,1.98000,0.99999,0.00000,0.00000,0.00001,0.00000
79.61000,1.98000,0.99998,0.00000,0.00000,0.00002,0.00001
79.81000,1.98000,0.99781,0.00002,0.00000,0.00055,0.00161
80.01000,1.98000,0.96300,0.00011,0.00025,0.00270,0.03394
80.21000,1.98000,0.85205,0.00004,0.00105,0.00154,0.14533
80.41000,1.98000,0.85886,0.00001,0.00145,0.00018,0.13950
80.61000,1.98000,0.93625,0.00001,0.00473,0.00005,0.05897
80.81000,1.98000,0.98115,0.00000,0.00385,0.00001,0.01499
81.01000,1.98000,0.99964,0.00000,0.00017,0.00000,0.00019
81.21000,1.98000,0.99982,0.00000,0.00002,0.00000,0.00016
81.41000,1.98000,0.99997,0.00000,0.00000,0.00000,0.00002
81.61000,1.98000,0.99999,0.00000,0.00000,0.00000,0.00001
81.81000,1.98000,0.99999,0.00000,0.00000,0.00000,0.00001
82.01000,1.98000,0.99998,0.00000,0.00000,0.00000,0.00002
82.21000,1.98000,0.99998,0.00000,0.00000,0.00000,0.00001
82.41000,1.98000,0.99996,0.00000,0.00000,0.00000,0.00004
82.61000,1.98000,0.99974,0.00000,0.00000,0.00000,0.00026
82.81000,1.98000,0.99980,0.00000,0.00000,0.00000,0.00020
83.01000,1.98000,0.99976,0.00000,0.00000,0.00001,0.00023
83.21000,1.98000,0.99978,0.00000,0.00000,0.00000,0.00022
83.41000,1.98000,0.99970,0.00000,0.00000,0.00002,0.00028
83.61000,1.98000,0.99933,0.00000,0.00000,0.00013,0.00053
83.81000,1.98000,0.99886,0.00000,0.00000,0.00056,0.00058
84.01000,1.98000,0.99884,0.00000,0.00000,0.00089,0.00027
84.21000,1.98000,0.99877,0.00000,0.00000,0.00117,0.00006
84.41000,1.98000,0.99717,0.00000,0.00000,0.00280,0.00004
84.61000,1.98000,0.99777,0.00000,0.00000,0.00222,0.00001
84.81000,1.98000,0.99858,0.00000,0.00000,0.00142,0.00000
85.01000,1.98000,0.99980,0.00000,0.00000,0.00020,0.00000
85.21000,1.98000,0.99996,0.00000,0.00000,0.00004,0.00000
85.41000,1.98000,0.99999,0.00000,0.00000,0.00001,0.00000
85.61000,1.98000,0.99999,0.00000,0.00000,0.00001,0.00000
85.81000,1.98000,0.99999,0.00000,0.00000,0.00001,0.00000
86.01000,1.98000,0.99999,0.00000,0.00000,0.00001,0.00000
86.21000,1.98000,1.00000,0.00000,0.00000,0.00000,0.00000
86.41000,1.98000,1.00000,0.00000,0.00000,0.00000,0.00000
86.61000,1.98000,1.00000,0.00000,0.00000,0.00000,0.00000
86.81000,1.98000,1.00000,0.00000,0.00000,0.00000,0.00000
87.01000,1.98000,1.00000,0.00000,0.00000,0.00000,0.00000
87.21000,1.98000,1.00000,0.00000,0.00000,0.00000,0.00000
87.41000,1.98000,1.00000,0.00000,0.00000,0.00000,0.00000
87.61000,1.98000,1.00000,0.00000,0.00000,0.00000,0.00000
87.81000,1.98000,1.00000,0.00000,0.00000,0.00000,0.00000
88.01000,1.98000,1.00000,0.00000,0.00000,0.00000,0.00000
88.21000,1.98000,1.00000,0.00000,0.00000,0.00000,0.00000
88.41000,1.98000,1.00000,0.00000,0.00000,0.00000,0.00000
88.61000,1.98000,1.00000,0.00000,0.00000,0.00000,0.00000
88.81000,1.98000,0.99998,0.00000,0.00000,0.00002,0.00000
89.01000,1.98000,0.99976,0.00000,0.00000,0.00023,0.00001
89.21000,1.98000,0.99174,0.00008,0.00000,0.00669,0.00149
89.41000,1.98000,0.92842,0.00067,0.00002,0.04143,0.02947
89.61000,1.98000,0.82926,0.00045,0.00010,0.03310,0.13708
89.81000,1.98000,0.66690,0.00033,0.00043,0.01158,0.32076
90.01000,1.98000,0.69774,0.00012,0.00070,0.00167,0.29976
90.21000,1.98000,0.97610,0.00001,0.00061,0.00001,0.02327
90.41000,1.98000,0.99935,0.00000,0.00010,0.00000,0.00056
90.61000,1.98000,0.99988,0.00000,0.00001,0.00000,0.00010
90.81000,1.98000,0.99997,0.00000,0.00000,0.00000,0.00003
91.01000,1.98000,0.99999,0.00000,0.00000,0.00000,0.00001
91.21000,1.98000,1.00000,0.00000,0.00000,0.00000,0.00000
91.41000,1.98000,1.00000,0.00000,0.00000,0.00000,0.00000
91.61000,1.98000,1.00000,0.00000,0.00000,0.00000,0.00000
91.81000,1.98000,1.00000,0.00000,0.00000,0.00000,0.00000
92.01000,1.98000,1.00000,0.00000,0.00000,0.00000,0.00000
92.21000,1.98000,1.00000,0.00000,0.00000,0.00000,0.00000
92.41000,1.98000,0.99999,0.00000,0.00000,0.00000,0.00000
92.61000,1.98000,0.99999,0.00000,0.00000,0.00000,0.00001
92.81000,1.98000,0.99995,0.00000,0.00000,0.00000,0.00005
93.01000,1.98000,0.99987,0.00000,0.00000,0.00000,0.00013
93.21000,1.98000,0.99970,0.00000,0.00000,0.00001,0.00030
93.41000,1.98000,0.99964,0.00000,0.00000,0.00002,0.00034
93.61000,1.98000,0.99950,0.00000,0.00000,0.00002,0.00047
93.81000,1.98000,0.99954,0.00000,0.00000,0.00006,0.00040
94.01000,1.98000,0.99923,0.00000,0.00000,0.00043,0.00034
94.21000,1.98000,0.99893,0.00000,0.00000,0.00093,0.00014
94.41000,1.98000,0.99935,0.00000,0.00000,0.00063,0.00002
94.61000,1.98000,0.99952,0.00000,0.00000,0.00047,0.00000
94.81000,1.98000,0.99975,0.00000,0.00000,0.00025,0.00000
95.01000,1.98000,0.99985,0.00000,0.00000,0.00015,0.00000
95.21000,1.98000,0.99995,0.00000,0.00000,0.00005,0.00000
95.41000,1.98000,0.99999,0.00000,0.00000,0.00001,0.00000
95.61000,1.98000,1.00000,0.00000,0.00000,0.00000,0.00000
95.81000,1.98000,1.00000,0.00000,0.00000,0.00000,0.00000
96.01000,1.98000,1.00000,0.00000,0.00000,0.00000,0.00000
96.21000,1.98000,1.00000,0.00000,0.00000,0.00000,0.00000
96.41000,1.98000,1.00000,0.00000,0.00000,0.00000,0.00000
96.61000,1.98000,1.00000,0.00000,0.00000,0.00000,0.00000
96.81000,1.98000,1.00000,0.00000,0.00000,0.00000,0.00000
97.01000,1.98000,1.00000,0.00000,0.00000,0.00000,0.00000
97.21000,1.98000,1.00000,0.00000,0.00000,0.00000,0.00000
97.41000,1.98000,1.00000,0.00000,0.00000,0.00000,0.00000
97.61000,1.98000,1.00000,0.00000,0.00000,0.00000,0.00000
97.81000,1.98000,0.99999,0.00000,0.00000,0.00001,0.00000
98.01000,1.98000,0.99999,0.00000,0.00000,0.00001,0.00000
98.21000,1.98000,0.99999,0.00000,0.00000,0.00001,0.00000
98.41000,1.98000,1.00000,0.00000,0.00000,0.00000,0.00000
98.61000,1.98000,1.00000,0.00000,0.00000,0.00000,0.00000
98.81000,1.98000,1.00000,0.00000,0.00000,0.00000,0.00000
99.01000,1.98000,0.99999,0.00000,0.00000,0.00001,0.00000
99.21000,1.98000,0.99992,0.00000,0.00000,0.00007,0.00000
99.41000,1.98000,0.95213,0.00418,0.00001,0.03442,0.00926
99.61000,1.98000,0.83814,0.00392,0.00030,0.06496,0.09267
99.81000,1.98000,0.61197,0.00200,0.00152,0.03213,0.35238
100.01000,1.98000,0.61806,0.00064,0.00181,0.00510,0.37439
100.21000,1.98000,0.75175,0.00015,0.00245,0.00055,0.24511
100.41000,1.98000,0.99269,0.00000,0.00153,0.00000,0.00577
100.61000,1.98000,0.99887,0.00000,0.00039,0.00000,0.00074
100.81000,1.98000,0.99979,0.00000,0.00003,0.00000,0.00017
101.01000,1.98000,0.99993,0.00000,0.00001,0.00000,0.00006
101.21000,1.98000,0.99998,0.00000,0.00000,0.00000,0.00002
101.41000,1.98000,0.99999,0.00000,0.00000,0.00000,0.00001
101.61000,1.98000,0.99999,0.00000,0.00000,0.00000,0.00001
101.81000,1.98000,1.00000,0.00000,0.00000,0.00000,0.00000
102.01000,1.98000,1.00000,0.00000,0.00000,0.00000,0.00000
102.21000,1.98000,1.00000,0.00000,0.00000,0.00000,0.00000
102.41000,1.98000,0.99997,0.00000,0.00000,0.00000,0.00003
102.61000,1.98000,0.99982,0.00000,0.00000,0.00000,0.00018
102.81000,1.98000,0.99927,0.00000,0.00000,0.00000,0.00073
103.01000,1.98000,0.99828,0.00000,0.00001,0.00001,0.00171
103.21000,1.98000,0.99789,0.00000,0.00001,0.00001,0.00209
103.41000,1.98000,0.99699,0.00000,0.00000,0.00004,0.00297
103.61000,1.98000,0.99853,0.00000,0.00000,0.00005,0.00142
103.81000,1.98000,0.99933,0.00000,0.00000,0.00006,0.00061
104.01000,1.98000,0.99912,0.00000,0.00000,0.00033,0.00055
104.21000,1.98000,0.99868,0.00000,0.00000,0.00106,0.00026
104.41000,1.98000,0.99869,0.00000,0.00000,0.00124,0.00007
104.61000,1.98000,0.99911,0.00000,0.00000,0.00088,0.00001
104.81000,1.98000,0.99935,0.00000,0.00000,0.00065,0.00000
105.01000,1.98000,0.99953,0.00000,0.00000,0.00046,0.00000
105.21000,1.98000,0.99978,0.00000,0.00000,0.00022,0.00000
105.41000,1.98000,0.99993,0.00000,0.00000,0.00007,0.00000
105.61000,1.98000,0.99999,0.00000,0.00000,0.00001,0.00000
105.81000,1.98000,0.99999,0.00000,0.00000,0.00001,0.00000
106.01000,1.98000,1.00000,0.00000,0.00000,0.00000,0.00000
106.21000,1.98000,1.00000,0.00000,0.00000,0.00000,0.00000
106.41000,1.98000,1.00000,0.00000,0.00000,0.00000,0.00000
106.61000,1.98000,1.00000,0.00000,0.00000,0.00000,0.00000
106.81000,1.98000,1.00000,0.00000,0.00000,0.00000,0.00000
107.01000,1.98000,1.00000,0.00000,0.00000,0.00000,0.00000
107.21000,1.98000,1.00000,0.00000,0.00000,0.00000,0.00000
107.41000,1.98000,1.00000,0.00000,0.00000,0.00000,0.00000
107.61000,1.98000,1.00000,0.00000,0.00000,0.00000,0.00000
107.81000,1.98000,1.00000,0.00000,0.00000,0.00000,0.00000
108.01000,1.98000,1.00000,0.00000,0.00000,0.00000,0.00000
108.21000,1.98000,1.00000,0.00000,0.00000,0.00000,0.00000
108.41000,1.98000,0.99998,0.00000,0.00000,0.00002,0.00000
108.61000,1.98000,0.99985,0.00000,0.00000,0.00014,0.00000
108.81000,1.98000,0.96469,0.00021,0.00001,0.02912,0.00597
109.01000,1.98000,0.83038,0.00038,0.00023,0.07338,0.09562
109.21000,1.98000,0.62169,0.00026,0.00100,0.05135,0.32570
109.41000,1.98000,0.57360,0.00009,0.00138,0.01343,0.41149
109.61000,1.98000,0.73262,0.00002,0.00208,0.00144,0.26383
109.81000,1.98000,0.98099,0.00000,0.00162,0.00002,0.01738
110.01000,1.98000,0.99899,0.00000,0.00032,0.00000,0.00069
110.21000,1.98000,0.99978,0.00000,0.00003,0.00000,0.00019
110.41000,1.98000,0.99994,0.00000,0.00001,0.00000,0.00005
110.61000,1.98000,0.99998,0.00000,0.00000,0.00000,0.00002
110.81000,1.98000,0.99999,0.00000,0.00000,0.00000,0.00001
111.01000,1.98000,0.99999,0.00000,0.00000,0.00000,0.00001
111.21000,1.98000,0.99999,0.00000,0.00000,0.00000,0.00001
111.41000,1.98000,0.99999,0.00000,0.00000,0.00000,0.00001
111.61000,1.98000,0.99999,0.00000,0.00000,0.00000,0.00001
111.81000,1.98000,1.00000,0.00000,0.00000,0.00000,0.00000
112.01000,1.98000,0.99999,0.00000,0.00000,0.00000,0.00001
112.21000,1.98000,0.99998,0.00000,0.00000,0.00000,0.00002
112.41000,1.98000,0.99997,0.00000,0.00000,0.00000,0.00003
112.61000,1.98000,0.99995,0.00000,0.00000,0.00000,0.00005
112.81000,1.98000,0.99994,0.00000,0.00000,0.00000,0.00006
113.01000,1.98000,0.99992,0.00000,0.00000,0.00000,0.00008
113.21000,1.98000,0.99986,0.00000,0.00000,0.00000,0.00014
113.41000,1.98000,0.99981,0.00000,0.00000,0.00000,0.00019
113.61000,1.98000,0.99973,0.00000,0.00000,0.00000,0.00027
113.81000,1.98000,0.99973,0.00000,0.00000,0.00000,0.00026
114.01000,1.98000,0.99980,0.00000,0.00000,0.00001,0.00019
114.21000,1.98000,0.99973,0.00000,0.00000,0.00006,0.00021
114.41000,1.98000,0.99963,0.00000,0.00000,0.00021,0.00016
114.61000,1.98000,0.99959,0.00000,0.00000,0.00034,0.00007
114.81000,1.98000,0.99961,0.00000,0.00000,0.00037,0.00002
115.01000,1.98000,0.99969,0.00000,0.00000,0.00030,0.00001
115.21000,1.98000,0.99989,0.00000,0.00000,0.00010,0.00000
115.41000,1.98000,0.99994,0.00000,0.00000,0.00006,0.00000
115.61000,1.98000,0.99996,0.00000,0.00000,0.00004,0.00000
115.81000,1.98000,0.99998,0.00000,0.00000,0.00002,0.00000
116.01000,1.98000,0.99999,0.00000,0.00000,0.00001,0.00000
116.21000,1.98000,0.99999,0.00000,0.00000,0.00001,0.00000
116.41000,1.98000,0.99999,0.00000,0.00000,0.00001,0.00000
116.61000,1.98000,1.00000,0.00000,0.00000,0.00000,0.00000
116.81000,1.98000,1.00000,0.00000,0.00000,0.00000,0.00000
117.01000,1.98000,1.00000,0.00000,0.00000,0.00000,0.00000
117.21000,1.98000,1.00000,0.00000,0.00000,0.00000,0.00000
117.41000,1.98000,0.99999,0.00000,0.00000,0.00001,0.00000
117.61000,1.98000,0.99994,0.00000,0.00000,0.00006,0.00000
117.81000,1.98000,0.98868,0.00010,0.00000,0.01051,0.00071
118.01000,1.98000,0.84340,0.00139,0.00009,0.10723,0.04789
118.21000,1.98000,0.64932,0.00109,0.00085,0.10613,0.24261
118.41000,1.98000,0.53369,0.00048,0.00182,0.03379,0.43022
118.61000,1.98000,0.55570,0.00013,0.00214,0.00703,0.43500
118.81000,1.98000,0.82724,0.00002,0.00386,0.00042,0.16846
119.01000,1.98000,0.99738,0.00000,0.00060,0.00000,0.00202
119.21000,1.98000,0.99957,0.00000,0.00008,0.00000,0.00035
119.41000,1.98000,0.99984,0.00000,0.00002,0.00000,0.00014
119.61000,1.98000,0.99996,0.00000,0.00000,0.00000,0.00004
119.81000,1.98000,0.99999,0.00000,0.00000,0.00000,0.00001
120.01000,1.98000,0.99999,0.00000,0.00000,0.00000,0.00001
120.21000,1.98000,0.99999,0.00000,0.00000,0.00000,0.00001
120.41000,1.98000,0.99999,0.00000,0.00000,0.00000,0.00001
120.61000,1.98000,0.99999,0.00000,0.00000,0.00000,0.00000
120.81000,1.98000,0.99999,0.00000,0.00000,0.00000,0.00001
121.01000,1.98000,0.99999,0.00000,0.00000,0.00000,0.00001
121.21000,1.98000,0.99999,0.00000,0.00000,0.00000,0.00001
121.41000,1.98000,0.99999,0.00000,0.00000,0.00000,0.00000
121.61000,1.98000,0.99999,0.00000,0.00000,0.00000,0.00001
121.81000,1.98000,0.99997,0.00000,0.00000,0.00000,0.00003
122.01000,1.98000,0.99989,0.00000,0.00003,0.00000,0.00008
122.21000,1.98000,0.99981,0.00000,0.00009,0.00000,0.00010
122.41000,1.98000,0.99399,0.00023,0.00431,0.00000,0.00147
122.61000,1.98000,0.99961,0.00000,0.00037,0.00000,0.00002
122.81000,1.98000,0.98416,0.00014,0.01527,0.00000,0.00043
123.01000,1.98000,0.99216,0.00036,0.00721,0.00000,0.00027
123.21000,1.98000,0.99856,0.00005,0.00135,0.00000,0.00003
123.41000,1.98000,0.99986,0.00002,0.00012,0.00000,0.00000
123.61000,1.98000,0.99828,0.00057,0.00115,0.00000,0.00000
123.81000,1.98000,0.99761,0.00057,0.00181,0.00000,0.00001
124.01000,1.98000,0.98388,0.00592,0.01013,0.00000,0.00006
124.21000,1.98000,0.97000,0.00517,0.02376,0.00002,0.00105
124.41000,1.98000,0.96712,0.00209,0.03051,0.00001,0.00027
124.61000,1.98000,0.99891,0.00024,0.00064,0.00004,0.00018
