Time (seconds), Duration (seconds),pred_(unlabeled),pred_empty_box,pred_table
0.00250,0.49500,0.05882,0.91760,0.02358
0.10250,0.49500,0.05731,0.92108,0.02161
0.20250,0.49500,0.05162,0.92656,0.02182
0.30250,0.49500,0.04550,0.93928,0.01521
0.40250,0.49500,0.04620,0.93681,0.01698
0.50250,0.49500,0.04673,0.93316,0.02011
0.60250,0.49500,0.04304,0.94116,0.01580
0.70250,0.49500,0.03620,0.95269,0.01111
0.80250,0.49500,0.04079,0.94233,0.01688
0.90250,0.49500,0.03959,0.94532,0.01509
1.00250,0.49500,0.04968,0.93040,0.01992
1.10250,0.49500,0.04997,0.92638,0.02365
1.20250,0.49500,0.05926,0.90905,0.03169
1.30250,0.49500,0.06036,0.91013,0.02952
1.40250,0.49500,0.06176,0.90087,0.03737
1.50250,0.49500,0.05529,0.91580,0.02891
1.60250,0.49500,0.04427,0.93932,0.01641
1.70250,0.49500,0.03375,0.95428,0.01197
1.80250,0.49500,0.03308,0.95572,0.01120
1.90250,0.49500,0.03389,0.95637,0.00974
2.00250,0.49500,0.03149,0.95841,0.01010
2.10250,0.49500,0.03914,0.94247,0.01839
2.20250,0.49500,0.04534,0.93631,0.01836
2.30250,0.49500,0.05224,0.92380,0.02396
2.40250,0.49500,0.05488,0.91790,0.02723
2.50250,0.49500,0.05337,0.91807,0.02857
2.60250,0.49500,0.05218,0.92236,0.02546
2.70250,0.49500,0.05455,0.92138,0.02407
2.80250,0.49500,0.05460,0.92300,0.02239
2.90250,0.49500,0.05298,0.92271,0.02431
3.00250,0.49500,0.05264,0.92278,0.02458
3.10250,0.49500,0.05346,0.91891,0.02763
3.20250,0.49500,0.05089,0.92284,0.02627
3.30250,0.49500,0.04521,0.93174,0.02306
3.40250,0.49500,0.04748,0.92831,0.02421
3.50250,0.49500,0.05553,0.90759,0.03687
3.60250,0.49500,0.06223,0.89915,0.03862
3.70250,0.49500,0.05462,0.92192,0.02346
3.80250,0.49500,0.05125,0.92817,0.02058
3.90250,0.49500,0.05531,0.91803,0.02666
4.00250,0.49500,0.05156,0.92407,0.02437
4.10250,0.49500,0.04336,0.93890,0.01774
4.20250,0.49500,0.04249,0.93912,0.01839
4.30250,0.49500,0.03594,0.95133,0.01273
4.40250,0.49500,0.03372,0.95630,0.00997
4.50250,0.49500,0.03767,0.95106,0.01128
4.60250,0.49500,0.04249,0.94023,0.01727
4.70250,0.49500,0.04136,0.94212,0.01652
4.80250,0.49500,0.03647,0.95210,0.01143
4.90250,0.49500,0.02823,0.96501,0.00677
5.00250,0.49500,0.03059,0.96159,0.00782
5.10250,0.49500,0.03003,0.96203,0.00794
5.20250,0.49500,0.03884,0.94539,0.01577
5.30250,0.49500,0.03212,0.95540,0.01249
5.40250,0.49500,0.03196,0.95767,0.01037
5.50250,0.49500,0.03417,0.95602,0.00981
5.60250,0.49500,0.04116,0.94354,0.01530
5.70250,0.49500,0.04024,0.94536,0.01440
5.80250,0.49500,0.04504,0.94076,0.01420
5.90250,0.49500,0.05220,0.92976,0.01804
6.00250,0.49500,0.06233,0.90918,0.02849
6.10250,0.49500,0.06337,0.90154,0.03508
6.20250,0.49500,0.05156,0.92373,0.02471
6.30250,0.49500,0.03981,0.94759,0.01259
6.40250,0.49500,0.04136,0.94585,0.01279
6.50250,0.49500,0.03941,0.94674,0.01385
6.60250,0.49500,0.03596,0.94795,0.01609
6.70250,0.49500,0.03475,0.95104,0.01420
6.80250,0.49500,0.03607,0.94884,0.01509
6.90250,0.49500,0.04149,0.93801,0.02051
7.00250,0.49500,0.04638,0.93605,0.01757
7.10250,0.49500,0.04673,0.93768,0.01560
7.20250,0.49500,0.04127,0.94613,0.01260
7.30250,0.49500,0.05054,0.93303,0.01643
7.40250,0.49500,0.05701,0.92102,0.02197
7.50250,0.49500,0.05459,0.92235,0.02306
7.60250,0.49500,0.05160,0.92796,0.02045
7.70250,0.49500,0.05390,0.92150,0.02460
7.80250,0.49500,0.04906,0.92915,0.02179
7.90250,0.49500,0.04324,0.93973,0.01704
8.00250,0.49500,0.04561,0.93834,0.01605
8.10250,0.49500,0.04338,0.94183,0.01479
8.20250,0.49500,0.04501,0.93662,0.01837
8.30250,0.49500,0.04347,0.94101,0.01552
8.40250,0.49500,0.04413,0.93988,0.01599
8.50250,0.49500,0.04734,0.93431,0.01834
8.60250,0.49500,0.05377,0.92543,0.02080
8.70250,0.49500,0.06460,0.90621,0.02919
8.80250,0.49500,0.06242,0.91145,0.02613
8.90250,0.49500,0.05649,0.92318,0.02033
9.00250,0.49500,0.04616,0.94001,0.01383
9.10250,0.49500,0.03782,0.95026,0.01191
9.20250,0.49500,0.03418,0.95423,0.01159
9.30250,0.49500,0.03189,0.95736,0.01075
9.40250,0.49500,0.03477,0.95434,0.01089
9.50250,0.49500,0.03726,0.95181,0.01093
9.60250,0.49500,0.03820,0.95121,0.01059
9.70250,0.49500,0.04036,0.94921,0.01043
9.80250,0.49500,0.03730,0.95316,0.00954
9.90250,0.49500,0.03585,0.95403,0.01012
10.00250,0.49500,0.03578,0.95437,0.00985
10.10250,0.49500,0.03779,0.95151,0.01070
10.20250,0.49500,0.03310,0.95750,0.00940
10.30250,0.49500,0.03530,0.95354,0.01116
10.40250,0.49500,0.03916,0.94735,0.01349
10.50250,0.49500,0.03935,0.94625,0.01440
10.60250,0.49500,0.04043,0.94538,0.01419
10.70250,0.49500,0.03732,0.95093,0.01175
10.80250,0.49500,0.03875,0.94700,0.01425
10.90250,0.49500,0.03910,0.94659,0.01432
11.00250,0.49500,0.03438,0.95426,0.01136
11.10250,0.49500,0.03933,0.94644,0.01423
11.20250,0.49500,0.03292,0.95706,0.01001
11.30250,0.49500,0.03127,0.95858,0.01016
11.40250,0.49500,0.03301,0.95534,0.01165
11.50250,0.49500,0.03484,0.95229,0.01287
11.60250,0.49500,0.03217,0.95574,0.01208
11.70250,0.49500,0.03363,0.95325,0.01312
11.80250,0.49500,0.04005,0.94182,0.01813
11.90250,0.49500,0.04446,0.93216,0.02338
12.00250,0.49500,0.05068,0.91592,0.03340
12.10250,0.49500,0.06333,0.89219,0.04448
12.20250,0.49500,0.07639,0.86707,0.05654
12.30250,0.49500,0.07398,0.87303,0.05300
12.40250,0.49500,0.07824,0.86968,0.05208
12.50250,0.49500,0.07444,0.87811,0.04745
12.60250,0.49500,0.06782,0.88965,0.04253
12.70250,0.49500,0.05966,0.90495,0.03539
12.80250,0.49500,0.04898,0.92335,0.02767
12.90250,0.49500,0.03803,0.94499,0.01697
13.00250,0.49500,0.03322,0.95368,0.01310
13.10250,0.49500,0.03510,0.94850,0.01640
13.20250,0.49500,0.03505,0.94892,0.01603
13.30250,0.49500,0.03329,0.95343,0.01328
13.40250,0.49500,0.03905,0.94463,0.01632
13.50250,0.49500,0.04430,0.93499,0.02071
13.60250,0.49500,0.05706,0.90948,0.03347
13.70250,0.49500,0.06763,0.88747,0.04490
13.80250,0.49500,0.06322,0.89640,0.04038
13.90250,0.49500,0.06069,0.90434,0.03497
14.00250,0.49500,0.04946,0.92972,0.02083
14.10250,0.49500,0.04276,0.94153,0.01571
14.20250,0.49500,0.03526,0.95263,0.01211
14.30250,0.49500,0.03704,0.94944,0.01353
14.40250,0.49500,0.03397,0.95393,0.01210
14.50250,0.49500,0.03279,0.95436,0.01286
14.60250,0.49500,0.03190,0.95481,0.01330
14.70250,0.49500,0.03320,0.95181,0.01500
14.80250,0.49500,0.03519,0.94745,0.01735
14.90250,0.49500,0.03313,0.95200,0.01488
15.00250,0.49500,0.03294,0.95262,0.01445
15.10250,0.49500,0.03635,0.94791,0.01573
15.20250,0.49500,0.03924,0.94488,0.01589
15.30250,0.49500,0.04999,0.92863,0.02138
15.40250,0.49500,0.05713,0.91516,0.02771
15.50250,0.49500,0.06281,0.90742,0.02977
15.60250,0.49500,0.06730,0.90822,0.02448
15.70250,0.49500,0.07274,0.89878,0.02848
15.80250,0.49500,0.07585,0.88590,0.03825
15.90250,0.49500,0.09239,0.84503,0.06258
16.00250,0.49500,0.08690,0.85139,0.06171
16.10250,0.49500,0.07673,0.87602,0.04725
16.20250,0.49500,0.07352,0.88488,0.04160
16.30250,0.49500,0.07044,0.89280,0.03676
16.40250,0.49500,0.05862,0.91400,0.02738
16.50250,0.49500,0.05442,0.91714,0.02844
16.60250,0.49500,0.04543,0.93401,0.02056
16.70250,0.49500,0.03651,0.94726,0.01623
16.80250,0.49500,0.02416,0.96782,0.00802
16.90250,0.49500,0.02601,0.96521,0.00879
17.00250,0.49500,0.03206,0.95466,0.01328
17.10250,0.49500,0.03925,0.93552,0.02522
17.20250,0.49500,0.05074,0.90838,0.04088
17.30250,0.49500,0.05101,0.91689,0.03210
17.40250,0.49500,0.04658,0.92929,0.02413
17.50250,0.49500,0.05743,0.90895,0.03361
17.60250,0.49500,0.05741,0.91327,0.02932
17.70250,0.49500,0.05507,0.92031,0.02463
17.80250,0.49500,0.05070,0.92678,0.02251
17.90250,0.49500,0.05142,0.92344,0.02514
18.00250,0.49500,0.05067,0.92508,0.02425
18.10250,0.49500,0.04839,0.92821,0.02340
18.20250,0.49500,0.05167,0.91813,0.03020
18.30250,0.49500,0.05068,0.91907,0.03025
18.40250,0.49500,0.05470,0.91206,0.03324
18.50250,0.49500,0.04468,0.93247,0.02285
18.60250,0.49500,0.03709,0.94602,0.01690
18.70250,0.49500,0.04032,0.94247,0.01721
18.80250,0.49500,0.03333,0.95380,0.01287
18.90250,0.49500,0.03295,0.95489,0.01216
19.00250,0.49500,0.03664,0.95054,0.01282
19.10250,0.49500,0.03841,0.94632,0.01527
19.20250,0.49500,0.04566,0.93269,0.02165
19.30250,0.49500,0.04793,0.93325,0.01881
19.40250,0.49500,0.04436,0.93569,0.01994
19.50250,0.49500,0.04518,0.93376,0.02107
19.60250,0.49500,0.05340,0.92137,0.02523
19.70250,0.49500,0.04785,0.93334,0.01881
19.80250,0.49500,0.04145,0.94421,0.01434
19.90250,0.49500,0.04021,0.94696,0.01283
20.00250,0.49500,0.04146,0.94413,0.01440
20.10250,0.49500,0.03334,0.95488,0.01178
20.20250,0.49500,0.02533,0.96497,0.00971
20.30250,0.49500,0.02751,0.96236,0.01012
20.40250,0.49500,0.03435,0.94966,0.01599
20.50250,0.49500,0.03145,0.95339,0.01516
20.60250,0.49500,0.03164,0.95430,0.01405
20.70250,0.49500,0.03546,0.94902,0.01551
20.80250,0.49500,0.03299,0.95575,0.01126
20.90250,0.49500,0.03694,0.95008,0.01298
21.00250,0.49500,0.04696,0.93238,0.02066
21.10250,0.49500,0.04939,0.92768,0.02292
21.20250,0.49500,0.04190,0.94423,0.01388
21.30250,0.49500,0.04364,0.94101,0.01535
21.40250,0.49500,0.05008,0.93040,0.01951
21.50250,0.49500,0.04293,0.94222,0.01485
21.60250,0.49500,0.03838,0.94891,0.01270
21.70250,0.49500,0.03584,0.95322,0.01094
21.80250,0.49500,0.02719,0.96632,0.00649
21.90250,0.49500,0.01889,0.97767,0.00344
22.00250,0.49500,0.01725,0.97943,0.00333
22.10250,0.49500,0.01780,0.97834,0.00386
22.20250,0.49500,0.01882,0.97625,0.00494
22.30250,0.49500,0.02040,0.97363,0.00597
22.40250,0.49500,0.02738,0.96463,0.00800
22.50250,0.49500,0.02920,0.96206,0.00875
22.60250,0.49500,0.03177,0.95636,0.01186
22.70250,0.49500,0.03136,0.95693,0.01172
22.80250,0.49500,0.03011,0.96002,0.00987
22.90250,0.49500,0.03628,0.95157,0.01215
23.00250,0.49500,0.03819,0.94920,0.01261
23.10250,0.49500,0.03379,0.95605,0.01016
23.20250,0.49500,0.03101,0.96084,0.00814
23.30250,0.49500,0.02971,0.96253,0.00776
23.40250,0.49500,0.03090,0.95872,0.01039
23.50250,0.49500,0.03701,0.94792,0.01507
23.60250,0.49500,0.04224,0.93883,0.01893
23.70250,0.49500,0.04045,0.94129,0.01826
23.80250,0.49500,0.03557,0.95168,0.01275
23.90250,0.49500,0.03654,0.95155,0.01190
24.00250,0.49500,0.03894,0.94926,0.01179
24.10250,0.49500,0.03884,0.94904,0.01212
24.20250,0.49500,0.03749,0.95246,0.01005
24.30250,0.49500,0.03222,0.96019,0.00759
24.40250,0.49500,0.03706,0.95355,0.00939
24.50250,0.49500,0.04417,0.94208,0.01375
24.60250,0.49500,0.04073,0.94337,0.01590
24.70250,0.49500,0.04247,0.94224,0.01529
24.80250,0.49500,0.04981,0.93244,0.01775
24.90250,0.49500,0.05063,0.92720,0.02217
25.00250,0.49500,0.04567,0.93673,0.01760
25.10250,0.49500,0.03699,0.95100,0.01201
25.20250,0.49500,0.04406,0.93899,0.01694
25.30250,0.49500,0.04431,0.94174,0.01395
25.40250,0.49500,0.04215,0.94658,0.01127
25.50250,0.49500,0.05179,0.92983,0.01838
25.60250,0.49500,0.05873,0.91869,0.02258
25.70250,0.49500,0.06074,0.91789,0.02137
25.80250,0.49500,0.05422,0.92618,0.01961
25.90250,0.49500,0.06465,0.91237,0.02298
26.00250,0.49500,0.06650,0.91045,0.02305
26.10250,0.49500,0.06520,0.91170,0.02310
26.20250,0.49500,0.07053,0.89967,0.02980
26.30250,0.49500,0.06660,0.90413,0.02927
26.40250,0.49500,0.05549,0.92746,0.01705
26.50250,0.49500,0.05478,0.92407,0.02115
26.60250,0.49500,0.04108,0.94486,0.01406
26.70250,0.49500,0.03432,0.95733,0.00835
26.80250,0.49500,0.03961,0.94731,0.01308
26.90250,0.49500,0.04600,0.93504,0.01896
27.00250,0.49500,0.05540,0.91825,0.02634
27.10250,0.49500,0.05635,0.91520,0.02844
27.20250,0.49500,0.05220,0.92184,0.02595
27.30250,0.49500,0.04609,0.93235,0.02156
27.40250,0.49500,0.04041,0.94071,0.01888
27.50250,0.49500,0.03261,0.95331,0.01408
27.60250,0.49500,0.03047,0.95780,0.01173
27.70250,0.49500,0.03088,0.95685,0.01227
27.80250,0.49500,0.02877,0.96168,0.00955
27.90250,0.49500,0.02820,0.96155,0.01025
28.00250,0.49500,0.02985,0.96028,0.00987
28.10250,0.49500,0.03263,0.95714,0.01022
28.20250,0.49500,0.03115,0.95787,0.01098
28.30250,0.49500,0.02828,0.96223,0.00949
28.40250,0.49500,0.03218,0.95756,0.01026
28.50250,0.49500,0.03823,0.94661,0.01516
28.60250,0.49500,0.04214,0.93651,0.02135
28.70250,0.49500,0.04058,0.94243,0.01700
28.80250,0.49500,0.04203,0.94402,0.01395
28.90250,0.49500,0.04018,0.94275,0.01706
29.00250,0.49500,0.03510,0.95129,0.01360
29.10250,0.49500,0.03446,0.95246,0.01309
29.20250,0.49500,0.03890,0.94367,0.01742
29.30250,0.49500,0.03723,0.94751,0.01526
29.40250,0.49500,0.04156,0.94317,0.01526
29.50250,0.49500,0.04319,0.94270,0.01411
29.60250,0.49500,0.04143,0.94743,0.01114
29.70250,0.49500,0.03126,0.96217,0.00657
29.80250,0.49500,0.02188,0.97393,0.00419
29.90250,0.49500,0.01587,0.98121,0.00292
30.00250,0.49500,0.01432,0.98338,0.00230
30.10250,0.49500,0.01830,0.97780,0.00390
30.20250,0.49500,0.01586,0.98056,0.00357
30.30250,0.49500,0.02133,0.97337,0.00530
30.40250,0.49500,0.02617,0.96679,0.00703
30.50250,0.49500,0.02875,0.96222,0.00902
30.60250,0.49500,0.03552,0.95201,0.01247
30.70250,0.49500,0.03929,0.94587,0.01484
30.80250,0.49500,0.03528,0.95211,0.01261
30.90250,0.49500,0.03455,0.95384,0.01161
31.00250,0.49500,0.03534,0.95191,0.01275
31.10250,0.49500,0.03444,0.95402,0.01154
31.20250,0.49500,0.04332,0.93702,0.01966
31.30250,0.49500,0.03844,0.94552,0.01604
31.40250,0.49500,0.04309,0.94006,0.01685
31.50250,0.49500,0.04015,0.94540,0.01444
31.60250,0.49500,0.03527,0.95342,0.01130
31.70250,0.49500,0.03589,0.95159,0.01252
31.80250,0.49500,0.03031,0.96086,0.00883
31.90250,0.49500,0.03010,0.95974,0.01017
32.00250,0.49500,0.03217,0.95612,0.01171
32.10250,0.49500,0.03292,0.95666,0.01043
32.20250,0.49500,0.03025,0.96099,0.00876
32.30250,0.49500,0.03097,0.96086,0.00818
32.40250,0.49500,0.03033,0.96169,0.00798
32.50250,0.49500,0.02759,0.96585,0.00656
32.60250,0.49500,0.02855,0.96442,0.00703
32.70250,0.49500,0.02860,0.96412,0.00728
32.80250,0.49500,0.03066,0.96143,0.00791
32.90250,0.49500,0.02785,0.96555,0.00660
33.00250,0.49500,0.02989,0.96202,0.00808
33.10250,0.49500,0.03231,0.95765,0.01004
33.20250,0.49500,0.02961,0.96206,0.00832
33.30250,0.49500,0.02913,0.96163,0.00923
33.40250,0.49500,0.03556,0.95257,0.01187
33.50250,0.49500,0.04987,0.92950,0.02063
33.60250,0.49500,0.04445,0.93767,0.01788
33.70250,0.49500,0.04139,0.94521,0.01339
33.80250,0.49500,0.03774,0.95126,0.01100
33.90250,0.49500,0.03640,0.95303,0.01057
34.00250,0.49500,0.03319,0.95726,0.00955
34.10250,0.49500,0.03256,0.95595,0.01149
34.20250,0.49500,0.03245,0.95756,0.00999
34.30250,0.49500,0.03757,0.95175,0.01068
34.40250,0.49500,0.04226,0.94472,0.01302
34.50250,0.49500,0.04024,0.94743,0.01233
34.60250,0.49500,0.04797,0.93620,0.01583
34.70250,0.49500,0.05628,0.92006,0.02365
34.80250,0.49500,0.05391,0.92339,0.02269
34.90250,0.49500,0.04906,0.93457,0.01637
35.00250,0.49500,0.04486,0.93997,0.01517
35.10250,0.49500,0.04488,0.93757,0.01755
35.20250,0.49500,0.03793,0.94797,0.01410
35.30250,0.49500,0.04129,0.94138,0.01733
35.40250,0.49500,0.03954,0.94400,0.01646
35.50250,0.49500,0.03718,0.94856,0.01426
35.60250,0.49500,0.03610,0.95185,0.01205
35.70250,0.49500,0.03470,0.95625,0.00905
35.80250,0.49500,0.03571,0.95499,0.00930
35.90250,0.49500,0.03408,0.95757,0.00835
36.00250,0.49500,0.03968,0.94788,0.01245
36.10250,0.49500,0.03710,0.95112,0.01178
36.20250,0.49500,0.04114,0.94396,0.01490
36.30250,0.49500,0.04975,0.92439,0.02586
36.40250,0.49500,0.04258,0.93971,0.01770
36.50250,0.49500,0.04279,0.93893,0.01828
36.60250,0.49500,0.04384,0.93779,0.01837
36.70250,0.49500,0.04543,0.93565,0.01892
36.80250,0.49500,0.04962,0.92865,0.02173
36.90250,0.49500,0.05054,0.92633,0.02313
37.00250,0.49500,0.04378,0.94013,0.01609
37.10250,0.49500,0.03673,0.95346,0.00981
37.20250,0.49500,0.03174,0.96086,0.00740
37.30250,0.49500,0.02571,0.96935,0.00494
37.40250,0.49500,0.02644,0.96804,0.00553
37.50250,0.49500,0.02790,0.96591,0.00620
37.60250,0.49500,0.03211,0.95919,0.00870
37.70250,0.49500,0.03466,0.95544,0.00990
37.80250,0.49500,0.04805,0.93424,0.01771
37.90250,0.49500,0.05410,0.92487,0.02102
38.00250,0.49500,0.05516,0.92510,0.01975
38.10250,0.49500,0.05375,0.92672,0.01953
38.20250,0.49500,0.04313,0.94361,0.01325
38.30250,0.49500,0.04386,0.94263,0.01351
38.40250,0.49500,0.03302,0.95672,0.01026
38.50250,0.49500,0.02166,0.97319,0.00514
38.60250,0.49500,0.02490,0.96800,0.00710
38.70250,0.49500,0.03608,0.94760,0.01631
38.80250,0.49500,0.03522,0.94828,0.01650
38.90250,0.49500,0.04410,0.93383,0.02207
39.00250,0.49500,0.04784,0.92700,0.02515
39.10250,0.49500,0.04196,0.93538,0.02266
39.20250,0.49500,0.04694,0.92868,0.02438
39.30250,0.49500,0.04177,0.94033,0.01790
39.40250,0.49500,0.04669,0.93167,0.02164
39.50250,0.49500,0.04919,0.92925,0.02156
39.60250,0.49500,0.05322,0.92576,0.02101
39.70250,0.49500,0.04899,0.93527,0.01574
39.80250,0.49500,0.04266,0.94389,0.01345
39.90250,0.49500,0.04779,0.93412,0.01808
40.00250,0.49500,0.04227,0.94019,0.01754
40.10250,0.49500,0.03650,0.94998,0.01352
40.20250,0.49500,0.03389,0.95549,0.01062
40.30250,0.49500,0.02437,0.96944,0.00619
40.40250,0.49500,0.02689,0.96613,0.00698
40.50250,0.49500,0.03305,0.95462,0.01233
40.60250,0.49500,0.03631,0.94594,0.01775
40.70250,0.49500,0.04511,0.92797,0.02691
40.80250,0.49500,0.04337,0.93394,0.02269
40.90250,0.49500,0.04274,0.93815,0.01911
41.00250,0.49500,0.03474,0.95200,0.01327
41.10250,0.49500,0.03392,0.95270,0.01338
41.20250,0.49500,0.03331,0.95389,0.01280
41.30250,0.49500,0.03288,0.95416,0.01296
41.40250,0.49500,0.03139,0.95697,0.01164
41.50250,0.49500,0.03100,0.95899,0.01000
41.60250,0.49500,0.03758,0.94968,0.01273
41.70250,0.49500,0.03804,0.94895,0.01301
41.80250,0.49500,0.03673,0.95065,0.01262
41.90250,0.49500,0.04630,0.93686,0.01684
42.00250,0.49500,0.05294,0.92325,0.02381
42.10250,0.49500,0.05605,0.91697,0.02697
42.20250,0.49500,0.04742,0.93353,0.01905
42.30250,0.49500,0.04403,0.94011,0.01586
42.40250,0.49500,0.04339,0.94008,0.01653
42.50250,0.49500,0.04533,0.93873,0.01594
42.60250,0.49500,0.04918,0.93259,0.01823
42.70250,0.49500,0.05030,0.93051,0.01919
42.80250,0.49500,0.04569,0.93740,0.01691
42.90250,0.49500,0.04374,0.93874,0.01752
43.00250,0.49500,0.03915,0.94464,0.01622
43.10250,0.49500,0.03944,0.94295,0.01762
43.20250,0.49500,0.03679,0.94911,0.01409
43.30250,0.49500,0.03613,0.95120,0.01267
43.40250,0.49500,0.03220,0.95645,0.01135
43.50250,0.49500,0.03115,0.95883,0.01002
43.60250,0.49500,0.02903,0.96200,0.00897
43.70250,0.49500,0.03365,0.95503,0.01132
43.80250,0.49500,0.03562,0.95236,0.01202
43.90250,0.49500,0.04014,0.94354,0.01632
44.00250,0.49500,0.04066,0.94292,0.01642
44.10250,0.49500,0.05200,0.92513,0.02287
44.20250,0.49500,0.05553,0.91756,0.02691
44.30250,0.49500,0.06338,0.90534,0.03128
44.40250,0.49500,0.06659,0.90137,0.03204
44.50250,0.49500,0.06390,0.90647,0.02963
44.60250,0.49500,0.05061,0.93110,0.01828
44.70250,0.49500,0.04925,0.93404,0.01671
44.80250,0.49500,0.05112,0.92895,0.01993
44.90250,0.49500,0.05270,0.92759,0.01971
45.00250,0.49500,0.04685,0.93667,0.01649
45.10250,0.49500,0.04192,0.94283,0.01525
45.20250,0.49500,0.03863,0.94910,0.01227
45.30250,0.49500,0.04260,0.93963,0.01777
45.40250,0.49500,0.04595,0.93225,0.02180
45.50250,0.49500,0.04618,0.93228,0.02153
45.60250,0.49500,0.03845,0.94649,0.01506
45.70250,0.49500,0.03352,0.95560,0.01088
45.80250,0.49500,0.03678,0.94978,0.01345
45.90250,0.49500,0.04170,0.93972,0.01858
46.00250,0.49500,0.03760,0.94727,0.01513
46.10250,0.49500,0.03496,0.95172,0.01333
46.20250,0.49500,0.03652,0.94889,0.01459
46.30250,0.49500,0.04018,0.94235,0.01747
46.40250,0.49500,0.04358,0.93707,0.01935
46.50250,0.49500,0.04181,0.94037,0.01783
46.60250,0.49500,0.04006,0.94530,0.01464
46.70250,0.49500,0.04404,0.93962,0.01635
46.80250,0.49500,0.04436,0.94112,0.01452
46.90250,0.49500,0.04759,0.93322,0.01918
47.00250,0.49500,0.04085,0.94285,0.01630
47.10250,0.49500,0.03809,0.94718,0.01473
47.20250,0.49500,0.04017,0.94469,0.01514
47.30250,0.49500,0.03125,0.95729,0.01145
47.40250,0.49500,0.02464,0.96715,0.00821
47.50250,0.49500,0.01789,0.97692,0.00519
47.60250,0.49500,0.01744,0.97753,0.00503
47.70250,0.49500,0.01999,0.97222,0.00780
47.80250,0.49500,0.02475,0.96339,0.01186
47.90250,0.49500,0.02719,0.95840,0.01441
48.00250,0.49500,0.02757,0.95826,0.01416
48.10250,0.49500,0.02829,0.95787,0.01383
48.20250,0.49500,0.03256,0.95117,0.01627
48.30250,0.49500,0.03408,0.94927,0.01665
48.40250,0.49500,0.03966,0.94303,0.01732
48.50250,0.49500,0.04439,0.93657,0.01904
48.60250,0.49500,0.05269,0.92368,0.02363
48.70250,0.49500,0.05357,0.92110,0.02533
48.80250,0.49500,0.05302,0.92210,0.02487
48.90250,0.49500,0.05357,0.92164,0.02478
49.00250,0.49500,0.05963,0.91276,0.02760
49.10250,0.49500,0.05973,0.91067,0.02960
49.20250,0.49500,0.06068,0.91180,0.02752
49.30250,0.49500,0.05675,0.92225,0.02100
49.40250,0.49500,0.05215,0.92551,0.02234
49.50250,0.49500,0.05038,0.92809,0.02153
49.60250,0.49500,0.03886,0.94754,0.01360
49.70250,0.49500,0.03804,0.94800,0.01396
49.80250,0.49500,0.04628,0.93591,0.01782
49.90250,0.49500,0.04372,0.94077,0.01550
50.00250,0.49500,0.04094,0.94273,0.01632
50.10250,0.49500,0.04406,0.93408,0.02186
50.20250,0.49500,0.04084,0.93792,0.02124
50.30250,0.49500,0.04590,0.92570,0.02841
50.40250,0.49500,0.04434,0.93400,0.02166
50.50250,0.49500,0.03999,0.94421,0.01580
50.60250,0.49500,0.03563,0.95114,0.01323
50.70250,0.49500,0.03960,0.94448,0.01592
50.80250,0.49500,0.04397,0.94038,0.01565
50.90250,0.49500,0.04164,0.94236,0.01600
51.00250,0.49500,0.03658,0.94994,0.01349
51.10250,0.49500,0.04788,0.93136,0.02077
51.20250,0.49500,0.04697,0.93416,0.01887
51.30250,0.49500,0.04260,0.94033,0.01707
51.40250,0.49500,0.04456,0.93507,0.02036
51.50250,0.49500,0.04147,0.94398,0.01455
51.60250,0.49500,0.03336,0.95695,0.00969
51.70250,0.49500,0.03151,0.95901,0.00948
51.80250,0.49500,0.02762,0.96451,0.00788
51.90250,0.49500,0.02591,0.96714,0.00695
52.00250,0.49500,0.02333,0.96993,0.00674
52.10250,0.49500,0.02196,0.97148,0.00656
52.20250,0.49500,0.01781,0.97773,0.00446
52.30250,0.49500,0.01876,0.97671,0.00453
52.40250,0.49500,0.01987,0.97482,0.00531
52.50250,0.49500,0.02805,0.96184,0.01012
52.60250,0.49500,0.02852,0.96024,0.01123
52.70250,0.49500,0.02763,0.96145,0.01091
52.80250,0.49500,0.03178,0.95484,0.01338
52.90250,0.49500,0.03784,0.94588,0.01629
53.00250,0.49500,0.04071,0.94129,0.01800
53.10250,0.49500,0.04169,0.93908,0.01923
53.20250,0.49500,0.04140,0.93994,0.01865
53.30250,0.49500,0.04999,0.92440,0.02561
53.40250,0.49500,0.05467,0.91848,0.02684
53.50250,0.49500,0.04850,0.93166,0.01984
53.60250,0.49500,0.05032,0.92935,0.02033
53.70250,0.49500,0.04360,0.94127,0.01513
53.80250,0.49500,0.04022,0.94686,0.01292
53.90250,0.49500,0.03934,0.94595,0.01472
54.00250,0.49500,0.04545,0.93466,0.01989
54.10250,0.49500,0.04865,0.92615,0.02520
54.20250,0.49500,0.05361,0.91621,0.03018
54.30250,0.49500,0.05368,0.91616,0.03016
54.40250,0.49500,0.04831,0.92671,0.02498
54.50250,0.49500,0.04450,0.93545,0.02005
54.60250,0.49500,0.03863,0.94514,0.01623
54.70250,0.49500,0.03505,0.95074,0.01421
54.80250,0.49500,0.02935,0.95972,0.01092
54.90250,0.49500,0.03016,0.95829,0.01156
55.00250,0.49500,0.03047,0.95946,0.01007
55.10250,0.49500,0.03329,0.95465,0.01206
55.20250,0.49500,0.03190,0.95660,0.01150
55.30250,0.49500,0.03170,0.95827,0.01003
55.40250,0.49500,0.03615,0.95085,0.01300
55.50250,0.49500,0.03549,0.95071,0.01380
55.60250,0.49500,0.03669,0.94961,0.01370
55.70250,0.49500,0.03956,0.94531,0.01513
55.80250,0.49500,0.04071,0.94266,0.01662
55.90250,0.49500,0.03889,0.94802,0.01309
56.00250,0.49500,0.03229,0.95896,0.00874
56.10250,0.49500,0.02678,0.96715,0.00608
56.20250,0.49500,0.03000,0.96259,0.00741
56.30250,0.49500,0.03175,0.95973,0.00852
56.40250,0.49500,0.03762,0.95134,0.01104
56.50250,0.49500,0.04514,0.93999,0.01487
56.60250,0.49500,0.05414,0.92731,0.01855
56.70250,0.49500,0.07221,0.89484,0.03295
56.80250,0.49500,0.08075,0.88061,0.03864
56.90250,0.49500,0.07481,0.89299,0.03220
57.00250,0.49500,0.06452,0.91214,0.02334
57.10250,0.49500,0.06274,0.91699,0.02027
57.20250,0.49500,0.06156,0.92009,0.01834
57.30250,0.49500,0.05582,0.92739,0.01679
57.40250,0.49500,0.05896,0.92231,0.01873
57.50250,0.49500,0.05306,0.93184,0.01510
57.60250,0.49500,0.04765,0.93775,0.01460
57.70250,0.49500,0.04505,0.94150,0.01346
57.80250,0.49500,0.03801,0.95046,0.01153
57.90250,0.49500,0.03698,0.95076,0.01225
58.00250,0.49500,0.04078,0.94354,0.01567
58.10250,0.49500,0.04782,0.92855,0.02363
58.20250,0.49500,0.05562,0.91331,0.03108
58.30250,0.49500,0.06061,0.89708,0.04231
58.40250,0.49500,0.05837,0.90344,0.03819
58.50250,0.49500,0.05588,0.91125,0.03286
58.60250,0.49500,0.05375,0.91722,0.02903
58.70250,0.49500,0.05662,0.91573,0.02765
58.80250,0.49500,0.05803,0.91299,0.02898
58.90250,0.49500,0.05921,0.90780,0.03299
59.00250,0.49500,0.05383,0.92181,0.02436
59.10250,0.49500,0.04815,0.93451,0.01734
59.20250,0.49500,0.05140,0.93012,0.01848
59.30250,0.49500,0.05006,0.93391,0.01603
59.40250,0.49500,0.05158,0.93261,0.01581
59.50250,0.49500,0.06374,0.91186,0.02440
59.60250,0.49500,0.06786,0.90296,0.02918
59.70250,0.49500,0.06779,0.90717,0.02504
59.80250,0.49500,0.06669,0.91026,0.02305
59.90250,0.49500,0.05995,0.92251,0.01754
60.00250,0.49500,0.05434,0.93134,0.01431
60.10250,0.49500,0.05257,0.93296,0.01448
60.20250,0.49500,0.05756,0.92386,0.01859
60.30250,0.49500,0.06888,0.90263,0.02849
60.40250,0.49500,0.06431,0.91216,0.02353
60.50250,0.49500,0.05866,0.92159,0.01975
60.60250,0.49500,0.05675,0.92341,0.01984
60.70250,0.49500,0.05048,0.93250,0.01702
60.80250,0.49500,0.05000,0.93178,0.01822
60.90250,0.49500,0.05103,0.92505,0.02392
61.00250,0.49500,0.05017,0.92790,0.02193
61.10250,0.49500,0.04827,0.92932,0.02242
61.20250,0.49500,0.04288,0.93814,0.01898
61.30250,0.49500,0.03227,0.95580,0.01194
61.40250,0.49500,0.03102,0.95820,0.01078
61.50250,0.49500,0.02911,0.96018,0.01071
61.60250,0.49500,0.03445,0.95056,0.01500
61.70250,0.49500,0.03790,0.94321,0.01889
61.80250,0.49500,0.04280,0.93713,0.02008
61.90250,0.49500,0.04550,0.93465,0.01985
62.00250,0.49500,0.05353,0.92163,0.02484
62.10250,0.49500,0.05740,0.91096,0.03164
62.20250,0.49500,0.05545,0.91864,0.02591
62.30250,0.49500,0.05593,0.92103,0.02304
62.40250,0.49500,0.05458,0.92439,0.02102
62.50250,0.49500,0.05246,0.92495,0.02259
62.60250,0.49500,0.05595,0.92065,0.02340
62.70250,0.49500,0.05876,0.91357,0.02767
62.80250,0.49500,0.05483,0.92040,0.02477
62.90250,0.49500,0.04990,0.93241,0.01770
63.00250,0.49500,0.05191,0.93086,0.01723
63.10250,0.49500,0.05002,0.93174,0.01823
63.20250,0.49500,0.04763,0.93514,0.01723
63.30250,0.49500,0.04079,0.94599,0.01323
63.40250,0.49500,0.04245,0.94346,0.01409
63.50250,0.49500,0.04688,0.93732,0.01580
63.60250,0.49500,0.04761,0.93426,0.01813
63.70250,0.49500,0.04843,0.93423,0.01734
63.80250,0.49500,0.04952,0.93327,0.01722
63.90250,0.49500,0.04675,0.93312,0.02013
64.00250,0.49500,0.04426,0.93674,0.01900
64.10250,0.49500,0.04474,0.93519,0.02006
64.20250,0.49500,0.04704,0.93022,0.02274
64.30250,0.49500,0.04920,0.92921,0.02159
64.40250,0.49500,0.05089,0.92892,0.02019
64.50250,0.49500,0.04864,0.93451,0.01685
64.60250,0.49500,0.04910,0.93476,0.01614
64.70250,0.49500,0.05074,0.93113,0.01812
64.80250,0.49500,0.05786,0.91487,0.02727
64.90250,0.49500,0.06047,0.90790,0.03163
65.00250,0.49500,0.06434,0.90185,0.03381
65.10250,0.49500,0.05739,0.91819,0.02442
65.20250,0.49500,0.05242,0.92873,0.01884
65.30250,0.49500,0.05405,0.92648,0.01946
65.40250,0.49500,0.05003,0.93215,0.01781
65.50250,0.49500,0.03765,0.95153,0.01082
65.60250,0.49500,0.03123,0.96130,0.00747
65.70250,0.49500,0.03136,0.95984,0.00880
65.80250,0.49500,0.03249,0.95719,0.01032
65.90250,0.49500,0.03286,0.95783,0.00932
66.00250,0.49500,0.04316,0.94071,0.01613
66.10250,0.49500,0.05063,0.92913,0.02024
66.20250,0.49500,0.05093,0.92957,0.01950
66.30250,0.49500,0.05218,0.92920,0.01862
66.40250,0.49500,0.04892,0.93533,0.01575
66.50250,0.49500,0.04768,0.93717,0.01515
66.60250,0.49500,0.04710,0.93670,0.01619
66.70250,0.49500,0.04541,0.93958,0.01501
66.80250,0.49500,0.04201,0.94418,0.01381
66.90250,0.49500,0.04253,0.94189,0.01558
67.00250,0.49500,0.04239,0.94374,0.01387
67.10250,0.49500,0.04359,0.94329,0.01312
67.20250,0.49500,0.04534,0.94130,0.01336
67.30250,0.49500,0.04562,0.94224,0.01214
67.40250,0.49500,0.04145,0.94822,0.01033
67.50250,0.49500,0.03918,0.95031,0.01050
67.60250,0.49500,0.03357,0.95813,0.00830
67.70250,0.49500,0.03592,0.95303,0.01105
67.80250,0.49500,0.03583,0.95130,0.01287
67.90250,0.49500,0.03655,0.94898,0.01447
68.00250,0.49500,0.04269,0.93816,0.01914
68.10250,0.49500,0.04722,0.93081,0.02197
68.20250,0.49500,0.04783,0.92983,0.02234
68.30250,0.49500,0.04987,0.92737,0.02276
68.40250,0.49500,0.05052,0.92813,0.02135
68.50250,0.49500,0.04742,0.93493,0.01764
68.60250,0.49500,0.04115,0.94389,0.01495
68.70250,0.49500,0.03944,0.94643,0.01412
68.80250,0.49500,0.04131,0.94130,0.01738
68.90250,0.49500,0.03697,0.94872,0.01430
69.00250,0.49500,0.03651,0.95035,0.01314
69.10250,0.49500,0.03883,0.94730,0.01387
69.20250,0.49500,0.04080,0.94514,0.01407
69.30250,0.49500,0.03999,0.94637,0.01364
69.40250,0.49500,0.04579,0.93665,0.01756
69.50250,0.49500,0.05656,0.91804,0.02540
69.60250,0.49500,0.05772,0.91446,0.02782
69.70250,0.49500,0.05481,0.91889,0.02630
69.80250,0.49500,0.04410,0.93876,0.01714
69.90250,0.49500,0.03716,0.95068,0.01215
70.00250,0.49500,0.04073,0.94505,0.01422
70.10250,0.49500,0.04888,0.92929,0.02183
70.20250,0.49500,0.05009,0.92652,0.02339
70.30250,0.49500,0.05318,0.91907,0.02775
70.40250,0.49500,0.05292,0.92428,0.02280
70.50250,0.49500,0.05171,0.92376,0.02453
70.60250,0.49500,0.04647,0.93435,0.01918
70.70250,0.49500,0.04449,0.93959,0.01591
70.80250,0.49500,0.04878,0.93018,0.02104
70.90250,0.49500,0.04637,0.93386,0.01976
71.00250,0.49500,0.05663,0.91169,0.03167
71.10250,0.49500,0.05279,0.92629,0.02092
71.20250,0.49500,0.05102,0.93021,0.01878
71.30250,0.49500,0.04444,0.93787,0.01770
71.40250,0.49500,0.04914,0.93001,0.02085
71.50250,0.49500,0.04241,0.93955,0.01803
71.60250,0.49500,0.03851,0.94634,0.01514
71.70250,0.49500,0.04318,0.94044,0.01638
71.80250,0.49500,0.04872,0.93183,0.01945
71.90250,0.49500,0.05113,0.92675,0.02213
72.00250,0.49500,0.05578,0.92095,0.02326
72.10250,0.49500,0.05478,0.92302,0.02220
72.20250,0.49500,0.05712,0.91452,0.02836
72.30250,0.49500,0.05856,0.91606,0.02538
72.40250,0.49500,0.05131,0.92842,0.02027
72.50250,0.49500,0.05066,0.92864,0.02070
72.60250,0.49500,0.05043,0.92991,0.01966
72.70250,0.49500,0.05128,0.92377,0.02495
72.80250,0.49500,0.05279,0.92160,0.02561
72.90250,0.49500,0.06600,0.89204,0.04195
73.00250,0.49500,0.06593,0.89983,0.03424
73.10250,0.49500,0.05257,0.92816,0.01927
73.20250,0.49500,0.04464,0.94270,0.01266
73.30250,0.49500,0.04013,0.94951,0.01037
73.40250,0.49500,0.04244,0.94359,0.01398
73.50250,0.49500,0.03778,0.94937,0.01285
73.60250,0.49500,0.04043,0.94563,0.01395
73.70250,0.49500,0.04294,0.94252,0.01453
73.80250,0.49500,0.03594,0.95400,0.01007
73.90250,0.49500,0.03969,0.94990,0.01040
74.00250,0.49500,0.04181,0.94600,0.01219
74.10250,0.49500,0.03577,0.95400,0.01023
74.20250,0.49500,0.03575,0.95456,0.00968
74.30250,0.49500,0.04545,0.93960,0.01495
74.40250,0.49500,0.04899,0.93052,0.02048
74.50250,0.49500,0.05381,0.92155,0.02464
74.60250,0.49500,0.04871,0.93447,0.01682
74.70250,0.49500,0.04681,0.93649,0.01669
74.80250,0.49500,0.04417,0.93614,0.01969
74.90250,0.49500,0.04121,0.94335,0.01544
75.00250,0.49500,0.04283,0.94090,0.01627
75.10250,0.49500,0.04106,0.94575,0.01319
75.20250,0.49500,0.04183,0.94530,0.01288
75.30250,0.49500,0.05193,0.92902,0.01905
75.40250,0.49500,0.04605,0.94087,0.01308
75.50250,0.49500,0.05678,0.92155,0.02166
75.60250,0.49500,0.05835,0.91910,0.02254
75.70250,0.49500,0.05508,0.91235,0.03257
75.80250,0.49500,0.05454,0.90919,0.03628
75.90250,0.49500,0.05780,0.90869,0.03351
76.00250,0.49500,0.05904,0.90042,0.04053
76.10250,0.49500,0.05026,0.92092,0.02882
76.20250,0.49500,0.04222,0.94184,0.01594
76.30250,0.49500,0.04651,0.93428,0.01921
76.40250,0.49500,0.04483,0.93636,0.01881
76.50250,0.49500,0.05433,0.91737,0.02829
76.60250,0.49500,0.06340,0.90108,0.03553
76.70250,0.49500,0.07348,0.88520,0.04132
76.80250,0.49500,0.06881,0.89195,0.03923
76.90250,0.49500,0.07065,0.89234,0.03701
77.00250,0.49500,0.06109,0.91145,0.02745
77.10250,0.49500,0.05462,0.91457,0.03081
77.20250,0.49500,0.05609,0.90823,0.03568
77.30250,0.49500,0.05925,0.90574,0.03500
77.40250,0.49500,0.06298,0.89788,0.03914
77.50250,0.49500,0.06963,0.88780,0.04258
77.60250,0.49500,0.05993,0.90975,0.03032
77.70250,0.49500,0.05233,0.92205,0.02563
77.80250,0.49500,0.04089,0.94244,0.01666
77.90250,0.49500,0.04598,0.93708,0.01694
78.00250,0.49500,0.05132,0.92872,0.01995
78.10250,0.49500,0.05112,0.92829,0.02060
78.20250,0.49500,0.04977,0.92950,0.02072
78.30250,0.49500,0.04017,0.94488,0.01495
78.40250,0.49500,0.04248,0.93968,0.01784
78.50250,0.49500,0.04052,0.94258,0.01690
78.60250,0.49500,0.03686,0.94946,0.01368
78.70250,0.49500,0.03393,0.95134,0.01473
78.80250,0.49500,0.03716,0.94693,0.01591
78.90250,0.49500,0.04487,0.93563,0.01950
79.00250,0.49500,0.04668,0.93281,0.02051
79.10250,0.49500,0.04483,0.93741,0.01776
79.20250,0.49500,0.03677,0.94997,0.01326
79.30250,0.49500,0.03379,0.95317,0.01304
79.40250,0.49500,0.03146,0.95609,0.01245
79.50250,0.49500,0.03974,0.93913,0.02113
79.60250,0.49500,0.04928,0.92551,0.02521
79.70250,0.49500,0.05537,0.91002,0.03461
79.80250,0.49500,0.05745,0.90815,0.03441
79.90250,0.49500,0.07079,0.89573,0.03348
80.00250,0.49500,0.07788,0.89232,0.02980
80.10250,0.49500,0.07214,0.90011,0.02775
80.20250,0.49500,0.07046,0.90457,0.02497
80.30250,0.49500,0.06026,0.91982,0.01992
80.40250,0.49500,0.05556,0.92437,0.02007
80.50250,0.49500,0.05394,0.92698,0.01908
80.60250,0.49500,0.06441,0.90330,0.03229
80.70250,0.49500,0.06694,0.89662,0.03643
80.80250,0.49500,0.06935,0.89335,0.03731
80.90250,0.49500,0.06201,0.90677,0.03121
81.00250,0.49500,0.04334,0.94205,0.01461
81.10250,0.49500,0.03971,0.94871,0.01158
81.20250,0.49500,0.03341,0.95829,0.00830
81.30250,0.49500,0.03807,0.95037,0.01156
81.40250,0.49500,0.04649,0.93099,0.02252
81.50250,0.49500,0.05092,0.92648,0.02260
81.60250,0.49500,0.04930,0.93241,0.01829
81.70250,0.49500,0.04822,0.93505,0.01673
81.80250,0.49500,0.04633,0.93775,0.01592
81.90250,0.49500,0.03983,0.94822,0.01194
82.00250,0.49500,0.03219,0.96059,0.00722
82.10250,0.49500,0.02616,0.96990,0.00394
82.20250,0.49500,0.02359,0.97297,0.00344
82.30250,0.49500,0.02356,0.97234,0.00410
82.40250,0.49500,0.03072,0.96293,0.00636
82.50250,0.49500,0.04121,0.94709,0.01170
82.60250,0.49500,0.04682,0.93845,0.01472
82.70250,0.49500,0.04794,0.93952,0.01254
82.80250,0.49500,0.05086,0.93611,0.01303
82.90250,0.49500,0.05079,0.93397,0.01524
83.00250,0.49500,0.04891,0.93533,0.01575
83.10250,0.49500,0.04491,0.94274,0.01236
83.20250,0.49500,0.05567,0.92292,0.02142
83.30250,0.49500,0.05885,0.91613,0.02502
83.40250,0.49500,0.05935,0.91314,0.02752
83.50250,0.49500,0.06392,0.90424,0.03184
83.60250,0.49500,0.06857,0.90000,0.03143
83.70250,0.49500,0.05132,0.92991,0.01877
83.80250,0.49500,0.04384,0.94357,0.01259
83.90250,0.49500,0.03986,0.95014,0.01000
84.00250,0.49500,0.04316,0.94335,0.01348
84.10250,0.49500,0.03292,0.95813,0.00895
84.20250,0.49500,0.03417,0.95638,0.00945
84.30250,0.49500,0.03641,0.95391,0.00969
84.40250,0.49500,0.03648,0.95393,0.00959
84.50250,0.49500,0.04615,0.93906,0.01479
84.60250,0.49500,0.04144,0.94289,0.01567
84.70250,0.49500,0.03491,0.95425,0.01084
84.80250,0.49500,0.02666,0.96637,0.00697
84.90250,0.49500,0.02843,0.96448,0.00709
85.00250,0.49500,0.03282,0.95866,0.00852
85.10250,0.49500,0.04175,0.94541,0.01284
85.20250,0.49500,0.05011,0.93230,0.01759
85.30250,0.49500,0.04215,0.94414,0.01371
85.40250,0.49500,0.03663,0.95194,0.01143
85.50250,0.49500,0.03965,0.94947,0.01088
85.60250,0.49500,0.04394,0.94210,0.01395
85.70250,0.49500,0.04633,0.93749,0.01617
85.80250,0.49500,0.05709,0.91777,0.02514
85.90250,0.49500,0.05369,0.92463,0.02167
86.00250,0.49500,0.05575,0.92059,0.02367
86.10250,0.49500,0.05930,0.91354,0.02716
86.20250,0.49500,0.05607,0.91981,0.02412
86.30250,0.49500,0.05754,0.91523,0.02723
86.40250,0.49500,0.05520,0.91749,0.02731
86.50250,0.49500,0.04841,0.92902,0.02257
86.60250,0.49500,0.05068,0.92248,0.02684
86.70250,0.49500,0.05725,0.91579,0.02697
86.80250,0.49500,0.05435,0.91888,0.02676
86.90250,0.49500,0.05722,0.91825,0.02453
87.00250,0.49500,0.05212,0.92761,0.02027
87.10250,0.49500,0.05006,0.93192,0.01802
87.20250,0.49500,0.04626,0.93837,0.01537
87.30250,0.49500,0.04967,0.93041,0.01992
87.40250,0.49500,0.05723,0.92041,0.02237
87.50250,0.49500,0.06120,0.91211,0.02669
87.60250,0.49500,0.07682,0.88666,0.03652
87.70250,0.49500,0.08496,0.87455,0.04049
87.80250,0.49500,0.09054,0.85657,0.05289
87.90250,0.49500,0.08465,0.87016,0.04519
88.00250,0.49500,0.07634,0.88269,0.04097
88.10250,0.49500,0.06671,0.90051,0.03278
88.20250,0.49500,0.06996,0.89964,0.03040
88.30250,0.49500,0.06889,0.90765,0.02346
88.40250,0.49500,0.06539,0.91660,0.01801
88.50250,0.49500,0.06452,0.91607,0.01941
