Time (seconds), Duration (seconds),pred_(unlabeled),pred_empty_box,pred_table
0.00250,0.49500,0.08672,0.61028,0.30300
0.10250,0.49500,0.12415,0.63005,0.24580
0.20250,0.49500,0.16872,0.50844,0.32285
0.30250,0.49500,0.14877,0.63244,0.21879
0.40250,0.49500,0.17910,0.44634,0.37456
0.50250,0.49500,0.16978,0.53057,0.29965
0.60250,0.49500,0.10710,0.44292,0.44999
0.70250,0.49500,0.13862,0.51461,0.34677
0.80250,0.49500,0.16396,0.61684,0.21921
0.90250,0.49500,0.11372,0.43529,0.45099
1.00250,0.49500,0.16328,0.63855,0.19817
1.10250,0.49500,0.12978,0.40090,0.46932
1.20250,0.49500,0.11745,0.45745,0.42510
1.30250,0.49500,0.09452,0.48457,0.42092
1.40250,0.49500,0.12279,0.54312,0.33409
1.50250,0.49500,0.09488,0.50448,0.40065
1.60250,0.49500,0.17741,0.63857,0.18402
1.70250,0.49500,0.09839,0.56480,0.33681
1.80250,0.49500,0.13840,0.61579,0.24580
1.90250,0.49500,0.21133,0.49961,0.28906
2.00250,0.49500,0.13120,0.54366,0.32514
2.10250,0.49500,0.27373,0.58437,0.14190
2.20250,0.49500,0.25277,0.41077,0.33646
2.30250,0.49500,0.19257,0.35838,0.44905
2.40250,0.49500,0.14314,0.43570,0.42116
2.50250,0.49500,0.07756,0.33720,0.58524
2.60250,0.49500,0.10724,0.49283,0.39994
2.70250,0.49500,0.13484,0.60108,0.26408
2.80250,0.49500,0.13788,0.55834,0.30378
2.90250,0.49500,0.18332,0.54380,0.27287
3.00250,0.49500,0.16258,0.50534,0.33209
3.10250,0.49500,0.20071,0.46241,0.33688
3.20250,0.49500,0.13165,0.47595,0.39239
3.30250,0.49500,0.09692,0.48594,0.41714
3.40250,0.49500,0.12889,0.53927,0.33184
3.50250,0.49500,0.10045,0.52002,0.37953
3.60250,0.49500,0.17778,0.52225,0.29997
3.70250,0.49500,0.13798,0.52697,0.33505
3.80250,0.49500,0.26588,0.40113,0.33299
3.90250,0.49500,0.14693,0.54213,0.31094
4.00250,0.49500,0.13983,0.64895,0.21123
4.10250,0.49500,0.30589,0.50825,0.18586
4.20250,0.49500,0.20341,0.54295,0.25364
4.30250,0.49500,0.09250,0.52572,0.38177
4.40250,0.49500,0.07927,0.42028,0.50045
4.50250,0.49500,0.12173,0.58554,0.29273
4.60250,0.49500,0.08749,0.40408,0.50842
4.70250,0.49500,0.11924,0.55007,0.33069
4.80250,0.49500,0.14024,0.43133,0.42843
4.90250,0.49500,0.15258,0.55008,0.29734
5.00250,0.49500,0.13065,0.45065,0.41870
5.10250,0.49500,0.07676,0.66831,0.25493
5.20250,0.49500,0.09774,0.65118,0.25108
5.30250,0.49500,0.13095,0.66230,0.20676
5.40250,0.49500,0.09986,0.49591,0.40424
5.50250,0.49500,0.09950,0.55163,0.34887
5.60250,0.49500,0.22939,0.52498,0.24563
5.70250,0.49500,0.14527,0.29869,0.55605
5.80250,0.49500,0.16732,0.42326,0.40942
5.90250,0.49500,0.07278,0.27611,0.65110
6.00250,0.49500,0.12079,0.50251,0.37669
6.10250,0.49500,0.16034,0.59251,0.24715
6.20250,0.49500,0.07569,0.58148,0.34283
6.30250,0.49500,0.12560,0.62618,0.24821
6.40250,0.49500,0.09904,0.64298,0.25798
6.50250,0.49500,0.12756,0.68873,0.18370
6.60250,0.49500,0.14615,0.64882,0.20504
6.70250,0.49500,0.09353,0.59397,0.31250
6.80250,0.49500,0.10237,0.68029,0.21734
6.90250,0.49500,0.13493,0.68344,0.18163
7.00250,0.49500,0.06685,0.63724,0.29591
7.10250,0.49500,0.15737,0.74568,0.09695
7.20250,0.49500,0.09305,0.65047,0.25648
7.30250,0.49500,0.18696,0.71174,0.10129
7.40250,0.49500,0.10267,0.67636,0.22096
7.50250,0.49500,0.10519,0.76723,0.12758
7.60250,0.49500,0.12693,0.55787,0.31520
7.70250,0.49500,0.10995,0.56677,0.32328
7.80250,0.49500,0.10417,0.68140,0.21443
7.90250,0.49500,0.07485,0.57877,0.34638
8.00250,0.49500,0.14059,0.63544,0.22397
8.10250,0.49500,0.14170,0.61315,0.24515
8.20250,0.49500,0.09131,0.61387,0.29481
8.30250,0.49500,0.10308,0.74362,0.15331
8.40250,0.49500,0.16974,0.66314,0.16713
8.50250,0.49500,0.12352,0.65665,0.21983
8.60250,0.49500,0.08080,0.63215,0.28705
8.70250,0.49500,0.14694,0.63303,0.22004
8.80250,0.49500,0.14461,0.68338,0.17201
8.90250,0.49500,0.17356,0.55256,0.27388
9.00250,0.49500,0.14624,0.55694,0.29682
9.10250,0.49500,0.06287,0.56637,0.37076
9.20250,0.49500,0.07996,0.55010,0.36994
9.30250,0.49500,0.14085,0.55658,0.30257
9.40250,0.49500,0.11554,0.43038,0.45409
9.50250,0.49500,0.17314,0.54675,0.28011
9.60250,0.49500,0.12806,0.32048,0.55147
9.70250,0.49500,0.14794,0.51932,0.33275
9.80250,0.49500,0.09779,0.37164,0.53057
9.90250,0.49500,0.12218,0.45377,0.42404
10.00250,0.49500,0.17170,0.49895,0.32934
10.10250,0.49500,0.10243,0.63581,0.26176
10.20250,0.49500,0.09348,0.60713,0.29939
10.30250,0.49500,0.13133,0.70560,0.16308
10.40250,0.49500,0.07811,0.68692,0.23497
10.50250,0.49500,0.07167,0.62872,0.29960
10.60250,0.49500,0.11328,0.56160,0.32513
10.70250,0.49500,0.08929,0.47724,0.43347
10.80250,0.49500,0.12190,0.48048,0.39762
10.90250,0.49500,0.16000,0.46192,0.37808
11.00250,0.49500,0.14665,0.45404,0.39931
11.10250,0.49500,0.12255,0.40567,0.47178
11.20250,0.49500,0.10394,0.40325,0.49282
11.30250,0.49500,0.16861,0.64807,0.18332
11.40250,0.49500,0.15447,0.67146,0.17407
11.50250,0.49500,0.17559,0.61938,0.20503
11.60250,0.49500,0.09899,0.76876,0.13225
11.70250,0.49500,0.09041,0.78452,0.12507
11.80250,0.49500,0.12757,0.74849,0.12394
11.90250,0.49500,0.12077,0.52714,0.35209
12.00250,0.49500,0.15457,0.41880,0.42663
12.10250,0.49500,0.10080,0.25462,0.64458
12.20250,0.49500,0.15591,0.21405,0.63004
12.30250,0.49500,0.06903,0.16874,0.76223
12.40250,0.49500,0.10028,0.25315,0.64657
12.50250,0.49500,0.13843,0.35135,0.51022
12.60250,0.49500,0.10620,0.46216,0.43164
12.70250,0.49500,0.18392,0.54260,0.27348
12.80250,0.49500,0.07117,0.52476,0.40407
12.90250,0.49500,0.28732,0.52972,0.18296
13.00250,0.49500,0.11880,0.53754,0.34366
13.10250,0.49500,0.13508,0.50396,0.36096
13.20250,0.49500,0.11179,0.41642,0.47179
13.30250,0.49500,0.16686,0.53797,0.29517
13.40250,0.49500,0.09710,0.41364,0.48926
13.50250,0.49500,0.12493,0.48716,0.38791
13.60250,0.49500,0.11558,0.43317,0.45125
13.70250,0.49500,0.13626,0.33560,0.52814
13.80250,0.49500,0.12092,0.58473,0.29435
13.90250,0.49500,0.12940,0.51943,0.35116
14.00250,0.49500,0.14415,0.61374,0.24212
14.10250,0.49500,0.09335,0.70308,0.20357
14.20250,0.49500,0.18222,0.65037,0.16741
14.30250,0.49500,0.11496,0.72995,0.15509
14.40250,0.49500,0.08049,0.53232,0.38720
14.50250,0.49500,0.16334,0.68964,0.14702
14.60250,0.49500,0.19871,0.47901,0.32228
14.70250,0.49500,0.14345,0.40121,0.45534
14.80250,0.49500,0.09379,0.35173,0.55447
14.90250,0.49500,0.11808,0.41023,0.47170
15.00250,0.49500,0.18347,0.39879,0.41774
15.10250,0.49500,0.07920,0.40848,0.51232
15.20250,0.49500,0.15542,0.57325,0.27133
15.30250,0.49500,0.07864,0.47463,0.44672
15.40250,0.49500,0.14151,0.69447,0.16401
15.50250,0.49500,0.07943,0.52788,0.39268
15.60250,0.49500,0.09564,0.56731,0.33705
15.70250,0.49500,0.08126,0.56311,0.35563
15.80250,0.49500,0.08483,0.49629,0.41887
15.90250,0.49500,0.10793,0.49249,0.39957
16.00250,0.49500,0.12581,0.53434,0.33985
16.10250,0.49500,0.09347,0.53107,0.37546
16.20250,0.49500,0.12733,0.61513,0.25754
16.30250,0.49500,0.12927,0.54554,0.32519
16.40250,0.49500,0.16397,0.61942,0.21662
16.50250,0.49500,0.10784,0.61464,0.27751
16.60250,0.49500,0.15716,0.70947,0.13338
16.70250,0.49500,0.11198,0.63398,0.25404
16.80250,0.49500,0.14974,0.73497,0.11529
16.90250,0.49500,0.06019,0.75280,0.18701
17.00250,0.49500,0.13413,0.71584,0.15003
17.10250,0.49500,0.09961,0.63382,0.26657
17.20250,0.49500,0.17889,0.54679,0.27432
17.30250,0.49500,0.12145,0.44741,0.43114
17.40250,0.49500,0.17725,0.48747,0.33528
17.50250,0.49500,0.09128,0.58406,0.32466
17.60250,0.49500,0.12174,0.59680,0.28147
17.70250,0.49500,0.11610,0.63955,0.24436
17.80250,0.49500,0.12279,0.64902,0.22819
17.90250,0.49500,0.08943,0.77076,0.13981
18.00250,0.49500,0.10810,0.69517,0.19673
18.10250,0.49500,0.07938,0.83633,0.08429
18.20250,0.49500,0.09847,0.81233,0.08920
18.30250,0.49500,0.05851,0.87127,0.07022
18.40250,0.49500,0.10102,0.83264,0.06634
18.50250,0.49500,0.06626,0.76306,0.17067
18.60250,0.49500,0.07696,0.67668,0.24636
18.70250,0.49500,0.12165,0.57880,0.29955
18.80250,0.49500,0.09454,0.55210,0.35336
18.90250,0.49500,0.11037,0.53139,0.35824
19.00250,0.49500,0.10457,0.57206,0.32337
19.10250,0.49500,0.13744,0.51771,0.34485
19.20250,0.49500,0.17595,0.54131,0.28275
19.30250,0.49500,0.09436,0.14174,0.76390
19.40250,0.49500,0.20573,0.27101,0.52327
19.50250,0.49500,0.18300,0.16144,0.65556
19.60250,0.49500,0.23403,0.11351,0.65246
19.70250,0.49500,0.44912,0.20256,0.34831
19.80250,0.49500,0.35679,0.22868,0.41453
19.90250,0.49500,0.30354,0.19822,0.49824
20.00250,0.49500,0.25115,0.25930,0.48956
20.10250,0.49500,0.25885,0.13398,0.60717
20.20250,0.49500,0.57579,0.30720,0.11701
20.30250,0.49500,0.84367,0.12763,0.02870
20.40250,0.49500,0.81020,0.14278,0.04702
20.50250,0.49500,0.80177,0.16748,0.03075
20.60250,0.49500,0.60530,0.37048,0.02422
20.70250,0.49500,0.57269,0.33726,0.09005
20.80250,0.49500,0.43982,0.53371,0.02647
20.90250,0.49500,0.71568,0.17838,0.10594
21.00250,0.49500,0.75531,0.21023,0.03446
21.10250,0.49500,0.75923,0.20927,0.03150
21.20250,0.49500,0.48415,0.45030,0.06555
21.30250,0.49500,0.52472,0.21136,0.26392
21.40250,0.49500,0.26689,0.37726,0.35585
21.50250,0.49500,0.53195,0.31370,0.15435
21.60250,0.49500,0.62825,0.24491,0.12684
21.70250,0.49500,0.58160,0.33367,0.08473
21.80250,0.49500,0.74968,0.15711,0.09321
21.90250,0.49500,0.89001,0.09685,0.01314
22.00250,0.49500,0.40178,0.39849,0.19973
22.10250,0.49500,0.51528,0.42197,0.06275
22.20250,0.49500,0.24785,0.64547,0.10667
22.30250,0.49500,0.21396,0.59955,0.18649
22.40250,0.49500,0.38005,0.57365,0.04630
22.50250,0.49500,0.68183,0.27716,0.04101
22.60250,0.49500,0.33230,0.61325,0.05445
22.70250,0.49500,0.47423,0.35615,0.16962
22.80250,0.49500,0.09545,0.53590,0.36865
22.90250,0.49500,0.50035,0.41374,0.08591
23.00250,0.49500,0.52965,0.36145,0.10890
23.10250,0.49500,0.46985,0.37600,0.15415
23.20250,0.49500,0.16997,0.39165,0.43838
23.30250,0.49500,0.06650,0.53091,0.40259
23.40250,0.49500,0.09257,0.55604,0.35139
23.50250,0.49500,0.07401,0.63048,0.29551
23.60250,0.49500,0.16843,0.54891,0.28265
23.70250,0.49500,0.24061,0.46620,0.29318
23.80250,0.49500,0.25533,0.33644,0.40822
23.90250,0.49500,0.10245,0.20621,0.69134
24.00250,0.49500,0.07794,0.20571,0.71635
24.10250,0.49500,0.14749,0.28442,0.56809
24.20250,0.49500,0.11135,0.61930,0.26934
24.30250,0.49500,0.13940,0.56497,0.29563
24.40250,0.49500,0.11323,0.78375,0.10301
24.50250,0.49500,0.11860,0.77397,0.10743
24.60250,0.49500,0.09880,0.85841,0.04279
24.70250,0.49500,0.13572,0.55056,0.31372
24.80250,0.49500,0.13732,0.45980,0.40288
24.90250,0.49500,0.07376,0.36458,0.56166
25.00250,0.49500,0.19424,0.39908,0.40668
25.10250,0.49500,0.12851,0.26609,0.60539
25.20250,0.49500,0.25827,0.33050,0.41122
25.30250,0.49500,0.13985,0.26697,0.59318
25.40250,0.49500,0.23530,0.47116,0.29354
25.50250,0.49500,0.16200,0.38985,0.44815
25.60250,0.49500,0.14658,0.50613,0.34729
25.70250,0.49500,0.08698,0.56003,0.35300
25.80250,0.49500,0.08479,0.63762,0.27758
25.90250,0.49500,0.12233,0.62716,0.25051
26.00250,0.49500,0.24580,0.50666,0.24754
26.10250,0.49500,0.25524,0.51475,0.23002
26.20250,0.49500,0.33767,0.47900,0.18333
26.30250,0.49500,0.09927,0.39041,0.51032
26.40250,0.49500,0.17210,0.26667,0.56123
26.50250,0.49500,0.22709,0.23742,0.53549
26.60250,0.49500,0.10558,0.17821,0.71621
26.70250,0.49500,0.26559,0.21149,0.52292
26.80250,0.49500,0.07714,0.21218,0.71069
26.90250,0.49500,0.10094,0.34549,0.55357
27.00250,0.49500,0.18754,0.40439,0.40807
27.10250,0.49500,0.19397,0.42307,0.38296
27.20250,0.49500,0.11605,0.27236,0.61160
27.30250,0.49500,0.23024,0.24897,0.52079
27.40250,0.49500,0.13303,0.21029,0.65668
27.50250,0.49500,0.19909,0.21623,0.58469
27.60250,0.49500,0.20229,0.22818,0.56954
27.70250,0.49500,0.15141,0.26830,0.58029
27.80250,0.49500,0.08078,0.33188,0.58734
27.90250,0.49500,0.08879,0.26928,0.64193
28.00250,0.49500,0.17161,0.51517,0.31322
28.10250,0.49500,0.10968,0.35652,0.53379
28.20250,0.49500,0.15425,0.55586,0.28989
28.30250,0.49500,0.11808,0.43037,0.45155
28.40250,0.49500,0.14004,0.56119,0.29877
28.50250,0.49500,0.14273,0.48395,0.37332
28.60250,0.49500,0.20450,0.60156,0.19394
28.70250,0.49500,0.06668,0.54318,0.39015
28.80250,0.49500,0.14682,0.56394,0.28924
28.90250,0.49500,0.15833,0.31307,0.52860
29.00250,0.49500,0.14133,0.36332,0.49535
29.10250,0.49500,0.21775,0.30787,0.47437
29.20250,0.49500,0.12532,0.28824,0.58644
29.30250,0.49500,0.08525,0.39430,0.52045
29.40250,0.49500,0.14408,0.53636,0.31956
29.50250,0.49500,0.34834,0.47959,0.17207
29.60250,0.49500,0.31366,0.46841,0.21793
29.70250,0.49500,0.29344,0.65393,0.05264
29.80250,0.49500,0.30595,0.61353,0.08051
29.90250,0.49500,0.10995,0.64636,0.24369
30.00250,0.49500,0.10990,0.59639,0.29371
30.10250,0.49500,0.10691,0.51200,0.38110
30.20250,0.49500,0.14514,0.39039,0.46447
30.30250,0.49500,0.12645,0.43566,0.43789
30.40250,0.49500,0.28414,0.37456,0.34130
30.50250,0.49500,0.17090,0.31735,0.51174
30.60250,0.49500,0.28555,0.41489,0.29956
30.70250,0.49500,0.39492,0.38327,0.22181
30.80250,0.49500,0.28529,0.56008,0.15463
30.90250,0.49500,0.09640,0.49836,0.40524
31.00250,0.49500,0.15082,0.74909,0.10009
31.10250,0.49500,0.11650,0.54786,0.33563
31.20250,0.49500,0.14546,0.52212,0.33242
31.30250,0.49500,0.18585,0.49038,0.32376
31.40250,0.49500,0.15680,0.38243,0.46077
31.50250,0.49500,0.31807,0.49622,0.18571
31.60250,0.49500,0.24891,0.39077,0.36032
31.70250,0.49500,0.28001,0.49315,0.22684
31.80250,0.49500,0.10182,0.68831,0.20987
31.90250,0.49500,0.14248,0.64731,0.21021
32.00250,0.49500,0.11878,0.79546,0.08576
32.10250,0.49500,0.18204,0.69624,0.12171
32.20250,0.49500,0.12623,0.85946,0.01432
32.30250,0.49500,0.13978,0.85051,0.00971
32.40250,0.49500,0.24789,0.73635,0.01576
32.50250,0.49500,0.54128,0.45246,0.00626
32.60250,0.49500,0.13199,0.86279,0.00522
32.70250,0.49500,0.23267,0.76251,0.00483
32.80250,0.49500,0.08410,0.88651,0.02940
32.90250,0.49500,0.08907,0.87395,0.03698
33.00250,0.49500,0.09526,0.81831,0.08643
33.10250,0.49500,0.09963,0.76851,0.13186
33.20250,0.49500,0.07249,0.89527,0.03224
33.30250,0.49500,0.18741,0.76695,0.04563
33.40250,0.49500,0.14743,0.84232,0.01025
33.50250,0.49500,0.15383,0.71381,0.13236
33.60250,0.49500,0.12978,0.84096,0.02926
33.70250,0.49500,0.10914,0.85724,0.03362
33.80250,0.49500,0.12481,0.81059,0.06460
33.90250,0.49500,0.07773,0.85642,0.06585
34.00250,0.49500,0.09203,0.78227,0.12570
34.10250,0.49500,0.19321,0.77597,0.03082
34.20250,0.49500,0.29522,0.64523,0.05955
34.30250,0.49500,0.40607,0.46260,0.13133
34.40250,0.49500,0.20540,0.73507,0.05953
34.50250,0.49500,0.46321,0.50327,0.03352
34.60250,0.49500,0.43131,0.51527,0.05342
34.70250,0.49500,0.51251,0.43043,0.05706
34.80250,0.49500,0.78437,0.20798,0.00765
34.90250,0.49500,0.82634,0.16596,0.00769
35.00250,0.49500,0.65285,0.30872,0.03843
35.10250,0.49500,0.61540,0.33058,0.05402
35.20250,0.49500,0.63353,0.34082,0.02565
35.30250,0.49500,0.69468,0.27258,0.03274
35.40250,0.49500,0.83011,0.16442,0.00547
35.50250,0.49500,0.96227,0.02311,0.01463
35.60250,0.49500,0.95598,0.04401,0.00002
35.70250,0.49500,0.99193,0.00806,0.00000
35.80250,0.49500,0.99769,0.00217,0.00013
35.90250,0.49500,0.99077,0.00883,0.00039
36.00250,0.49500,0.99921,0.00079,0.00000
36.10250,0.49500,0.91842,0.08127,0.00031
36.20250,0.49500,0.99751,0.00248,0.00000
36.30250,0.49500,0.96756,0.03242,0.00002
36.40250,0.49500,0.64059,0.35907,0.00034
36.50250,0.49500,0.57996,0.41966,0.00039
36.60250,0.49500,0.41890,0.58095,0.00016
36.70250,0.49500,0.56397,0.43592,0.00011
36.80250,0.49500,0.37967,0.61994,0.00039
36.90250,0.49500,0.16174,0.83814,0.00013
37.00250,0.49500,0.10858,0.89131,0.00011
37.10250,0.49500,0.18535,0.81453,0.00012
37.20250,0.49500,0.05995,0.93997,0.00008
37.30250,0.49500,0.03934,0.96057,0.00009
37.40250,0.49500,0.04317,0.95669,0.00014
37.50250,0.49500,0.03275,0.96713,0.00012
37.60250,0.49500,0.06003,0.93967,0.00031
37.70250,0.49500,0.03174,0.96808,0.00018
37.80250,0.49500,0.05930,0.94024,0.00046
37.90250,0.49500,0.03881,0.96109,0.00010
38.00250,0.49500,0.04068,0.95904,0.00028
38.10250,0.49500,0.02677,0.97309,0.00014
38.20250,0.49500,0.05788,0.94185,0.00027
38.30250,0.49500,0.03426,0.96546,0.00028
38.40250,0.49500,0.09349,0.90541,0.00110
38.50250,0.49500,0.04358,0.95596,0.00045
38.60250,0.49500,0.02656,0.97285,0.00060
38.70250,0.49500,0.03142,0.96849,0.00009
38.80250,0.49500,0.01663,0.98324,0.00012
38.90250,0.49500,0.04239,0.95747,0.00015
39.00250,0.49500,0.13886,0.86109,0.00005
39.10250,0.49500,0.07395,0.92599,0.00006
39.20250,0.49500,0.12049,0.87946,0.00005
39.30250,0.49500,0.05611,0.94382,0.00007
39.40250,0.49500,0.12678,0.87315,0.00007
39.50250,0.49500,0.08740,0.91247,0.00013
39.60250,0.49500,0.04119,0.95871,0.00010
39.70250,0.49500,0.06910,0.93081,0.00009
39.80250,0.49500,0.09222,0.90773,0.00005
39.90250,0.49500,0.09996,0.89987,0.00017
40.00250,0.49500,0.04388,0.95606,0.00005
40.10250,0.49500,0.09841,0.90154,0.00005
40.20250,0.49500,0.05238,0.94756,0.00006
40.30250,0.49500,0.11505,0.88485,0.00010
40.40250,0.49500,0.27514,0.72485,0.00001
40.50250,0.49500,0.40090,0.59906,0.00005
40.60250,0.49500,0.15413,0.84585,0.00002
40.70250,0.49500,0.03356,0.96636,0.00008
40.80250,0.49500,0.02475,0.97518,0.00006
40.90250,0.49500,0.03664,0.96329,0.00007
41.00250,0.49500,0.06452,0.93534,0.00013
41.10250,0.49500,0.11074,0.88921,0.00004
41.20250,0.49500,0.06192,0.93789,0.00020
41.30250,0.49500,0.02673,0.97318,0.00009
41.40250,0.49500,0.04430,0.95531,0.00039
41.50250,0.49500,0.02999,0.96965,0.00037
41.60250,0.49500,0.07724,0.92196,0.00080
41.70250,0.49500,0.04969,0.94954,0.00077
41.80250,0.49500,0.03708,0.95986,0.00306
41.90250,0.49500,0.01998,0.97913,0.00090
42.00250,0.49500,0.03929,0.96036,0.00035
42.10250,0.49500,0.02770,0.97204,0.00026
42.20250,0.49500,0.02645,0.97323,0.00032
42.30250,0.49500,0.01738,0.98229,0.00032
42.40250,0.49500,0.02375,0.97615,0.00010
42.50250,0.49500,0.03044,0.96947,0.00010
42.60250,0.49500,0.02161,0.97826,0.00013
42.70250,0.49500,0.01544,0.98445,0.00011
42.80250,0.49500,0.01840,0.98150,0.00010
42.90250,0.49500,0.02072,0.97916,0.00011
43.00250,0.49500,0.02538,0.97422,0.00041
43.10250,0.49500,0.03108,0.96870,0.00022
43.20250,0.49500,0.02735,0.97208,0.00057
43.30250,0.49500,0.01951,0.97988,0.00061
43.40250,0.49500,0.02713,0.97252,0.00035
43.50250,0.49500,0.03900,0.96079,0.00021
43.60250,0.49500,0.01946,0.98031,0.00023
43.70250,0.49500,0.03253,0.96736,0.00012
43.80250,0.49500,0.02945,0.97047,0.00008
43.90250,0.49500,0.04118,0.95872,0.00010
44.00250,0.49500,0.03996,0.95993,0.00011
44.10250,0.49500,0.03195,0.96780,0.00025
44.20250,0.49500,0.05235,0.94745,0.00020
44.30250,0.49500,0.05712,0.94271,0.00017
44.40250,0.49500,0.04492,0.95490,0.00018
44.50250,0.49500,0.07510,0.92484,0.00007
44.60250,0.49500,0.16503,0.83486,0.00012
44.70250,0.49500,0.08276,0.91719,0.00005
44.80250,0.49500,0.10531,0.89450,0.00019
44.90250,0.49500,0.02534,0.97436,0.00030
45.00250,0.49500,0.16301,0.83691,0.00008
45.10250,0.49500,0.27065,0.72922,0.00013
45.20250,0.49500,0.25895,0.74102,0.00003
45.30250,0.49500,0.08581,0.91408,0.00011
45.40250,0.49500,0.04683,0.95308,0.00010
45.50250,0.49500,0.02307,0.97666,0.00026
45.60250,0.49500,0.01595,0.98350,0.00055
45.70250,0.49500,0.03032,0.96918,0.00050
45.80250,0.49500,0.02942,0.97003,0.00055
45.90250,0.49500,0.01597,0.98363,0.00040
46.00250,0.49500,0.03403,0.96574,0.00024
46.10250,0.49500,0.02318,0.97640,0.00041
46.20250,0.49500,0.04296,0.95657,0.00047
46.30250,0.49500,0.05018,0.94955,0.00027
46.40250,0.49500,0.11528,0.88450,0.00022
46.50250,0.49500,0.04265,0.95706,0.00029
46.60250,0.49500,0.10342,0.89647,0.00011
46.70250,0.49500,0.08597,0.91368,0.00035
46.80250,0.49500,0.04360,0.95628,0.00012
46.90250,0.49500,0.03982,0.95957,0.00061
47.00250,0.49500,0.06174,0.93816,0.00010
47.10250,0.49500,0.05245,0.94739,0.00017
47.20250,0.49500,0.03987,0.96007,0.00006
47.30250,0.49500,0.03889,0.96106,0.00005
47.40250,0.49500,0.03126,0.96863,0.00012
47.50250,0.49500,0.03961,0.96027,0.00011
47.60250,0.49500,0.02302,0.97681,0.00017
47.70250,0.49500,0.01807,0.98184,0.00009
47.80250,0.49500,0.02165,0.97826,0.00009
47.90250,0.49500,0.01824,0.98167,0.00009
48.00250,0.49500,0.02176,0.97820,0.00004
48.10250,0.49500,0.01294,0.98697,0.00009
48.20250,0.49500,0.02124,0.97872,0.00005
48.30250,0.49500,0.01477,0.98506,0.00017
48.40250,0.49500,0.02473,0.97519,0.00007
48.50250,0.49500,0.02287,0.97684,0.00029
48.60250,0.49500,0.04464,0.95514,0.00022
48.70250,0.49500,0.01688,0.98275,0.00037
48.80250,0.49500,0.01724,0.98259,0.00017
48.90250,0.49500,0.02284,0.97696,0.00020
49.00250,0.49500,0.02311,0.97680,0.00010
49.10250,0.49500,0.02359,0.97632,0.00009
49.20250,0.49500,0.02176,0.97820,0.00004
49.30250,0.49500,0.04628,0.95367,0.00005
49.40250,0.49500,0.06616,0.93378,0.00006
49.50250,0.49500,0.08792,0.91202,0.00006
49.60250,0.49500,0.07750,0.92245,0.00004
49.70250,0.49500,0.31822,0.68170,0.00008
49.80250,0.49500,0.03277,0.96700,0.00023
49.90250,0.49500,0.20717,0.79268,0.00014
50.00250,0.49500,0.09376,0.90594,0.00031
50.10250,0.49500,0.10850,0.89146,0.00004
50.20250,0.49500,0.16030,0.83924,0.00047
50.30250,0.49500,0.34741,0.65256,0.00003
50.40250,0.49500,0.37856,0.62127,0.00018
50.50250,0.49500,0.17750,0.82248,0.00001
50.60250,0.49500,0.04778,0.95180,0.00042
50.70250,0.49500,0.05719,0.94277,0.00004
50.80250,0.49500,0.03219,0.96754,0.00028
50.90250,0.49500,0.02801,0.97185,0.00014
51.00250,0.49500,0.02924,0.97033,0.00042
51.10250,0.49500,0.02241,0.97692,0.00068
51.20250,0.49500,0.02231,0.97682,0.00086
51.30250,0.49500,0.02217,0.97744,0.00039
51.40250,0.49500,0.03329,0.96616,0.00055
51.50250,0.49500,0.01599,0.98357,0.00044
51.60250,0.49500,0.02225,0.97763,0.00012
51.70250,0.49500,0.02939,0.96983,0.00077
51.80250,0.49500,0.05400,0.94576,0.00025
51.90250,0.49500,0.03147,0.96781,0.00072
52.00250,0.49500,0.03139,0.96822,0.00039
52.10250,0.49500,0.03144,0.96734,0.00122
52.20250,0.49500,0.01636,0.98295,0.00069
52.30250,0.49500,0.02849,0.97054,0.00097
52.40250,0.49500,0.03212,0.96712,0.00075
52.50250,0.49500,0.03686,0.96208,0.00106
52.60250,0.49500,0.02611,0.97308,0.00082
52.70250,0.49500,0.01937,0.97947,0.00116
52.80250,0.49500,0.02169,0.97818,0.00014
52.90250,0.49500,0.01589,0.98363,0.00048
53.00250,0.49500,0.04785,0.95210,0.00006
53.10250,0.49500,0.06929,0.93059,0.00011
53.20250,0.49500,0.11619,0.88375,0.00006
53.30250,0.49500,0.05954,0.94026,0.00020
53.40250,0.49500,0.04205,0.95788,0.00006
53.50250,0.49500,0.09603,0.90382,0.00014
53.60250,0.49500,0.07341,0.92633,0.00026
53.70250,0.49500,0.05796,0.94160,0.00044
53.80250,0.49500,0.07286,0.92692,0.00022
53.90250,0.49500,0.02627,0.97280,0.00092
54.00250,0.49500,0.02135,0.97793,0.00072
54.10250,0.49500,0.02083,0.97885,0.00032
54.20250,0.49500,0.03062,0.96916,0.00022
54.30250,0.49500,0.03120,0.96872,0.00008
54.40250,0.49500,0.02428,0.97561,0.00011
54.50250,0.49500,0.01807,0.98178,0.00015
54.60250,0.49500,0.03128,0.96859,0.00013
54.70250,0.49500,0.04005,0.95988,0.00007
54.80250,0.49500,0.02745,0.97216,0.00039
54.90250,0.49500,0.02430,0.97548,0.00022
55.00250,0.49500,0.01915,0.98019,0.00066
55.10250,0.49500,0.04244,0.95750,0.00006
55.20250,0.49500,0.01985,0.97994,0.00021
55.30250,0.49500,0.03076,0.96907,0.00017
55.40250,0.49500,0.04908,0.95083,0.00010
55.50250,0.49500,0.07666,0.92329,0.00005
55.60250,0.49500,0.14117,0.85877,0.00005
55.70250,0.49500,0.05222,0.94763,0.00015
55.80250,0.49500,0.05529,0.94461,0.00010
55.90250,0.49500,0.05269,0.94719,0.00011
56.00250,0.49500,0.05771,0.94222,0.00007
56.10250,0.49500,0.02627,0.97345,0.00029
56.20250,0.49500,0.05249,0.94735,0.00017
56.30250,0.49500,0.02933,0.97032,0.00035
56.40250,0.49500,0.04042,0.95946,0.00012
56.50250,0.49500,0.02124,0.97837,0.00038
56.60250,0.49500,0.03252,0.96730,0.00018
56.70250,0.49500,0.07636,0.92341,0.00023
56.80250,0.49500,0.04822,0.95161,0.00016
56.90250,0.49500,0.03494,0.96485,0.00022
57.00250,0.49500,0.03240,0.96736,0.00024
57.10250,0.49500,0.21106,0.78884,0.00010
57.20250,0.49500,0.08827,0.91138,0.00035
57.30250,0.49500,0.46752,0.53220,0.00027
57.40250,0.49500,0.18680,0.81250,0.00070
57.50250,0.49500,0.12845,0.87080,0.00075
57.60250,0.49500,0.06543,0.93387,0.00071
57.70250,0.49500,0.05736,0.94225,0.00038
57.80250,0.49500,0.09421,0.90549,0.00031
57.90250,0.49500,0.05024,0.94931,0.00045
58.00250,0.49500,0.04150,0.95812,0.00038
58.10250,0.49500,0.06330,0.93640,0.00029
58.20250,0.49500,0.11277,0.88706,0.00017
58.30250,0.49500,0.03619,0.96345,0.00036
58.40250,0.49500,0.03409,0.96573,0.00018
58.50250,0.49500,0.07004,0.92988,0.00008
58.60250,0.49500,0.05400,0.94575,0.00025
58.70250,0.49500,0.06134,0.93847,0.00019
58.80250,0.49500,0.11891,0.88062,0.00047
58.90250,0.49500,0.10903,0.89080,0.00017
59.00250,0.49500,0.04252,0.95716,0.00032
59.10250,0.49500,0.10600,0.89392,0.00008
59.20250,0.49500,0.36763,0.63231,0.00006
59.30250,0.49500,0.25276,0.74716,0.00008
59.40250,0.49500,0.60558,0.39441,0.00001
59.50250,0.49500,0.57178,0.42816,0.00005
59.60250,0.49500,0.47074,0.52923,0.00003
59.70250,0.49500,0.61940,0.38018,0.00042
59.80250,0.49500,0.54527,0.45459,0.00015
59.90250,0.49500,0.61915,0.37993,0.00092
60.00250,0.49500,0.92529,0.07470,0.00000
60.10250,0.49500,0.84778,0.15219,0.00003
60.20250,0.49500,0.78983,0.21017,0.00000
60.30250,0.49500,0.95358,0.04642,0.00000
60.40250,0.49500,0.99936,0.00064,0.00000
60.50250,0.49500,0.99998,0.00002,0.00000
60.60250,0.49500,0.99911,0.00089,0.00000
60.70250,0.49500,0.99570,0.00430,0.00000
60.80250,0.49500,0.98634,0.00991,0.00375
60.90250,0.49500,0.88947,0.04195,0.06858
61.00250,0.49500,0.70824,0.00949,0.28227
61.10250,0.49500,0.98348,0.00878,0.00774
61.20250,0.49500,0.98902,0.00427,0.00671
61.30250,0.49500,0.97412,0.00374,0.02214
61.40250,0.49500,0.97615,0.00448,0.01937
61.50250,0.49500,0.65604,0.08953,0.25443
61.60250,0.49500,0.42297,0.15997,0.41705
61.70250,0.49500,0.74557,0.10163,0.15280
61.80250,0.49500,0.28556,0.13613,0.57831
61.90250,0.49500,0.73515,0.09049,0.17436
62.00250,0.49500,0.66357,0.05097,0.28546
62.10250,0.49500,0.30359,0.11006,0.58634
62.20250,0.49500,0.07131,0.11255,0.81614
62.30250,0.49500,0.25276,0.07568,0.67156
62.40250,0.49500,0.31274,0.09382,0.59344
62.50250,0.49500,0.63265,0.03386,0.33350
62.60250,0.49500,0.40546,0.11429,0.48026
62.70250,0.49500,0.08085,0.28197,0.63719
62.80250,0.49500,0.06791,0.24036,0.69173
62.90250,0.49500,0.16328,0.33318,0.50354
63.00250,0.49500,0.14634,0.18971,0.66395
63.10250,0.49500,0.35650,0.27054,0.37297
63.20250,0.49500,0.25659,0.44822,0.29519
63.30250,0.49500,0.16292,0.09650,0.74057
63.40250,0.49500,0.07522,0.01387,0.91090
63.50250,0.49500,0.03360,0.01741,0.94900
63.60250,0.49500,0.07590,0.00838,0.91573
63.70250,0.49500,0.06534,0.01552,0.91915
63.80250,0.49500,0.17599,0.01280,0.81121
63.90250,0.49500,0.34108,0.02547,0.63344
64.00250,0.49500,0.14624,0.07256,0.78120
64.10250,0.49500,0.15439,0.07736,0.76825
64.20250,0.49500,0.10506,0.03302,0.86192
64.30250,0.49500,0.12242,0.05031,0.82726
64.40250,0.49500,0.16642,0.09216,0.74141
64.50250,0.49500,0.14279,0.09172,0.76549
64.60250,0.49500,0.15657,0.25803,0.58540
64.70250,0.49500,0.24906,0.12448,0.62645
64.80250,0.49500,0.13285,0.03760,0.82955
64.90250,0.49500,0.48311,0.06478,0.45212
65.00250,0.49500,0.55514,0.16746,0.27740
65.10250,0.49500,0.17326,0.05337,0.77337
65.20250,0.49500,0.22111,0.21351,0.56538
65.30250,0.49500,0.16289,0.27893,0.55817
65.40250,0.49500,0.20666,0.23749,0.55585
65.50250,0.49500,0.10890,0.33239,0.55871
65.60250,0.49500,0.18565,0.20058,0.61377
65.70250,0.49500,0.06471,0.31239,0.62290
65.80250,0.49500,0.05871,0.18470,0.75660
65.90250,0.49500,0.11891,0.11553,0.76556
66.00250,0.49500,0.03932,0.10516,0.85552
66.10250,0.49500,0.05830,0.34510,0.59660
66.20250,0.49500,0.04937,0.17570,0.77493
66.30250,0.49500,0.13295,0.30510,0.56195
66.40250,0.49500,0.15541,0.18542,0.65917
66.50250,0.49500,0.31653,0.23240,0.45107
66.60250,0.49500,0.09077,0.04355,0.86568
66.70250,0.49500,0.51994,0.05265,0.42741
66.80250,0.49500,0.11689,0.01359,0.86952
66.90250,0.49500,0.01701,0.00770,0.97529
67.00250,0.49500,0.18274,0.03940,0.77786
67.10250,0.49500,0.03984,0.01500,0.94516
67.20250,0.49500,0.15510,0.07621,0.76869
67.30250,0.49500,0.05667,0.03788,0.90545
67.40250,0.49500,0.13816,0.11934,0.74250
67.50250,0.49500,0.08020,0.18244,0.73736
67.60250,0.49500,0.44133,0.26993,0.28874
67.70250,0.49500,0.19151,0.19587,0.61261
67.80250,0.49500,0.53837,0.20045,0.26118
67.90250,0.49500,0.11850,0.20960,0.67190
68.00250,0.49500,0.05656,0.20078,0.74266
68.10250,0.49500,0.06081,0.41405,0.52514
68.20250,0.49500,0.04459,0.33031,0.62510
68.30250,0.49500,0.08669,0.17580,0.73752
68.40250,0.49500,0.04839,0.09877,0.85284
68.50250,0.49500,0.03896,0.14446,0.81658
68.60250,0.49500,0.04426,0.26763,0.68812
68.70250,0.49500,0.04323,0.27780,0.67897
68.80250,0.49500,0.07515,0.35124,0.57360
68.90250,0.49500,0.03322,0.42783,0.53895
69.00250,0.49500,0.10611,0.31756,0.57633
69.10250,0.49500,0.03000,0.10382,0.86619
69.20250,0.49500,0.04379,0.09929,0.85691
69.30250,0.49500,0.02446,0.04638,0.92916
69.40250,0.49500,0.03123,0.04596,0.92281
69.50250,0.49500,0.05401,0.13015,0.81585
69.60250,0.49500,0.13853,0.13712,0.72435
69.70250,0.49500,0.07528,0.18388,0.74084
69.80250,0.49500,0.08824,0.11362,0.79814
69.90250,0.49500,0.06997,0.08705,0.84298
70.00250,0.49500,0.06221,0.02924,0.90855
70.10250,0.49500,0.05699,0.02192,0.92109
70.20250,0.49500,0.02248,0.01213,0.96540
70.30250,0.49500,0.02211,0.01289,0.96500
70.40250,0.49500,0.02881,0.00913,0.96206
70.50250,0.49500,0.03717,0.00900,0.95383
70.60250,0.49500,0.03221,0.03560,0.93219
70.70250,0.49500,0.07632,0.05023,0.87345
70.80250,0.49500,0.08866,0.11265,0.79869
70.90250,0.49500,0.06705,0.16043,0.77253
71.00250,0.49500,0.05893,0.15128,0.78980
71.10250,0.49500,0.05635,0.20454,0.73911
71.20250,0.49500,0.04700,0.06232,0.89068
71.30250,0.49500,0.04127,0.11979,0.83894
71.40250,0.49500,0.05710,0.06818,0.87472
71.50250,0.49500,0.06028,0.13795,0.80177
71.60250,0.49500,0.02901,0.08722,0.88377
71.70250,0.49500,0.04110,0.11020,0.84870
71.80250,0.49500,0.02788,0.14736,0.82475
71.90250,0.49500,0.06039,0.10654,0.83307
72.00250,0.49500,0.08848,0.20542,0.70610
72.10250,0.49500,0.07853,0.26910,0.65237
72.20250,0.49500,0.05245,0.19809,0.74946
72.30250,0.49500,0.09173,0.35286,0.55541
72.40250,0.49500,0.07828,0.47605,0.44567
72.50250,0.49500,0.07677,0.49354,0.42968
72.60250,0.49500,0.06705,0.54862,0.38433
72.70250,0.49500,0.07743,0.68306,0.23951
72.80250,0.49500,0.05465,0.54436,0.40098
72.90250,0.49500,0.09609,0.35647,0.54744
73.00250,0.49500,0.11746,0.36822,0.51431
73.10250,0.49500,0.06642,0.18512,0.74847
73.20250,0.49500,0.14963,0.21548,0.63489
73.30250,0.49500,0.05371,0.17120,0.77509
73.40250,0.49500,0.09641,0.25537,0.64821
73.50250,0.49500,0.02713,0.12526,0.84761
73.60250,0.49500,0.32033,0.21438,0.46529
73.70250,0.49500,0.05574,0.11615,0.82811
73.80250,0.49500,0.14882,0.16774,0.68344
73.90250,0.49500,0.08329,0.21675,0.69995
74.00250,0.49500,0.07093,0.19552,0.73355
74.10250,0.49500,0.03373,0.23248,0.73378
74.20250,0.49500,0.04454,0.24820,0.70725
74.30250,0.49500,0.02977,0.15938,0.81085
74.40250,0.49500,0.03231,0.15887,0.80882
74.50250,0.49500,0.03250,0.10003,0.86747
74.60250,0.49500,0.03592,0.11665,0.84744
74.70250,0.49500,0.03251,0.12278,0.84471
74.80250,0.49500,0.04723,0.09844,0.85433
74.90250,0.49500,0.03990,0.06489,0.89521
75.00250,0.49500,0.03613,0.05709,0.90677
75.10250,0.49500,0.04120,0.03730,0.92150
75.20250,0.49500,0.03858,0.06717,0.89424
75.30250,0.49500,0.03355,0.12244,0.84401
75.40250,0.49500,0.05352,0.12018,0.82630
75.50250,0.49500,0.05985,0.35903,0.58112
75.60250,0.49500,0.06660,0.67708,0.25632
75.70250,0.49500,0.09439,0.26324,0.64237
75.80250,0.49500,0.09325,0.42712,0.47963
75.90250,0.49500,0.12218,0.46267,0.41515
76.00250,0.49500,0.07292,0.17718,0.74990
76.10250,0.49500,0.04434,0.05924,0.89643
76.20250,0.49500,0.04024,0.13292,0.82684
76.30250,0.49500,0.04845,0.16116,0.79039
76.40250,0.49500,0.06546,0.20930,0.72524
76.50250,0.49500,0.04190,0.22013,0.73797
76.60250,0.49500,0.05378,0.22174,0.72448
76.70250,0.49500,0.03926,0.16759,0.79315
76.80250,0.49500,0.02639,0.12502,0.84859
76.90250,0.49500,0.02673,0.11650,0.85677
77.00250,0.49500,0.03521,0.12769,0.83710
77.10250,0.49500,0.05098,0.14737,0.80165
77.20250,0.49500,0.03547,0.14096,0.82358
77.30250,0.49500,0.06593,0.17901,0.75506
77.40250,0.49500,0.05225,0.06701,0.88074
77.50250,0.49500,0.27554,0.15066,0.57381
77.60250,0.49500,0.10504,0.02751,0.86745
77.70250,0.49500,0.10606,0.02070,0.87324
77.80250,0.49500,0.08555,0.06714,0.84731
77.90250,0.49500,0.17804,0.05774,0.76422
78.00250,0.49500,0.13591,0.07629,0.78781
78.10250,0.49500,0.13008,0.12750,0.74241
78.20250,0.49500,0.16474,0.03922,0.79604
78.30250,0.49500,0.10730,0.06438,0.82832
78.40250,0.49500,0.05330,0.18514,0.76156
78.50250,0.49500,0.08013,0.10954,0.81033
78.60250,0.49500,0.07532,0.11144,0.81324
78.70250,0.49500,0.04405,0.09192,0.86403
78.80250,0.49500,0.05276,0.25787,0.68936
78.90250,0.49500,0.02553,0.03862,0.93584
79.00250,0.49500,0.09430,0.06426,0.84144
79.10250,0.49500,0.05892,0.04122,0.89986
79.20250,0.49500,0.07383,0.01710,0.90907
79.30250,0.49500,0.12027,0.06606,0.81367
79.40250,0.49500,0.09037,0.03039,0.87924
79.50250,0.49500,0.22004,0.05150,0.72847
79.60250,0.49500,0.04641,0.01968,0.93390
79.70250,0.49500,0.29726,0.04878,0.65396
79.80250,0.49500,0.17220,0.15114,0.67666
79.90250,0.49500,0.79103,0.00263,0.20634
80.00250,0.49500,0.99785,0.00199,0.00016
80.10250,0.49500,0.99997,0.00002,0.00001
80.20250,0.49500,1.00000,0.00000,0.00000
80.30250,0.49500,0.99970,0.00030,0.00000
80.40250,0.49500,1.00000,0.00000,0.00000
80.50250,0.49500,0.99988,0.00011,0.00000
80.60250,0.49500,0.99992,0.00008,0.00000
80.70250,0.49500,0.99950,0.00050,0.00000
80.80250,0.49500,0.99997,0.00003,0.00000
80.90250,0.49500,0.99735,0.00265,0.00000
81.00250,0.49500,0.99910,0.00090,0.00000
81.10250,0.49500,0.99468,0.00528,0.00004
81.20250,0.49500,0.95687,0.04312,0.00001
81.30250,0.49500,0.94812,0.05185,0.00003
81.40250,0.49500,0.65942,0.34048,0.00010
81.50250,0.49500,0.24191,0.75804,0.00005
81.60250,0.49500,0.76589,0.23408,0.00002
81.70250,0.49500,0.43515,0.56467,0.00018
81.80250,0.49500,0.59544,0.40452,0.00004
81.90250,0.49500,0.32845,0.67145,0.00010
82.00250,0.49500,0.19754,0.80241,0.00005
82.10250,0.49500,0.16097,0.83859,0.00044
82.20250,0.49500,0.09175,0.90805,0.00021
82.30250,0.49500,0.12479,0.87504,0.00017
82.40250,0.49500,0.03903,0.96082,0.00015
82.50250,0.49500,0.08494,0.91490,0.00016
82.60250,0.49500,0.04237,0.95697,0.00067
82.70250,0.49500,0.05546,0.94378,0.00076
82.80250,0.49500,0.07944,0.92032,0.00024
82.90250,0.49500,0.09585,0.90397,0.00018
83.00250,0.49500,0.11015,0.88974,0.00011
83.10250,0.49500,0.05669,0.94323,0.00008
83.20250,0.49500,0.11545,0.88418,0.00037
83.30250,0.49500,0.06527,0.93453,0.00021
83.40250,0.49500,0.06213,0.93741,0.00046
83.50250,0.49500,0.06547,0.93425,0.00028
83.60250,0.49500,0.10528,0.89421,0.00051
83.70250,0.49500,0.04482,0.95472,0.00046
83.80250,0.49500,0.12844,0.87115,0.00041
83.90250,0.49500,0.18530,0.81447,0.00023
84.00250,0.49500,0.09194,0.90763,0.00043
84.10250,0.49500,0.16378,0.83614,0.00008
84.20250,0.49500,0.06633,0.93357,0.00010
84.30250,0.49500,0.04776,0.95190,0.00034
84.40250,0.49500,0.06438,0.93552,0.00010
84.50250,0.49500,0.03900,0.96051,0.00049
84.60250,0.49500,0.10728,0.89265,0.00007
84.70250,0.49500,0.06405,0.93584,0.00010
84.80250,0.49500,0.10087,0.89903,0.00011
84.90250,0.49500,0.11220,0.88768,0.00011
85.00250,0.49500,0.05265,0.94709,0.00026
85.10250,0.49500,0.04757,0.95232,0.00011
85.20250,0.49500,0.04568,0.95414,0.00018
85.30250,0.49500,0.08182,0.91774,0.00043
85.40250,0.49500,0.03950,0.96011,0.00038
85.50250,0.49500,0.05844,0.94055,0.00101
85.60250,0.49500,0.06081,0.93887,0.00032
85.70250,0.49500,0.05253,0.94687,0.00060
85.80250,0.49500,0.04210,0.95772,0.00018
85.90250,0.49500,0.04402,0.95558,0.00040
86.00250,0.49500,0.04948,0.95015,0.00037
86.10250,0.49500,0.04833,0.95135,0.00032
86.20250,0.49500,0.06882,0.93078,0.00040
86.30250,0.49500,0.05811,0.94146,0.00044
86.40250,0.49500,0.04911,0.95069,0.00019
86.50250,0.49500,0.04839,0.95146,0.00015
86.60250,0.49500,0.04858,0.95099,0.00043
86.70250,0.49500,0.07523,0.92457,0.00021
86.80250,0.49500,0.07037,0.92927,0.00035
86.90250,0.49500,0.03542,0.96401,0.00057
87.00250,0.49500,0.03886,0.96091,0.00023
87.10250,0.49500,0.03851,0.96097,0.00052
87.20250,0.49500,0.05436,0.94532,0.00032
87.30250,0.49500,0.08724,0.91260,0.00016
87.40250,0.49500,0.06670,0.93317,0.00013
87.50250,0.49500,0.07452,0.92542,0.00006
87.60250,0.49500,0.03033,0.96948,0.00020
87.70250,0.49500,0.06021,0.93918,0.00061
87.80250,0.49500,0.02940,0.97028,0.00032
87.90250,0.49500,0.03535,0.96453,0.00012
88.00250,0.49500,0.03671,0.96313,0.00016
88.10250,0.49500,0.03653,0.96309,0.00038
88.20250,0.49500,0.04946,0.95030,0.00025
88.30250,0.49500,0.03765,0.96222,0.00013
88.40250,0.49500,0.03512,0.96477,0.00011
88.50250,0.49500,0.05484,0.94497,0.00019
88.60250,0.49500,0.02646,0.97345,0.00009
88.70250,0.49500,0.03703,0.96290,0.00007
88.80250,0.49500,0.03813,0.96171,0.00016
88.90250,0.49500,0.05364,0.94610,0.00026
89.00250,0.49500,0.05976,0.94015,0.00009
89.10250,0.49500,0.04675,0.95313,0.00013
89.20250,0.49500,0.05339,0.94654,0.00007
89.30250,0.49500,0.05464,0.94496,0.00040
89.40250,0.49500,0.04112,0.95864,0.00023
89.50250,0.49500,0.03719,0.96261,0.00020
89.60250,0.49500,0.03285,0.96664,0.00051
89.70250,0.49500,0.02776,0.97186,0.00038
89.80250,0.49500,0.05401,0.94521,0.00077
89.90250,0.49500,0.05970,0.93991,0.00039
90.00250,0.49500,0.05864,0.94119,0.00017
90.10250,0.49500,0.06915,0.93074,0.00011
90.20250,0.49500,0.03811,0.96168,0.00021
90.30250,0.49500,0.02789,0.97176,0.00035
90.40250,0.49500,0.05250,0.94731,0.00019
90.50250,0.49500,0.03365,0.96610,0.00025
90.60250,0.49500,0.04162,0.95828,0.00010
90.70250,0.49500,0.03961,0.96025,0.00013
90.80250,0.49500,0.06779,0.93200,0.00021
90.90250,0.49500,0.04294,0.95688,0.00018
91.00250,0.49500,0.05150,0.94800,0.00050
91.10250,0.49500,0.03640,0.96332,0.00028
91.20250,0.49500,0.06937,0.93008,0.00054
91.30250,0.49500,0.03739,0.96209,0.00052
91.40250,0.49500,0.06960,0.92964,0.00076
91.50250,0.49500,0.04012,0.95851,0.00137
91.60250,0.49500,0.06871,0.93086,0.00043
91.70250,0.49500,0.02686,0.97239,0.00075
91.80250,0.49500,0.05023,0.94956,0.00021
91.90250,0.49500,0.04796,0.95149,0.00054
92.00250,0.49500,0.03482,0.96497,0.00021
92.10250,0.49500,0.03621,0.96307,0.00072
92.20250,0.49500,0.04533,0.95449,0.00019
92.30250,0.49500,0.03904,0.96072,0.00024
92.40250,0.49500,0.03331,0.96657,0.00013
92.50250,0.49500,0.02691,0.97287,0.00022
92.60250,0.49500,0.02852,0.97078,0.00070
92.70250,0.49500,0.05036,0.94891,0.00072
92.80250,0.49500,0.03944,0.96010,0.00046
92.90250,0.49500,0.03254,0.96687,0.00060
93.00250,0.49500,0.03399,0.96550,0.00051
93.10250,0.49500,0.05143,0.94812,0.00045
93.20250,0.49500,0.03199,0.96771,0.00029
93.30250,0.49500,0.05002,0.94972,0.00026
93.40250,0.49500,0.05716,0.94260,0.00024
93.50250,0.49500,0.06920,0.93037,0.00042
93.60250,0.49500,0.06892,0.93076,0.00032
93.70250,0.49500,0.07918,0.92067,0.00015
93.80250,0.49500,0.12629,0.87330,0.00040
93.90250,0.49500,0.04945,0.95032,0.00023
94.00250,0.49500,0.07210,0.92737,0.00053
94.10250,0.49500,0.05434,0.94551,0.00016
94.20250,0.49500,0.10414,0.89555,0.00031
94.30250,0.49500,0.21202,0.78790,0.00008
94.40250,0.49500,0.13358,0.86607,0.00035
94.50250,0.49500,0.15913,0.84082,0.00005
94.60250,0.49500,0.09850,0.90137,0.00013
94.70250,0.49500,0.13327,0.86651,0.00022
94.80250,0.49500,0.05809,0.94177,0.00013
94.90250,0.49500,0.06048,0.93860,0.00092
95.00250,0.49500,0.07000,0.92980,0.00020
95.10250,0.49500,0.06405,0.93573,0.00022
95.20250,0.49500,0.10857,0.89134,0.00008
95.30250,0.49500,0.05648,0.94275,0.00077
95.40250,0.49500,0.06766,0.93212,0.00022
95.50250,0.49500,0.14681,0.85285,0.00034
95.60250,0.49500,0.04077,0.95892,0.00031
95.70250,0.49500,0.21218,0.78764,0.00018
95.80250,0.49500,0.09250,0.90730,0.00019
95.90250,0.49500,0.18132,0.81844,0.00024
96.00250,0.49500,0.06159,0.93828,0.00013
96.10250,0.49500,0.13200,0.86730,0.00070
96.20250,0.49500,0.10048,0.89925,0.00027
96.30250,0.49500,0.07449,0.92498,0.00053
96.40250,0.49500,0.11272,0.88709,0.00019
96.50250,0.49500,0.09414,0.90563,0.00024
96.60250,0.49500,0.10103,0.89880,0.00017
96.70250,0.49500,0.13174,0.86791,0.00035
96.80250,0.49500,0.04255,0.95728,0.00017
96.90250,0.49500,0.06560,0.93391,0.00049
97.00250,0.49500,0.05693,0.94274,0.00032
97.10250,0.49500,0.08025,0.91952,0.00023
97.20250,0.49500,0.05309,0.94675,0.00016
97.30250,0.49500,0.06165,0.93811,0.00025
97.40250,0.49500,0.04503,0.95463,0.00034
97.50250,0.49500,0.03195,0.96781,0.00024
97.60250,0.49500,0.07384,0.92596,0.00020
97.70250,0.49500,0.05832,0.94127,0.00041
97.80250,0.49500,0.05201,0.94789,0.00010
97.90250,0.49500,0.04253,0.95705,0.00042
98.00250,0.49500,0.04711,0.95251,0.00037
98.10250,0.49500,0.02903,0.97034,0.00062
98.20250,0.49500,0.03075,0.96869,0.00056
98.30250,0.49500,0.03198,0.96701,0.00101
98.40250,0.49500,0.04058,0.95896,0.00046
98.50250,0.49500,0.04902,0.95036,0.00062
98.60250,0.49500,0.02795,0.97183,0.00023
98.70250,0.49500,0.02818,0.97072,0.00110
98.80250,0.49500,0.03591,0.96365,0.00044
98.90250,0.49500,0.06183,0.93791,0.00026
99.00250,0.49500,0.04998,0.94966,0.00035
99.10250,0.49500,0.21449,0.78535,0.00016
99.20250,0.49500,0.08339,0.91650,0.00011
99.30250,0.49500,0.13540,0.86453,0.00007
99.40250,0.49500,0.17017,0.82974,0.00009
99.50250,0.49500,0.11368,0.88620,0.00012
99.60250,0.49500,0.03791,0.96188,0.00021
99.70250,0.49500,0.04942,0.95045,0.00013
99.80250,0.49500,0.08711,0.91227,0.00062
99.90250,0.49500,0.04910,0.95066,0.00024
100.00250,0.49500,0.07413,0.92531,0.00056
100.10250,0.49500,0.03308,0.96633,0.00059
100.20250,0.49500,0.04291,0.95647,0.00062
100.30250,0.49500,0.02803,0.97147,0.00050
100.40250,0.49500,0.03380,0.96608,0.00012
100.50250,0.49500,0.03802,0.96188,0.00011
100.60250,0.49500,0.02848,0.97130,0.00022
100.70250,0.49500,0.08245,0.91744,0.00011
100.80250,0.49500,0.05117,0.94867,0.00016
100.90250,0.49500,0.07652,0.92333,0.00015
101.00250,0.49500,0.07406,0.92584,0.00010
101.10250,0.49500,0.18237,0.81737,0.00026
101.20250,0.49500,0.10104,0.89887,0.00009
101.30250,0.49500,0.05932,0.93989,0.00079
101.40250,0.49500,0.05095,0.94802,0.00103
101.50250,0.49500,0.05636,0.94341,0.00023
101.60250,0.49500,0.05295,0.94673,0.00032
101.70250,0.49500,0.15452,0.84510,0.00037
101.80250,0.49500,0.04428,0.95511,0.00061
101.90250,0.49500,0.13924,0.86066,0.00010
102.00250,0.49500,0.07167,0.92812,0.00021
102.10250,0.49500,0.04269,0.95707,0.00025
102.20250,0.49500,0.05552,0.94440,0.00008
102.30250,0.49500,0.11289,0.88685,0.00025
102.40250,0.49500,0.04984,0.94998,0.00018
102.50250,0.49500,0.06515,0.93389,0.00096
102.60250,0.49500,0.09671,0.90296,0.00033
102.70250,0.49500,0.12514,0.87462,0.00024
102.80250,0.49500,0.09687,0.90308,0.00005
102.90250,0.49500,0.10962,0.88978,0.00061
103.00250,0.49500,0.10393,0.89600,0.00007
103.10250,0.49500,0.32566,0.67425,0.00009
103.20250,0.49500,0.41100,0.58890,0.00009
103.30250,0.49500,0.53955,0.46027,0.00018
103.40250,0.49500,0.91179,0.08821,0.00000
103.50250,0.49500,0.79408,0.20591,0.00000
103.60250,0.49500,0.98760,0.01240,0.00000
103.70250,0.49500,0.99790,0.00210,0.00000
103.80250,0.49500,0.99988,0.00012,0.00000
103.90250,0.49500,0.99999,0.00001,0.00000
104.00250,0.49500,0.99785,0.00215,0.00000
104.10250,0.49500,0.99981,0.00019,0.00000
104.20250,0.49500,0.99747,0.00250,0.00003
104.30250,0.49500,0.67158,0.32761,0.00081
104.40250,0.49500,0.99135,0.00864,0.00001
104.50250,0.49500,0.84374,0.15584,0.00041
104.60250,0.49500,0.80459,0.19536,0.00005
104.70250,0.49500,0.73685,0.26314,0.00001
104.80250,0.49500,0.75557,0.24431,0.00013
104.90250,0.49500,0.70739,0.29257,0.00004
105.00250,0.49500,0.52803,0.47192,0.00004
105.10250,0.49500,0.08744,0.91166,0.00090
105.20250,0.49500,0.15528,0.84441,0.00030
105.30250,0.49500,0.16455,0.83503,0.00042
105.40250,0.49500,0.29286,0.70699,0.00015
105.50250,0.49500,0.13372,0.86593,0.00035
105.60250,0.49500,0.07699,0.92251,0.00051
105.70250,0.49500,0.06882,0.93031,0.00087
105.80250,0.49500,0.06436,0.93511,0.00053
105.90250,0.49500,0.02523,0.97383,0.00094
106.00250,0.49500,0.03496,0.96384,0.00120
106.10250,0.49500,0.04055,0.95908,0.00037
106.20250,0.49500,0.04911,0.95062,0.00028
106.30250,0.49500,0.07069,0.92894,0.00036
106.40250,0.49500,0.01919,0.98031,0.00050
106.50250,0.49500,0.07773,0.92183,0.00044
106.60250,0.49500,0.02183,0.97772,0.00045
106.70250,0.49500,0.05913,0.94042,0.00045
106.80250,0.49500,0.06383,0.93557,0.00060
106.90250,0.49500,0.07608,0.92300,0.00092
107.00250,0.49500,0.06226,0.93726,0.00049
107.10250,0.49500,0.03479,0.96495,0.00027
107.20250,0.49500,0.03096,0.96809,0.00094
107.30250,0.49500,0.06594,0.93337,0.00069
107.40250,0.49500,0.02844,0.97122,0.00034
107.50250,0.49500,0.02439,0.97512,0.00049
107.60250,0.49500,0.03772,0.96182,0.00046
107.70250,0.49500,0.02907,0.97026,0.00067
107.80250,0.49500,0.05736,0.94181,0.00083
107.90250,0.49500,0.05815,0.94100,0.00085
108.00250,0.49500,0.04027,0.95914,0.00059
108.10250,0.49500,0.07235,0.92739,0.00026
108.20250,0.49500,0.13352,0.86599,0.00049
108.30250,0.49500,0.07283,0.92671,0.00046
108.40250,0.49500,0.04568,0.95411,0.00021
108.50250,0.49500,0.02926,0.97051,0.00022
108.60250,0.49500,0.03199,0.96768,0.00033
108.70250,0.49500,0.06471,0.93508,0.00021
108.80250,0.49500,0.05506,0.94444,0.00050
108.90250,0.49500,0.05258,0.94697,0.00046
109.00250,0.49500,0.04723,0.95221,0.00056
109.10250,0.49500,0.03136,0.96820,0.00043
109.20250,0.49500,0.05528,0.94454,0.00018
109.30250,0.49500,0.03843,0.96134,0.00023
109.40250,0.49500,0.02364,0.97602,0.00034
109.50250,0.49500,0.02663,0.97315,0.00022
109.60250,0.49500,0.02059,0.97870,0.00071
109.70250,0.49500,0.03436,0.96490,0.00074
109.80250,0.49500,0.02203,0.97709,0.00089
109.90250,0.49500,0.02637,0.97272,0.00091
110.00250,0.49500,0.02185,0.97789,0.00025
110.10250,0.49500,0.04676,0.95271,0.00053
110.20250,0.49500,0.05266,0.94708,0.00026
110.30250,0.49500,0.05999,0.93979,0.00022
110.40250,0.49500,0.11676,0.88312,0.00012
110.50250,0.49500,0.03884,0.96105,0.00011
110.60250,0.49500,0.02036,0.97842,0.00122
110.70250,0.49500,0.02692,0.97284,0.00024
110.80250,0.49500,0.04161,0.95778,0.00061
110.90250,0.49500,0.04201,0.95774,0.00025
111.00250,0.49500,0.02627,0.97310,0.00063
111.10250,0.49500,0.07339,0.92594,0.00066
111.20250,0.49500,0.05070,0.94878,0.00052
111.30250,0.49500,0.11149,0.88820,0.00031
111.40250,0.49500,0.05923,0.94070,0.00007
111.50250,0.49500,0.03776,0.96185,0.00038
111.60250,0.49500,0.09016,0.90962,0.00022
111.70250,0.49500,0.15968,0.84010,0.00022
111.80250,0.49500,0.26003,0.73989,0.00007
111.90250,0.49500,0.08766,0.91225,0.00009
112.00250,0.49500,0.04696,0.95293,0.00011
112.10250,0.49500,0.04601,0.95367,0.00032
112.20250,0.49500,0.05991,0.93966,0.00043
112.30250,0.49500,0.09421,0.90560,0.00019
112.40250,0.49500,0.05412,0.94565,0.00023
112.50250,0.49500,0.06096,0.93844,0.00059
112.60250,0.49500,0.11644,0.88324,0.00032
112.70250,0.49500,0.08344,0.91639,0.00017
112.80250,0.49500,0.06509,0.93475,0.00016
112.90250,0.49500,0.03215,0.96747,0.00038
113.00250,0.49500,0.02493,0.97386,0.00121
113.10250,0.49500,0.04032,0.95892,0.00076
113.20250,0.49500,0.02837,0.97112,0.00051
113.30250,0.49500,0.03541,0.96412,0.00047
113.40250,0.49500,0.03156,0.96815,0.00028
113.50250,0.49500,0.02252,0.97714,0.00034
113.60250,0.49500,0.02715,0.97244,0.00041
113.70250,0.49500,0.02052,0.97906,0.00042
113.80250,0.49500,0.02428,0.97541,0.00031
113.90250,0.49500,0.01975,0.97975,0.00050
114.00250,0.49500,0.06864,0.93082,0.00054
114.10250,0.49500,0.05728,0.94195,0.00077
114.20250,0.49500,0.05663,0.94285,0.00052
114.30250,0.49500,0.04864,0.95021,0.00114
114.40250,0.49500,0.02401,0.97435,0.00164
114.50250,0.49500,0.02819,0.97073,0.00108
114.60250,0.49500,0.01980,0.97961,0.00059
114.70250,0.49500,0.03962,0.95923,0.00115
114.80250,0.49500,0.02724,0.97244,0.00031
114.90250,0.49500,0.04384,0.95568,0.00048
115.00250,0.49500,0.03858,0.96129,0.00014
115.10250,0.49500,0.01949,0.97992,0.00060
115.20250,0.49500,0.02176,0.97792,0.00032
115.30250,0.49500,0.01974,0.97981,0.00045
115.40250,0.49500,0.03822,0.96130,0.00048
115.50250,0.49500,0.03232,0.96675,0.00093
115.60250,0.49500,0.03747,0.96225,0.00027
115.70250,0.49500,0.08839,0.91094,0.00067
115.80250,0.49500,0.03507,0.96433,0.00060
115.90250,0.49500,0.02661,0.97180,0.00159
116.00250,0.49500,0.02112,0.97834,0.00054
116.10250,0.49500,0.02247,0.97666,0.00086
116.20250,0.49500,0.01685,0.98234,0.00081
116.30250,0.49500,0.02959,0.96977,0.00064
116.40250,0.49500,0.03103,0.96859,0.00039
116.50250,0.49500,0.02952,0.97032,0.00016
116.60250,0.49500,0.01633,0.98336,0.00031
116.70250,0.49500,0.01998,0.97971,0.00031
116.80250,0.49500,0.02109,0.97850,0.00041
116.90250,0.49500,0.02469,0.97493,0.00037
117.00250,0.49500,0.01630,0.98269,0.00101
117.10250,0.49500,0.02172,0.97759,0.00069
117.20250,0.49500,0.02538,0.97333,0.00129
117.30250,0.49500,0.02495,0.97324,0.00182
117.40250,0.49500,0.05035,0.94909,0.00056
117.50250,0.49500,0.06913,0.93021,0.00066
117.60250,0.49500,0.05077,0.94867,0.00056
117.70250,0.49500,0.02333,0.97516,0.00151
117.80250,0.49500,0.04182,0.95728,0.00090
117.90250,0.49500,0.03086,0.96863,0.00052
118.00250,0.49500,0.04525,0.95372,0.00104
118.10250,0.49500,0.07342,0.92641,0.00017
118.20250,0.49500,0.08710,0.91229,0.00062
118.30250,0.49500,0.05038,0.94934,0.00028
118.40250,0.49500,0.06284,0.93695,0.00021
118.50250,0.49500,0.06916,0.93058,0.00026
118.60250,0.49500,0.03424,0.96507,0.00069
118.70250,0.49500,0.02280,0.97604,0.00116
118.80250,0.49500,0.03935,0.96039,0.00026
118.90250,0.49500,0.05460,0.94507,0.00033
119.00250,0.49500,0.03156,0.96831,0.00013
119.10250,0.49500,0.02425,0.97496,0.00079
119.20250,0.49500,0.04289,0.95701,0.00011
119.30250,0.49500,0.05216,0.94765,0.00019
119.40250,0.49500,0.02572,0.97414,0.00014
119.50250,0.49500,0.04320,0.95664,0.00015
119.60250,0.49500,0.02096,0.97885,0.00019
119.70250,0.49500,0.04019,0.95964,0.00018
119.80250,0.49500,0.04459,0.95522,0.00019
119.90250,0.49500,0.01929,0.98054,0.00018
120.00250,0.49500,0.01772,0.98180,0.00048
120.10250,0.49500,0.01761,0.98202,0.00036
120.20250,0.49500,0.01749,0.98221,0.00030
120.30250,0.49500,0.01766,0.98174,0.00060
120.40250,0.49500,0.02099,0.97844,0.00057
120.50250,0.49500,0.02566,0.97406,0.00027
120.60250,0.49500,0.02223,0.97738,0.00038
120.70250,0.49500,0.04491,0.95488,0.00021
120.80250,0.49500,0.02170,0.97773,0.00056
120.90250,0.49500,0.02158,0.97756,0.00086
121.00250,0.49500,0.02091,0.97869,0.00040
121.10250,0.49500,0.02090,0.97867,0.00043
121.20250,0.49500,0.02034,0.97890,0.00076
121.30250,0.49500,0.03914,0.96005,0.00081
121.40250,0.49500,0.02669,0.97217,0.00114
