Time (seconds), Duration (seconds),pred_(unlabeled),pred_On,pred_Off,pred_Dimmer,pred_Lighter
0.01000,1.98000,0.99874,0.00065,0.00061,0.00000,0.00000
0.21000,1.98000,0.99903,0.00077,0.00020,0.00000,0.00000
0.41000,1.98000,0.99927,0.00061,0.00012,0.00000,0.00000
0.61000,1.98000,0.99976,0.00023,0.00000,0.00000,0.00000
0.81000,1.98000,0.99864,0.00088,0.00047,0.00000,0.00000
1.01000,1.98000,0.99992,0.00004,0.00004,0.00000,0.00000
1.21000,1.98000,0.99937,0.00059,0.00003,0.00000,0.00000
1.41000,1.98000,0.99947,0.00046,0.00007,0.00000,0.00000
1.61000,1.98000,0.99944,0.00052,0.00005,0.00000,0.00000
1.81000,1.98000,0.99944,0.00056,0.00000,0.00000,0.00000
2.01000,1.98000,0.99945,0.00055,0.00001,0.00000,0.00000
2.21000,1.98000,0.99894,0.00105,0.00001,0.00000,0.00000
2.41000,1.98000,0.99996,0.00003,0.00000,0.00000,0.00000
2.61000,1.98000,0.99885,0.00100,0.00015,0.00000,0.00000
2.81000,1.98000,0.99880,0.00117,0.00003,0.00000,0.00000
3.01000,1.98000,0.98705,0.01285,0.00010,0.00000,0.00000
3.21000,1.98000,0.99852,0.00145,0.00002,0.00000,0.00001
3.41000,1.98000,0.99882,0.00113,0.00002,0.00000,0.00002
3.61000,1.98000,0.99956,0.00036,0.00006,0.00000,0.00002
3.81000,1.98000,0.99988,0.00010,0.00002,0.00000,0.00000
4.01000,1.98000,0.99907,0.00007,0.00083,0.00001,0.00001
4.21000,1.98000,0.99990,0.00001,0.00008,0.00000,0.00000
4.41000,1.98000,0.99975,0.00002,0.00023,0.00000,0.00000
4.61000,1.98000,0.99994,0.00005,0.00002,0.00000,0.00000
4.81000,1.98000,0.99932,0.00000,0.00067,0.00000,0.00000
5.01000,1.98000,1.00000,0.00000,0.00000,0.00000,0.00000
5.21000,1.98000,0.99973,0.00000,0.00027,0.00000,0.00000
5.41000,1.98000,0.99996,0.00000,0.00004,0.00000,0.00000
5.61000,1.98000,1.00000,0.00000,0.00000,0.00000,0.00000
5.81000,1.98000,1.00000,0.00000,0.00000,0.00000,0.00000
6.01000,1.98000,0.99999,0.00000,0.00001,0.00000,0.00000
6.21000,1.98000,0.99990,0.00000,0.00010,0.00000,0.00000
6.41000,1.98000,0.99991,0.00001,0.00008,0.00000,0.00001
6.61000,1.98000,0.99905,0.00002,0.00093,0.00000,0.00000
6.81000,1.98000,0.99940,0.00055,0.00003,0.00000,0.00003
7.01000,1.98000,0.99877,0.00096,0.00017,0.00003,0.00006
7.21000,1.98000,0.99967,0.00006,0.00000,0.00000,0.00027
7.41000,1.98000,0.99974,0.00002,0.00004,0.00003,0.00017
7.61000,1.98000,0.99978,0.00000,0.00004,0.00004,0.00013
7.81000,1.98000,0.99993,0.00000,0.00003,0.00001,0.00003
8.01000,1.98000,0.99996,0.00000,0.00003,0.00001,0.00000
8.21000,1.98000,0.99996,0.00000,0.00002,0.00000,0.00002
8.41000,1.98000,0.99997,0.00000,0.00002,0.00000,0.00000
8.61000,1.98000,0.99996,0.00000,0.00003,0.00000,0.00000
8.81000,1.98000,0.99971,0.00000,0.00029,0.00000,0.00000
9.01000,1.98000,0.99974,0.00000,0.00026,0.00000,0.00000
9.21000,1.98000,0.99976,0.00000,0.00024,0.00000,0.00000
9.41000,1.98000,0.99992,0.00000,0.00007,0.00000,0.00001
9.61000,1.98000,0.99996,0.00000,0.00003,0.00000,0.00000
9.81000,1.98000,0.99950,0.00000,0.00045,0.00000,0.00005
10.01000,1.98000,0.99919,0.00000,0.00071,0.00001,0.00008
10.21000,1.98000,0.99885,0.00000,0.00104,0.00002,0.00008
10.41000,1.98000,0.99946,0.00000,0.00030,0.00007,0.00017
10.61000,1.98000,0.99906,0.00000,0.00023,0.00024,0.00047
10.81000,1.98000,0.99988,0.00000,0.00002,0.00003,0.00007
11.01000,1.98000,0.99965,0.00000,0.00018,0.00005,0.00012
11.21000,1.98000,0.99813,0.00000,0.00086,0.00014,0.00088
11.41000,1.98000,0.99900,0.00000,0.00054,0.00004,0.00042
11.61000,1.98000,0.99979,0.00000,0.00006,0.00000,0.00015
11.81000,1.98000,0.99968,0.00000,0.00002,0.00000,0.00030
12.01000,1.98000,0.99931,0.00001,0.00001,0.00001,0.00066
12.21000,1.98000,0.99970,0.00000,0.00001,0.00000,0.00028
12.41000,1.98000,0.99922,0.00000,0.00021,0.00000,0.00056
12.61000,1.98000,0.99979,0.00000,0.00008,0.00000,0.00013
12.81000,1.98000,0.99972,0.00000,0.00004,0.00000,0.00024
13.01000,1.98000,0.99993,0.00003,0.00001,0.00000,0.00004
13.21000,1.98000,0.99987,0.00006,0.00000,0.00000,0.00007
13.41000,1.98000,0.99989,0.00006,0.00001,0.00000,0.00003
13.61000,1.98000,0.99991,0.00001,0.00001,0.00000,0.00006
13.81000,1.98000,0.99976,0.00015,0.00006,0.00000,0.00002
14.01000,1.98000,0.99943,0.00051,0.00004,0.00000,0.00002
14.21000,1.98000,0.99972,0.00027,0.00001,0.00000,0.00000
14.41000,1.98000,0.99251,0.00743,0.00004,0.00000,0.00001
14.61000,1.98000,0.99809,0.00190,0.00001,0.00000,0.00000
14.81000,1.98000,0.99716,0.00278,0.00006,0.00000,0.00000
15.01000,1.98000,0.99925,0.00056,0.00018,0.00000,0.00001
15.21000,1.98000,0.99824,0.00173,0.00002,0.00000,0.00000
15.41000,1.98000,0.99875,0.00115,0.00009,0.00000,0.00001
15.61000,1.98000,0.99225,0.00755,0.00016,0.00001,0.00003
15.81000,1.98000,0.99771,0.00203,0.00025,0.00000,0.00001
16.01000,1.98000,0.98132,0.01851,0.00014,0.00001,0.00003
16.21000,1.98000,0.99392,0.00585,0.00010,0.00003,0.00010
16.41000,1.98000,0.99490,0.00467,0.00015,0.00003,0.00024
16.61000,1.98000,0.98071,0.01908,0.00007,0.00003,0.00011
16.81000,1.98000,0.96526,0.03290,0.00037,0.00018,0.00129
17.01000,1.98000,0.99831,0.00132,0.00014,0.00003,0.00020
17.21000,1.98000,0.99844,0.00092,0.00018,0.00012,0.00035
17.41000,1.98000,0.99847,0.00043,0.00055,0.00017,0.00038
17.61000,1.98000,0.99715,0.00060,0.00080,0.00093,0.00052
17.81000,1.98000,0.99582,0.00025,0.00115,0.00158,0.00120
18.01000,1.98000,0.99420,0.00009,0.00323,0.00140,0.00109
18.21000,1.98000,0.99764,0.00000,0.00115,0.00041,0.00079
18.41000,1.98000,0.97339,0.00002,0.02266,0.00279,0.00114
18.61000,1.98000,0.98339,0.00000,0.01054,0.00178,0.00429
18.81000,1.98000,0.97953,0.00008,0.00733,0.00856,0.00450
19.01000,1.98000,0.96757,0.00004,0.00518,0.01055,0.01665
19.21000,1.98000,0.99316,0.00004,0.00385,0.00135,0.00161
19.41000,1.98000,0.99069,0.00003,0.00229,0.00189,0.00511
19.61000,1.98000,0.99712,0.00005,0.00165,0.00054,0.00064
19.81000,1.98000,0.98808,0.00003,0.00183,0.00207,0.00799
20.01000,1.98000,0.99000,0.00005,0.00029,0.00207,0.00759
20.21000,1.98000,0.98252,0.00053,0.00280,0.00760,0.00656
20.41000,1.98000,0.99465,0.00004,0.00102,0.00127,0.00301
20.61000,1.98000,0.99384,0.00000,0.00255,0.00079,0.00281
20.81000,1.98000,0.98081,0.00008,0.00433,0.00641,0.00839
21.01000,1.98000,0.97636,0.00016,0.00491,0.01164,0.00693
21.21000,1.98000,0.99025,0.00002,0.00050,0.00184,0.00740
21.41000,1.98000,0.99287,0.00026,0.00015,0.00210,0.00463
21.61000,1.98000,0.96871,0.00031,0.00157,0.02201,0.00739
21.81000,1.98000,0.99385,0.00001,0.00109,0.00197,0.00308
22.01000,1.98000,0.98723,0.00001,0.00318,0.00319,0.00638
22.21000,1.98000,0.99890,0.00000,0.00078,0.00005,0.00028
22.41000,1.98000,0.99838,0.00000,0.00121,0.00025,0.00016
22.61000,1.98000,0.99966,0.00000,0.00030,0.00002,0.00002
22.81000,1.98000,0.99922,0.00000,0.00069,0.00003,0.00006
23.01000,1.98000,0.99645,0.00000,0.00353,0.00000,0.00002
23.21000,1.98000,0.99267,0.00000,0.00731,0.00000,0.00001
23.41000,1.98000,0.99646,0.00000,0.00354,0.00000,0.00000
23.61000,1.98000,0.99931,0.00000,0.00069,0.00000,0.00000
23.81000,1.98000,0.99950,0.00000,0.00050,0.00000,0.00000
24.01000,1.98000,0.99942,0.00000,0.00058,0.00000,0.00000
24.21000,1.98000,0.99967,0.00000,0.00033,0.00000,0.00000
24.41000,1.98000,0.99993,0.00002,0.00006,0.00000,0.00000
24.61000,1.98000,0.99957,0.00003,0.00040,0.00000,0.00000
24.81000,1.98000,0.99975,0.00005,0.00019,0.00000,0.00000
25.01000,1.98000,0.99941,0.00042,0.00017,0.00000,0.00000
25.21000,1.98000,0.99732,0.00159,0.00109,0.00000,0.00000
25.41000,1.98000,0.99975,0.00002,0.00023,0.00000,0.00000
25.61000,1.98000,0.99967,0.00000,0.00033,0.00000,0.00000
25.81000,1.98000,0.99977,0.00000,0.00023,0.00000,0.00000
26.01000,1.98000,0.99968,0.00000,0.00031,0.00000,0.00000
26.21000,1.98000,0.99923,0.00000,0.00076,0.00000,0.00000
26.41000,1.98000,0.99974,0.00000,0.00026,0.00000,0.00000
26.61000,1.98000,0.99978,0.00000,0.00022,0.00000,0.00001
26.81000,1.98000,0.99986,0.00000,0.00011,0.00000,0.00003
27.01000,1.98000,0.99992,0.00000,0.00007,0.00000,0.00001
27.21000,1.98000,0.99948,0.00000,0.00049,0.00001,0.00001
27.41000,1.98000,0.99938,0.00002,0.00054,0.00001,0.00006
27.61000,1.98000,0.99869,0.00001,0.00125,0.00001,0.00005
27.81000,1.98000,0.99927,0.00006,0.00066,0.00000,0.00001
28.01000,1.98000,0.99495,0.00002,0.00502,0.00000,0.00001
28.21000,1.98000,0.99980,0.00005,0.00015,0.00000,0.00000
28.41000,1.98000,0.99992,0.00001,0.00007,0.00000,0.00000
28.61000,1.98000,0.99996,0.00002,0.00002,0.00000,0.00000
28.81000,1.98000,0.99963,0.00001,0.00035,0.00000,0.00001
29.01000,1.98000,0.99957,0.00001,0.00039,0.00000,0.00002
29.21000,1.98000,0.99473,0.00003,0.00462,0.00010,0.00051
29.41000,1.98000,0.99662,0.00006,0.00313,0.00005,0.00014
29.61000,1.98000,0.99715,0.00001,0.00229,0.00003,0.00054
29.81000,1.98000,0.99888,0.00000,0.00036,0.00002,0.00073
30.01000,1.98000,0.99874,0.00001,0.00037,0.00011,0.00076
30.21000,1.98000,0.99683,0.00002,0.00140,0.00047,0.00129
30.41000,1.98000,0.99662,0.00000,0.00130,0.00031,0.00176
30.61000,1.98000,0.99660,0.00001,0.00196,0.00068,0.00075
30.81000,1.98000,0.99624,0.00000,0.00251,0.00030,0.00094
31.01000,1.98000,0.99920,0.00000,0.00063,0.00003,0.00014
31.21000,1.98000,0.99917,0.00001,0.00059,0.00004,0.00018
31.41000,1.98000,0.99966,0.00000,0.00029,0.00001,0.00004
31.61000,1.98000,0.99958,0.00000,0.00029,0.00001,0.00012
31.81000,1.98000,0.99975,0.00001,0.00014,0.00001,0.00008
32.01000,1.98000,0.99886,0.00004,0.00107,0.00002,0.00002
32.21000,1.98000,0.99853,0.00001,0.00143,0.00001,0.00003
32.41000,1.98000,0.99923,0.00002,0.00075,0.00000,0.00000
32.61000,1.98000,0.99853,0.00004,0.00144,0.00000,0.00000
32.81000,1.98000,0.99143,0.00169,0.00687,0.00001,0.00000
33.01000,1.98000,0.98892,0.00783,0.00324,0.00002,0.00000
33.21000,1.98000,0.99152,0.00458,0.00388,0.00001,0.00001
33.41000,1.98000,0.99899,0.00042,0.00058,0.00000,0.00000
33.61000,1.98000,0.99924,0.00065,0.00010,0.00000,0.00000
33.81000,1.98000,0.99821,0.00035,0.00143,0.00000,0.00000
34.01000,1.98000,0.99931,0.00054,0.00014,0.00000,0.00000
34.21000,1.98000,0.99494,0.00006,0.00487,0.00003,0.00010
34.41000,1.98000,0.99951,0.00005,0.00024,0.00003,0.00017
34.61000,1.98000,0.99968,0.00000,0.00030,0.00000,0.00003
34.81000,1.98000,0.99998,0.00000,0.00002,0.00000,0.00001
35.01000,1.98000,0.99924,0.00000,0.00072,0.00000,0.00005
35.21000,1.98000,0.99992,0.00000,0.00008,0.00000,0.00000
35.41000,1.98000,0.99898,0.00000,0.00101,0.00000,0.00001
35.61000,1.98000,0.99878,0.00000,0.00121,0.00000,0.00001
35.81000,1.98000,0.99806,0.00000,0.00192,0.00000,0.00002
36.01000,1.98000,0.99895,0.00000,0.00104,0.00000,0.00001
36.21000,1.98000,0.99781,0.00000,0.00218,0.00000,0.00001
36.41000,1.98000,0.99933,0.00000,0.00067,0.00000,0.00000
36.61000,1.98000,0.99855,0.00000,0.00145,0.00000,0.00000
36.81000,1.98000,0.99984,0.00000,0.00016,0.00000,0.00000
37.01000,1.98000,0.90610,0.00000,0.09372,0.00012,0.00006
37.21000,1.98000,0.99662,0.00000,0.00334,0.00002,0.00001
37.41000,1.98000,0.99753,0.00000,0.00243,0.00003,0.00001
37.61000,1.98000,0.99962,0.00000,0.00036,0.00001,0.00000
37.81000,1.98000,0.99906,0.00000,0.00087,0.00006,0.00000
38.01000,1.98000,0.99995,0.00000,0.00003,0.00002,0.00000
38.21000,1.98000,0.99998,0.00000,0.00001,0.00001,0.00000
38.41000,1.98000,0.99998,0.00000,0.00000,0.00002,0.00000
38.61000,1.98000,0.99998,0.00000,0.00000,0.00001,0.00001
38.81000,1.98000,0.99998,0.00000,0.00000,0.00001,0.00001
39.01000,1.98000,0.99999,0.00000,0.00000,0.00000,0.00001
39.21000,1.98000,0.99999,0.00000,0.00000,0.00000,0.00001
39.41000,1.98000,0.99997,0.00000,0.00000,0.00001,0.00002
39.61000,1.98000,0.99974,0.00000,0.00001,0.00008,0.00017
39.81000,1.98000,0.99863,0.00001,0.00005,0.00045,0.00086
40.01000,1.98000,0.99816,0.00004,0.00017,0.00120,0.00043
40.21000,1.98000,0.99803,0.00026,0.00031,0.00094,0.00046
40.41000,1.98000,0.99192,0.00032,0.00168,0.00380,0.00228
40.61000,1.98000,0.99986,0.00001,0.00008,0.00004,0.00002
40.81000,1.98000,0.99979,0.00000,0.00018,0.00001,0.00001
41.01000,1.98000,0.99920,0.00000,0.00079,0.00001,0.00001
41.21000,1.98000,0.99923,0.00000,0.00075,0.00001,0.00001
41.41000,1.98000,0.99780,0.00000,0.00213,0.00004,0.00004
41.61000,1.98000,0.99975,0.00000,0.00022,0.00001,0.00002
41.81000,1.98000,0.99990,0.00001,0.00008,0.00000,0.00001
42.01000,1.98000,0.99978,0.00001,0.00017,0.00000,0.00004
42.21000,1.98000,0.99676,0.00019,0.00280,0.00006,0.00018
42.41000,1.98000,0.99976,0.00001,0.00018,0.00000,0.00005
42.61000,1.98000,0.99840,0.00000,0.00153,0.00000,0.00007
42.81000,1.98000,0.99083,0.00002,0.00867,0.00007,0.00040
43.01000,1.98000,0.96171,0.00001,0.03549,0.00100,0.00179
43.21000,1.98000,0.99179,0.00000,0.00790,0.00017,0.00013
43.41000,1.98000,0.99924,0.00000,0.00071,0.00002,0.00002
43.61000,1.98000,0.99973,0.00000,0.00025,0.00001,0.00000
43.81000,1.98000,0.99996,0.00000,0.00004,0.00000,0.00000
44.01000,1.98000,1.00000,0.00000,0.00000,0.00000,0.00000
44.21000,1.98000,1.00000,0.00000,0.00000,0.00000,0.00000
44.41000,1.98000,1.00000,0.00000,0.00000,0.00000,0.00000
44.61000,1.98000,0.99999,0.00000,0.00001,0.00000,0.00000
44.81000,1.98000,0.99984,0.00005,0.00011,0.00000,0.00000
45.01000,1.98000,0.99889,0.00008,0.00103,0.00000,0.00000
45.21000,1.98000,0.99942,0.00005,0.00052,0.00000,0.00001
45.41000,1.98000,0.99919,0.00001,0.00080,0.00000,0.00000
45.61000,1.98000,0.99980,0.00000,0.00020,0.00000,0.00000
45.81000,1.98000,0.99820,0.00000,0.00180,0.00000,0.00000
46.01000,1.98000,0.99649,0.00000,0.00351,0.00000,0.00000
46.21000,1.98000,0.98652,0.00000,0.01348,0.00000,0.00000
46.41000,1.98000,0.99932,0.00000,0.00068,0.00000,0.00000
46.61000,1.98000,0.99953,0.00000,0.00047,0.00000,0.00000
46.81000,1.98000,0.98947,0.00000,0.01053,0.00000,0.00000
47.01000,1.98000,0.95661,0.00000,0.04336,0.00002,0.00001
47.21000,1.98000,0.97574,0.00105,0.02302,0.00007,0.00012
47.41000,1.98000,0.98682,0.00007,0.01296,0.00013,0.00001
47.61000,1.98000,0.99938,0.00004,0.00057,0.00000,0.00000
47.81000,1.98000,0.99873,0.00000,0.00104,0.00021,0.00002
48.01000,1.98000,0.99998,0.00000,0.00001,0.00001,0.00000
48.21000,1.98000,0.99999,0.00000,0.00001,0.00000,0.00000
48.41000,1.98000,0.99998,0.00000,0.00001,0.00000,0.00001
48.61000,1.98000,0.99988,0.00000,0.00000,0.00003,0.00008
48.81000,1.98000,0.99699,0.00027,0.00004,0.00114,0.00156
49.01000,1.98000,0.98962,0.00477,0.00007,0.00220,0.00335
49.21000,1.98000,0.87352,0.02503,0.00140,0.04948,0.05057
49.41000,1.98000,0.38529,0.32346,0.00351,0.06150,0.22624
49.61000,1.98000,0.98792,0.00432,0.00056,0.00116,0.00604
49.81000,1.98000,0.99213,0.00593,0.00083,0.00039,0.00071
50.01000,1.98000,0.92269,0.00556,0.00314,0.01117,0.05744
50.21000,1.98000,0.98746,0.00172,0.00095,0.00271,0.00715
50.41000,1.98000,0.99553,0.00009,0.00023,0.00054,0.00361
50.61000,1.98000,0.99658,0.00003,0.00022,0.00034,0.00284
50.81000,1.98000,0.97692,0.00004,0.00057,0.00074,0.02172
51.01000,1.98000,0.99691,0.00005,0.00010,0.00007,0.00287
51.21000,1.98000,0.99451,0.00001,0.00008,0.00005,0.00536
51.41000,1.98000,0.99564,0.00000,0.00015,0.00004,0.00417
51.61000,1.98000,0.99979,0.00000,0.00003,0.00000,0.00018
51.81000,1.98000,0.99977,0.00000,0.00005,0.00000,0.00018
52.01000,1.98000,0.99987,0.00000,0.00004,0.00000,0.00009
52.21000,1.98000,0.99922,0.00000,0.00047,0.00000,0.00031
52.41000,1.98000,0.99943,0.00000,0.00043,0.00000,0.00015
52.61000,1.98000,0.99761,0.00000,0.00225,0.00000,0.00014
52.81000,1.98000,0.99664,0.00000,0.00301,0.00000,0.00035
53.01000,1.98000,0.99564,0.00000,0.00422,0.00001,0.00013
53.21000,1.98000,0.98905,0.00000,0.01083,0.00001,0.00011
53.41000,1.98000,0.99945,0.00000,0.00055,0.00000,0.00000
53.61000,1.98000,0.94284,0.00000,0.05702,0.00003,0.00010
53.81000,1.98000,0.77837,0.00000,0.22142,0.00007,0.00013
54.01000,1.98000,0.65029,0.00001,0.34908,0.00016,0.00047
54.21000,1.98000,0.91592,0.00003,0.08373,0.00023,0.00009
54.41000,1.98000,0.96864,0.00008,0.03071,0.00040,0.00018
54.61000,1.98000,0.99965,0.00000,0.00034,0.00001,0.00000
54.81000,1.98000,0.99872,0.00000,0.00127,0.00000,0.00000
55.01000,1.98000,0.99987,0.00000,0.00012,0.00000,0.00000
55.21000,1.98000,0.99973,0.00000,0.00018,0.00004,0.00004
55.41000,1.98000,0.99979,0.00000,0.00004,0.00005,0.00012
55.61000,1.98000,0.99984,0.00004,0.00009,0.00002,0.00002
55.81000,1.98000,0.99980,0.00020,0.00000,0.00000,0.00000
56.01000,1.98000,0.99210,0.00774,0.00013,0.00001,0.00002
56.21000,1.98000,0.96299,0.03693,0.00008,0.00000,0.00000
56.41000,1.98000,0.99670,0.00325,0.00005,0.00000,0.00000
56.61000,1.98000,0.99922,0.00077,0.00000,0.00000,0.00000
56.81000,1.98000,0.99980,0.00019,0.00001,0.00000,0.00000
57.01000,1.98000,0.99987,0.00012,0.00001,0.00000,0.00000
57.21000,1.98000,0.99989,0.00001,0.00010,0.00000,0.00000
57.41000,1.98000,0.99980,0.00001,0.00019,0.00000,0.00000
57.61000,1.98000,0.99988,0.00000,0.00012,0.00000,0.00000
57.81000,1.98000,0.99987,0.00000,0.00013,0.00000,0.00000
58.01000,1.98000,0.99946,0.00000,0.00054,0.00000,0.00000
58.21000,1.98000,0.99967,0.00001,0.00032,0.00000,0.00000
58.41000,1.98000,0.99598,0.00000,0.00401,0.00000,0.00000
58.61000,1.98000,0.96256,0.00008,0.03736,0.00000,0.00000
58.81000,1.98000,0.98307,0.00000,0.01693,0.00000,0.00000
59.01000,1.98000,0.99776,0.00000,0.00222,0.00001,0.00000
59.21000,1.98000,0.99729,0.00000,0.00268,0.00002,0.00000
59.41000,1.98000,0.99983,0.00000,0.00016,0.00001,0.00000
59.61000,1.98000,0.99989,0.00000,0.00010,0.00000,0.00000
59.81000,1.98000,0.99999,0.00000,0.00000,0.00000,0.00000
60.01000,1.98000,1.00000,0.00000,0.00000,0.00000,0.00000
60.21000,1.98000,0.99999,0.00000,0.00000,0.00000,0.00000
60.41000,1.98000,0.99991,0.00002,0.00002,0.00003,0.00003
60.61000,1.98000,0.99995,0.00000,0.00002,0.00001,0.00003
60.81000,1.98000,0.99952,0.00027,0.00015,0.00002,0.00003
61.01000,1.98000,0.99885,0.00099,0.00010,0.00001,0.00005
61.21000,1.98000,0.79823,0.19918,0.00121,0.00023,0.00115
61.41000,1.98000,0.92994,0.06899,0.00079,0.00002,0.00026
61.61000,1.98000,0.99713,0.00021,0.00257,0.00001,0.00009
61.81000,1.98000,0.99989,0.00000,0.00010,0.00000,0.00001
62.01000,1.98000,0.99899,0.00000,0.00098,0.00000,0.00003
62.21000,1.98000,0.99974,0.00000,0.00025,0.00000,0.00000
62.41000,1.98000,0.99754,0.00000,0.00244,0.00000,0.00002
62.61000,1.98000,0.99996,0.00000,0.00003,0.00000,0.00000
62.81000,1.98000,0.99974,0.00000,0.00024,0.00001,0.00001
63.01000,1.98000,0.99990,0.00000,0.00009,0.00000,0.00000
63.21000,1.98000,0.99666,0.00000,0.00317,0.00016,0.00001
63.41000,1.98000,0.99938,0.00000,0.00048,0.00013,0.00000
63.61000,1.98000,0.99985,0.00000,0.00014,0.00001,0.00000
63.81000,1.98000,0.99995,0.00000,0.00002,0.00002,0.00000
64.01000,1.98000,0.99988,0.00000,0.00010,0.00002,0.00000
64.21000,1.98000,0.99981,0.00011,0.00005,0.00003,0.00000
64.41000,1.98000,0.99951,0.00016,0.00026,0.00007,0.00000
64.61000,1.98000,0.99002,0.00158,0.00211,0.00599,0.00030
64.81000,1.98000,0.99938,0.00013,0.00030,0.00016,0.00002
65.01000,1.98000,0.99995,0.00000,0.00002,0.00001,0.00002
65.21000,1.98000,0.99983,0.00000,0.00015,0.00001,0.00001
65.41000,1.98000,0.99950,0.00000,0.00037,0.00003,0.00009
65.61000,1.98000,0.99901,0.00000,0.00085,0.00003,0.00011
65.81000,1.98000,0.99920,0.00000,0.00058,0.00003,0.00020
66.01000,1.98000,0.99642,0.00000,0.00261,0.00047,0.00050
66.21000,1.98000,0.99991,0.00000,0.00001,0.00000,0.00007
66.41000,1.98000,0.99877,0.00000,0.00057,0.00004,0.00062
66.61000,1.98000,0.99927,0.00001,0.00031,0.00000,0.00041
66.81000,1.98000,0.99923,0.00000,0.00073,0.00000,0.00004
67.01000,1.98000,0.99934,0.00000,0.00064,0.00000,0.00002
67.21000,1.98000,0.99642,0.00000,0.00355,0.00001,0.00002
67.41000,1.98000,0.99944,0.00002,0.00052,0.00000,0.00001
67.61000,1.98000,0.98910,0.00007,0.01073,0.00007,0.00003
67.81000,1.98000,0.99939,0.00000,0.00060,0.00000,0.00000
68.01000,1.98000,0.99827,0.00000,0.00172,0.00000,0.00000
68.21000,1.98000,0.99948,0.00000,0.00051,0.00001,0.00000
68.41000,1.98000,0.99747,0.00000,0.00252,0.00000,0.00000
68.61000,1.98000,0.99986,0.00001,0.00013,0.00000,0.00000
68.81000,1.98000,0.99578,0.00002,0.00418,0.00001,0.00001
69.01000,1.98000,0.99981,0.00003,0.00014,0.00001,0.00002
69.21000,1.98000,0.99876,0.00001,0.00121,0.00000,0.00002
69.41000,1.98000,0.99979,0.00005,0.00013,0.00000,0.00002
69.61000,1.98000,0.99951,0.00000,0.00048,0.00000,0.00001
69.81000,1.98000,0.99931,0.00005,0.00055,0.00004,0.00005
70.01000,1.98000,0.99976,0.00000,0.00022,0.00000,0.00001
70.21000,1.98000,0.99992,0.00000,0.00007,0.00001,0.00000
70.41000,1.98000,0.99998,0.00000,0.00001,0.00001,0.00000
70.61000,1.98000,0.99989,0.00000,0.00008,0.00003,0.00001
70.81000,1.98000,0.99998,0.00000,0.00002,0.00000,0.00000
71.01000,1.98000,0.99998,0.00000,0.00002,0.00000,0.00000
71.21000,1.98000,0.99993,0.00000,0.00007,0.00001,0.00000
71.41000,1.98000,0.99943,0.00000,0.00051,0.00005,0.00001
71.61000,1.98000,0.99824,0.00000,0.00158,0.00011,0.00006
71.81000,1.98000,0.99270,0.00000,0.00709,0.00007,0.00013
72.01000,1.98000,0.99740,0.00000,0.00252,0.00002,0.00006
72.21000,1.98000,0.99964,0.00000,0.00036,0.00000,0.00001
72.41000,1.98000,0.99698,0.00000,0.00301,0.00000,0.00000
72.61000,1.98000,0.99843,0.00000,0.00157,0.00000,0.00000
72.81000,1.98000,0.99977,0.00000,0.00023,0.00000,0.00000
73.01000,1.98000,0.99717,0.00000,0.00283,0.00000,0.00000
73.21000,1.98000,0.99975,0.00000,0.00025,0.00000,0.00000
73.41000,1.98000,0.99909,0.00000,0.00091,0.00000,0.00000
73.61000,1.98000,0.99998,0.00000,0.00002,0.00000,0.00000
73.81000,1.98000,0.99943,0.00004,0.00053,0.00000,0.00000
74.01000,1.98000,0.99994,0.00003,0.00004,0.00000,0.00000
74.21000,1.98000,0.99185,0.00802,0.00013,0.00000,0.00000
74.41000,1.98000,0.99827,0.00108,0.00066,0.00000,0.00000
74.61000,1.98000,0.99950,0.00008,0.00042,0.00000,0.00000
74.81000,1.98000,0.99968,0.00002,0.00030,0.00000,0.00000
75.01000,1.98000,0.99968,0.00026,0.00006,0.00000,0.00000
75.21000,1.98000,0.99980,0.00005,0.00015,0.00000,0.00000
75.41000,1.98000,0.99954,0.00034,0.00011,0.00000,0.00000
75.61000,1.98000,0.99687,0.00008,0.00305,0.00000,0.00000
75.81000,1.98000,0.99887,0.00041,0.00071,0.00000,0.00000
76.01000,1.98000,0.99334,0.00123,0.00540,0.00001,0.00001
76.21000,1.98000,0.99944,0.00049,0.00007,0.00000,0.00000
76.41000,1.98000,0.99211,0.00713,0.00075,0.00000,0.00001
76.61000,1.98000,0.99460,0.00522,0.00018,0.00000,0.00000
76.81000,1.98000,0.99396,0.00258,0.00343,0.00000,0.00002
77.01000,1.98000,0.99870,0.00004,0.00125,0.00000,0.00001
77.21000,1.98000,0.99810,0.00000,0.00190,0.00000,0.00000
77.41000,1.98000,0.99995,0.00000,0.00005,0.00000,0.00000
77.61000,1.98000,0.99987,0.00001,0.00012,0.00000,0.00000
77.81000,1.98000,1.00000,0.00000,0.00000,0.00000,0.00000
78.01000,1.98000,0.99999,0.00000,0.00001,0.00000,0.00000
78.21000,1.98000,0.99993,0.00001,0.00006,0.00000,0.00000
78.41000,1.98000,0.99976,0.00000,0.00023,0.00000,0.00000
78.61000,1.98000,0.99976,0.00001,0.00022,0.00000,0.00000
78.81000,1.98000,0.99986,0.00005,0.00009,0.00000,0.00000
79.01000,1.98000,0.99889,0.00104,0.00007,0.00000,0.00000
79.21000,1.98000,0.99886,0.00099,0.00015,0.00000,0.00000
79.41000,1.98000,0.99985,0.00006,0.00009,0.00000,0.00000
79.61000,1.98000,0.99941,0.00013,0.00047,0.00000,0.00000
79.81000,1.98000,0.99965,0.00000,0.00035,0.00000,0.00000
80.01000,1.98000,0.99735,0.00000,0.00264,0.00000,0.00000
80.21000,1.98000,0.99970,0.00000,0.00030,0.00000,0.00000
80.41000,1.98000,0.99971,0.00000,0.00029,0.00000,0.00000
80.61000,1.98000,0.99872,0.00000,0.00128,0.00000,0.00000
80.81000,1.98000,0.99734,0.00000,0.00266,0.00000,0.00000
81.01000,1.98000,0.99778,0.00000,0.00222,0.00000,0.00000
81.21000,1.98000,0.99960,0.00000,0.00040,0.00000,0.00000
81.41000,1.98000,0.99979,0.00000,0.00021,0.00000,0.00000
81.61000,1.98000,0.99972,0.00000,0.00028,0.00000,0.00000
81.81000,1.98000,0.99993,0.00000,0.00007,0.00000,0.00000
82.01000,1.98000,0.99994,0.00000,0.00006,0.00000,0.00000
82.21000,1.98000,0.99999,0.00000,0.00001,0.00000,0.00000
82.41000,1.98000,0.99974,0.00000,0.00026,0.00000,0.00000
82.61000,1.98000,0.99996,0.00000,0.00004,0.00000,0.00000
82.81000,1.98000,0.99994,0.00000,0.00006,0.00000,0.00000
83.01000,1.98000,0.99999,0.00000,0.00001,0.00000,0.00000
83.21000,1.98000,0.99994,0.00001,0.00005,0.00000,0.00000
83.41000,1.98000,0.99976,0.00023,0.00001,0.00000,0.00000
83.61000,1.98000,0.99957,0.00042,0.00001,0.00000,0.00000
83.81000,1.98000,0.99382,0.00617,0.00000,0.00000,0.00000
84.01000,1.98000,0.99833,0.00167,0.00000,0.00000,0.00000
84.21000,1.98000,0.99877,0.00123,0.00000,0.00000,0.00000
84.41000,1.98000,0.99894,0.00106,0.00000,0.00000,0.00000
84.61000,1.98000,0.99942,0.00058,0.00000,0.00000,0.00000
84.81000,1.98000,0.99889,0.00111,0.00000,0.00000,0.00000
85.01000,1.98000,0.99917,0.00082,0.00000,0.00000,0.00000
85.21000,1.98000,0.99854,0.00145,0.00001,0.00000,0.00000
85.41000,1.98000,0.99913,0.00086,0.00000,0.00000,0.00000
85.61000,1.98000,0.99737,0.00263,0.00000,0.00000,0.00000
85.81000,1.98000,0.99984,0.00016,0.00000,0.00000,0.00000
86.01000,1.98000,1.00000,0.00000,0.00000,0.00000,0.00000
86.21000,1.98000,1.00000,0.00000,0.00000,0.00000,0.00000
86.41000,1.98000,1.00000,0.00000,0.00000,0.00000,0.00000
86.61000,1.98000,1.00000,0.00000,0.00000,0.00000,0.00000
86.81000,1.98000,0.99999,0.00000,0.00001,0.00000,0.00000
87.01000,1.98000,0.99989,0.00000,0.00011,0.00000,0.00000
87.21000,1.98000,0.99998,0.00000,0.00002,0.00000,0.00000
87.41000,1.98000,0.99999,0.00000,0.00001,0.00000,0.00000
87.61000,1.98000,0.99996,0.00000,0.00004,0.00000,0.00000
87.81000,1.98000,0.99973,0.00000,0.00027,0.00000,0.00000
88.01000,1.98000,0.99938,0.00000,0.00062,0.00000,0.00000
88.21000,1.98000,0.99961,0.00000,0.00039,0.00000,0.00000
88.41000,1.98000,0.99993,0.00000,0.00007,0.00000,0.00000
88.61000,1.98000,0.99996,0.00000,0.00004,0.00000,0.00000
88.81000,1.98000,0.99990,0.00000,0.00010,0.00000,0.00000
89.01000,1.98000,0.99982,0.00000,0.00018,0.00000,0.00000
89.21000,1.98000,0.99897,0.00000,0.00103,0.00000,0.00000
89.41000,1.98000,0.99949,0.00000,0.00051,0.00000,0.00000
89.61000,1.98000,0.99826,0.00000,0.00173,0.00000,0.00001
89.81000,1.98000,0.99992,0.00000,0.00008,0.00000,0.00000
90.01000,1.98000,0.99922,0.00036,0.00042,0.00000,0.00000
90.21000,1.98000,0.99573,0.00022,0.00405,0.00000,0.00000
90.41000,1.98000,0.99842,0.00002,0.00156,0.00000,0.00000
90.61000,1.98000,0.99016,0.00001,0.00984,0.00000,0.00000
90.81000,1.98000,0.99853,0.00000,0.00147,0.00000,0.00000
91.01000,1.98000,0.98942,0.00002,0.01056,0.00000,0.00000
91.21000,1.98000,0.99377,0.00003,0.00619,0.00000,0.00000
91.41000,1.98000,0.96937,0.00007,0.03056,0.00000,0.00000
91.61000,1.98000,0.99946,0.00003,0.00051,0.00000,0.00000
91.81000,1.98000,0.99960,0.00008,0.00033,0.00000,0.00000
92.01000,1.98000,0.99628,0.00012,0.00360,0.00000,0.00000
92.21000,1.98000,0.99856,0.00022,0.00123,0.00000,0.00000
92.41000,1.98000,0.99821,0.00042,0.00136,0.00000,0.00000
92.61000,1.98000,0.99879,0.00116,0.00005,0.00000,0.00000
92.81000,1.98000,0.99879,0.00053,0.00068,0.00000,0.00001
93.01000,1.98000,0.99917,0.00001,0.00082,0.00000,0.00001
93.21000,1.98000,0.99941,0.00000,0.00059,0.00000,0.00000
93.41000,1.98000,0.99916,0.00000,0.00084,0.00000,0.00000
93.61000,1.98000,0.99985,0.00000,0.00015,0.00000,0.00000
93.81000,1.98000,0.99985,0.00000,0.00010,0.00001,0.00005
94.01000,1.98000,0.99996,0.00000,0.00002,0.00000,0.00001
94.21000,1.98000,0.99997,0.00000,0.00002,0.00000,0.00001
94.41000,1.98000,0.99994,0.00000,0.00005,0.00000,0.00000
94.61000,1.98000,0.99988,0.00000,0.00010,0.00000,0.00002
94.81000,1.98000,0.99986,0.00001,0.00007,0.00001,0.00005
95.01000,1.98000,0.99969,0.00025,0.00005,0.00000,0.00001
95.21000,1.98000,0.97968,0.02000,0.00027,0.00003,0.00002
95.41000,1.98000,0.99194,0.00780,0.00022,0.00003,0.00001
95.61000,1.98000,0.63603,0.35063,0.00922,0.00359,0.00053
95.81000,1.98000,0.97374,0.02505,0.00081,0.00032,0.00008
96.01000,1.98000,0.99663,0.00283,0.00033,0.00018,0.00002
96.21000,1.98000,0.99760,0.00080,0.00042,0.00115,0.00003
96.41000,1.98000,0.99760,0.00044,0.00011,0.00170,0.00015
96.61000,1.98000,0.99983,0.00004,0.00003,0.00008,0.00001
96.81000,1.98000,0.99986,0.00008,0.00000,0.00005,0.00001
97.01000,1.98000,0.99905,0.00078,0.00000,0.00015,0.00002
97.21000,1.98000,0.99987,0.00012,0.00000,0.00000,0.00000
97.41000,1.98000,0.99603,0.00394,0.00000,0.00000,0.00002
97.61000,1.98000,0.99996,0.00003,0.00000,0.00000,0.00001
97.81000,1.98000,0.99996,0.00003,0.00000,0.00000,0.00001
98.01000,1.98000,0.99998,0.00002,0.00000,0.00000,0.00000
98.21000,1.98000,0.99997,0.00002,0.00000,0.00000,0.00000
98.41000,1.98000,0.99997,0.00002,0.00001,0.00000,0.00000
98.61000,1.98000,0.99997,0.00001,0.00001,0.00000,0.00000
98.81000,1.98000,0.99965,0.00002,0.00032,0.00000,0.00000
99.01000,1.98000,0.99974,0.00000,0.00026,0.00000,0.00000
99.21000,1.98000,0.99422,0.00000,0.00578,0.00000,0.00001
99.41000,1.98000,0.99947,0.00000,0.00053,0.00000,0.00000
99.61000,1.98000,0.98908,0.00000,0.01091,0.00000,0.00001
99.81000,1.98000,0.99978,0.00000,0.00022,0.00000,0.00000
100.01000,1.98000,0.99879,0.00000,0.00120,0.00000,0.00001
100.21000,1.98000,0.99977,0.00000,0.00022,0.00000,0.00001
100.41000,1.98000,0.99834,0.00000,0.00164,0.00000,0.00001
100.61000,1.98000,0.99949,0.00001,0.00049,0.00001,0.00001
100.81000,1.98000,0.99935,0.00002,0.00061,0.00001,0.00002
101.01000,1.98000,0.99847,0.00018,0.00121,0.00005,0.00009
101.21000,1.98000,0.99599,0.00012,0.00378,0.00005,0.00007
101.41000,1.98000,0.99968,0.00000,0.00032,0.00000,0.00000
101.61000,1.98000,0.99958,0.00000,0.00041,0.00000,0.00000
101.81000,1.98000,0.99959,0.00000,0.00041,0.00000,0.00000
102.01000,1.98000,0.99989,0.00001,0.00010,0.00000,0.00000
102.21000,1.98000,0.99991,0.00000,0.00009,0.00000,0.00000
102.41000,1.98000,0.99941,0.00001,0.00058,0.00000,0.00000
102.61000,1.98000,0.99983,0.00000,0.00017,0.00000,0.00000
102.81000,1.98000,0.99969,0.00001,0.00031,0.00000,0.00000
103.01000,1.98000,0.99980,0.00000,0.00020,0.00000,0.00000
103.21000,1.98000,0.99946,0.00007,0.00047,0.00000,0.00000
103.41000,1.98000,0.99960,0.00006,0.00034,0.00000,0.00000
103.61000,1.98000,0.99892,0.00082,0.00026,0.00000,0.00000
103.81000,1.98000,0.99529,0.00231,0.00240,0.00000,0.00000
104.01000,1.98000,0.99687,0.00258,0.00055,0.00000,0.00000
104.21000,1.98000,0.99713,0.00071,0.00217,0.00000,0.00000
104.41000,1.98000,0.99308,0.00661,0.00031,0.00000,0.00000
104.61000,1.98000,0.98412,0.00391,0.01196,0.00000,0.00000
104.81000,1.98000,0.99953,0.00021,0.00026,0.00000,0.00000
105.01000,1.98000,0.99845,0.00083,0.00072,0.00000,0.00000
105.21000,1.98000,0.99878,0.00097,0.00025,0.00000,0.00000
105.41000,1.98000,0.99746,0.00252,0.00002,0.00000,0.00000
105.61000,1.98000,0.99896,0.00100,0.00004,0.00000,0.00000
105.81000,1.98000,0.99936,0.00016,0.00046,0.00000,0.00002
106.01000,1.98000,0.99974,0.00000,0.00025,0.00000,0.00000
106.21000,1.98000,0.99773,0.00001,0.00226,0.00000,0.00000
106.41000,1.98000,0.99945,0.00000,0.00055,0.00000,0.00000
106.61000,1.98000,0.99984,0.00001,0.00015,0.00000,0.00000
106.81000,1.98000,0.99789,0.00001,0.00209,0.00000,0.00000
107.01000,1.98000,0.99937,0.00000,0.00063,0.00000,0.00000
107.21000,1.98000,0.99367,0.00000,0.00633,0.00000,0.00000
107.41000,1.98000,0.99779,0.00000,0.00221,0.00000,0.00000
107.61000,1.98000,0.98231,0.00000,0.01768,0.00000,0.00000
107.81000,1.98000,0.99773,0.00001,0.00227,0.00000,0.00000
108.01000,1.98000,0.95124,0.00001,0.04875,0.00000,0.00000
108.21000,1.98000,0.99410,0.00009,0.00581,0.00000,0.00000
108.41000,1.98000,0.95602,0.00004,0.04394,0.00000,0.00000
108.61000,1.98000,0.99752,0.00004,0.00244,0.00000,0.00000
108.81000,1.98000,0.95413,0.00001,0.04586,0.00000,0.00000
109.01000,1.98000,0.99416,0.00000,0.00583,0.00000,0.00000
109.21000,1.98000,0.95436,0.00000,0.04564,0.00000,0.00000
109.41000,1.98000,0.99788,0.00000,0.00212,0.00000,0.00000
109.61000,1.98000,0.99286,0.00000,0.00713,0.00000,0.00000
109.81000,1.98000,0.99970,0.00002,0.00024,0.00001,0.00003
110.01000,1.98000,0.99750,0.00032,0.00033,0.00103,0.00081
110.21000,1.98000,0.99920,0.00003,0.00046,0.00007,0.00023
110.41000,1.98000,0.99822,0.00009,0.00137,0.00017,0.00015
110.61000,1.98000,0.99957,0.00011,0.00031,0.00000,0.00001
110.81000,1.98000,0.99986,0.00002,0.00012,0.00000,0.00000
111.01000,1.98000,0.99989,0.00002,0.00009,0.00000,0.00000
111.21000,1.98000,0.99995,0.00001,0.00004,0.00000,0.00000
111.41000,1.98000,0.99973,0.00002,0.00023,0.00001,0.00001
111.61000,1.98000,0.99894,0.00001,0.00105,0.00000,0.00000
111.81000,1.98000,0.99965,0.00000,0.00035,0.00000,0.00000
112.01000,1.98000,0.99961,0.00000,0.00039,0.00000,0.00000
112.21000,1.98000,0.99985,0.00001,0.00015,0.00000,0.00000
112.41000,1.98000,0.99972,0.00000,0.00027,0.00000,0.00000
112.61000,1.98000,0.99981,0.00001,0.00016,0.00000,0.00001
112.81000,1.98000,0.99968,0.00010,0.00022,0.00000,0.00000
113.01000,1.98000,0.99791,0.00169,0.00034,0.00002,0.00005
113.21000,1.98000,0.99942,0.00045,0.00013,0.00000,0.00000
113.41000,1.98000,0.99624,0.00287,0.00069,0.00011,0.00009
113.61000,1.98000,0.99398,0.00110,0.00446,0.00041,0.00004
113.81000,1.98000,0.99636,0.00028,0.00195,0.00071,0.00070
114.01000,1.98000,0.99344,0.00002,0.00578,0.00071,0.00005
114.21000,1.98000,0.99696,0.00001,0.00117,0.00122,0.00064
114.41000,1.98000,0.99974,0.00000,0.00014,0.00011,0.00002
114.61000,1.98000,0.99990,0.00000,0.00003,0.00005,0.00002
114.81000,1.98000,0.99997,0.00000,0.00002,0.00001,0.00000
115.01000,1.98000,0.99994,0.00000,0.00000,0.00004,0.00001
115.21000,1.98000,0.99997,0.00000,0.00000,0.00001,0.00002
115.41000,1.98000,0.99999,0.00000,0.00000,0.00000,0.00001
115.61000,1.98000,0.99999,0.00000,0.00000,0.00000,0.00001
115.81000,1.98000,0.99995,0.00000,0.00001,0.00001,0.00003
116.01000,1.98000,0.99997,0.00000,0.00001,0.00000,0.00002
116.21000,1.98000,0.99952,0.00000,0.00024,0.00008,0.00016
116.41000,1.98000,0.99593,0.00000,0.00298,0.00023,0.00086
116.61000,1.98000,0.99906,0.00000,0.00092,0.00001,0.00001
116.81000,1.98000,0.99854,0.00000,0.00143,0.00000,0.00002
117.01000,1.98000,0.99988,0.00000,0.00012,0.00000,0.00000
117.21000,1.98000,0.99956,0.00000,0.00044,0.00000,0.00000
117.41000,1.98000,0.99990,0.00001,0.00010,0.00000,0.00000
117.61000,1.98000,0.99986,0.00010,0.00004,0.00000,0.00000
117.81000,1.98000,0.99698,0.00301,0.00001,0.00000,0.00000
118.01000,1.98000,0.99988,0.00011,0.00001,0.00000,0.00000
118.21000,1.98000,0.99532,0.00448,0.00020,0.00000,0.00000
118.41000,1.98000,0.99518,0.00437,0.00045,0.00000,0.00000
118.61000,1.98000,0.99834,0.00155,0.00010,0.00000,0.00000
118.81000,1.98000,0.99986,0.00010,0.00003,0.00001,0.00000
