Time (seconds), Duration (seconds),pred_(unlabeled),pred_On,pred_Off,pred_Dimmer,pred_Lighter
0.01000,1.98000,0.99942,0.00000,0.00000,0.00000,0.00058
0.21000,1.98000,0.99633,0.00000,0.00000,0.00004,0.00362
0.41000,1.98000,0.99912,0.00000,0.00000,0.00001,0.00087
0.61000,1.98000,0.99546,0.00000,0.00000,0.00003,0.00451
0.81000,1.98000,0.99921,0.00000,0.00000,0.00001,0.00078
1.01000,1.98000,0.99935,0.00000,0.00000,0.00003,0.00062
1.21000,1.98000,0.99909,0.00000,0.00000,0.00005,0.00086
1.41000,1.98000,0.99951,0.00000,0.00000,0.00001,0.00048
1.61000,1.98000,0.99974,0.00000,0.00000,0.00000,0.00025
1.81000,1.98000,0.99924,0.00000,0.00000,0.00001,0.00075
2.01000,1.98000,0.99902,0.00000,0.00000,0.00002,0.00097
2.21000,1.98000,0.99977,0.00000,0.00000,0.00000,0.00023
2.41000,1.98000,0.99881,0.00000,0.00000,0.00002,0.00117
2.61000,1.98000,0.99950,0.00000,0.00000,0.00001,0.00049
2.81000,1.98000,0.99973,0.00000,0.00000,0.00001,0.00026
3.01000,1.98000,0.99916,0.00000,0.00000,0.00002,0.00082
3.21000,1.98000,0.99998,0.00000,0.00000,0.00000,0.00002
3.41000,1.98000,0.99981,0.00000,0.00000,0.00000,0.00019
3.61000,1.98000,0.99943,0.00000,0.00000,0.00000,0.00057
3.81000,1.98000,0.99958,0.00000,0.00000,0.00000,0.00042
4.01000,1.98000,0.99985,0.00000,0.00000,0.00000,0.00015
4.21000,1.98000,0.99993,0.00000,0.00000,0.00000,0.00007
4.41000,1.98000,0.99994,0.00000,0.00000,0.00000,0.00006
4.61000,1.98000,0.99998,0.00000,0.00000,0.00000,0.00002
4.81000,1.98000,0.99999,0.00000,0.00000,0.00000,0.00001
5.01000,1.98000,1.00000,0.00000,0.00000,0.00000,0.00000
5.21000,1.98000,1.00000,0.00000,0.00000,0.00000,0.00000
5.41000,1.98000,1.00000,0.00000,0.00000,0.00000,0.00000
5.61000,1.98000,1.00000,0.00000,0.00000,0.00000,0.00000
5.81000,1.98000,1.00000,0.00000,0.00000,0.00000,0.00000
6.01000,1.98000,1.00000,0.00000,0.00000,0.00000,0.00000
6.21000,1.98000,1.00000,0.00000,0.00000,0.00000,0.00000
6.41000,1.98000,1.00000,0.00000,0.00000,0.00000,0.00000
6.61000,1.98000,1.00000,0.00000,0.00000,0.00000,0.00000
6.81000,1.98000,1.00000,0.00000,0.00000,0.00000,0.00000
7.01000,1.98000,1.00000,0.00000,0.00000,0.00000,0.00000
7.21000,1.98000,1.00000,0.00000,0.00000,0.00000,0.00000
7.41000,1.98000,1.00000,0.00000,0.00000,0.00000,0.00000
7.61000,1.98000,1.00000,0.00000,0.00000,0.00000,0.00000
7.81000,1.98000,0.99998,0.00000,0.00000,0.00000,0.00001
8.01000,1.98000,0.99998,0.00000,0.00000,0.00000,0.00002
8.21000,1.98000,0.99997,0.00000,0.00000,0.00000,0.00003
8.41000,1.98000,0.99995,0.00000,0.00000,0.00000,0.00005
8.61000,1.98000,0.99984,0.00000,0.00000,0.00000,0.00016
8.81000,1.98000,0.99730,0.00000,0.00215,0.00000,0.00055
9.01000,1.98000,0.96438,0.00001,0.01231,0.00007,0.02323
9.21000,1.98000,0.99472,0.00000,0.00416,0.00000,0.00112
9.41000,1.98000,0.99348,0.00000,0.00593,0.00000,0.00059
9.61000,1.98000,0.97450,0.00000,0.02235,0.00000,0.00315
9.81000,1.98000,0.98630,0.00001,0.01279,0.00000,0.00090
10.01000,1.98000,0.98220,0.00002,0.01674,0.00000,0.00104
10.21000,1.98000,0.98735,0.00000,0.01209,0.00000,0.00056
10.41000,1.98000,0.98275,0.00000,0.01711,0.00000,0.00013
10.61000,1.98000,0.99966,0.00000,0.00032,0.00000,0.00003
10.81000,1.98000,0.99898,0.00000,0.00003,0.00000,0.00099
11.01000,1.98000,0.99977,0.00000,0.00000,0.00000,0.00023
11.21000,1.98000,0.99917,0.00000,0.00001,0.00000,0.00083
11.41000,1.98000,0.99978,0.00001,0.00000,0.00000,0.00021
11.61000,1.98000,0.99986,0.00000,0.00001,0.00000,0.00013
11.81000,1.98000,0.99942,0.00000,0.00002,0.00000,0.00056
12.01000,1.98000,0.99921,0.00001,0.00004,0.00002,0.00072
12.21000,1.98000,0.99249,0.00047,0.00011,0.00161,0.00532
12.41000,1.98000,0.98575,0.00077,0.00015,0.00504,0.00829
12.61000,1.98000,0.99662,0.00012,0.00005,0.00226,0.00095
12.81000,1.98000,0.99553,0.00015,0.00014,0.00357,0.00062
13.01000,1.98000,0.99956,0.00001,0.00002,0.00036,0.00005
13.21000,1.98000,0.99982,0.00000,0.00000,0.00017,0.00001
13.41000,1.98000,0.99998,0.00000,0.00000,0.00002,0.00000
13.61000,1.98000,1.00000,0.00000,0.00000,0.00000,0.00000
13.81000,1.98000,1.00000,0.00000,0.00000,0.00000,0.00000
14.01000,1.98000,1.00000,0.00000,0.00000,0.00000,0.00000
14.21000,1.98000,0.99999,0.00000,0.00000,0.00000,0.00000
14.41000,1.98000,0.98978,0.00282,0.00433,0.00182,0.00125
14.61000,1.98000,0.99072,0.00689,0.00118,0.00035,0.00085
14.81000,1.98000,0.99652,0.00234,0.00101,0.00000,0.00012
15.01000,1.98000,0.99655,0.00281,0.00035,0.00000,0.00029
15.21000,1.98000,0.99524,0.00463,0.00009,0.00000,0.00005
15.41000,1.98000,0.99805,0.00177,0.00005,0.00000,0.00013
15.61000,1.98000,0.99966,0.00023,0.00001,0.00000,0.00009
15.81000,1.98000,0.99997,0.00001,0.00000,0.00000,0.00002
16.01000,1.98000,0.99969,0.00018,0.00000,0.00000,0.00013
16.21000,1.98000,0.99994,0.00001,0.00000,0.00000,0.00005
16.41000,1.98000,0.99998,0.00000,0.00000,0.00000,0.00002
16.61000,1.98000,0.99992,0.00000,0.00000,0.00000,0.00007
16.81000,1.98000,0.99999,0.00001,0.00000,0.00000,0.00000
17.01000,1.98000,0.99996,0.00001,0.00000,0.00000,0.00003
17.21000,1.98000,0.99990,0.00004,0.00000,0.00002,0.00005
17.41000,1.98000,0.99957,0.00011,0.00000,0.00016,0.00016
17.61000,1.98000,0.99963,0.00011,0.00000,0.00017,0.00008
17.81000,1.98000,0.99887,0.00001,0.00000,0.00062,0.00050
18.01000,1.98000,0.99486,0.00001,0.00000,0.00444,0.00069
18.21000,1.98000,0.99547,0.00000,0.00000,0.00436,0.00017
18.41000,1.98000,0.95232,0.00000,0.00000,0.04721,0.00046
18.61000,1.98000,0.99641,0.00000,0.00000,0.00354,0.00004
18.81000,1.98000,0.99957,0.00000,0.00002,0.00032,0.00009
19.01000,1.98000,0.98707,0.00083,0.01182,0.00018,0.00011
19.21000,1.98000,0.86661,0.01738,0.11553,0.00025,0.00024
19.41000,1.98000,0.82459,0.01435,0.16071,0.00015,0.00021
19.61000,1.98000,0.84655,0.02155,0.13148,0.00019,0.00022
19.81000,1.98000,0.89153,0.05564,0.05251,0.00014,0.00019
20.01000,1.98000,0.86394,0.05819,0.07768,0.00006,0.00014
20.21000,1.98000,0.82955,0.09670,0.07348,0.00008,0.00019
20.41000,1.98000,0.96896,0.01201,0.01896,0.00001,0.00006
20.61000,1.98000,0.98045,0.01469,0.00486,0.00000,0.00001
20.81000,1.98000,0.99975,0.00017,0.00000,0.00003,0.00005
21.01000,1.98000,0.99973,0.00001,0.00000,0.00014,0.00012
21.21000,1.98000,0.99869,0.00005,0.00000,0.00095,0.00031
21.41000,1.98000,0.99930,0.00003,0.00000,0.00053,0.00013
21.61000,1.98000,0.99992,0.00001,0.00000,0.00006,0.00002
21.81000,1.98000,0.99977,0.00000,0.00000,0.00018,0.00004
22.01000,1.98000,0.99780,0.00001,0.00000,0.00188,0.00031
22.21000,1.98000,0.99892,0.00000,0.00000,0.00097,0.00011
22.41000,1.98000,0.99833,0.00000,0.00000,0.00162,0.00005
22.61000,1.98000,0.99726,0.00000,0.00000,0.00269,0.00005
22.81000,1.98000,0.99914,0.00000,0.00000,0.00084,0.00001
23.01000,1.98000,0.99954,0.00000,0.00000,0.00046,0.00000
23.21000,1.98000,0.99996,0.00000,0.00000,0.00004,0.00000
23.41000,1.98000,0.99997,0.00000,0.00000,0.00003,0.00000
23.61000,1.98000,0.99969,0.00000,0.00000,0.00031,0.00001
23.81000,1.98000,0.99967,0.00001,0.00004,0.00024,0.00005
24.01000,1.98000,0.94129,0.00746,0.03615,0.00517,0.00993
24.21000,1.98000,0.79516,0.00549,0.17117,0.00369,0.02449
24.41000,1.98000,0.69591,0.00182,0.28402,0.00091,0.01734
24.61000,1.98000,0.68813,0.00048,0.29684,0.00028,0.01427
24.81000,1.98000,0.75301,0.00013,0.23977,0.00006,0.00703
25.01000,1.98000,0.82739,0.00000,0.17221,0.00000,0.00040
25.21000,1.98000,0.83120,0.00000,0.16827,0.00000,0.00052
25.41000,1.98000,0.96221,0.00000,0.03774,0.00000,0.00005
25.61000,1.98000,0.98971,0.00000,0.01025,0.00000,0.00004
25.81000,1.98000,0.99965,0.00000,0.00025,0.00000,0.00010
26.01000,1.98000,0.99856,0.00000,0.00110,0.00001,0.00032
26.21000,1.98000,0.99978,0.00000,0.00014,0.00000,0.00008
26.41000,1.98000,0.99978,0.00001,0.00008,0.00003,0.00011
26.61000,1.98000,0.99982,0.00001,0.00003,0.00003,0.00011
26.81000,1.98000,0.99995,0.00000,0.00003,0.00000,0.00001
27.01000,1.98000,0.99998,0.00000,0.00000,0.00000,0.00001
27.21000,1.98000,0.99974,0.00002,0.00004,0.00001,0.00019
27.41000,1.98000,0.99993,0.00000,0.00000,0.00000,0.00006
27.61000,1.98000,0.99992,0.00000,0.00000,0.00000,0.00008
27.81000,1.98000,0.99987,0.00000,0.00000,0.00000,0.00013
28.01000,1.98000,0.99993,0.00000,0.00000,0.00000,0.00007
28.21000,1.98000,0.99968,0.00000,0.00001,0.00000,0.00031
28.41000,1.98000,0.99912,0.00000,0.00028,0.00000,0.00060
28.61000,1.98000,0.95118,0.00002,0.04862,0.00000,0.00018
28.81000,1.98000,0.81671,0.00031,0.18217,0.00002,0.00079
29.01000,1.98000,0.82947,0.00002,0.16990,0.00001,0.00060
29.21000,1.98000,0.89683,0.00001,0.10304,0.00000,0.00012
29.41000,1.98000,0.96265,0.00001,0.03728,0.00001,0.00005
29.61000,1.98000,0.95709,0.00001,0.04280,0.00002,0.00008
29.81000,1.98000,0.96187,0.00001,0.03804,0.00001,0.00007
30.01000,1.98000,0.97410,0.00000,0.02582,0.00001,0.00006
30.21000,1.98000,0.99149,0.00000,0.00851,0.00000,0.00000
30.41000,1.98000,0.99963,0.00000,0.00017,0.00000,0.00020
30.61000,1.98000,0.99818,0.00000,0.00003,0.00002,0.00177
30.81000,1.98000,0.99984,0.00000,0.00003,0.00000,0.00013
31.01000,1.98000,0.99982,0.00000,0.00008,0.00000,0.00011
31.21000,1.98000,0.99998,0.00000,0.00000,0.00000,0.00001
31.41000,1.98000,1.00000,0.00000,0.00000,0.00000,0.00000
31.61000,1.98000,0.99999,0.00000,0.00000,0.00000,0.00001
31.81000,1.98000,0.99986,0.00000,0.00000,0.00000,0.00014
32.01000,1.98000,0.99915,0.00000,0.00001,0.00000,0.00084
32.21000,1.98000,0.99540,0.00000,0.00001,0.00001,0.00458
32.41000,1.98000,0.99826,0.00000,0.00001,0.00000,0.00172
32.61000,1.98000,0.99843,0.00000,0.00001,0.00001,0.00155
32.81000,1.98000,0.99575,0.00000,0.00003,0.00004,0.00418
33.01000,1.98000,0.99784,0.00000,0.00004,0.00001,0.00211
33.21000,1.98000,0.99998,0.00000,0.00000,0.00000,0.00001
33.41000,1.98000,0.99995,0.00000,0.00004,0.00000,0.00001
33.61000,1.98000,0.99710,0.00000,0.00275,0.00000,0.00014
33.81000,1.98000,0.96248,0.00001,0.02943,0.00029,0.00778
34.01000,1.98000,0.98225,0.00001,0.01358,0.00061,0.00354
34.21000,1.98000,0.99245,0.00002,0.00515,0.00071,0.00168
34.41000,1.98000,0.99764,0.00003,0.00148,0.00008,0.00077
34.61000,1.98000,0.99612,0.00005,0.00231,0.00009,0.00143
34.81000,1.98000,0.99940,0.00000,0.00030,0.00000,0.00029
35.01000,1.98000,0.99968,0.00000,0.00023,0.00000,0.00009
35.21000,1.98000,0.99994,0.00000,0.00005,0.00000,0.00002
35.41000,1.98000,0.99989,0.00000,0.00000,0.00000,0.00011
35.61000,1.98000,0.99282,0.00000,0.00002,0.00002,0.00713
35.81000,1.98000,0.97970,0.00001,0.00013,0.00008,0.02008
36.01000,1.98000,0.98276,0.00000,0.00013,0.00003,0.01707
36.21000,1.98000,0.98782,0.00001,0.00015,0.00003,0.01200
36.41000,1.98000,0.97913,0.00000,0.00015,0.00006,0.02065
36.61000,1.98000,0.98251,0.00000,0.00018,0.00017,0.01714
36.81000,1.98000,0.98047,0.00002,0.00007,0.00125,0.01818
37.01000,1.98000,0.99832,0.00001,0.00000,0.00028,0.00139
37.21000,1.98000,0.99918,0.00000,0.00000,0.00017,0.00064
37.41000,1.98000,0.99660,0.00001,0.00000,0.00173,0.00166
37.61000,1.98000,0.99471,0.00004,0.00000,0.00305,0.00220
37.81000,1.98000,0.99927,0.00007,0.00000,0.00019,0.00047
38.01000,1.98000,0.99614,0.00019,0.00001,0.00011,0.00356
38.21000,1.98000,0.97280,0.00059,0.02424,0.00002,0.00235
38.41000,1.98000,0.90413,0.00191,0.08671,0.00012,0.00713
38.61000,1.98000,0.89248,0.00114,0.09451,0.00018,0.01169
38.81000,1.98000,0.87997,0.00045,0.11237,0.00007,0.00714
39.01000,1.98000,0.94949,0.00037,0.04833,0.00001,0.00180
39.21000,1.98000,0.98045,0.00010,0.01827,0.00000,0.00118
39.41000,1.98000,0.99124,0.00002,0.00822,0.00000,0.00052
39.61000,1.98000,0.99742,0.00000,0.00238,0.00000,0.00020
39.81000,1.98000,0.99972,0.00000,0.00027,0.00000,0.00000
40.01000,1.98000,0.99999,0.00000,0.00000,0.00000,0.00001
40.21000,1.98000,0.99998,0.00000,0.00000,0.00000,0.00002
40.41000,1.98000,0.99999,0.00000,0.00000,0.00000,0.00001
40.61000,1.98000,1.00000,0.00000,0.00000,0.00000,0.00000
40.81000,1.98000,0.99999,0.00000,0.00000,0.00000,0.00001
41.01000,1.98000,1.00000,0.00000,0.00000,0.00000,0.00000
41.21000,1.98000,1.00000,0.00000,0.00000,0.00000,0.00000
41.41000,1.98000,0.99999,0.00001,0.00000,0.00000,0.00001
41.61000,1.98000,0.99978,0.00020,0.00000,0.00000,0.00001
41.81000,1.98000,0.99972,0.00027,0.00000,0.00000,0.00001
42.01000,1.98000,0.99993,0.00007,0.00000,0.00000,0.00000
42.21000,1.98000,0.99991,0.00004,0.00000,0.00004,0.00001
42.41000,1.98000,0.99941,0.00001,0.00000,0.00056,0.00001
42.61000,1.98000,0.99937,0.00000,0.00000,0.00062,0.00001
42.81000,1.98000,0.99985,0.00000,0.00000,0.00015,0.00000
43.01000,1.98000,0.99987,0.00000,0.00000,0.00013,0.00000
43.21000,1.98000,0.99954,0.00000,0.00000,0.00045,0.00001
43.41000,1.98000,0.99846,0.00000,0.00000,0.00138,0.00016
43.61000,1.98000,0.99425,0.00005,0.00463,0.00050,0.00057
43.81000,1.98000,0.91505,0.00177,0.07724,0.00281,0.00313
44.01000,1.98000,0.85136,0.00257,0.13651,0.00471,0.00486
44.21000,1.98000,0.86009,0.00209,0.13030,0.00263,0.00489
44.41000,1.98000,0.81719,0.00181,0.17525,0.00240,0.00335
44.61000,1.98000,0.92764,0.00049,0.06776,0.00232,0.00179
44.81000,1.98000,0.99181,0.00008,0.00531,0.00193,0.00087
45.01000,1.98000,0.99908,0.00001,0.00011,0.00049,0.00031
45.21000,1.98000,0.99997,0.00000,0.00001,0.00001,0.00002
45.41000,1.98000,0.99991,0.00000,0.00000,0.00008,0.00001
45.61000,1.98000,0.99995,0.00000,0.00000,0.00005,0.00000
45.81000,1.98000,1.00000,0.00000,0.00000,0.00000,0.00000
46.01000,1.98000,0.99994,0.00000,0.00000,0.00005,0.00001
46.21000,1.98000,0.99981,0.00000,0.00000,0.00013,0.00006
46.41000,1.98000,0.99990,0.00000,0.00000,0.00006,0.00004
46.61000,1.98000,0.99982,0.00000,0.00000,0.00007,0.00011
46.81000,1.98000,0.99955,0.00001,0.00000,0.00011,0.00033
47.01000,1.98000,0.99974,0.00002,0.00000,0.00006,0.00018
47.21000,1.98000,0.99971,0.00002,0.00000,0.00006,0.00021
47.41000,1.98000,0.99993,0.00001,0.00000,0.00000,0.00005
47.61000,1.98000,0.99975,0.00006,0.00000,0.00002,0.00018
47.81000,1.98000,0.99939,0.00001,0.00000,0.00006,0.00054
48.01000,1.98000,0.99945,0.00002,0.00000,0.00012,0.00041
48.21000,1.98000,0.99988,0.00000,0.00000,0.00001,0.00011
48.41000,1.98000,0.99999,0.00000,0.00000,0.00000,0.00001
48.61000,1.98000,0.99998,0.00000,0.00000,0.00000,0.00002
48.81000,1.98000,0.99966,0.00000,0.00024,0.00000,0.00010
49.01000,1.98000,0.96339,0.00001,0.03646,0.00000,0.00014
49.21000,1.98000,0.86429,0.00005,0.13532,0.00001,0.00034
49.41000,1.98000,0.86567,0.00002,0.13376,0.00001,0.00055
49.61000,1.98000,0.93519,0.00001,0.06451,0.00000,0.00029
49.81000,1.98000,0.93377,0.00000,0.06599,0.00000,0.00024
50.01000,1.98000,0.96890,0.00000,0.03107,0.00000,0.00003
50.21000,1.98000,0.96954,0.00000,0.03044,0.00000,0.00002
50.41000,1.98000,0.98309,0.00001,0.01685,0.00000,0.00004
50.61000,1.98000,0.99802,0.00000,0.00197,0.00000,0.00001
50.81000,1.98000,0.99998,0.00000,0.00000,0.00000,0.00002
51.01000,1.98000,0.99988,0.00000,0.00000,0.00000,0.00012
51.21000,1.98000,0.99998,0.00000,0.00000,0.00000,0.00002
51.41000,1.98000,0.99998,0.00000,0.00000,0.00000,0.00001
51.61000,1.98000,0.99998,0.00001,0.00000,0.00000,0.00001
51.81000,1.98000,0.99995,0.00004,0.00000,0.00000,0.00001
52.01000,1.98000,0.99984,0.00016,0.00000,0.00000,0.00001
52.21000,1.98000,0.99962,0.00037,0.00000,0.00000,0.00002
52.41000,1.98000,0.99994,0.00006,0.00000,0.00000,0.00000
52.61000,1.98000,0.99829,0.00171,0.00000,0.00000,0.00000
52.81000,1.98000,0.99887,0.00113,0.00000,0.00000,0.00000
53.01000,1.98000,0.99087,0.00913,0.00000,0.00000,0.00000
53.21000,1.98000,0.93266,0.06733,0.00000,0.00000,0.00000
53.41000,1.98000,0.96582,0.03416,0.00000,0.00000,0.00002
53.61000,1.98000,0.99646,0.00340,0.00000,0.00000,0.00013
53.81000,1.98000,0.99501,0.00416,0.00000,0.00001,0.00082
54.01000,1.98000,0.99950,0.00023,0.00000,0.00000,0.00026
54.21000,1.98000,0.99767,0.00016,0.00212,0.00000,0.00005
54.41000,1.98000,0.97597,0.00451,0.01897,0.00000,0.00055
54.61000,1.98000,0.93894,0.00505,0.05421,0.00002,0.00177
54.81000,1.98000,0.84848,0.00092,0.14503,0.00006,0.00551
55.01000,1.98000,0.74030,0.00045,0.25460,0.00008,0.00457
55.21000,1.98000,0.93034,0.00035,0.06676,0.00001,0.00253
55.41000,1.98000,0.95592,0.00067,0.04267,0.00001,0.00073
55.61000,1.98000,0.96894,0.00132,0.02964,0.00000,0.00010
55.81000,1.98000,0.97966,0.00124,0.01909,0.00000,0.00002
56.01000,1.98000,0.99940,0.00040,0.00017,0.00000,0.00003
56.21000,1.98000,0.99995,0.00001,0.00000,0.00000,0.00004
56.41000,1.98000,0.99992,0.00000,0.00000,0.00000,0.00008
56.61000,1.98000,0.99998,0.00000,0.00000,0.00000,0.00001
56.81000,1.98000,0.99995,0.00003,0.00000,0.00000,0.00002
57.01000,1.98000,0.99989,0.00002,0.00001,0.00000,0.00008
57.21000,1.98000,0.99990,0.00000,0.00001,0.00000,0.00009
57.41000,1.98000,0.99952,0.00000,0.00000,0.00000,0.00047
57.61000,1.98000,0.99955,0.00000,0.00000,0.00000,0.00045
57.81000,1.98000,0.99954,0.00000,0.00000,0.00000,0.00046
58.01000,1.98000,0.99924,0.00000,0.00002,0.00000,0.00075
58.21000,1.98000,0.99948,0.00000,0.00002,0.00000,0.00050
58.41000,1.98000,0.99923,0.00000,0.00003,0.00000,0.00074
58.61000,1.98000,0.96847,0.00000,0.02957,0.00002,0.00194
58.81000,1.98000,0.85309,0.00040,0.13041,0.00133,0.01478
59.01000,1.98000,0.81904,0.00068,0.16807,0.00146,0.01076
59.21000,1.98000,0.89915,0.00017,0.09301,0.00041,0.00727
59.41000,1.98000,0.90054,0.00005,0.09632,0.00008,0.00301
59.61000,1.98000,0.86711,0.00009,0.12808,0.00015,0.00456
59.81000,1.98000,0.84905,0.00010,0.14894,0.00006,0.00186
60.01000,1.98000,0.90018,0.00002,0.09940,0.00002,0.00038
60.21000,1.98000,0.98233,0.00000,0.01753,0.00008,0.00006
60.41000,1.98000,0.99468,0.00001,0.00526,0.00004,0.00001
60.61000,1.98000,0.99985,0.00000,0.00013,0.00001,0.00001
60.81000,1.98000,0.99855,0.00001,0.00130,0.00010,0.00004
61.01000,1.98000,0.99942,0.00000,0.00057,0.00000,0.00000
61.21000,1.98000,0.99886,0.00000,0.00113,0.00000,0.00000
61.41000,1.98000,0.99987,0.00000,0.00013,0.00000,0.00000
61.61000,1.98000,0.99992,0.00000,0.00008,0.00000,0.00000
61.81000,1.98000,0.99995,0.00000,0.00005,0.00000,0.00000
62.01000,1.98000,0.99998,0.00000,0.00002,0.00000,0.00000
62.21000,1.98000,0.99998,0.00000,0.00002,0.00000,0.00000
62.41000,1.98000,0.99978,0.00001,0.00021,0.00000,0.00000
62.61000,1.98000,0.99984,0.00005,0.00008,0.00000,0.00002
62.81000,1.98000,0.99890,0.00010,0.00091,0.00000,0.00009
63.01000,1.98000,0.99984,0.00004,0.00010,0.00000,0.00002
63.21000,1.98000,0.99941,0.00049,0.00009,0.00000,0.00001
63.41000,1.98000,0.99895,0.00087,0.00008,0.00000,0.00010
63.61000,1.98000,0.99567,0.00255,0.00038,0.00002,0.00138
63.81000,1.98000,0.97005,0.00302,0.01193,0.00040,0.01460
64.01000,1.98000,0.93578,0.00041,0.00267,0.00719,0.05395
64.21000,1.98000,0.98331,0.00005,0.00012,0.00276,0.01376
64.41000,1.98000,0.98294,0.00011,0.00045,0.00045,0.01606
64.61000,1.98000,0.94102,0.00014,0.00197,0.00114,0.05573
64.81000,1.98000,0.99744,0.00000,0.00052,0.00001,0.00203
65.01000,1.98000,0.99886,0.00000,0.00010,0.00001,0.00103
65.21000,1.98000,0.99972,0.00000,0.00011,0.00000,0.00017
65.41000,1.98000,1.00000,0.00000,0.00000,0.00000,0.00000
65.61000,1.98000,0.99992,0.00000,0.00001,0.00000,0.00007
65.81000,1.98000,0.99980,0.00000,0.00003,0.00000,0.00017
66.01000,1.98000,0.99997,0.00000,0.00001,0.00000,0.00003
66.21000,1.98000,0.99999,0.00000,0.00000,0.00000,0.00001
66.41000,1.98000,0.99999,0.00000,0.00000,0.00000,0.00001
66.61000,1.98000,0.99999,0.00000,0.00000,0.00000,0.00001
66.81000,1.98000,0.99995,0.00000,0.00000,0.00004,0.00001
67.01000,1.98000,0.99976,0.00000,0.00000,0.00022,0.00002
67.21000,1.98000,0.99965,0.00000,0.00000,0.00035,0.00001
67.41000,1.98000,0.99943,0.00000,0.00000,0.00057,0.00000
67.61000,1.98000,0.99931,0.00000,0.00000,0.00069,0.00000
67.81000,1.98000,0.99968,0.00000,0.00000,0.00032,0.00000
68.01000,1.98000,0.99996,0.00000,0.00000,0.00004,0.00000
68.21000,1.98000,0.99966,0.00000,0.00000,0.00034,0.00000
68.41000,1.98000,0.99932,0.00000,0.00000,0.00067,0.00000
68.61000,1.98000,0.97080,0.00001,0.00014,0.02878,0.00027
68.81000,1.98000,0.94486,0.00044,0.00155,0.05168,0.00147
69.01000,1.98000,0.97196,0.00278,0.00130,0.02195,0.00201
69.21000,1.98000,0.98893,0.00671,0.00176,0.00148,0.00112
69.41000,1.98000,0.99511,0.00284,0.00181,0.00005,0.00019
69.61000,1.98000,0.99701,0.00046,0.00243,0.00001,0.00010
69.81000,1.98000,0.99651,0.00003,0.00343,0.00000,0.00003
70.01000,1.98000,0.98838,0.00003,0.01153,0.00000,0.00006
70.21000,1.98000,0.99845,0.00003,0.00152,0.00000,0.00000
70.41000,1.98000,0.99999,0.00000,0.00000,0.00000,0.00000
70.61000,1.98000,0.99999,0.00000,0.00000,0.00000,0.00000
70.81000,1.98000,0.99999,0.00000,0.00001,0.00000,0.00000
71.01000,1.98000,0.99994,0.00001,0.00005,0.00000,0.00000
71.21000,1.98000,0.99990,0.00000,0.00009,0.00000,0.00001
71.41000,1.98000,0.99988,0.00000,0.00009,0.00000,0.00002
71.61000,1.98000,0.99974,0.00000,0.00011,0.00000,0.00014
71.81000,1.98000,0.99981,0.00000,0.00000,0.00000,0.00019
72.01000,1.98000,0.99990,0.00000,0.00000,0.00000,0.00010
72.21000,1.98000,0.99998,0.00000,0.00000,0.00000,0.00001
72.41000,1.98000,0.99999,0.00000,0.00000,0.00000,0.00001
72.61000,1.98000,0.99990,0.00000,0.00000,0.00000,0.00010
72.81000,1.98000,0.99796,0.00000,0.00000,0.00000,0.00204
73.01000,1.98000,0.97537,0.00000,0.00000,0.00002,0.02461
73.21000,1.98000,0.99479,0.00000,0.00000,0.00000,0.00520
73.41000,1.98000,0.98534,0.00002,0.00011,0.00003,0.01450
73.61000,1.98000,0.95202,0.00022,0.04601,0.00002,0.00173
73.81000,1.98000,0.89169,0.00307,0.09460,0.00075,0.00988
74.01000,1.98000,0.79722,0.00259,0.17883,0.00231,0.01904
74.21000,1.98000,0.67328,0.00048,0.31221,0.00165,0.01238
74.41000,1.98000,0.67111,0.00039,0.32203,0.00046,0.00601
74.61000,1.98000,0.67514,0.00023,0.32141,0.00019,0.00303
74.81000,1.98000,0.75152,0.00008,0.24801,0.00002,0.00037
75.01000,1.98000,0.71665,0.00007,0.28279,0.00002,0.00047
75.21000,1.98000,0.87501,0.00001,0.12496,0.00000,0.00002
75.41000,1.98000,0.99868,0.00000,0.00043,0.00000,0.00089
75.61000,1.98000,0.99734,0.00000,0.00004,0.00000,0.00262
75.81000,1.98000,0.99899,0.00000,0.00001,0.00000,0.00100
76.01000,1.98000,0.99977,0.00000,0.00000,0.00000,0.00023
76.21000,1.98000,0.99979,0.00000,0.00001,0.00000,0.00021
76.41000,1.98000,0.99967,0.00000,0.00000,0.00000,0.00033
76.61000,1.98000,0.99993,0.00000,0.00000,0.00000,0.00007
76.81000,1.98000,0.99905,0.00001,0.00000,0.00003,0.00091
77.01000,1.98000,0.99753,0.00001,0.00000,0.00002,0.00243
77.21000,1.98000,0.99822,0.00000,0.00000,0.00000,0.00177
77.41000,1.98000,0.99714,0.00000,0.00000,0.00000,0.00286
77.61000,1.98000,0.99993,0.00000,0.00000,0.00000,0.00007
77.81000,1.98000,0.99986,0.00000,0.00000,0.00000,0.00013
78.01000,1.98000,0.99886,0.00001,0.00089,0.00000,0.00024
78.21000,1.98000,0.98668,0.00029,0.01081,0.00002,0.00221
78.41000,1.98000,0.95642,0.00081,0.03309,0.00015,0.00953
78.61000,1.98000,0.94631,0.00006,0.04668,0.00004,0.00692
78.81000,1.98000,0.91610,0.00004,0.07732,0.00006,0.00647
79.01000,1.98000,0.84359,0.00018,0.14111,0.00022,0.01491
79.21000,1.98000,0.87650,0.00034,0.11648,0.00019,0.00648
79.41000,1.98000,0.89232,0.00030,0.10055,0.00028,0.00656
79.61000,1.98000,0.98996,0.00002,0.00996,0.00000,0.00006
79.81000,1.98000,0.99997,0.00000,0.00000,0.00000,0.00003
80.01000,1.98000,0.99994,0.00000,0.00000,0.00000,0.00006
80.21000,1.98000,0.99995,0.00000,0.00000,0.00000,0.00005
80.41000,1.98000,0.99996,0.00000,0.00000,0.00000,0.00004
80.61000,1.98000,0.99999,0.00000,0.00000,0.00000,0.00001
80.81000,1.98000,0.99999,0.00000,0.00000,0.00000,0.00001
81.01000,1.98000,0.99998,0.00000,0.00000,0.00001,0.00001
81.21000,1.98000,0.99980,0.00001,0.00000,0.00013,0.00006
81.41000,1.98000,0.99993,0.00000,0.00000,0.00006,0.00001
81.61000,1.98000,0.99987,0.00000,0.00000,0.00013,0.00001
81.81000,1.98000,0.99990,0.00000,0.00000,0.00010,0.00000
82.01000,1.98000,0.99998,0.00000,0.00000,0.00001,0.00000
82.21000,1.98000,0.99998,0.00000,0.00000,0.00001,0.00001
82.41000,1.98000,0.99999,0.00000,0.00000,0.00000,0.00001
82.61000,1.98000,0.99953,0.00006,0.00000,0.00016,0.00025
82.81000,1.98000,0.99344,0.00045,0.00563,0.00010,0.00038
83.01000,1.98000,0.90980,0.00229,0.08530,0.00111,0.00150
83.21000,1.98000,0.88205,0.00390,0.10987,0.00206,0.00212
83.41000,1.98000,0.75122,0.00162,0.24193,0.00151,0.00372
83.61000,1.98000,0.70199,0.00079,0.29346,0.00067,0.00309
83.81000,1.98000,0.77168,0.00009,0.22793,0.00005,0.00024
84.01000,1.98000,0.90950,0.00048,0.08976,0.00003,0.00023
84.21000,1.98000,0.98762,0.00036,0.01179,0.00002,0.00021
84.41000,1.98000,0.99673,0.00028,0.00294,0.00000,0.00005
84.61000,1.98000,1.00000,0.00000,0.00000,0.00000,0.00000
84.81000,1.98000,1.00000,0.00000,0.00000,0.00000,0.00000
85.01000,1.98000,0.99998,0.00000,0.00000,0.00000,0.00002
85.21000,1.98000,0.99999,0.00000,0.00000,0.00000,0.00001
85.41000,1.98000,0.99998,0.00000,0.00001,0.00000,0.00001
85.61000,1.98000,0.99997,0.00000,0.00002,0.00000,0.00001
85.81000,1.98000,0.99997,0.00000,0.00001,0.00000,0.00001
86.01000,1.98000,0.99954,0.00000,0.00011,0.00001,0.00034
86.21000,1.98000,0.99985,0.00000,0.00001,0.00000,0.00014
86.41000,1.98000,0.99971,0.00000,0.00003,0.00000,0.00025
86.61000,1.98000,0.99911,0.00000,0.00008,0.00000,0.00081
86.81000,1.98000,0.99955,0.00000,0.00001,0.00000,0.00044
87.01000,1.98000,0.99977,0.00000,0.00001,0.00000,0.00022
87.21000,1.98000,0.99934,0.00000,0.00002,0.00000,0.00064
87.41000,1.98000,0.99876,0.00000,0.00002,0.00000,0.00121
87.61000,1.98000,0.99608,0.00000,0.00002,0.00000,0.00390
87.81000,1.98000,0.98625,0.00000,0.00003,0.00000,0.01373
88.01000,1.98000,0.99727,0.00000,0.00004,0.00000,0.00268
88.21000,1.98000,0.99877,0.00000,0.00002,0.00000,0.00121
88.41000,1.98000,0.99918,0.00000,0.00003,0.00000,0.00079
88.61000,1.98000,0.98764,0.00000,0.01224,0.00000,0.00012
88.81000,1.98000,0.92323,0.00000,0.07564,0.00000,0.00113
89.01000,1.98000,0.85829,0.00001,0.13880,0.00001,0.00289
89.21000,1.98000,0.77422,0.00001,0.22336,0.00002,0.00238
89.41000,1.98000,0.78029,0.00004,0.21778,0.00016,0.00173
89.61000,1.98000,0.88127,0.00005,0.11731,0.00013,0.00124
89.81000,1.98000,0.90527,0.00004,0.09359,0.00005,0.00106
90.01000,1.98000,0.93757,0.00000,0.06172,0.00000,0.00070
90.21000,1.98000,0.98289,0.00000,0.01710,0.00000,0.00001
90.41000,1.98000,0.99998,0.00000,0.00002,0.00000,0.00000
90.61000,1.98000,0.99965,0.00000,0.00003,0.00000,0.00032
90.81000,1.98000,0.99879,0.00000,0.00005,0.00000,0.00116
91.01000,1.98000,0.99946,0.00000,0.00002,0.00000,0.00052
91.21000,1.98000,0.99889,0.00000,0.00010,0.00000,0.00102
91.41000,1.98000,0.99883,0.00000,0.00020,0.00000,0.00097
91.61000,1.98000,0.99825,0.00000,0.00041,0.00000,0.00134
91.81000,1.98000,0.99838,0.00000,0.00033,0.00000,0.00128
92.01000,1.98000,0.99886,0.00001,0.00021,0.00001,0.00091
92.21000,1.98000,0.99922,0.00001,0.00011,0.00002,0.00064
92.41000,1.98000,0.99919,0.00002,0.00001,0.00017,0.00061
92.61000,1.98000,0.99865,0.00001,0.00000,0.00048,0.00086
92.81000,1.98000,0.99965,0.00000,0.00000,0.00024,0.00011
93.01000,1.98000,0.99999,0.00000,0.00000,0.00001,0.00000
93.21000,1.98000,0.99997,0.00000,0.00000,0.00003,0.00001
93.41000,1.98000,1.00000,0.00000,0.00000,0.00000,0.00000
93.61000,1.98000,0.99950,0.00013,0.00029,0.00004,0.00004
93.81000,1.98000,0.99805,0.00006,0.00183,0.00001,0.00004
94.01000,1.98000,0.95986,0.00123,0.03842,0.00010,0.00040
94.21000,1.98000,0.97440,0.00130,0.02392,0.00012,0.00025
94.41000,1.98000,0.99193,0.00089,0.00693,0.00010,0.00014
94.61000,1.98000,0.99814,0.00012,0.00164,0.00002,0.00009
94.81000,1.98000,0.99971,0.00000,0.00027,0.00000,0.00001
95.01000,1.98000,0.99997,0.00000,0.00003,0.00000,0.00000
95.21000,1.98000,0.99998,0.00000,0.00002,0.00000,0.00000
95.41000,1.98000,0.99998,0.00000,0.00000,0.00000,0.00002
95.61000,1.98000,0.99995,0.00000,0.00000,0.00000,0.00004
95.81000,1.98000,0.99998,0.00000,0.00000,0.00000,0.00002
96.01000,1.98000,0.99997,0.00000,0.00000,0.00000,0.00003
96.21000,1.98000,0.99999,0.00000,0.00000,0.00000,0.00001
96.41000,1.98000,1.00000,0.00000,0.00000,0.00000,0.00000
96.61000,1.98000,1.00000,0.00000,0.00000,0.00000,0.00000
96.81000,1.98000,0.99999,0.00000,0.00000,0.00000,0.00001
97.01000,1.98000,0.99997,0.00000,0.00000,0.00000,0.00003
97.21000,1.98000,1.00000,0.00000,0.00000,0.00000,0.00000
97.41000,1.98000,1.00000,0.00000,0.00000,0.00000,0.00000
97.61000,1.98000,0.99999,0.00000,0.00000,0.00000,0.00001
97.81000,1.98000,0.99999,0.00000,0.00000,0.00000,0.00001
98.01000,1.98000,0.99997,0.00000,0.00000,0.00000,0.00003
98.21000,1.98000,1.00000,0.00000,0.00000,0.00000,0.00000
98.41000,1.98000,0.99634,0.00000,0.00365,0.00000,0.00001
98.61000,1.98000,0.92108,0.00001,0.07888,0.00000,0.00003
98.81000,1.98000,0.86890,0.00007,0.13092,0.00001,0.00010
99.01000,1.98000,0.76978,0.00008,0.23004,0.00001,0.00009
99.21000,1.98000,0.67689,0.00022,0.32277,0.00004,0.00008
99.41000,1.98000,0.94513,0.00029,0.05446,0.00008,0.00004
99.61000,1.98000,0.99766,0.00032,0.00191,0.00006,0.00005
99.81000,1.98000,0.99914,0.00017,0.00048,0.00015,0.00005
100.01000,1.98000,0.99986,0.00002,0.00003,0.00006,0.00002
100.21000,1.98000,0.99998,0.00001,0.00000,0.00000,0.00000
100.41000,1.98000,1.00000,0.00000,0.00000,0.00000,0.00000
100.61000,1.98000,1.00000,0.00000,0.00000,0.00000,0.00000
100.81000,1.98000,0.99999,0.00000,0.00000,0.00001,0.00000
101.01000,1.98000,1.00000,0.00000,0.00000,0.00000,0.00000
101.21000,1.98000,0.99997,0.00000,0.00000,0.00002,0.00001
101.41000,1.98000,0.99998,0.00000,0.00000,0.00001,0.00001
101.61000,1.98000,0.99995,0.00000,0.00001,0.00003,0.00002
101.81000,1.98000,0.99990,0.00000,0.00002,0.00005,0.00004
102.01000,1.98000,0.99995,0.00000,0.00003,0.00000,0.00001
102.21000,1.98000,0.99999,0.00000,0.00001,0.00000,0.00000
102.41000,1.98000,0.99999,0.00000,0.00000,0.00000,0.00001
102.61000,1.98000,0.99993,0.00000,0.00000,0.00001,0.00006
102.81000,1.98000,0.99991,0.00000,0.00000,0.00001,0.00008
103.01000,1.98000,0.99994,0.00000,0.00000,0.00000,0.00006
103.21000,1.98000,0.99999,0.00000,0.00000,0.00000,0.00001
103.41000,1.98000,0.99954,0.00004,0.00009,0.00000,0.00033
103.61000,1.98000,0.99269,0.00195,0.00482,0.00001,0.00054
103.81000,1.98000,0.97588,0.01518,0.00712,0.00006,0.00176
104.01000,1.98000,0.92900,0.03657,0.03089,0.00031,0.00324
104.21000,1.98000,0.86950,0.02752,0.09768,0.00091,0.00439
104.41000,1.98000,0.85794,0.03992,0.09838,0.00140,0.00235
104.61000,1.98000,0.82233,0.03916,0.13242,0.00343,0.00267
104.81000,1.98000,0.93431,0.01795,0.04678,0.00053,0.00043
105.01000,1.98000,0.96297,0.00312,0.03356,0.00017,0.00019
105.21000,1.98000,0.99347,0.00047,0.00600,0.00002,0.00004
105.41000,1.98000,0.99987,0.00000,0.00000,0.00003,0.00010
105.61000,1.98000,0.99969,0.00000,0.00000,0.00009,0.00022
105.81000,1.98000,0.99928,0.00000,0.00000,0.00027,0.00045
106.01000,1.98000,0.99941,0.00000,0.00000,0.00011,0.00048
106.21000,1.98000,0.99930,0.00000,0.00000,0.00006,0.00064
106.41000,1.98000,0.99907,0.00000,0.00000,0.00002,0.00091
106.61000,1.98000,0.99982,0.00000,0.00000,0.00000,0.00018
106.81000,1.98000,0.99984,0.00000,0.00000,0.00001,0.00014
107.01000,1.98000,0.99995,0.00000,0.00000,0.00001,0.00004
107.21000,1.98000,0.99993,0.00000,0.00000,0.00001,0.00006
107.41000,1.98000,0.99993,0.00000,0.00000,0.00001,0.00006
107.61000,1.98000,0.99998,0.00000,0.00000,0.00000,0.00002
107.81000,1.98000,0.99997,0.00000,0.00000,0.00000,0.00003
108.01000,1.98000,0.99979,0.00000,0.00000,0.00002,0.00019
108.21000,1.98000,0.99753,0.00000,0.00000,0.00135,0.00112
108.41000,1.98000,0.88999,0.00007,0.10614,0.00134,0.00245
108.61000,1.98000,0.66625,0.00126,0.32721,0.00173,0.00355
108.81000,1.98000,0.68684,0.00420,0.29919,0.00429,0.00548
109.01000,1.98000,0.60063,0.00402,0.38716,0.00407,0.00412
109.21000,1.98000,0.60967,0.00924,0.36979,0.00742,0.00389
109.41000,1.98000,0.67430,0.00588,0.31304,0.00500,0.00179
109.61000,1.98000,0.79532,0.00379,0.19829,0.00160,0.00099
109.81000,1.98000,0.80276,0.00252,0.19367,0.00065,0.00040
110.01000,1.98000,0.91063,0.00015,0.08911,0.00007,0.00004
110.21000,1.98000,0.99992,0.00000,0.00005,0.00000,0.00003
110.41000,1.98000,0.99935,0.00000,0.00000,0.00008,0.00057
110.61000,1.98000,0.99949,0.00000,0.00000,0.00007,0.00043
110.81000,1.98000,0.99990,0.00000,0.00000,0.00000,0.00010
111.01000,1.98000,0.99980,0.00000,0.00000,0.00000,0.00020
111.21000,1.98000,0.99921,0.00000,0.00000,0.00001,0.00078
111.41000,1.98000,0.99942,0.00000,0.00000,0.00000,0.00057
111.61000,1.98000,0.99952,0.00000,0.00000,0.00000,0.00048
111.81000,1.98000,0.99985,0.00000,0.00000,0.00000,0.00015
112.01000,1.98000,0.99978,0.00000,0.00000,0.00000,0.00021
112.21000,1.98000,0.99986,0.00000,0.00000,0.00000,0.00014
112.41000,1.98000,0.99985,0.00000,0.00000,0.00000,0.00015
112.61000,1.98000,0.99996,0.00000,0.00000,0.00000,0.00004
112.81000,1.98000,0.99994,0.00000,0.00000,0.00000,0.00005
113.01000,1.98000,0.99991,0.00001,0.00000,0.00000,0.00008
113.21000,1.98000,0.99975,0.00003,0.00000,0.00000,0.00021
113.41000,1.98000,0.99942,0.00005,0.00035,0.00000,0.00018
113.61000,1.98000,0.99275,0.00064,0.00629,0.00001,0.00031
113.81000,1.98000,0.98033,0.00453,0.01357,0.00004,0.00153
114.01000,1.98000,0.96205,0.00172,0.03049,0.00007,0.00567
114.21000,1.98000,0.88517,0.00089,0.10825,0.00010,0.00558
114.41000,1.98000,0.83793,0.00053,0.15760,0.00013,0.00380
114.61000,1.98000,0.91634,0.00055,0.08162,0.00007,0.00142
114.81000,1.98000,0.96548,0.00059,0.03285,0.00007,0.00101
115.01000,1.98000,0.98770,0.00061,0.01149,0.00004,0.00016
115.21000,1.98000,0.99730,0.00160,0.00103,0.00001,0.00005
115.41000,1.98000,0.99988,0.00002,0.00000,0.00001,0.00009
115.61000,1.98000,0.99960,0.00011,0.00000,0.00011,0.00018
115.81000,1.98000,0.99957,0.00016,0.00000,0.00017,0.00011
116.01000,1.98000,0.99945,0.00040,0.00000,0.00009,0.00006
116.21000,1.98000,0.99881,0.00119,0.00000,0.00000,0.00000
116.41000,1.98000,0.99950,0.00047,0.00000,0.00000,0.00002
116.61000,1.98000,0.99967,0.00032,0.00001,0.00000,0.00001
116.81000,1.98000,0.99964,0.00035,0.00001,0.00000,0.00000
117.01000,1.98000,0.99997,0.00001,0.00000,0.00000,0.00001
117.21000,1.98000,0.99999,0.00001,0.00000,0.00000,0.00000
117.41000,1.98000,1.00000,0.00000,0.00000,0.00000,0.00000
117.61000,1.98000,1.00000,0.00000,0.00000,0.00000,0.00000
117.81000,1.98000,1.00000,0.00000,0.00000,0.00000,0.00000
118.01000,1.98000,0.99964,0.00034,0.00000,0.00000,0.00002
118.21000,1.98000,0.99981,0.00010,0.00001,0.00000,0.00009
118.41000,1.98000,0.99986,0.00008,0.00000,0.00000,0.00006
118.61000,1.98000,0.99993,0.00001,0.00000,0.00000,0.00006
118.81000,1.98000,0.99998,0.00000,0.00000,0.00000,0.00002
119.01000,1.98000,0.99970,0.00000,0.00001,0.00000,0.00029
119.21000,1.98000,0.99974,0.00000,0.00002,0.00000,0.00024
119.41000,1.98000,0.99984,0.00001,0.00005,0.00000,0.00010
119.61000,1.98000,0.99850,0.00002,0.00035,0.00000,0.00113
119.81000,1.98000,0.99554,0.00000,0.00007,0.00004,0.00435
120.01000,1.98000,0.99622,0.00000,0.00002,0.00009,0.00367
120.21000,1.98000,0.99652,0.00000,0.00001,0.00018,0.00330
120.41000,1.98000,0.99828,0.00000,0.00000,0.00018,0.00153
120.61000,1.98000,0.99997,0.00000,0.00000,0.00001,0.00002
120.81000,1.98000,0.99999,0.00000,0.00000,0.00001,0.00000
121.01000,1.98000,1.00000,0.00000,0.00000,0.00000,0.00000
121.21000,1.98000,1.00000,0.00000,0.00000,0.00000,0.00000
121.41000,1.98000,1.00000,0.00000,0.00000,0.00000,0.00000
121.61000,1.98000,1.00000,0.00000,0.00000,0.00000,0.00000
121.81000,1.98000,1.00000,0.00000,0.00000,0.00000,0.00000
