Time (seconds), Duration (seconds),pred_(unlabeled),pred_empty_box,pred_table
0.00250,0.49500,0.01453,0.98547,0.00000
0.10250,0.49500,0.01468,0.98532,0.00000
0.20250,0.49500,0.01551,0.98449,0.00000
0.30250,0.49500,0.01141,0.98859,0.00000
0.40250,0.49500,0.01424,0.98576,0.00000
0.50250,0.49500,0.01814,0.98186,0.00000
0.60250,0.49500,0.01647,0.98353,0.00000
0.70250,0.49500,0.01036,0.98964,0.00000
0.80250,0.49500,0.00996,0.99004,0.00000
0.90250,0.49500,0.01335,0.98665,0.00000
1.00250,0.49500,0.02126,0.97874,0.00000
1.10250,0.49500,0.02425,0.97575,0.00000
1.20250,0.49500,0.02501,0.97499,0.00000
1.30250,0.49500,0.01850,0.98150,0.00000
1.40250,0.49500,0.01055,0.98945,0.00000
1.50250,0.49500,0.01503,0.98497,0.00000
1.60250,0.49500,0.01549,0.98451,0.00000
1.70250,0.49500,0.01417,0.98583,0.00000
1.80250,0.49500,0.01660,0.98340,0.00000
1.90250,0.49500,0.01420,0.98580,0.00000
2.00250,0.49500,0.02170,0.97830,0.00000
2.10250,0.49500,0.01443,0.98557,0.00000
2.20250,0.49500,0.01489,0.98511,0.00000
2.30250,0.49500,0.01853,0.98147,0.00000
2.40250,0.49500,0.01632,0.98368,0.00000
2.50250,0.49500,0.02124,0.97876,0.00000
2.60250,0.49500,0.01542,0.98458,0.00000
2.70250,0.49500,0.01410,0.98590,0.00000
2.80250,0.49500,0.01113,0.98887,0.00000
2.90250,0.49500,0.01326,0.98674,0.00000
3.00250,0.49500,0.01722,0.98278,0.00000
3.10250,0.49500,0.00910,0.99090,0.00000
3.20250,0.49500,0.01192,0.98808,0.00000
3.30250,0.49500,0.00858,0.99142,0.00000
3.40250,0.49500,0.01182,0.98818,0.00000
3.50250,0.49500,0.01038,0.98962,0.00000
3.60250,0.49500,0.00836,0.99164,0.00000
3.70250,0.49500,0.01250,0.98750,0.00000
3.80250,0.49500,0.02691,0.97309,0.00000
3.90250,0.49500,0.01891,0.98109,0.00000
4.00250,0.49500,0.01118,0.98882,0.00000
4.10250,0.49500,0.01406,0.98594,0.00000
4.20250,0.49500,0.01397,0.98603,0.00000
4.30250,0.49500,0.02582,0.97418,0.00000
4.40250,0.49500,0.01872,0.98128,0.00000
4.50250,0.49500,0.01112,0.98888,0.00000
4.60250,0.49500,0.01167,0.98833,0.00000
4.70250,0.49500,0.01623,0.98377,0.00000
4.80250,0.49500,0.01982,0.98018,0.00000
4.90250,0.49500,0.01840,0.98160,0.00000
5.00250,0.49500,0.02120,0.97880,0.00000
5.10250,0.49500,0.01274,0.98726,0.00000
5.20250,0.49500,0.01888,0.98112,0.00000
5.30250,0.49500,0.00959,0.99041,0.00000
5.40250,0.49500,0.01507,0.98493,0.00000
5.50250,0.49500,0.01931,0.98069,0.00000
5.60250,0.49500,0.01420,0.98580,0.00000
5.70250,0.49500,0.01384,0.98616,0.00000
5.80250,0.49500,0.01810,0.98190,0.00000
5.90250,0.49500,0.01557,0.98443,0.00000
6.00250,0.49500,0.01831,0.98169,0.00000
6.10250,0.49500,0.01769,0.98231,0.00000
6.20250,0.49500,0.00944,0.99056,0.00000
6.30250,0.49500,0.01015,0.98985,0.00000
6.40250,0.49500,0.00974,0.99026,0.00000
6.50250,0.49500,0.00936,0.99064,0.00000
6.60250,0.49500,0.00802,0.99198,0.00000
6.70250,0.49500,0.01175,0.98825,0.00000
6.80250,0.49500,0.00986,0.99014,0.00000
6.90250,0.49500,0.00809,0.99191,0.00000
7.00250,0.49500,0.00754,0.99246,0.00000
7.10250,0.49500,0.00851,0.99149,0.00000
7.20250,0.49500,0.01373,0.98627,0.00000
7.30250,0.49500,0.00976,0.99024,0.00000
7.40250,0.49500,0.01391,0.98609,0.00000
7.50250,0.49500,0.01027,0.98973,0.00000
7.60250,0.49500,0.01034,0.98966,0.00000
7.70250,0.49500,0.01045,0.98955,0.00000
7.80250,0.49500,0.01056,0.98944,0.00000
7.90250,0.49500,0.00824,0.99176,0.00000
8.00250,0.49500,0.00769,0.99231,0.00000
8.10250,0.49500,0.01095,0.98905,0.00000
8.20250,0.49500,0.01160,0.98840,0.00000
8.30250,0.49500,0.00855,0.99145,0.00000
8.40250,0.49500,0.00945,0.99055,0.00000
8.50250,0.49500,0.01128,0.98872,0.00000
8.60250,0.49500,0.00966,0.99034,0.00000
8.70250,0.49500,0.01587,0.98413,0.00000
8.80250,0.49500,0.00665,0.99335,0.00000
8.90250,0.49500,0.01072,0.98928,0.00000
9.00250,0.49500,0.01071,0.98929,0.00000
9.10250,0.49500,0.00711,0.99289,0.00000
9.20250,0.49500,0.00699,0.99301,0.00000
9.30250,0.49500,0.00885,0.99115,0.00000
9.40250,0.49500,0.01073,0.98927,0.00000
9.50250,0.49500,0.00710,0.99290,0.00000
9.60250,0.49500,0.00759,0.99241,0.00000
9.70250,0.49500,0.01116,0.98884,0.00000
9.80250,0.49500,0.01632,0.98368,0.00000
9.90250,0.49500,0.01157,0.98843,0.00000
10.00250,0.49500,0.01179,0.98821,0.00000
10.10250,0.49500,0.02668,0.97332,0.00000
10.20250,0.49500,0.00887,0.99113,0.00000
10.30250,0.49500,0.02400,0.97600,0.00000
10.40250,0.49500,0.01287,0.98713,0.00000
10.50250,0.49500,0.01947,0.98053,0.00000
10.60250,0.49500,0.01610,0.98390,0.00000
10.70250,0.49500,0.02008,0.97992,0.00000
10.80250,0.49500,0.01395,0.98605,0.00000
10.90250,0.49500,0.01148,0.98852,0.00000
11.00250,0.49500,0.00885,0.99115,0.00000
11.10250,0.49500,0.02030,0.97970,0.00000
11.20250,0.49500,0.01979,0.98021,0.00000
11.30250,0.49500,0.01230,0.98770,0.00000
11.40250,0.49500,0.04111,0.95889,0.00000
11.50250,0.49500,0.03239,0.96761,0.00000
11.60250,0.49500,0.02959,0.97041,0.00000
11.70250,0.49500,0.03929,0.96071,0.00000
11.80250,0.49500,0.01642,0.98358,0.00000
11.90250,0.49500,0.01327,0.98673,0.00000
12.00250,0.49500,0.01315,0.98685,0.00000
12.10250,0.49500,0.01457,0.98543,0.00000
12.20250,0.49500,0.01741,0.98259,0.00000
12.30250,0.49500,0.01715,0.98285,0.00000
12.40250,0.49500,0.01972,0.98028,0.00000
12.50250,0.49500,0.00868,0.99132,0.00000
12.60250,0.49500,0.00776,0.99224,0.00000
12.70250,0.49500,0.01323,0.98677,0.00000
12.80250,0.49500,0.01638,0.98362,0.00000
12.90250,0.49500,0.01765,0.98235,0.00000
13.00250,0.49500,0.01244,0.98756,0.00000
13.10250,0.49500,0.02607,0.97393,0.00000
13.20250,0.49500,0.01838,0.98162,0.00000
13.30250,0.49500,0.01302,0.98698,0.00000
13.40250,0.49500,0.01949,0.98051,0.00000
13.50250,0.49500,0.01670,0.98330,0.00000
13.60250,0.49500,0.01993,0.98007,0.00000
13.70250,0.49500,0.01282,0.98718,0.00000
13.80250,0.49500,0.01030,0.98970,0.00000
13.90250,0.49500,0.01068,0.98932,0.00000
14.00250,0.49500,0.00935,0.99065,0.00000
14.10250,0.49500,0.00734,0.99266,0.00000
14.20250,0.49500,0.01115,0.98885,0.00000
14.30250,0.49500,0.01046,0.98954,0.00000
14.40250,0.49500,0.00769,0.99231,0.00000
14.50250,0.49500,0.00725,0.99275,0.00000
14.60250,0.49500,0.00994,0.99006,0.00000
14.70250,0.49500,0.01136,0.98864,0.00000
14.80250,0.49500,0.01040,0.98960,0.00000
14.90250,0.49500,0.01497,0.98503,0.00000
15.00250,0.49500,0.00978,0.99022,0.00000
15.10250,0.49500,0.01917,0.98083,0.00000
15.20250,0.49500,0.03151,0.96849,0.00000
15.30250,0.49500,0.01575,0.98424,0.00000
15.40250,0.49500,0.01413,0.98587,0.00000
15.50250,0.49500,0.01416,0.98584,0.00000
15.60250,0.49500,0.00975,0.99025,0.00000
15.70250,0.49500,0.02029,0.97971,0.00000
15.80250,0.49500,0.02147,0.97853,0.00000
15.90250,0.49500,0.01065,0.98935,0.00000
16.00250,0.49500,0.01268,0.98732,0.00000
16.10250,0.49500,0.01003,0.98997,0.00000
16.20250,0.49500,0.01879,0.98121,0.00000
16.30250,0.49500,0.01275,0.98725,0.00000
16.40250,0.49500,0.00983,0.99017,0.00000
16.50250,0.49500,0.01688,0.98312,0.00000
16.60250,0.49500,0.00701,0.99299,0.00000
16.70250,0.49500,0.00598,0.99402,0.00000
16.80250,0.49500,0.00718,0.99282,0.00000
16.90250,0.49500,0.00795,0.99205,0.00000
17.00250,0.49500,0.00935,0.99064,0.00000
17.10250,0.49500,0.00987,0.99013,0.00000
17.20250,0.49500,0.01120,0.98880,0.00000
17.30250,0.49500,0.01133,0.98867,0.00000
17.40250,0.49500,0.00700,0.99300,0.00000
17.50250,0.49500,0.01438,0.98562,0.00000
17.60250,0.49500,0.02143,0.97857,0.00000
17.70250,0.49500,0.01148,0.98852,0.00000
17.80250,0.49500,0.01776,0.98224,0.00000
17.90250,0.49500,0.01732,0.98268,0.00000
18.00250,0.49500,0.01227,0.98773,0.00000
18.10250,0.49500,0.00599,0.99401,0.00000
18.20250,0.49500,0.01802,0.98198,0.00000
18.30250,0.49500,0.01916,0.98084,0.00000
18.40250,0.49500,0.01263,0.98737,0.00000
18.50250,0.49500,0.00628,0.99372,0.00000
18.60250,0.49500,0.01114,0.98886,0.00000
18.70250,0.49500,0.01530,0.98470,0.00000
18.80250,0.49500,0.01408,0.98592,0.00000
18.90250,0.49500,0.02059,0.97941,0.00000
19.00250,0.49500,0.01093,0.98907,0.00000
19.10250,0.49500,0.01468,0.98532,0.00000
19.20250,0.49500,0.01788,0.98212,0.00000
19.30250,0.49500,0.02472,0.97528,0.00000
19.40250,0.49500,0.00948,0.99052,0.00000
19.50250,0.49500,0.00863,0.99137,0.00000
19.60250,0.49500,0.00998,0.99002,0.00000
19.70250,0.49500,0.01876,0.98124,0.00000
19.80250,0.49500,0.00766,0.99234,0.00000
19.90250,0.49500,0.01014,0.98986,0.00000
20.00250,0.49500,0.02371,0.97629,0.00000
20.10250,0.49500,0.01676,0.98324,0.00000
20.20250,0.49500,0.01562,0.98438,0.00000
20.30250,0.49500,0.02500,0.97500,0.00000
20.40250,0.49500,0.01239,0.98761,0.00000
20.50250,0.49500,0.04191,0.95809,0.00000
20.60250,0.49500,0.06432,0.93568,0.00000
20.70250,0.49500,0.07078,0.92922,0.00000
20.80250,0.49500,0.03285,0.96715,0.00000
20.90250,0.49500,0.01586,0.98414,0.00000
21.00250,0.49500,0.01177,0.98823,0.00000
21.10250,0.49500,0.06892,0.93108,0.00000
21.20250,0.49500,0.05966,0.94034,0.00000
21.30250,0.49500,0.03833,0.96166,0.00000
21.40250,0.49500,0.02375,0.97625,0.00000
21.50250,0.49500,0.04505,0.95495,0.00000
21.60250,0.49500,0.04661,0.95339,0.00000
21.70250,0.49500,0.03110,0.96890,0.00000
21.80250,0.49500,0.01480,0.98520,0.00000
21.90250,0.49500,0.02647,0.97353,0.00000
22.00250,0.49500,0.04473,0.95527,0.00000
22.10250,0.49500,0.04515,0.95485,0.00000
22.20250,0.49500,0.04698,0.95302,0.00000
22.30250,0.49500,0.05694,0.94306,0.00000
22.40250,0.49500,0.07934,0.92066,0.00000
22.50250,0.49500,0.07433,0.92567,0.00000
22.60250,0.49500,0.15068,0.84932,0.00000
22.70250,0.49500,0.03019,0.96981,0.00000
22.80250,0.49500,0.05626,0.94374,0.00000
22.90250,0.49500,0.04514,0.95486,0.00000
23.00250,0.49500,0.12727,0.87273,0.00000
23.10250,0.49500,0.18206,0.81794,0.00000
23.20250,0.49500,0.18237,0.81763,0.00000
23.30250,0.49500,0.05365,0.94635,0.00000
23.40250,0.49500,0.06630,0.93370,0.00000
23.50250,0.49500,0.03594,0.96406,0.00000
23.60250,0.49500,0.04204,0.95796,0.00000
23.70250,0.49500,0.02471,0.97529,0.00000
23.80250,0.49500,0.13099,0.86901,0.00000
23.90250,0.49500,0.02169,0.97831,0.00000
24.00250,0.49500,0.01803,0.98197,0.00000
24.10250,0.49500,0.05388,0.94612,0.00000
24.20250,0.49500,0.06080,0.93920,0.00000
24.30250,0.49500,0.05068,0.94932,0.00000
24.40250,0.49500,0.05776,0.94224,0.00000
24.50250,0.49500,0.12951,0.87049,0.00000
24.60250,0.49500,0.10713,0.89287,0.00000
24.70250,0.49500,0.03438,0.96562,0.00000
24.80250,0.49500,0.02318,0.97682,0.00000
24.90250,0.49500,0.03336,0.96664,0.00000
25.00250,0.49500,0.02355,0.97645,0.00000
25.10250,0.49500,0.12073,0.87927,0.00000
25.20250,0.49500,0.11347,0.88653,0.00000
25.30250,0.49500,0.04833,0.95167,0.00000
25.40250,0.49500,0.05596,0.94404,0.00000
25.50250,0.49500,0.03257,0.96743,0.00000
25.60250,0.49500,0.04352,0.95648,0.00000
25.70250,0.49500,0.02679,0.97321,0.00000
25.80250,0.49500,0.03753,0.96246,0.00000
25.90250,0.49500,0.03445,0.96555,0.00000
26.00250,0.49500,0.05974,0.94026,0.00000
26.10250,0.49500,0.08993,0.91007,0.00000
26.20250,0.49500,0.15169,0.84831,0.00000
26.30250,0.49500,0.16929,0.83071,0.00000
26.40250,0.49500,0.14261,0.85739,0.00000
26.50250,0.49500,0.07114,0.92886,0.00000
26.60250,0.49500,0.02605,0.97395,0.00000
26.70250,0.49500,0.11341,0.88659,0.00000
26.80250,0.49500,0.01952,0.98048,0.00000
26.90250,0.49500,0.17754,0.82246,0.00000
27.00250,0.49500,0.07671,0.92329,0.00000
27.10250,0.49500,0.12734,0.87266,0.00000
27.20250,0.49500,0.25775,0.74225,0.00000
27.30250,0.49500,0.29942,0.70058,0.00000
27.40250,0.49500,0.96696,0.03304,0.00000
27.50250,0.49500,0.99825,0.00175,0.00000
27.60250,0.49500,0.99735,0.00265,0.00000
27.70250,0.49500,0.99987,0.00013,0.00000
27.80250,0.49500,0.99770,0.00230,0.00000
27.90250,0.49500,0.95819,0.04181,0.00000
28.00250,0.49500,0.96653,0.03347,0.00000
28.10250,0.49500,0.90329,0.09671,0.00000
28.20250,0.49500,0.75517,0.24483,0.00000
28.30250,0.49500,0.45319,0.54681,0.00000
28.40250,0.49500,0.83641,0.16359,0.00000
28.50250,0.49500,0.43698,0.56290,0.00012
28.60250,0.49500,0.98429,0.01571,0.00000
28.70250,0.49500,0.98149,0.01851,0.00000
28.80250,0.49500,0.99933,0.00067,0.00000
28.90250,0.49500,0.53203,0.46797,0.00000
29.00250,0.49500,0.12933,0.87067,0.00000
29.10250,0.49500,0.29008,0.70992,0.00000
29.20250,0.49500,0.21352,0.78648,0.00000
29.30250,0.49500,0.05199,0.94800,0.00001
29.40250,0.49500,0.04098,0.95900,0.00002
29.50250,0.49500,0.02576,0.97424,0.00000
29.60250,0.49500,0.01798,0.98201,0.00002
29.70250,0.49500,0.09724,0.90275,0.00001
29.80250,0.49500,0.03305,0.96693,0.00002
29.90250,0.49500,0.04383,0.95617,0.00001
30.00250,0.49500,0.01788,0.98211,0.00001
30.10250,0.49500,0.01481,0.98519,0.00000
30.20250,0.49500,0.01004,0.98995,0.00001
30.30250,0.49500,0.01588,0.98411,0.00000
30.40250,0.49500,0.01314,0.98685,0.00001
30.50250,0.49500,0.01773,0.98227,0.00000
30.60250,0.49500,0.02211,0.97789,0.00001
30.70250,0.49500,0.04408,0.95592,0.00000
30.80250,0.49500,0.09287,0.90713,0.00000
30.90250,0.49500,0.02418,0.97582,0.00000
31.00250,0.49500,0.01281,0.98719,0.00000
31.10250,0.49500,0.01120,0.98880,0.00000
31.20250,0.49500,0.00877,0.99122,0.00001
31.30250,0.49500,0.00654,0.99346,0.00001
31.40250,0.49500,0.00652,0.99347,0.00000
31.50250,0.49500,0.00590,0.99409,0.00000
31.60250,0.49500,0.00654,0.99345,0.00000
31.70250,0.49500,0.00625,0.99374,0.00000
31.80250,0.49500,0.00992,0.99008,0.00000
31.90250,0.49500,0.01133,0.98866,0.00001
32.00250,0.49500,0.01512,0.98488,0.00001
32.10250,0.49500,0.01238,0.98761,0.00001
32.20250,0.49500,0.00618,0.99381,0.00000
32.30250,0.49500,0.00579,0.99421,0.00000
32.40250,0.49500,0.00829,0.99171,0.00000
32.50250,0.49500,0.00837,0.99162,0.00001
32.60250,0.49500,0.01566,0.98432,0.00002
32.70250,0.49500,0.01357,0.98637,0.00006
32.80250,0.49500,0.01242,0.98756,0.00002
32.90250,0.49500,0.01183,0.98811,0.00007
33.00250,0.49500,0.01108,0.98890,0.00002
33.10250,0.49500,0.00873,0.99123,0.00003
33.20250,0.49500,0.01290,0.98709,0.00001
33.30250,0.49500,0.01188,0.98810,0.00002
33.40250,0.49500,0.01336,0.98663,0.00001
33.50250,0.49500,0.01418,0.98581,0.00000
33.60250,0.49500,0.01334,0.98664,0.00002
33.70250,0.49500,0.03331,0.96669,0.00000
33.80250,0.49500,0.03872,0.96126,0.00001
33.90250,0.49500,0.03500,0.96500,0.00000
34.00250,0.49500,0.04851,0.95148,0.00001
34.10250,0.49500,0.00975,0.99021,0.00004
34.20250,0.49500,0.00991,0.99007,0.00002
34.30250,0.49500,0.00900,0.99100,0.00001
34.40250,0.49500,0.02925,0.97072,0.00002
34.50250,0.49500,0.02120,0.97877,0.00002
34.60250,0.49500,0.02069,0.97930,0.00001
34.70250,0.49500,0.01765,0.98235,0.00000
34.80250,0.49500,0.02179,0.97820,0.00002
34.90250,0.49500,0.01409,0.98589,0.00003
35.00250,0.49500,0.02610,0.97389,0.00001
35.10250,0.49500,0.01439,0.98561,0.00000
35.20250,0.49500,0.01863,0.98131,0.00005
35.30250,0.49500,0.02247,0.97752,0.00000
35.40250,0.49500,0.02713,0.97284,0.00003
35.50250,0.49500,0.02718,0.97277,0.00004
35.60250,0.49500,0.03444,0.96556,0.00001
35.70250,0.49500,0.01432,0.98567,0.00000
35.80250,0.49500,0.01457,0.98541,0.00001
35.90250,0.49500,0.00890,0.99110,0.00000
36.00250,0.49500,0.01081,0.98918,0.00001
36.10250,0.49500,0.00960,0.99038,0.00001
36.20250,0.49500,0.01241,0.98759,0.00000
36.30250,0.49500,0.00899,0.99100,0.00001
36.40250,0.49500,0.00649,0.99351,0.00000
36.50250,0.49500,0.00733,0.99266,0.00001
36.60250,0.49500,0.00805,0.99195,0.00000
36.70250,0.49500,0.00712,0.99288,0.00000
36.80250,0.49500,0.00834,0.99165,0.00000
36.90250,0.49500,0.00658,0.99341,0.00000
37.00250,0.49500,0.01000,0.99000,0.00000
37.10250,0.49500,0.00818,0.99182,0.00000
37.20250,0.49500,0.02058,0.97942,0.00000
37.30250,0.49500,0.01783,0.98217,0.00000
37.40250,0.49500,0.01482,0.98518,0.00000
37.50250,0.49500,0.00970,0.99030,0.00000
37.60250,0.49500,0.00636,0.99364,0.00000
37.70250,0.49500,0.00539,0.99461,0.00000
37.80250,0.49500,0.00859,0.99141,0.00000
37.90250,0.49500,0.00609,0.99391,0.00000
38.00250,0.49500,0.00609,0.99390,0.00000
38.10250,0.49500,0.00606,0.99394,0.00000
38.20250,0.49500,0.01013,0.98986,0.00001
38.30250,0.49500,0.00670,0.99330,0.00000
38.40250,0.49500,0.00888,0.99112,0.00000
38.50250,0.49500,0.00994,0.99006,0.00000
38.60250,0.49500,0.01576,0.98423,0.00000
38.70250,0.49500,0.00614,0.99386,0.00000
38.80250,0.49500,0.00544,0.99456,0.00000
38.90250,0.49500,0.00864,0.99135,0.00002
39.00250,0.49500,0.01014,0.98985,0.00001
39.10250,0.49500,0.01008,0.98989,0.00003
39.20250,0.49500,0.00759,0.99240,0.00001
39.30250,0.49500,0.00664,0.99336,0.00000
39.40250,0.49500,0.00725,0.99275,0.00000
39.50250,0.49500,0.01443,0.98557,0.00000
39.60250,0.49500,0.01730,0.98270,0.00000
39.70250,0.49500,0.01126,0.98874,0.00000
39.80250,0.49500,0.00433,0.99567,0.00000
39.90250,0.49500,0.00798,0.99202,0.00000
40.00250,0.49500,0.00688,0.99312,0.00000
40.10250,0.49500,0.00404,0.99596,0.00000
40.20250,0.49500,0.00326,0.99674,0.00000
40.30250,0.49500,0.00979,0.99021,0.00000
40.40250,0.49500,0.02266,0.97734,0.00000
40.50250,0.49500,0.07323,0.92677,0.00000
40.60250,0.49500,0.01811,0.98189,0.00000
40.70250,0.49500,0.04387,0.95613,0.00000
40.80250,0.49500,0.14558,0.85437,0.00004
40.90250,0.49500,0.03300,0.96700,0.00000
41.00250,0.49500,0.01214,0.98786,0.00000
41.10250,0.49500,0.00888,0.99112,0.00000
41.20250,0.49500,0.00892,0.99108,0.00000
41.30250,0.49500,0.00838,0.99162,0.00000
41.40250,0.49500,0.00518,0.99482,0.00000
41.50250,0.49500,0.00895,0.99104,0.00000
41.60250,0.49500,0.00561,0.99438,0.00000
41.70250,0.49500,0.00844,0.99156,0.00000
41.80250,0.49500,0.01440,0.98560,0.00000
41.90250,0.49500,0.08839,0.91161,0.00000
42.00250,0.49500,0.05806,0.94193,0.00000
42.10250,0.49500,0.04226,0.95774,0.00000
42.20250,0.49500,0.09624,0.90376,0.00000
42.30250,0.49500,0.01292,0.98708,0.00000
42.40250,0.49500,0.02214,0.97786,0.00000
42.50250,0.49500,0.01413,0.98587,0.00000
42.60250,0.49500,0.00936,0.99064,0.00000
42.70250,0.49500,0.00810,0.99190,0.00000
42.80250,0.49500,0.02009,0.97991,0.00000
42.90250,0.49500,0.01008,0.98992,0.00000
43.00250,0.49500,0.00821,0.99179,0.00000
43.10250,0.49500,0.01981,0.98019,0.00000
43.20250,0.49500,0.01334,0.98666,0.00000
43.30250,0.49500,0.01306,0.98694,0.00000
43.40250,0.49500,0.01186,0.98814,0.00000
43.50250,0.49500,0.00927,0.99073,0.00000
43.60250,0.49500,0.02741,0.97259,0.00000
43.70250,0.49500,0.00933,0.99067,0.00000
43.80250,0.49500,0.00963,0.99037,0.00000
43.90250,0.49500,0.02109,0.97891,0.00000
44.00250,0.49500,0.02180,0.97820,0.00000
44.10250,0.49500,0.02682,0.97318,0.00000
44.20250,0.49500,0.06265,0.93735,0.00000
44.30250,0.49500,0.02250,0.97750,0.00000
44.40250,0.49500,0.01921,0.98079,0.00000
44.50250,0.49500,0.01748,0.98252,0.00000
44.60250,0.49500,0.01603,0.98397,0.00000
44.70250,0.49500,0.03218,0.96781,0.00001
44.80250,0.49500,0.01761,0.98238,0.00000
44.90250,0.49500,0.00681,0.99318,0.00000
45.00250,0.49500,0.00455,0.99545,0.00000
45.10250,0.49500,0.00580,0.99420,0.00000
45.20250,0.49500,0.00352,0.99648,0.00000
45.30250,0.49500,0.00393,0.99607,0.00000
45.40250,0.49500,0.00375,0.99625,0.00000
45.50250,0.49500,0.00516,0.99484,0.00000
45.60250,0.49500,0.00627,0.99373,0.00000
45.70250,0.49500,0.00431,0.99569,0.00000
45.80250,0.49500,0.00413,0.99587,0.00000
45.90250,0.49500,0.00769,0.99231,0.00000
46.00250,0.49500,0.00441,0.99559,0.00000
46.10250,0.49500,0.00538,0.99462,0.00000
46.20250,0.49500,0.00455,0.99545,0.00000
46.30250,0.49500,0.00395,0.99605,0.00000
46.40250,0.49500,0.00421,0.99579,0.00000
46.50250,0.49500,0.00465,0.99535,0.00000
46.60250,0.49500,0.00312,0.99688,0.00000
46.70250,0.49500,0.00496,0.99504,0.00000
46.80250,0.49500,0.00454,0.99546,0.00000
46.90250,0.49500,0.00613,0.99387,0.00000
47.00250,0.49500,0.00386,0.99614,0.00000
47.10250,0.49500,0.00474,0.99526,0.00000
47.20250,0.49500,0.00680,0.99320,0.00000
47.30250,0.49500,0.00788,0.99212,0.00000
47.40250,0.49500,0.00729,0.99271,0.00000
47.50250,0.49500,0.00577,0.99423,0.00000
47.60250,0.49500,0.00534,0.99466,0.00000
47.70250,0.49500,0.00382,0.99618,0.00000
47.80250,0.49500,0.00438,0.99562,0.00000
47.90250,0.49500,0.00561,0.99439,0.00000
48.00250,0.49500,0.00383,0.99617,0.00000
48.10250,0.49500,0.00525,0.99475,0.00000
48.20250,0.49500,0.00330,0.99670,0.00000
48.30250,0.49500,0.00355,0.99645,0.00000
48.40250,0.49500,0.00721,0.99278,0.00001
48.50250,0.49500,0.00859,0.99141,0.00000
48.60250,0.49500,0.00748,0.99252,0.00000
48.70250,0.49500,0.01129,0.98871,0.00001
48.80250,0.49500,0.00823,0.99177,0.00000
48.90250,0.49500,0.00699,0.99301,0.00000
49.00250,0.49500,0.00865,0.99134,0.00001
49.10250,0.49500,0.00803,0.99197,0.00000
49.20250,0.49500,0.00796,0.99204,0.00000
49.30250,0.49500,0.00412,0.99588,0.00000
49.40250,0.49500,0.00595,0.99404,0.00001
49.50250,0.49500,0.00464,0.99536,0.00000
49.60250,0.49500,0.00541,0.99459,0.00000
49.70250,0.49500,0.01769,0.98231,0.00000
49.80250,0.49500,0.00728,0.99271,0.00000
49.90250,0.49500,0.01603,0.98396,0.00000
50.00250,0.49500,0.00453,0.99546,0.00000
50.10250,0.49500,0.00603,0.99396,0.00001
50.20250,0.49500,0.00478,0.99521,0.00001
50.30250,0.49500,0.00653,0.99347,0.00000
50.40250,0.49500,0.00958,0.99042,0.00000
50.50250,0.49500,0.00481,0.99519,0.00000
50.60250,0.49500,0.00793,0.99207,0.00000
50.70250,0.49500,0.01032,0.98968,0.00000
50.80250,0.49500,0.00635,0.99365,0.00000
50.90250,0.49500,0.00567,0.99433,0.00001
51.00250,0.49500,0.00785,0.99215,0.00000
51.10250,0.49500,0.00495,0.99504,0.00001
51.20250,0.49500,0.00742,0.99258,0.00000
51.30250,0.49500,0.00524,0.99475,0.00001
51.40250,0.49500,0.00518,0.99482,0.00000
51.50250,0.49500,0.00769,0.99231,0.00000
51.60250,0.49500,0.00635,0.99364,0.00000
51.70250,0.49500,0.00417,0.99583,0.00000
51.80250,0.49500,0.00475,0.99525,0.00000
51.90250,0.49500,0.00835,0.99164,0.00000
52.00250,0.49500,0.00897,0.99102,0.00001
52.10250,0.49500,0.01605,0.98394,0.00000
52.20250,0.49500,0.03829,0.96171,0.00000
52.30250,0.49500,0.01501,0.98498,0.00000
52.40250,0.49500,0.02242,0.97756,0.00001
52.50250,0.49500,0.00902,0.99098,0.00001
52.60250,0.49500,0.00681,0.99318,0.00000
52.70250,0.49500,0.00971,0.99029,0.00000
52.80250,0.49500,0.01139,0.98860,0.00001
52.90250,0.49500,0.01178,0.98821,0.00001
53.00250,0.49500,0.01121,0.98879,0.00000
53.10250,0.49500,0.01036,0.98963,0.00000
53.20250,0.49500,0.00739,0.99261,0.00000
53.30250,0.49500,0.01804,0.98196,0.00000
53.40250,0.49500,0.00929,0.99071,0.00000
53.50250,0.49500,0.00618,0.99382,0.00000
53.60250,0.49500,0.00528,0.99472,0.00000
53.70250,0.49500,0.01252,0.98747,0.00000
53.80250,0.49500,0.00999,0.99001,0.00000
53.90250,0.49500,0.00546,0.99454,0.00000
54.00250,0.49500,0.00987,0.99013,0.00000
54.10250,0.49500,0.00598,0.99402,0.00000
54.20250,0.49500,0.00965,0.99034,0.00001
54.30250,0.49500,0.01245,0.98755,0.00000
54.40250,0.49500,0.00713,0.99286,0.00000
54.50250,0.49500,0.01180,0.98820,0.00000
54.60250,0.49500,0.01275,0.98725,0.00000
54.70250,0.49500,0.00752,0.99248,0.00000
54.80250,0.49500,0.00478,0.99522,0.00000
54.90250,0.49500,0.00661,0.99339,0.00000
55.00250,0.49500,0.00594,0.99405,0.00000
55.10250,0.49500,0.01423,0.98577,0.00000
55.20250,0.49500,0.00947,0.99053,0.00000
55.30250,0.49500,0.00976,0.99024,0.00000
55.40250,0.49500,0.00959,0.99041,0.00000
55.50250,0.49500,0.00720,0.99279,0.00000
55.60250,0.49500,0.00748,0.99252,0.00000
55.70250,0.49500,0.00899,0.99101,0.00000
55.80250,0.49500,0.01662,0.98338,0.00000
55.90250,0.49500,0.02082,0.97918,0.00000
56.00250,0.49500,0.01475,0.98525,0.00000
56.10250,0.49500,0.05182,0.94818,0.00000
56.20250,0.49500,0.01028,0.98972,0.00000
56.30250,0.49500,0.04557,0.95443,0.00000
56.40250,0.49500,0.01169,0.98830,0.00000
56.50250,0.49500,0.01524,0.98476,0.00000
56.60250,0.49500,0.00730,0.99270,0.00000
56.70250,0.49500,0.03629,0.96371,0.00000
56.80250,0.49500,0.03303,0.96697,0.00000
56.90250,0.49500,0.05390,0.94609,0.00001
57.00250,0.49500,0.01401,0.98599,0.00000
57.10250,0.49500,0.00415,0.99585,0.00000
57.20250,0.49500,0.00444,0.99555,0.00001
57.30250,0.49500,0.00940,0.99056,0.00004
57.40250,0.49500,0.00739,0.99260,0.00001
57.50250,0.49500,0.00624,0.99376,0.00000
57.60250,0.49500,0.00831,0.99168,0.00000
57.70250,0.49500,0.00727,0.99273,0.00000
57.80250,0.49500,0.00371,0.99629,0.00000
57.90250,0.49500,0.00471,0.99529,0.00000
58.00250,0.49500,0.00557,0.99442,0.00000
58.10250,0.49500,0.00448,0.99552,0.00000
58.20250,0.49500,0.00460,0.99539,0.00000
58.30250,0.49500,0.00523,0.99477,0.00000
58.40250,0.49500,0.00450,0.99550,0.00000
58.50250,0.49500,0.00467,0.99533,0.00000
58.60250,0.49500,0.00469,0.99531,0.00000
58.70250,0.49500,0.00504,0.99496,0.00000
58.80250,0.49500,0.00412,0.99588,0.00000
58.90250,0.49500,0.00354,0.99646,0.00000
59.00250,0.49500,0.00504,0.99496,0.00000
59.10250,0.49500,0.00517,0.99483,0.00000
59.20250,0.49500,0.00408,0.99592,0.00000
59.30250,0.49500,0.00439,0.99560,0.00000
59.40250,0.49500,0.00510,0.99490,0.00000
59.50250,0.49500,0.00391,0.99609,0.00000
59.60250,0.49500,0.00505,0.99495,0.00000
59.70250,0.49500,0.00493,0.99507,0.00000
59.80250,0.49500,0.00432,0.99568,0.00000
59.90250,0.49500,0.00635,0.99365,0.00000
60.00250,0.49500,0.00452,0.99548,0.00000
60.10250,0.49500,0.00630,0.99370,0.00000
60.20250,0.49500,0.00634,0.99366,0.00000
60.30250,0.49500,0.00581,0.99419,0.00000
60.40250,0.49500,0.00458,0.99542,0.00000
60.50250,0.49500,0.00421,0.99579,0.00000
60.60250,0.49500,0.00457,0.99543,0.00000
60.70250,0.49500,0.00605,0.99395,0.00000
60.80250,0.49500,0.00756,0.99243,0.00000
60.90250,0.49500,0.00527,0.99472,0.00001
61.00250,0.49500,0.00798,0.99202,0.00000
61.10250,0.49500,0.00588,0.99412,0.00000
61.20250,0.49500,0.00530,0.99469,0.00001
61.30250,0.49500,0.00527,0.99472,0.00001
61.40250,0.49500,0.00532,0.99466,0.00002
61.50250,0.49500,0.00541,0.99457,0.00002
61.60250,0.49500,0.00524,0.99475,0.00001
61.70250,0.49500,0.00485,0.99513,0.00002
61.80250,0.49500,0.00614,0.99384,0.00002
61.90250,0.49500,0.00569,0.99429,0.00002
62.00250,0.49500,0.00513,0.99486,0.00001
62.10250,0.49500,0.00720,0.99279,0.00001
62.20250,0.49500,0.00656,0.99343,0.00001
62.30250,0.49500,0.00616,0.99383,0.00001
62.40250,0.49500,0.00863,0.99137,0.00000
62.50250,0.49500,0.14101,0.85899,0.00000
62.60250,0.49500,0.15474,0.84525,0.00001
62.70250,0.49500,0.05755,0.94245,0.00000
62.80250,0.49500,0.05727,0.94273,0.00000
62.90250,0.49500,0.00907,0.99093,0.00000
63.00250,0.49500,0.01383,0.98617,0.00000
63.10250,0.49500,0.00727,0.99272,0.00001
63.20250,0.49500,0.01097,0.98903,0.00000
63.30250,0.49500,0.00996,0.99004,0.00000
63.40250,0.49500,0.02218,0.97782,0.00000
63.50250,0.49500,0.03386,0.96614,0.00001
63.60250,0.49500,0.03855,0.96144,0.00000
63.70250,0.49500,0.04327,0.95673,0.00000
63.80250,0.49500,0.02177,0.97823,0.00000
63.90250,0.49500,0.02688,0.97312,0.00000
64.00250,0.49500,0.02361,0.97638,0.00001
64.10250,0.49500,0.01728,0.98272,0.00000
64.20250,0.49500,0.04998,0.94999,0.00002
64.30250,0.49500,0.02510,0.97490,0.00000
64.40250,0.49500,0.01636,0.98364,0.00000
64.50250,0.49500,0.04839,0.95161,0.00000
64.60250,0.49500,0.13980,0.86020,0.00000
64.70250,0.49500,0.05658,0.94342,0.00000
64.80250,0.49500,0.15350,0.84650,0.00000
64.90250,0.49500,0.08426,0.91574,0.00000
65.00250,0.49500,0.08180,0.91820,0.00000
65.10250,0.49500,0.10077,0.89923,0.00000
65.20250,0.49500,0.01115,0.98885,0.00000
65.30250,0.49500,0.00916,0.99084,0.00000
65.40250,0.49500,0.01006,0.98994,0.00000
65.50250,0.49500,0.01482,0.98518,0.00000
65.60250,0.49500,0.01702,0.98298,0.00000
65.70250,0.49500,0.01612,0.98388,0.00000
65.80250,0.49500,0.02995,0.97005,0.00000
65.90250,0.49500,0.04789,0.95211,0.00000
66.00250,0.49500,0.01300,0.98699,0.00000
66.10250,0.49500,0.00802,0.99198,0.00000
66.20250,0.49500,0.01844,0.98156,0.00000
66.30250,0.49500,0.01122,0.98878,0.00000
66.40250,0.49500,0.01000,0.99000,0.00000
66.50250,0.49500,0.00975,0.99025,0.00000
66.60250,0.49500,0.01456,0.98544,0.00000
66.70250,0.49500,0.01309,0.98691,0.00000
66.80250,0.49500,0.02720,0.97280,0.00000
66.90250,0.49500,0.03617,0.96383,0.00000
67.00250,0.49500,0.03757,0.96243,0.00000
67.10250,0.49500,0.03259,0.96741,0.00000
67.20250,0.49500,0.07471,0.92529,0.00000
67.30250,0.49500,0.01052,0.98947,0.00000
67.40250,0.49500,0.03245,0.96755,0.00000
67.50250,0.49500,0.01314,0.98686,0.00000
67.60250,0.49500,0.01772,0.98228,0.00000
67.70250,0.49500,0.02714,0.97286,0.00000
67.80250,0.49500,0.01019,0.98981,0.00000
67.90250,0.49500,0.06565,0.93435,0.00000
68.00250,0.49500,0.01786,0.98214,0.00000
68.10250,0.49500,0.02362,0.97638,0.00000
68.20250,0.49500,0.00904,0.99096,0.00000
68.30250,0.49500,0.01767,0.98233,0.00000
68.40250,0.49500,0.00897,0.99103,0.00000
68.50250,0.49500,0.05592,0.94408,0.00000
68.60250,0.49500,0.02160,0.97840,0.00000
68.70250,0.49500,0.01595,0.98405,0.00000
68.80250,0.49500,0.01026,0.98974,0.00000
68.90250,0.49500,0.01870,0.98130,0.00000
69.00250,0.49500,0.02719,0.97281,0.00000
69.10250,0.49500,0.01556,0.98444,0.00000
69.20250,0.49500,0.04284,0.95716,0.00000
69.30250,0.49500,0.02777,0.97223,0.00000
69.40250,0.49500,0.02489,0.97511,0.00000
69.50250,0.49500,0.02439,0.97561,0.00000
69.60250,0.49500,0.01933,0.98067,0.00000
69.70250,0.49500,0.08503,0.91497,0.00000
69.80250,0.49500,0.03726,0.96274,0.00000
69.90250,0.49500,0.07242,0.92758,0.00000
70.00250,0.49500,0.02677,0.97323,0.00000
70.10250,0.49500,0.00903,0.99096,0.00000
70.20250,0.49500,0.01197,0.98803,0.00000
70.30250,0.49500,0.01143,0.98857,0.00000
70.40250,0.49500,0.01426,0.98574,0.00000
70.50250,0.49500,0.02232,0.97768,0.00000
70.60250,0.49500,0.02956,0.97044,0.00000
70.70250,0.49500,0.02489,0.97511,0.00000
70.80250,0.49500,0.13576,0.86424,0.00000
70.90250,0.49500,0.08910,0.91090,0.00000
71.00250,0.49500,0.03134,0.96866,0.00000
71.10250,0.49500,0.03499,0.96501,0.00000
71.20250,0.49500,0.01542,0.98458,0.00000
71.30250,0.49500,0.01371,0.98629,0.00000
71.40250,0.49500,0.00989,0.99011,0.00000
71.50250,0.49500,0.00652,0.99348,0.00000
71.60250,0.49500,0.03092,0.96908,0.00000
71.70250,0.49500,0.03758,0.96242,0.00000
71.80250,0.49500,0.06112,0.93888,0.00000
71.90250,0.49500,0.04082,0.95918,0.00000
72.00250,0.49500,0.06108,0.93892,0.00000
72.10250,0.49500,0.02038,0.97962,0.00000
72.20250,0.49500,0.02406,0.97594,0.00000
72.30250,0.49500,0.02761,0.97239,0.00000
72.40250,0.49500,0.00684,0.99316,0.00000
72.50250,0.49500,0.00709,0.99290,0.00000
72.60250,0.49500,0.00717,0.99283,0.00000
72.70250,0.49500,0.00872,0.99128,0.00000
72.80250,0.49500,0.01073,0.98927,0.00000
72.90250,0.49500,0.01388,0.98612,0.00000
73.00250,0.49500,0.01760,0.98240,0.00000
73.10250,0.49500,0.00920,0.99080,0.00000
73.20250,0.49500,0.01850,0.98150,0.00000
73.30250,0.49500,0.01084,0.98915,0.00000
73.40250,0.49500,0.01665,0.98335,0.00000
73.50250,0.49500,0.00726,0.99274,0.00000
73.60250,0.49500,0.01663,0.98337,0.00000
73.70250,0.49500,0.02256,0.97744,0.00000
73.80250,0.49500,0.01869,0.98131,0.00000
73.90250,0.49500,0.03742,0.96258,0.00000
74.00250,0.49500,0.02330,0.97670,0.00000
74.10250,0.49500,0.01666,0.98334,0.00000
74.20250,0.49500,0.01633,0.98367,0.00000
74.30250,0.49500,0.00883,0.99117,0.00000
74.40250,0.49500,0.02670,0.97330,0.00000
74.50250,0.49500,0.01267,0.98733,0.00000
74.60250,0.49500,0.03014,0.96986,0.00000
74.70250,0.49500,0.03154,0.96846,0.00000
74.80250,0.49500,0.01395,0.98605,0.00000
74.90250,0.49500,0.03151,0.96848,0.00000
75.00250,0.49500,0.03590,0.96410,0.00000
75.10250,0.49500,0.11269,0.88731,0.00000
75.20250,0.49500,0.14588,0.85412,0.00000
75.30250,0.49500,0.13724,0.86276,0.00000
75.40250,0.49500,0.01769,0.98231,0.00000
75.50250,0.49500,0.01908,0.98092,0.00000
75.60250,0.49500,0.00438,0.99562,0.00000
75.70250,0.49500,0.00616,0.99384,0.00000
75.80250,0.49500,0.00716,0.99284,0.00000
75.90250,0.49500,0.01605,0.98395,0.00000
76.00250,0.49500,0.00920,0.99080,0.00000
76.10250,0.49500,0.00673,0.99327,0.00000
76.20250,0.49500,0.01044,0.98956,0.00000
76.30250,0.49500,0.01267,0.98733,0.00000
76.40250,0.49500,0.00808,0.99192,0.00000
76.50250,0.49500,0.01869,0.98131,0.00000
76.60250,0.49500,0.02731,0.97269,0.00000
76.70250,0.49500,0.03599,0.96401,0.00000
76.80250,0.49500,0.07251,0.92749,0.00000
76.90250,0.49500,0.02933,0.97067,0.00000
77.00250,0.49500,0.01877,0.98123,0.00000
77.10250,0.49500,0.01078,0.98922,0.00000
77.20250,0.49500,0.01407,0.98593,0.00000
77.30250,0.49500,0.02226,0.97774,0.00000
77.40250,0.49500,0.05738,0.94262,0.00000
77.50250,0.49500,0.01313,0.98687,0.00000
77.60250,0.49500,0.01875,0.98125,0.00000
77.70250,0.49500,0.01311,0.98689,0.00000
77.80250,0.49500,0.00780,0.99220,0.00000
77.90250,0.49500,0.01448,0.98552,0.00000
78.00250,0.49500,0.01131,0.98868,0.00000
78.10250,0.49500,0.01253,0.98747,0.00000
78.20250,0.49500,0.02145,0.97855,0.00000
78.30250,0.49500,0.02452,0.97548,0.00000
78.40250,0.49500,0.01286,0.98714,0.00000
78.50250,0.49500,0.01797,0.98203,0.00000
78.60250,0.49500,0.03688,0.96312,0.00000
78.70250,0.49500,0.01200,0.98800,0.00000
78.80250,0.49500,0.01275,0.98725,0.00000
78.90250,0.49500,0.01900,0.98100,0.00000
79.00250,0.49500,0.00918,0.99082,0.00000
79.10250,0.49500,0.02756,0.97244,0.00000
79.20250,0.49500,0.01875,0.98125,0.00000
79.30250,0.49500,0.02281,0.97719,0.00000
79.40250,0.49500,0.02070,0.97930,0.00000
79.50250,0.49500,0.02815,0.97185,0.00000
79.60250,0.49500,0.02491,0.97509,0.00000
79.70250,0.49500,0.02325,0.97675,0.00000
79.80250,0.49500,0.10607,0.89393,0.00000
79.90250,0.49500,0.06577,0.93423,0.00000
80.00250,0.49500,0.05003,0.94996,0.00000
80.10250,0.49500,0.02229,0.97771,0.00000
80.20250,0.49500,0.02516,0.97484,0.00000
80.30250,0.49500,0.02492,0.97507,0.00000
80.40250,0.49500,0.02711,0.97288,0.00001
80.50250,0.49500,0.02336,0.97664,0.00000
80.60250,0.49500,0.01107,0.98893,0.00000
80.70250,0.49500,0.01240,0.98760,0.00000
80.80250,0.49500,0.01218,0.98782,0.00000
80.90250,0.49500,0.01164,0.98836,0.00000
81.00250,0.49500,0.01316,0.98684,0.00000
81.10250,0.49500,0.07743,0.92257,0.00000
81.20250,0.49500,0.01736,0.98264,0.00000
81.30250,0.49500,0.02500,0.97499,0.00000
81.40250,0.49500,0.00452,0.99548,0.00000
81.50250,0.49500,0.01696,0.98304,0.00000
81.60250,0.49500,0.02295,0.97705,0.00000
81.70250,0.49500,0.14524,0.85476,0.00000
81.80250,0.49500,0.07494,0.92506,0.00000
81.90250,0.49500,0.13974,0.86026,0.00000
82.00250,0.49500,0.38233,0.61767,0.00000
82.10250,0.49500,0.04121,0.95879,0.00000
82.20250,0.49500,0.04103,0.95897,0.00000
82.30250,0.49500,0.05556,0.94444,0.00000
82.40250,0.49500,0.08008,0.91992,0.00000
82.50250,0.49500,0.11761,0.88239,0.00000
82.60250,0.49500,0.14592,0.85408,0.00000
82.70250,0.49500,0.03059,0.96941,0.00000
82.80250,0.49500,0.03202,0.96797,0.00000
82.90250,0.49500,0.00646,0.99354,0.00000
83.00250,0.49500,0.00710,0.99289,0.00001
83.10250,0.49500,0.00741,0.99258,0.00000
83.20250,0.49500,0.00788,0.99211,0.00001
83.30250,0.49500,0.00850,0.99149,0.00000
83.40250,0.49500,0.00808,0.99190,0.00001
83.50250,0.49500,0.01416,0.98583,0.00000
83.60250,0.49500,0.00993,0.99006,0.00001
83.70250,0.49500,0.00962,0.99037,0.00001
83.80250,0.49500,0.01115,0.98884,0.00001
83.90250,0.49500,0.00729,0.99270,0.00001
84.00250,0.49500,0.00934,0.99066,0.00000
84.10250,0.49500,0.01213,0.98787,0.00000
84.20250,0.49500,0.01117,0.98882,0.00000
84.30250,0.49500,0.03897,0.96102,0.00000
84.40250,0.49500,0.03589,0.96411,0.00000
84.50250,0.49500,0.00948,0.99052,0.00000
84.60250,0.49500,0.09081,0.90919,0.00000
84.70250,0.49500,0.04180,0.95820,0.00000
84.80250,0.49500,0.01663,0.98337,0.00000
84.90250,0.49500,0.03568,0.96431,0.00000
85.00250,0.49500,0.01354,0.98646,0.00000
85.10250,0.49500,0.02279,0.97721,0.00000
85.20250,0.49500,0.02645,0.97355,0.00000
85.30250,0.49500,0.01890,0.98110,0.00000
85.40250,0.49500,0.01946,0.98054,0.00000
85.50250,0.49500,0.01060,0.98940,0.00000
85.60250,0.49500,0.02350,0.97650,0.00000
85.70250,0.49500,0.01930,0.98070,0.00000
85.80250,0.49500,0.01727,0.98272,0.00000
85.90250,0.49500,0.01000,0.99000,0.00000
86.00250,0.49500,0.01207,0.98793,0.00000
86.10250,0.49500,0.00816,0.99184,0.00000
86.20250,0.49500,0.05976,0.94024,0.00000
86.30250,0.49500,0.02115,0.97885,0.00000
86.40250,0.49500,0.04922,0.95078,0.00000
86.50250,0.49500,0.01375,0.98625,0.00000
86.60250,0.49500,0.01149,0.98851,0.00000
86.70250,0.49500,0.01198,0.98802,0.00000
86.80250,0.49500,0.01599,0.98401,0.00000
86.90250,0.49500,0.01026,0.98974,0.00000
87.00250,0.49500,0.01920,0.98080,0.00000
87.10250,0.49500,0.05169,0.94831,0.00000
87.20250,0.49500,0.05975,0.94001,0.00023
87.30250,0.49500,0.13847,0.86152,0.00001
87.40250,0.49500,0.67712,0.32288,0.00000
87.50250,0.49500,0.79859,0.20141,0.00000
87.60250,0.49500,0.57426,0.42574,0.00000
87.70250,0.49500,0.80764,0.19236,0.00000
87.80250,0.49500,0.96340,0.03659,0.00000
87.90250,0.49500,0.81017,0.18983,0.00000
88.00250,0.49500,0.96950,0.03050,0.00000
88.10250,0.49500,0.97884,0.01108,0.01008
88.20250,0.49500,0.99101,0.00262,0.00636
88.30250,0.49500,1.00000,0.00000,0.00000
88.40250,0.49500,0.99943,0.00057,0.00000
88.50250,0.49500,0.99984,0.00016,0.00000
88.60250,0.49500,0.99832,0.00168,0.00000
88.70250,0.49500,0.91580,0.08420,0.00001
88.80250,0.49500,0.96088,0.03678,0.00233
88.90250,0.49500,0.19232,0.80736,0.00032
89.00250,0.49500,0.31973,0.66668,0.01359
89.10250,0.49500,0.38892,0.60698,0.00410
89.20250,0.49500,0.64287,0.28464,0.07249
89.30250,0.49500,0.42645,0.51537,0.05818
89.40250,0.49500,0.72435,0.26692,0.00873
89.50250,0.49500,0.93378,0.06616,0.00006
89.60250,0.49500,0.73004,0.24721,0.02275
89.70250,0.49500,0.77152,0.22847,0.00001
89.80250,0.49500,0.89438,0.10561,0.00000
89.90250,0.49500,0.99192,0.00803,0.00005
90.00250,0.49500,0.99663,0.00337,0.00000
90.10250,0.49500,0.99886,0.00114,0.00000
90.20250,0.49500,0.99999,0.00001,0.00000
90.30250,0.49500,0.99989,0.00011,0.00000
90.40250,0.49500,0.99980,0.00020,0.00000
90.50250,0.49500,0.97547,0.02450,0.00003
90.60250,0.49500,0.99948,0.00052,0.00000
90.70250,0.49500,0.99646,0.00352,0.00002
90.80250,0.49500,0.98394,0.01605,0.00000
90.90250,0.49500,0.99184,0.00800,0.00016
91.00250,0.49500,0.99999,0.00001,0.00000
91.10250,0.49500,0.99951,0.00049,0.00000
91.20250,0.49500,0.99988,0.00012,0.00000
91.30250,0.49500,0.99980,0.00020,0.00000
91.40250,0.49500,0.99829,0.00171,0.00000
91.50250,0.49500,0.99797,0.00202,0.00000
91.60250,0.49500,0.99664,0.00336,0.00000
91.70250,0.49500,0.99977,0.00023,0.00000
91.80250,0.49500,0.90821,0.09176,0.00003
91.90250,0.49500,0.99951,0.00049,0.00000
92.00250,0.49500,0.92323,0.07677,0.00001
92.10250,0.49500,0.99808,0.00192,0.00000
92.20250,0.49500,0.99536,0.00464,0.00000
92.30250,0.49500,0.99408,0.00583,0.00009
92.40250,0.49500,0.96334,0.03666,0.00000
92.50250,0.49500,0.89383,0.10558,0.00059
92.60250,0.49500,0.98966,0.01018,0.00016
92.70250,0.49500,0.86413,0.13531,0.00056
92.80250,0.49500,0.96051,0.03948,0.00001
92.90250,0.49500,0.82817,0.17143,0.00040
93.00250,0.49500,0.99939,0.00061,0.00000
93.10250,0.49500,0.99732,0.00268,0.00000
93.20250,0.49500,0.97121,0.02878,0.00001
93.30250,0.49500,0.98557,0.01443,0.00000
93.40250,0.49500,0.97857,0.02141,0.00003
93.50250,0.49500,0.99866,0.00125,0.00009
93.60250,0.49500,0.98950,0.01050,0.00000
93.70250,0.49500,0.99730,0.00270,0.00000
93.80250,0.49500,0.96602,0.03396,0.00002
93.90250,0.49500,0.86796,0.13202,0.00002
94.00250,0.49500,0.99699,0.00301,0.00000
94.10250,0.49500,0.99978,0.00021,0.00000
94.20250,0.49500,0.99994,0.00006,0.00000
94.30250,0.49500,0.99976,0.00021,0.00003
94.40250,0.49500,0.99994,0.00006,0.00000
94.50250,0.49500,0.99961,0.00039,0.00000
94.60250,0.49500,1.00000,0.00000,0.00000
94.70250,0.49500,0.99835,0.00165,0.00000
94.80250,0.49500,0.99999,0.00001,0.00000
94.90250,0.49500,0.99999,0.00000,0.00000
95.00250,0.49500,0.99959,0.00003,0.00038
95.10250,0.49500,0.99999,0.00001,0.00000
95.20250,0.49500,0.99794,0.00201,0.00006
95.30250,0.49500,0.99873,0.00124,0.00003
95.40250,0.49500,0.99999,0.00001,0.00000
95.50250,0.49500,0.98876,0.01124,0.00000
95.60250,0.49500,0.88616,0.11384,0.00000
95.70250,0.49500,0.99934,0.00066,0.00000
95.80250,0.49500,1.00000,0.00000,0.00000
95.90250,0.49500,0.96536,0.03464,0.00000
96.00250,0.49500,0.99999,0.00001,0.00000
96.10250,0.49500,0.92448,0.07552,0.00000
96.20250,0.49500,0.99981,0.00019,0.00000
96.30250,0.49500,0.99983,0.00017,0.00000
96.40250,0.49500,0.96317,0.03683,0.00000
96.50250,0.49500,0.99998,0.00002,0.00000
96.60250,0.49500,0.97965,0.01684,0.00351
96.70250,0.49500,0.99287,0.00713,0.00000
96.80250,0.49500,0.98640,0.01355,0.00005
96.90250,0.49500,0.99844,0.00156,0.00000
97.00250,0.49500,0.93658,0.06341,0.00001
97.10250,0.49500,0.98510,0.01490,0.00000
97.20250,0.49500,0.99873,0.00127,0.00000
97.30250,0.49500,0.99986,0.00014,0.00000
97.40250,0.49500,0.99880,0.00120,0.00000
97.50250,0.49500,0.94343,0.05657,0.00000
97.60250,0.49500,0.99397,0.00603,0.00000
97.70250,0.49500,0.99994,0.00006,0.00000
97.80250,0.49500,0.87105,0.12895,0.00000
97.90250,0.49500,0.99960,0.00040,0.00000
98.00250,0.49500,0.99734,0.00266,0.00000
98.10250,0.49500,0.99999,0.00001,0.00000
98.20250,0.49500,1.00000,0.00000,0.00000
98.30250,0.49500,0.99999,0.00001,0.00000
98.40250,0.49500,1.00000,0.00000,0.00000
98.50250,0.49500,0.99950,0.00050,0.00000
98.60250,0.49500,0.84677,0.15323,0.00000
98.70250,0.49500,0.99055,0.00944,0.00001
98.80250,0.49500,0.99983,0.00017,0.00000
98.90250,0.49500,0.99996,0.00004,0.00000
99.00250,0.49500,0.99999,0.00001,0.00000
99.10250,0.49500,0.99987,0.00013,0.00000
99.20250,0.49500,0.99936,0.00064,0.00000
99.30250,0.49500,0.99992,0.00008,0.00000
99.40250,0.49500,0.99945,0.00055,0.00000
99.50250,0.49500,0.99998,0.00002,0.00000
99.60250,0.49500,1.00000,0.00000,0.00000
99.70250,0.49500,0.99972,0.00028,0.00000
99.80250,0.49500,0.96062,0.03938,0.00000
99.90250,0.49500,1.00000,0.00000,0.00000
100.00250,0.49500,0.99994,0.00006,0.00000
100.10250,0.49500,0.99995,0.00005,0.00000
100.20250,0.49500,0.99801,0.00199,0.00000
100.30250,0.49500,0.98715,0.01285,0.00000
100.40250,0.49500,0.99632,0.00368,0.00000
100.50250,0.49500,0.99995,0.00005,0.00000
100.60250,0.49500,0.99969,0.00031,0.00000
100.70250,0.49500,0.99993,0.00007,0.00000
100.80250,0.49500,0.99972,0.00028,0.00000
100.90250,0.49500,1.00000,0.00000,0.00000
101.00250,0.49500,0.99999,0.00001,0.00000
101.10250,0.49500,1.00000,0.00000,0.00000
101.20250,0.49500,0.99897,0.00103,0.00000
101.30250,0.49500,1.00000,0.00000,0.00000
101.40250,0.49500,0.99999,0.00001,0.00000
101.50250,0.49500,1.00000,0.00000,0.00000
101.60250,0.49500,0.99997,0.00003,0.00000
101.70250,0.49500,0.99996,0.00004,0.00000
101.80250,0.49500,0.99810,0.00190,0.00000
101.90250,0.49500,0.99998,0.00002,0.00000
102.00250,0.49500,0.99945,0.00055,0.00000
102.10250,0.49500,0.99991,0.00009,0.00000
102.20250,0.49500,0.97115,0.02885,0.00000
102.30250,0.49500,0.99871,0.00129,0.00000
102.40250,0.49500,0.99706,0.00294,0.00000
102.50250,0.49500,0.99893,0.00107,0.00000
102.60250,0.49500,0.99048,0.00952,0.00000
102.70250,0.49500,0.89635,0.10364,0.00001
102.80250,0.49500,0.76412,0.23588,0.00001
102.90250,0.49500,0.84898,0.15100,0.00003
103.00250,0.49500,0.88889,0.11109,0.00002
103.10250,0.49500,0.97721,0.02279,0.00000
103.20250,0.49500,0.94888,0.05112,0.00000
103.30250,0.49500,0.77243,0.22757,0.00000
103.40250,0.49500,0.78324,0.21676,0.00000
103.50250,0.49500,0.42058,0.57942,0.00000
103.60250,0.49500,0.99731,0.00269,0.00000
103.70250,0.49500,0.99740,0.00260,0.00000
103.80250,0.49500,1.00000,0.00000,0.00000
103.90250,0.49500,0.99963,0.00037,0.00000
104.00250,0.49500,0.99975,0.00025,0.00000
104.10250,0.49500,0.99167,0.00833,0.00000
104.20250,0.49500,0.35479,0.64521,0.00000
104.30250,0.49500,0.77780,0.22220,0.00000
104.40250,0.49500,0.60594,0.39405,0.00001
104.50250,0.49500,0.83859,0.16132,0.00010
104.60250,0.49500,0.99985,0.00015,0.00000
104.70250,0.49500,0.99934,0.00066,0.00000
104.80250,0.49500,0.92582,0.07418,0.00000
104.90250,0.49500,0.24101,0.75899,0.00000
105.00250,0.49500,0.45180,0.54816,0.00004
105.10250,0.49500,0.93415,0.06585,0.00000
105.20250,0.49500,0.97584,0.02416,0.00000
105.30250,0.49500,0.98763,0.01237,0.00000
105.40250,0.49500,0.97834,0.02166,0.00000
105.50250,0.49500,0.96566,0.03434,0.00000
105.60250,0.49500,0.97354,0.02646,0.00000
105.70250,0.49500,0.99489,0.00511,0.00000
105.80250,0.49500,0.97836,0.02164,0.00000
105.90250,0.49500,0.89340,0.10631,0.00029
106.00250,0.49500,0.48522,0.51478,0.00000
106.10250,0.49500,0.59240,0.40756,0.00004
106.20250,0.49500,0.40051,0.59906,0.00043
106.30250,0.49500,0.87495,0.12459,0.00046
106.40250,0.49500,0.68837,0.31161,0.00002
106.50250,0.49500,0.56355,0.43642,0.00003
106.60250,0.49500,0.60363,0.39637,0.00000
106.70250,0.49500,0.73660,0.26337,0.00004
106.80250,0.49500,0.95297,0.04702,0.00000
106.90250,0.49500,0.99996,0.00004,0.00000
107.00250,0.49500,0.98474,0.01523,0.00003
107.10250,0.49500,0.99380,0.00620,0.00000
107.20250,0.49500,0.96374,0.03626,0.00000
107.30250,0.49500,0.99660,0.00340,0.00000
107.40250,0.49500,0.84323,0.15677,0.00000
107.50250,0.49500,0.56535,0.43465,0.00000
107.60250,0.49500,0.99676,0.00324,0.00000
107.70250,0.49500,0.97155,0.02845,0.00000
107.80250,0.49500,0.99055,0.00945,0.00000
107.90250,0.49500,0.99895,0.00105,0.00000
108.00250,0.49500,0.99551,0.00449,0.00000
108.10250,0.49500,0.99984,0.00016,0.00000
108.20250,0.49500,0.99995,0.00004,0.00000
108.30250,0.49500,0.99569,0.00431,0.00000
108.40250,0.49500,0.99550,0.00450,0.00000
108.50250,0.49500,0.89436,0.10564,0.00000
108.60250,0.49500,0.99912,0.00088,0.00000
108.70250,0.49500,0.99617,0.00383,0.00000
108.80250,0.49500,0.97543,0.02457,0.00000
108.90250,0.49500,0.99293,0.00707,0.00000
109.00250,0.49500,0.84992,0.15008,0.00000
109.10250,0.49500,0.70401,0.29584,0.00015
109.20250,0.49500,0.94644,0.05356,0.00000
109.30250,0.49500,0.98983,0.01017,0.00000
109.40250,0.49500,0.99962,0.00037,0.00000
109.50250,0.49500,0.99382,0.00618,0.00000
109.60250,0.49500,0.99524,0.00476,0.00000
109.70250,0.49500,0.94909,0.05091,0.00000
109.80250,0.49500,0.70302,0.29693,0.00004
109.90250,0.49500,0.90237,0.09763,0.00000
110.00250,0.49500,0.98228,0.01772,0.00000
110.10250,0.49500,0.99368,0.00626,0.00006
110.20250,0.49500,0.99966,0.00034,0.00000
110.30250,0.49500,1.00000,0.00000,0.00000
110.40250,0.49500,1.00000,0.00000,0.00000
110.50250,0.49500,1.00000,0.00000,0.00000
110.60250,0.49500,1.00000,0.00000,0.00000
110.70250,0.49500,0.99999,0.00001,0.00000
110.80250,0.49500,1.00000,0.00000,0.00000
110.90250,0.49500,1.00000,0.00000,0.00000
111.00250,0.49500,1.00000,0.00000,0.00000
111.10250,0.49500,1.00000,0.00000,0.00000
111.20250,0.49500,1.00000,0.00000,0.00000
111.30250,0.49500,0.99998,0.00002,0.00000
111.40250,0.49500,1.00000,0.00000,0.00000
111.50250,0.49500,1.00000,0.00000,0.00000
111.60250,0.49500,0.99999,0.00001,0.00000
111.70250,0.49500,0.99998,0.00002,0.00000
111.80250,0.49500,0.99812,0.00188,0.00000
111.90250,0.49500,0.96325,0.03633,0.00042
112.00250,0.49500,0.95917,0.04082,0.00001
112.10250,0.49500,0.98060,0.01940,0.00000
112.20250,0.49500,0.92642,0.07358,0.00000
112.30250,0.49500,0.44889,0.55111,0.00000
112.40250,0.49500,0.98981,0.01019,0.00000
112.50250,0.49500,0.99876,0.00124,0.00000
112.60250,0.49500,1.00000,0.00000,0.00000
112.70250,0.49500,0.99981,0.00019,0.00000
112.80250,0.49500,0.99999,0.00001,0.00000
112.90250,0.49500,1.00000,0.00000,0.00000
113.00250,0.49500,1.00000,0.00000,0.00000
113.10250,0.49500,1.00000,0.00000,0.00000
113.20250,0.49500,1.00000,0.00000,0.00000
113.30250,0.49500,0.99972,0.00028,0.00000
113.40250,0.49500,0.99912,0.00088,0.00000
113.50250,0.49500,0.99959,0.00041,0.00000
113.60250,0.49500,0.99996,0.00004,0.00000
113.70250,0.49500,0.99964,0.00036,0.00000
113.80250,0.49500,0.99927,0.00073,0.00000
113.90250,0.49500,0.99364,0.00636,0.00000
114.00250,0.49500,0.99760,0.00239,0.00001
114.10250,0.49500,0.99967,0.00033,0.00000
114.20250,0.49500,0.99999,0.00001,0.00000
114.30250,0.49500,1.00000,0.00000,0.00000
114.40250,0.49500,1.00000,0.00000,0.00000
114.50250,0.49500,1.00000,0.00000,0.00000
114.60250,0.49500,1.00000,0.00000,0.00000
114.70250,0.49500,1.00000,0.00000,0.00000
114.80250,0.49500,0.99999,0.00001,0.00000
114.90250,0.49500,1.00000,0.00000,0.00000
115.00250,0.49500,0.99907,0.00093,0.00000
115.10250,0.49500,0.99977,0.00023,0.00000
115.20250,0.49500,0.99539,0.00461,0.00000
115.30250,0.49500,1.00000,0.00000,0.00000
115.40250,0.49500,1.00000,0.00000,0.00000
115.50250,0.49500,1.00000,0.00000,0.00000
115.60250,0.49500,1.00000,0.00000,0.00000
115.70250,0.49500,0.99999,0.00001,0.00000
115.80250,0.49500,1.00000,0.00000,0.00000
115.90250,0.49500,1.00000,0.00000,0.00000
116.00250,0.49500,1.00000,0.00000,0.00000
116.10250,0.49500,1.00000,0.00000,0.00000
116.20250,0.49500,1.00000,0.00000,0.00000
116.30250,0.49500,0.99939,0.00061,0.00000
116.40250,0.49500,0.99999,0.00001,0.00000
116.50250,0.49500,0.99987,0.00013,0.00000
116.60250,0.49500,0.99983,0.00017,0.00000
116.70250,0.49500,0.99721,0.00279,0.00000
116.80250,0.49500,0.98994,0.01006,0.00000
116.90250,0.49500,0.99686,0.00313,0.00001
117.00250,0.49500,0.99997,0.00003,0.00000
117.10250,0.49500,1.00000,0.00000,0.00000
117.20250,0.49500,0.99977,0.00023,0.00000
117.30250,0.49500,0.99998,0.00002,0.00000
117.40250,0.49500,0.99998,0.00002,0.00000
117.50250,0.49500,0.99997,0.00003,0.00000
117.60250,0.49500,0.99996,0.00004,0.00000
117.70250,0.49500,1.00000,0.00000,0.00000
117.80250,0.49500,0.99986,0.00014,0.00000
117.90250,0.49500,0.98145,0.01855,0.00000
118.00250,0.49500,0.99986,0.00014,0.00000
118.10250,0.49500,0.99954,0.00046,0.00000
118.20250,0.49500,1.00000,0.00000,0.00000
118.30250,0.49500,0.99838,0.00162,0.00000
118.40250,0.49500,0.99911,0.00089,0.00000
118.50250,0.49500,0.92015,0.07985,0.00000
118.60250,0.49500,0.99331,0.00668,0.00000
118.70250,0.49500,0.99959,0.00041,0.00000
118.80250,0.49500,0.99953,0.00047,0.00000
118.90250,0.49500,1.00000,0.00000,0.00000
119.00250,0.49500,1.00000,0.00000,0.00000
119.10250,0.49500,1.00000,0.00000,0.00000
119.20250,0.49500,0.99998,0.00002,0.00000
119.30250,0.49500,0.99949,0.00051,0.00000
119.40250,0.49500,1.00000,0.00000,0.00000
119.50250,0.49500,0.99999,0.00001,0.00000
119.60250,0.49500,1.00000,0.00000,0.00000
119.70250,0.49500,0.99972,0.00028,0.00000
119.80250,0.49500,0.99991,0.00009,0.00000
119.90250,0.49500,0.99997,0.00003,0.00000
120.00250,0.49500,1.00000,0.00000,0.00000
120.10250,0.49500,1.00000,0.00000,0.00000
120.20250,0.49500,0.99989,0.00011,0.00000
120.30250,0.49500,0.99889,0.00111,0.00000
120.40250,0.49500,0.99923,0.00077,0.00000
120.50250,0.49500,0.99981,0.00019,0.00000
120.60250,0.49500,0.99939,0.00061,0.00000
120.70250,0.49500,0.99969,0.00031,0.00000
120.80250,0.49500,0.99733,0.00267,0.00000
120.90250,0.49500,0.98942,0.01057,0.00000
121.00250,0.49500,0.92125,0.07866,0.00008
121.10250,0.49500,0.96322,0.03678,0.00000
121.20250,0.49500,0.98456,0.01544,0.00000
121.30250,0.49500,0.96111,0.03889,0.00000
121.40250,0.49500,0.99649,0.00351,0.00000
121.50250,0.49500,0.99448,0.00552,0.00000
121.60250,0.49500,0.99758,0.00242,0.00000
121.70250,0.49500,0.99147,0.00853,0.00000
121.80250,0.49500,0.99789,0.00211,0.00000
121.90250,0.49500,0.99809,0.00191,0.00000
122.00250,0.49500,1.00000,0.00000,0.00000
122.10250,0.49500,0.99988,0.00012,0.00000
122.20250,0.49500,0.99996,0.00004,0.00000
122.30250,0.49500,0.99827,0.00173,0.00000
122.40250,0.49500,0.99918,0.00082,0.00000
122.50250,0.49500,0.78191,0.21808,0.00000
122.60250,0.49500,0.97591,0.02409,0.00000
122.70250,0.49500,0.97766,0.02234,0.00000
122.80250,0.49500,0.99009,0.00970,0.00020
122.90250,0.49500,0.92208,0.07791,0.00001
123.00250,0.49500,0.98852,0.01147,0.00001
123.10250,0.49500,0.99542,0.00457,0.00001
123.20250,0.49500,0.97335,0.02661,0.00004
123.30250,0.49500,0.99998,0.00002,0.00000
123.40250,0.49500,0.99999,0.00001,0.00000
123.50250,0.49500,1.00000,0.00000,0.00000
123.60250,0.49500,0.99967,0.00033,0.00000
123.70250,0.49500,0.99985,0.00015,0.00000
123.80250,0.49500,0.99992,0.00008,0.00000
123.90250,0.49500,0.96165,0.03835,0.00000
124.00250,0.49500,0.66706,0.33294,0.00000
124.10250,0.49500,0.99066,0.00934,0.00000
124.20250,0.49500,0.97851,0.02149,0.00000
124.30250,0.49500,0.99996,0.00004,0.00000
124.40250,0.49500,0.98460,0.01540,0.00000
124.50250,0.49500,0.31289,0.68711,0.00000
124.60250,0.49500,0.99921,0.00079,0.00000
124.70250,0.49500,0.97669,0.02331,0.00000
124.80250,0.49500,0.99949,0.00051,0.00000
124.90250,0.49500,1.00000,0.00000,0.00000
125.00250,0.49500,0.99998,0.00002,0.00000
125.10250,0.49500,1.00000,0.00000,0.00000
125.20250,0.49500,1.00000,0.00000,0.00000
125.30250,0.49500,1.00000,0.00000,0.00000
125.40250,0.49500,1.00000,0.00000,0.00000
125.50250,0.49500,0.99999,0.00001,0.00000
125.60250,0.49500,1.00000,0.00000,0.00000
125.70250,0.49500,1.00000,0.00000,0.00000
125.80250,0.49500,0.99999,0.00001,0.00000
125.90250,0.49500,1.00000,0.00000,0.00000
126.00250,0.49500,1.00000,0.00000,0.00000
126.10250,0.49500,1.00000,0.00000,0.00000
126.20250,0.49500,1.00000,0.00000,0.00000
126.30250,0.49500,1.00000,0.00000,0.00000
126.40250,0.49500,0.99999,0.00001,0.00000
126.50250,0.49500,0.99999,0.00001,0.00000
126.60250,0.49500,0.98781,0.01219,0.00000
126.70250,0.49500,0.98590,0.01409,0.00000
126.80250,0.49500,0.98613,0.01374,0.00013
126.90250,0.49500,0.97634,0.02365,0.00001
127.00250,0.49500,0.97156,0.02844,0.00000
127.10250,0.49500,0.91785,0.08211,0.00004
127.20250,0.49500,0.72297,0.25621,0.02082
127.30250,0.49500,0.96378,0.03620,0.00002
127.40250,0.49500,0.99177,0.00800,0.00023
127.50250,0.49500,0.99803,0.00197,0.00000
127.60250,0.49500,0.99807,0.00192,0.00000
127.70250,0.49500,0.99928,0.00072,0.00000
127.80250,0.49500,0.99878,0.00122,0.00000
127.90250,0.49501,0.99524,0.00476,0.00000
128.00250,0.49500,0.98685,0.01315,0.00000
128.10249,0.49501,0.92830,0.07170,0.00000
128.20250,0.49500,0.97453,0.02547,0.00000
128.30251,0.49500,0.99933,0.00067,0.00000
128.40250,0.49501,0.98983,0.01017,0.00000
128.50250,0.49500,0.99810,0.00190,0.00000
128.60249,0.49501,0.98592,0.01408,0.00000
128.70250,0.49500,0.99979,0.00021,0.00000
128.80251,0.49500,0.99889,0.00111,0.00000
128.90250,0.49501,1.00000,0.00000,0.00000
129.00250,0.49500,0.99999,0.00001,0.00000
129.10249,0.49501,1.00000,0.00000,0.00000
129.20250,0.49500,0.99996,0.00004,0.00000
129.30251,0.49500,0.99997,0.00003,0.00000
129.40250,0.49501,0.99991,0.00009,0.00000
129.50250,0.49500,0.99665,0.00335,0.00000
129.60249,0.49501,0.99394,0.00605,0.00002
129.70250,0.49500,0.99967,0.00033,0.00000
129.80251,0.49500,0.99190,0.00810,0.00000
129.90250,0.49501,0.98600,0.01400,0.00000
130.00250,0.49500,0.99990,0.00010,0.00000
130.10249,0.49501,0.99871,0.00129,0.00000
130.20250,0.49500,0.99973,0.00027,0.00000
130.30251,0.49500,0.99675,0.00325,0.00000
130.40250,0.49501,0.99783,0.00217,0.00000
130.50250,0.49500,0.99623,0.00377,0.00000
130.60249,0.49501,0.99300,0.00698,0.00001
130.70250,0.49500,0.99754,0.00246,0.00000
130.80251,0.49500,0.99692,0.00308,0.00000
130.90250,0.49501,0.99491,0.00509,0.00000
131.00250,0.49500,0.99596,0.00404,0.00000
131.10249,0.49501,0.99907,0.00093,0.00000
131.20250,0.49500,0.99966,0.00034,0.00000
131.30251,0.49500,0.99862,0.00138,0.00000
131.40250,0.49501,0.98077,0.01923,0.00000
131.50250,0.49500,0.99043,0.00956,0.00001
131.60249,0.49501,0.91909,0.07957,0.00134
131.70250,0.49500,0.95924,0.04059,0.00017
131.80251,0.49500,0.95038,0.04928,0.00034
131.90250,0.49501,0.88037,0.11868,0.00096
132.00250,0.49500,0.88509,0.11464,0.00028
132.10249,0.49501,0.94469,0.05382,0.00149
132.20250,0.49500,0.91883,0.08097,0.00019
132.30251,0.49500,0.68673,0.30405,0.00922
132.40250,0.49501,0.77199,0.21131,0.01670
132.50250,0.49500,0.63432,0.35911,0.00657
132.60249,0.49501,0.62818,0.30669,0.06513
132.70250,0.49500,0.52291,0.46424,0.01285
132.80251,0.49500,0.48226,0.47931,0.03843
132.90250,0.49501,0.55336,0.42746,0.01917
133.00250,0.49500,0.85161,0.14243,0.00596
133.10249,0.49501,0.71931,0.27468,0.00601
133.20250,0.49500,0.64339,0.35574,0.00087
133.30251,0.49500,0.68188,0.31436,0.00376
133.40250,0.49501,0.76072,0.22673,0.01255
133.50250,0.49500,0.42660,0.55856,0.01483
133.60249,0.49501,0.40985,0.54537,0.04478
133.70250,0.49500,0.27946,0.68195,0.03860
133.80251,0.49500,0.58733,0.39831,0.01436
133.90250,0.49501,0.44570,0.52078,0.03352
134.00250,0.49500,0.70317,0.29068,0.00615
134.10249,0.49501,0.42890,0.56696,0.00413
134.20250,0.49500,0.55188,0.44427,0.00385
134.30251,0.49500,0.50956,0.46432,0.02612
134.40250,0.49501,0.07145,0.91055,0.01800
134.50250,0.49500,0.29507,0.69504,0.00989
134.60249,0.49501,0.35019,0.64537,0.00444
134.70250,0.49500,0.24977,0.74707,0.00316
134.80251,0.49500,0.30350,0.69270,0.00380
134.90250,0.49501,0.54514,0.45410,0.00077
135.00250,0.49500,0.25678,0.73182,0.01140
135.10249,0.49501,0.60613,0.39169,0.00219
135.20250,0.49500,0.77980,0.21982,0.00038
135.30251,0.49500,0.78459,0.20652,0.00889
135.40250,0.49501,0.74084,0.25677,0.00240
135.50250,0.49500,0.78735,0.21126,0.00139
135.60249,0.49501,0.21932,0.77173,0.00895
135.70250,0.49500,0.12669,0.86855,0.00476
135.80251,0.49500,0.23443,0.74725,0.01832
135.90250,0.49501,0.54958,0.43369,0.01674
136.00250,0.49500,0.80958,0.18052,0.00991
136.10249,0.49501,0.30573,0.69054,0.00373
136.20250,0.49500,0.19411,0.80366,0.00223
136.30251,0.49500,0.07181,0.90186,0.02633
136.40250,0.49501,0.03871,0.90592,0.05537
136.50250,0.49500,0.28792,0.69942,0.01266
136.60249,0.49501,0.08000,0.89520,0.02480
136.70250,0.49500,0.37530,0.60156,0.02314
136.80251,0.49500,0.08445,0.83513,0.08042
136.90250,0.49501,0.08322,0.87237,0.04441
137.00250,0.49500,0.07154,0.76491,0.16355
137.10249,0.49501,0.02227,0.92212,0.05562
137.20250,0.49500,0.03733,0.85245,0.11022
137.30251,0.49500,0.03008,0.78595,0.18397
137.40250,0.49501,0.06938,0.89579,0.03483
137.50250,0.49500,0.04953,0.91520,0.03527
137.60249,0.49501,0.06101,0.84904,0.08995
137.70250,0.49500,0.23382,0.71373,0.05245
137.80251,0.49500,0.02511,0.95579,0.01910
137.90250,0.49501,0.05581,0.93125,0.01294
138.00250,0.49500,0.33385,0.58085,0.08529
138.10249,0.49501,0.15563,0.79293,0.05143
138.20250,0.49500,0.19839,0.79573,0.00589
138.30251,0.49500,0.38254,0.53977,0.07770
138.40250,0.49501,0.05970,0.88407,0.05623
138.50250,0.49500,0.13536,0.85247,0.01217
138.60249,0.49501,0.06857,0.85585,0.07558
138.70250,0.49500,0.02445,0.83080,0.14475
138.80251,0.49500,0.02070,0.92878,0.05052
138.90250,0.49501,0.25145,0.71755,0.03100
139.00250,0.49500,0.07589,0.88472,0.03938
139.10249,0.49501,0.79924,0.19405,0.00671
139.20250,0.49500,0.14797,0.80119,0.05083
139.30251,0.49500,0.36056,0.63783,0.00161
139.40250,0.49501,0.16519,0.79504,0.03977
139.50250,0.49500,0.12911,0.84587,0.02502
139.60249,0.49501,0.05465,0.91775,0.02760
139.70250,0.49500,0.09819,0.80337,0.09844
139.80251,0.49500,0.03507,0.87750,0.08743
139.90250,0.49501,0.05577,0.73944,0.20479
140.00250,0.49500,0.05552,0.76442,0.18006
140.10249,0.49501,0.26235,0.63282,0.10484
140.20250,0.49500,0.15816,0.74706,0.09477
140.30251,0.49500,0.18857,0.77286,0.03857
140.40250,0.49501,0.33070,0.44372,0.22558
140.50250,0.49500,0.19243,0.55010,0.25747
140.60249,0.49501,0.14262,0.79705,0.06034
140.70250,0.49500,0.05163,0.85418,0.09420
140.80251,0.49500,0.02414,0.87918,0.09668
140.90250,0.49501,0.03918,0.88407,0.07675
141.00250,0.49500,0.03257,0.90136,0.06607
141.10249,0.49501,0.03846,0.89920,0.06234
141.20250,0.49500,0.04463,0.78890,0.16647
141.30251,0.49500,0.02946,0.91313,0.05741
141.40250,0.49501,0.02480,0.92117,0.05404
141.50250,0.49500,0.04313,0.85831,0.09856
141.60249,0.49501,0.14757,0.84790,0.00453
141.70250,0.49500,0.10032,0.84750,0.05217
141.80251,0.49500,0.31543,0.67802,0.00655
141.90250,0.49501,0.16182,0.82024,0.01794
142.00250,0.49500,0.09184,0.90137,0.00678
142.10249,0.49501,0.36822,0.57910,0.05269
142.20250,0.49500,0.16113,0.81196,0.02690
142.30251,0.49500,0.56711,0.43096,0.00193
142.40250,0.49501,0.11726,0.87494,0.00780
142.50250,0.49500,0.07527,0.92202,0.00271
142.60249,0.49501,0.01594,0.97602,0.00804
142.70250,0.49500,0.01619,0.92965,0.05416
142.80251,0.49500,0.01446,0.95265,0.03289
142.90250,0.49501,0.02534,0.96177,0.01288
143.00250,0.49500,0.02832,0.89895,0.07273
143.10249,0.49501,0.10948,0.79192,0.09859
143.20250,0.49500,0.06625,0.86238,0.07137
143.30251,0.49500,0.03553,0.95036,0.01411
143.40250,0.49501,0.08251,0.86399,0.05350
143.50250,0.49500,0.01903,0.86900,0.11197
143.60249,0.49501,0.07604,0.89271,0.03125
143.70250,0.49500,0.01398,0.81639,0.16962
143.80251,0.49500,0.01277,0.92049,0.06674
143.90250,0.49501,0.00673,0.95423,0.03903
144.00250,0.49500,0.01853,0.92961,0.05186
144.10249,0.49501,0.04721,0.89029,0.06251
144.20250,0.49500,0.17516,0.78324,0.04159
144.30251,0.49500,0.30641,0.29702,0.39657
144.40250,0.49501,0.04794,0.83163,0.12043
144.50250,0.49500,0.06517,0.82339,0.11144
144.60249,0.49501,0.03727,0.82592,0.13682
144.70250,0.49500,0.01775,0.86266,0.11959
144.80251,0.49500,0.03694,0.81362,0.14944
144.90250,0.49501,0.02829,0.76902,0.20269
145.00250,0.49500,0.02559,0.84691,0.12750
145.10249,0.49501,0.03067,0.78737,0.18196
145.20250,0.49500,0.07505,0.77408,0.15087
145.30251,0.49500,0.03515,0.79704,0.16781
145.40250,0.49501,0.19522,0.68457,0.12021
145.50250,0.49500,0.03877,0.88793,0.07330
145.60249,0.49501,0.07931,0.85481,0.06589
145.70250,0.49500,0.06647,0.87443,0.05910
145.80251,0.49500,0.30462,0.60944,0.08594
145.90250,0.49501,0.30611,0.64498,0.04891
146.00250,0.49500,0.23761,0.74445,0.01794
146.10249,0.49501,0.46320,0.46998,0.06682
146.20250,0.49500,0.06811,0.87580,0.05609
146.30251,0.49500,0.09498,0.84154,0.06348
146.40250,0.49501,0.33371,0.59442,0.07186
146.50250,0.49500,0.13149,0.78201,0.08650
146.60249,0.49501,0.37452,0.55776,0.06772
146.70250,0.49500,0.08480,0.88101,0.03419
146.80251,0.49500,0.21034,0.74754,0.04212
146.90250,0.49501,0.10352,0.89213,0.00435
147.00250,0.49500,0.29902,0.69831,0.00267
147.10249,0.49501,0.29288,0.70232,0.00481
147.20250,0.49500,0.26738,0.72773,0.00489
147.30251,0.49500,0.16255,0.80122,0.03624
147.40250,0.49501,0.09844,0.87559,0.02597
147.50250,0.49500,0.15644,0.78492,0.05865
147.60249,0.49501,0.14895,0.74571,0.10534
147.70250,0.49500,0.37725,0.58330,0.03945
147.80251,0.49500,0.10947,0.78426,0.10628
147.90250,0.49501,0.06929,0.83688,0.09383
148.00250,0.49500,0.24537,0.66719,0.08744
148.10249,0.49501,0.08354,0.81757,0.09889
148.20250,0.49500,0.06494,0.91377,0.02129
148.30251,0.49500,0.12664,0.81667,0.05669
148.40250,0.49501,0.01847,0.91292,0.06862
148.50250,0.49500,0.03351,0.86256,0.10393
148.60249,0.49501,0.01238,0.86298,0.12465
148.70250,0.49500,0.02714,0.88059,0.09227
148.80251,0.49500,0.01450,0.73862,0.24688
148.90250,0.49501,0.01564,0.85491,0.12945
149.00250,0.49500,0.01716,0.73496,0.24788
149.10249,0.49501,0.02328,0.79391,0.18281
149.20250,0.49500,0.02811,0.92588,0.04601
149.30251,0.49500,0.22451,0.56968,0.20581
149.40250,0.49501,0.03180,0.91072,0.05748
149.50250,0.49500,0.11235,0.81625,0.07140
149.60249,0.49501,0.02502,0.93831,0.03666
149.70250,0.49500,0.02082,0.91112,0.06806
149.80251,0.49500,0.02215,0.91330,0.06456
149.90250,0.49501,0.01554,0.94574,0.03872
150.00250,0.49500,0.01583,0.96771,0.01646
150.10249,0.49501,0.01566,0.94538,0.03896
150.20250,0.49500,0.04614,0.91680,0.03706
150.30251,0.49500,0.02104,0.96629,0.01266
150.40250,0.49501,0.03439,0.92010,0.04551
150.50250,0.49500,0.01114,0.96757,0.02128
150.60249,0.49501,0.01076,0.96570,0.02354
150.70250,0.49500,0.00850,0.96029,0.03122
150.80251,0.49500,0.00501,0.96937,0.02561
150.90250,0.49501,0.00788,0.95583,0.03628
151.00250,0.49500,0.00629,0.98196,0.01174
151.10249,0.49501,0.01324,0.94632,0.04044
151.20250,0.49500,0.00981,0.94970,0.04049
151.30251,0.49500,0.01637,0.95918,0.02445
151.40250,0.49501,0.10229,0.84240,0.05530
151.50250,0.49500,0.17144,0.78814,0.04043
151.60249,0.49501,0.10694,0.83126,0.06180
151.70250,0.49500,0.03900,0.92847,0.03253
151.80251,0.49500,0.00891,0.89080,0.10029
151.90250,0.49501,0.00795,0.92686,0.06519
152.00250,0.49500,0.00831,0.89851,0.09318
152.10249,0.49501,0.00901,0.84038,0.15061
152.20250,0.49500,0.00668,0.91809,0.07522
152.30251,0.49500,0.00862,0.91178,0.07959
152.40250,0.49501,0.00476,0.90245,0.09279
152.50250,0.49500,0.01608,0.85361,0.13031
152.60249,0.49501,0.01362,0.90746,0.07891
152.70250,0.49500,0.09383,0.68588,0.22029
152.80251,0.49500,0.05286,0.88558,0.06156
152.90250,0.49501,0.07070,0.88362,0.04568
153.00250,0.49500,0.02062,0.93418,0.04520
153.10249,0.49501,0.07056,0.80404,0.12541
153.20250,0.49500,0.03596,0.90895,0.05509
153.30251,0.49500,0.04014,0.91636,0.04351
153.40250,0.49501,0.04174,0.88711,0.07116
153.50250,0.49500,0.03239,0.91837,0.04924
153.60249,0.49501,0.03745,0.87267,0.08988
153.70250,0.49500,0.05488,0.86079,0.08433
153.80251,0.49500,0.02892,0.92058,0.05051
153.90250,0.49501,0.04040,0.83141,0.12819
154.00250,0.49500,0.06295,0.83121,0.10584
154.10249,0.49501,0.04558,0.92430,0.03012
154.20250,0.49500,0.04059,0.92872,0.03070
154.30251,0.49500,0.03326,0.93768,0.02906
154.40250,0.49501,0.01522,0.94298,0.04180
154.50250,0.49500,0.02052,0.94408,0.03540
154.60249,0.49501,0.04530,0.85177,0.10293
154.70250,0.49500,0.02288,0.91166,0.06546
154.80251,0.49500,0.02508,0.92907,0.04585
154.90250,0.49501,0.01605,0.96576,0.01819
155.00250,0.49500,0.02124,0.94318,0.03557
155.10249,0.49501,0.00972,0.97464,0.01563
155.20250,0.49500,0.01460,0.95995,0.02545
155.30251,0.49500,0.02884,0.93834,0.03282
155.40250,0.49501,0.00916,0.95461,0.03623
155.50250,0.49500,0.03592,0.94664,0.01744
155.60249,0.49501,0.01360,0.94317,0.04324
155.70250,0.49500,0.28574,0.68691,0.02735
155.80251,0.49500,0.37992,0.60517,0.01491
155.90250,0.49501,0.19963,0.79207,0.00829
156.00250,0.49500,0.73526,0.24760,0.01714
156.10249,0.49501,0.68755,0.29199,0.02046
156.20250,0.49500,0.58806,0.40985,0.00209
156.30251,0.49500,0.71276,0.11351,0.17373
156.40250,0.49501,0.26887,0.70986,0.02126
156.50250,0.49500,0.39269,0.58492,0.02239
156.60249,0.49501,0.25234,0.64714,0.10052
156.70250,0.49500,0.06577,0.90820,0.02603
156.80251,0.49500,0.05294,0.90071,0.04635
156.90250,0.49501,0.02041,0.89502,0.08457
157.00250,0.49500,0.01619,0.93872,0.04510
157.10249,0.49501,0.01378,0.95823,0.02799
157.20250,0.49500,0.01636,0.95296,0.03068
157.30251,0.49500,0.03472,0.94144,0.02384
157.40250,0.49501,0.05423,0.89504,0.05073
157.50250,0.49500,0.13477,0.83255,0.03269
157.60249,0.49501,0.05815,0.92802,0.01383
157.70250,0.49500,0.05910,0.80790,0.13300
157.80251,0.49500,0.04933,0.88349,0.06719
157.90250,0.49501,0.03528,0.90852,0.05620
158.00250,0.49500,0.04781,0.86830,0.08389
158.10249,0.49501,0.03667,0.90102,0.06230
158.20250,0.49500,0.03707,0.92146,0.04147
158.30251,0.49500,0.03979,0.56802,0.39219
158.40250,0.49501,0.03329,0.87706,0.08966
158.50250,0.49500,0.04466,0.77039,0.18496
158.60249,0.49501,0.03890,0.63710,0.32399
158.70250,0.49500,0.06077,0.88790,0.05133
158.80251,0.49500,0.05626,0.88129,0.06245
158.90250,0.49501,0.04024,0.84660,0.11316
159.00250,0.49500,0.03075,0.90916,0.06009
159.10249,0.49501,0.02531,0.87713,0.09756
159.20250,0.49500,0.01554,0.87354,0.11092
159.30251,0.49500,0.03047,0.91025,0.05928
159.40250,0.49501,0.03366,0.89502,0.07132
159.50250,0.49500,0.02958,0.95429,0.01612
159.60249,0.49501,0.10265,0.88236,0.01499
159.70250,0.49500,0.09855,0.89276,0.00869
159.80251,0.49500,0.21295,0.77312,0.01394
159.90250,0.49501,0.05456,0.92835,0.01709
160.00250,0.49500,0.06461,0.83761,0.09778
160.10249,0.49501,0.04606,0.90645,0.04748
160.20250,0.49500,0.01941,0.92164,0.05895
160.30251,0.49500,0.07406,0.89501,0.03093
160.40250,0.49501,0.03271,0.93777,0.02953
160.50250,0.49500,0.09042,0.88608,0.02350
160.60249,0.49501,0.02219,0.96427,0.01355
160.70250,0.49500,0.05270,0.93930,0.00800
160.80251,0.49500,0.10835,0.87959,0.01206
160.90250,0.49501,0.06267,0.93093,0.00640
161.00250,0.49500,0.05190,0.93808,0.01002
161.10249,0.49501,0.02608,0.97028,0.00364
161.20250,0.49500,0.03047,0.95811,0.01142
161.30251,0.49500,0.01530,0.96237,0.02233
161.40250,0.49501,0.03227,0.96201,0.00573
161.50250,0.49500,0.01337,0.97661,0.01003
161.60249,0.49501,0.01885,0.97580,0.00535
161.70250,0.49500,0.01772,0.97222,0.01005
161.80251,0.49500,0.01514,0.97065,0.01421
161.90250,0.49501,0.03011,0.95725,0.01264
162.00250,0.49500,0.02306,0.94955,0.02739
162.10249,0.49501,0.01737,0.96965,0.01298
162.20250,0.49500,0.02911,0.96360,0.00730
162.30251,0.49500,0.01947,0.97328,0.00725
162.40250,0.49501,0.02909,0.96461,0.00630
162.50250,0.49500,0.04061,0.94087,0.01852
162.60249,0.49501,0.03880,0.95278,0.00842
162.70250,0.49500,0.02189,0.95737,0.02075
162.80251,0.49500,0.04265,0.93872,0.01862
162.90250,0.49501,0.01822,0.95464,0.02714
163.00250,0.49500,0.03348,0.94429,0.02224
163.10249,0.49501,0.02797,0.93106,0.04098
163.20250,0.49500,0.02036,0.93267,0.04697
163.30251,0.49500,0.03718,0.94473,0.01810
163.40250,0.49501,0.04192,0.92055,0.03754
163.50250,0.49500,0.14056,0.77386,0.08558
163.60249,0.49501,0.11900,0.84400,0.03701
163.70250,0.49500,0.11710,0.87193,0.01097
163.80251,0.49500,0.18251,0.63424,0.18325
163.90250,0.49501,0.34093,0.42755,0.23151
164.00250,0.49500,0.07714,0.82283,0.10003
164.10249,0.49501,0.14407,0.55679,0.29914
164.20250,0.49500,0.09673,0.44982,0.45345
164.30251,0.49500,0.14710,0.70248,0.15043
164.40250,0.49501,0.06772,0.81504,0.11724
164.50250,0.49500,0.08256,0.74524,0.17219
164.60249,0.49501,0.07954,0.70954,0.21091
164.70250,0.49500,0.03112,0.83653,0.13236
164.80251,0.49500,0.02112,0.76145,0.21744
164.90250,0.49501,0.01456,0.81827,0.16716
165.00250,0.49500,0.01146,0.86474,0.12380
165.10249,0.49501,0.02136,0.81503,0.16360
165.20250,0.49500,0.01927,0.70776,0.27297
165.30251,0.49500,0.02618,0.79281,0.18101
165.40250,0.49501,0.01937,0.66906,0.31157
165.50250,0.49500,0.01053,0.87256,0.11691
165.60249,0.49501,0.04493,0.76630,0.18878
165.70250,0.49500,0.07814,0.81839,0.10347
165.80251,0.49500,0.15867,0.70327,0.13806
165.90250,0.49501,0.09299,0.63611,0.27089
166.00250,0.49500,0.09690,0.72726,0.17584
166.10249,0.49501,0.04201,0.81534,0.14265
166.20250,0.49500,0.03004,0.55512,0.41484
166.30251,0.49500,0.03642,0.82576,0.13781
166.40250,0.49501,0.01128,0.92750,0.06122
166.50250,0.49500,0.00663,0.93724,0.05614
166.60249,0.49501,0.00543,0.96240,0.03216
166.70250,0.49500,0.01120,0.96555,0.02325
166.80251,0.49500,0.01029,0.83094,0.15877
166.90250,0.49501,0.01290,0.90289,0.08421
167.00250,0.49500,0.01147,0.91475,0.07378
167.10249,0.49501,0.01809,0.79204,0.18986
167.20250,0.49500,0.01631,0.78039,0.20329
167.30251,0.49500,0.01855,0.69576,0.28569
167.40250,0.49501,0.09682,0.51518,0.38800
167.50250,0.49500,0.04822,0.57976,0.37202
167.60249,0.49501,0.05711,0.80659,0.13631
167.70250,0.49500,0.02298,0.78973,0.18729
167.80251,0.49500,0.01701,0.69050,0.29249
167.90250,0.49501,0.01085,0.87773,0.11142
168.00250,0.49500,0.00781,0.88387,0.10832
168.10249,0.49501,0.01135,0.85719,0.13146
168.20250,0.49500,0.05699,0.75016,0.19284
168.30251,0.49500,0.01658,0.79778,0.18564
168.40250,0.49501,0.03275,0.72535,0.24190
168.50250,0.49500,0.01942,0.74163,0.23895
168.60249,0.49501,0.01680,0.88080,0.10240
168.70250,0.49500,0.01756,0.85071,0.13173
168.80251,0.49500,0.02553,0.58817,0.38630
168.90250,0.49501,0.01980,0.81755,0.16265
169.00250,0.49500,0.02508,0.86634,0.10858
169.10249,0.49501,0.01551,0.79486,0.18963
169.20250,0.49500,0.01697,0.77442,0.20861
169.30251,0.49500,0.00985,0.87798,0.11218
169.40250,0.49501,0.01327,0.85015,0.13658
