Time (seconds), Duration (seconds),pred_(unlabeled),pred_On,pred_Off,pred_Dimmer,pred_Lighter
0.01000,1.98000,0.99277,0.00548,0.00008,0.00066,0.00101
0.21000,1.98000,0.99260,0.00616,0.00020,0.00042,0.00062
0.41000,1.98000,0.99556,0.00177,0.00005,0.00093,0.00168
0.61000,1.98000,0.99527,0.00091,0.00004,0.00279,0.00099
0.81000,1.98000,0.99469,0.00020,0.00002,0.00324,0.00185
1.01000,1.98000,0.99750,0.00010,0.00004,0.00102,0.00134
1.21000,1.98000,0.99971,0.00000,0.00002,0.00001,0.00025
1.41000,1.98000,0.99982,0.00000,0.00000,0.00001,0.00017
1.61000,1.98000,0.99985,0.00000,0.00000,0.00002,0.00013
1.81000,1.98000,0.99945,0.00001,0.00000,0.00022,0.00031
2.01000,1.98000,0.99906,0.00002,0.00000,0.00053,0.00039
2.21000,1.98000,0.99887,0.00001,0.00000,0.00053,0.00059
2.41000,1.98000,0.99804,0.00001,0.00001,0.00084,0.00111
2.61000,1.98000,0.99929,0.00000,0.00001,0.00010,0.00061
2.81000,1.98000,0.99975,0.00000,0.00000,0.00004,0.00021
3.01000,1.98000,0.99976,0.00000,0.00001,0.00004,0.00020
3.21000,1.98000,0.99968,0.00000,0.00000,0.00006,0.00026
3.41000,1.98000,0.99983,0.00000,0.00000,0.00004,0.00012
3.61000,1.98000,0.99989,0.00000,0.00000,0.00003,0.00008
3.81000,1.98000,0.99976,0.00001,0.00000,0.00010,0.00013
4.01000,1.98000,0.99828,0.00009,0.00000,0.00127,0.00036
4.21000,1.98000,0.98804,0.00082,0.00001,0.01029,0.00084
4.41000,1.98000,0.98675,0.00130,0.00002,0.01094,0.00100
4.61000,1.98000,0.99469,0.00040,0.00001,0.00344,0.00145
4.81000,1.98000,0.99846,0.00010,0.00001,0.00037,0.00105
5.01000,1.98000,0.99920,0.00008,0.00001,0.00003,0.00068
5.21000,1.98000,0.99973,0.00003,0.00000,0.00003,0.00022
5.41000,1.98000,0.99749,0.00002,0.00002,0.00115,0.00132
5.61000,1.98000,0.99950,0.00000,0.00000,0.00008,0.00041
5.81000,1.98000,0.99940,0.00000,0.00001,0.00010,0.00049
6.01000,1.98000,0.99977,0.00000,0.00001,0.00003,0.00019
6.21000,1.98000,0.99976,0.00000,0.00001,0.00004,0.00019
6.41000,1.98000,0.99956,0.00000,0.00000,0.00011,0.00032
6.61000,1.98000,0.99966,0.00000,0.00000,0.00009,0.00024
6.81000,1.98000,0.99972,0.00000,0.00000,0.00004,0.00023
7.01000,1.98000,0.99974,0.00000,0.00000,0.00004,0.00022
7.21000,1.98000,0.99979,0.00000,0.00000,0.00004,0.00017
7.41000,1.98000,0.99974,0.00000,0.00000,0.00005,0.00021
7.61000,1.98000,0.99976,0.00000,0.00000,0.00006,0.00018
7.81000,1.98000,0.99976,0.00000,0.00000,0.00006,0.00018
8.01000,1.98000,0.99975,0.00000,0.00000,0.00006,0.00018
8.21000,1.98000,0.99977,0.00000,0.00000,0.00006,0.00017
8.41000,1.98000,0.99977,0.00000,0.00000,0.00006,0.00017
8.61000,1.98000,0.99977,0.00000,0.00000,0.00006,0.00017
8.81000,1.98000,0.99977,0.00000,0.00000,0.00006,0.00017
9.01000,1.98000,0.99977,0.00000,0.00000,0.00006,0.00017
9.21000,1.98000,0.99977,0.00000,0.00000,0.00006,0.00017
9.41000,1.98000,0.99976,0.00000,0.00000,0.00006,0.00017
9.61000,1.98000,0.99976,0.00000,0.00000,0.00006,0.00018
9.81000,1.98000,0.99977,0.00000,0.00000,0.00006,0.00017
10.01000,1.98000,0.99977,0.00000,0.00000,0.00006,0.00017
10.21000,1.98000,0.99986,0.00000,0.00000,0.00002,0.00011
10.41000,1.98000,0.99997,0.00000,0.00000,0.00001,0.00002
10.61000,1.98000,0.99999,0.00000,0.00000,0.00001,0.00001
10.81000,1.98000,0.99998,0.00000,0.00000,0.00001,0.00000
11.01000,1.98000,0.99987,0.00002,0.00000,0.00010,0.00001
11.21000,1.98000,0.94694,0.00118,0.00017,0.05026,0.00144
11.41000,1.98000,0.12273,0.03030,0.00129,0.84144,0.00424
11.61000,1.98000,0.85687,0.01885,0.00047,0.12201,0.00180
11.81000,1.98000,0.99962,0.00020,0.00009,0.00002,0.00008
12.01000,1.98000,0.99990,0.00004,0.00002,0.00001,0.00004
12.21000,1.98000,0.99989,0.00002,0.00003,0.00001,0.00005
12.41000,1.98000,0.99981,0.00002,0.00004,0.00004,0.00009
12.61000,1.98000,0.99989,0.00001,0.00000,0.00003,0.00007
12.81000,1.98000,0.99989,0.00000,0.00000,0.00002,0.00009
13.01000,1.98000,0.99987,0.00001,0.00000,0.00003,0.00009
13.21000,1.98000,0.99981,0.00003,0.00000,0.00006,0.00010
13.41000,1.98000,0.99954,0.00018,0.00000,0.00015,0.00013
13.61000,1.98000,0.99748,0.00121,0.00000,0.00090,0.00041
13.81000,1.98000,0.95972,0.00802,0.00001,0.03032,0.00193
14.01000,1.98000,0.99423,0.00180,0.00001,0.00352,0.00045
14.21000,1.98000,0.99559,0.00396,0.00000,0.00024,0.00020
14.41000,1.98000,0.96250,0.03641,0.00042,0.00020,0.00046
14.61000,1.98000,0.98524,0.01435,0.00008,0.00019,0.00014
14.81000,1.98000,0.99950,0.00017,0.00003,0.00013,0.00017
15.01000,1.98000,0.99768,0.00012,0.00012,0.00133,0.00075
15.21000,1.98000,0.99907,0.00007,0.00003,0.00055,0.00029
15.41000,1.98000,0.99911,0.00011,0.00002,0.00024,0.00052
15.61000,1.98000,0.99969,0.00002,0.00001,0.00007,0.00021
15.81000,1.98000,0.99924,0.00006,0.00000,0.00042,0.00027
16.01000,1.98000,0.99956,0.00000,0.00000,0.00013,0.00030
16.21000,1.98000,0.99950,0.00000,0.00000,0.00010,0.00040
16.41000,1.98000,0.99969,0.00000,0.00000,0.00006,0.00025
16.61000,1.98000,0.99970,0.00000,0.00000,0.00005,0.00025
16.81000,1.98000,0.99971,0.00000,0.00000,0.00005,0.00023
17.01000,1.98000,0.99973,0.00000,0.00000,0.00006,0.00021
17.21000,1.98000,0.99973,0.00000,0.00000,0.00007,0.00020
17.41000,1.98000,0.99973,0.00000,0.00000,0.00007,0.00020
17.61000,1.98000,0.99975,0.00000,0.00000,0.00007,0.00018
17.81000,1.98000,0.99993,0.00000,0.00000,0.00001,0.00005
18.01000,1.98000,0.99998,0.00000,0.00000,0.00001,0.00002
18.21000,1.98000,0.99999,0.00000,0.00000,0.00001,0.00001
18.41000,1.98000,0.99997,0.00001,0.00000,0.00001,0.00001
18.61000,1.98000,0.99826,0.00029,0.00000,0.00133,0.00011
18.81000,1.98000,0.37153,0.08004,0.00376,0.52634,0.01832
19.01000,1.98000,0.79837,0.03590,0.00040,0.16007,0.00526
19.21000,1.98000,0.99880,0.00097,0.00000,0.00014,0.00008
19.41000,1.98000,0.99991,0.00005,0.00001,0.00000,0.00003
19.61000,1.98000,0.99994,0.00001,0.00002,0.00000,0.00003
19.81000,1.98000,0.99992,0.00001,0.00002,0.00001,0.00004
20.01000,1.98000,0.99997,0.00000,0.00000,0.00000,0.00002
20.21000,1.98000,0.99995,0.00000,0.00000,0.00001,0.00004
20.41000,1.98000,0.99994,0.00001,0.00000,0.00001,0.00003
20.61000,1.98000,0.99989,0.00005,0.00000,0.00002,0.00005
20.81000,1.98000,0.99947,0.00016,0.00000,0.00024,0.00013
21.01000,1.98000,0.99262,0.00172,0.00001,0.00492,0.00073
21.21000,1.98000,0.97356,0.00269,0.00005,0.01982,0.00387
21.41000,1.98000,0.99211,0.00051,0.00004,0.00545,0.00189
21.61000,1.98000,0.99735,0.00024,0.00012,0.00099,0.00129
21.81000,1.98000,0.99748,0.00048,0.00033,0.00039,0.00132
22.01000,1.98000,0.99944,0.00007,0.00005,0.00004,0.00040
22.21000,1.98000,0.99974,0.00001,0.00000,0.00004,0.00021
22.41000,1.98000,0.99961,0.00000,0.00000,0.00006,0.00033
22.61000,1.98000,0.99964,0.00000,0.00000,0.00007,0.00028
22.81000,1.98000,0.99967,0.00000,0.00000,0.00007,0.00025
23.01000,1.98000,0.99969,0.00000,0.00000,0.00007,0.00023
23.21000,1.98000,0.99971,0.00000,0.00000,0.00006,0.00023
23.41000,1.98000,0.99973,0.00000,0.00000,0.00004,0.00022
23.61000,1.98000,0.99983,0.00000,0.00000,0.00002,0.00015
23.81000,1.98000,0.99995,0.00000,0.00000,0.00000,0.00004
24.01000,1.98000,0.99998,0.00000,0.00000,0.00000,0.00002
24.21000,1.98000,0.99999,0.00000,0.00000,0.00000,0.00001
24.41000,1.98000,0.99995,0.00002,0.00000,0.00002,0.00001
24.61000,1.98000,0.98222,0.00210,0.00012,0.01472,0.00084
24.81000,1.98000,0.14820,0.02689,0.00341,0.80448,0.01702
25.01000,1.98000,0.98847,0.00657,0.00002,0.00444,0.00051
25.21000,1.98000,0.99968,0.00018,0.00002,0.00001,0.00011
25.41000,1.98000,0.99989,0.00002,0.00006,0.00001,0.00003
25.61000,1.98000,0.99993,0.00000,0.00005,0.00000,0.00002
25.81000,1.98000,0.99989,0.00001,0.00004,0.00001,0.00005
26.01000,1.98000,0.99979,0.00000,0.00000,0.00003,0.00018
26.21000,1.98000,0.99990,0.00000,0.00000,0.00002,0.00008
26.41000,1.98000,0.99994,0.00001,0.00000,0.00001,0.00004
26.61000,1.98000,0.99993,0.00002,0.00000,0.00001,0.00004
26.81000,1.98000,0.99962,0.00005,0.00000,0.00017,0.00016
27.01000,1.98000,0.99786,0.00023,0.00000,0.00148,0.00043
27.21000,1.98000,0.99472,0.00024,0.00002,0.00405,0.00097
27.41000,1.98000,0.99477,0.00009,0.00003,0.00343,0.00169
27.61000,1.98000,0.99768,0.00004,0.00004,0.00105,0.00120
27.81000,1.98000,0.99923,0.00000,0.00008,0.00009,0.00060
28.01000,1.98000,0.99973,0.00000,0.00001,0.00001,0.00025
28.21000,1.98000,0.99981,0.00000,0.00000,0.00002,0.00017
28.41000,1.98000,0.99976,0.00000,0.00000,0.00003,0.00020
28.61000,1.98000,0.99980,0.00000,0.00000,0.00003,0.00016
28.81000,1.98000,0.99974,0.00000,0.00000,0.00006,0.00020
29.01000,1.98000,0.99967,0.00000,0.00000,0.00012,0.00022
29.21000,1.98000,0.99971,0.00000,0.00000,0.00009,0.00020
29.41000,1.98000,0.99983,0.00000,0.00000,0.00003,0.00014
29.61000,1.98000,0.99992,0.00000,0.00000,0.00001,0.00007
29.81000,1.98000,0.99996,0.00000,0.00000,0.00001,0.00003
30.01000,1.98000,0.99992,0.00003,0.00000,0.00002,0.00003
30.21000,1.98000,0.99959,0.00026,0.00000,0.00010,0.00005
30.41000,1.98000,0.95169,0.02018,0.00004,0.02702,0.00107
30.61000,1.98000,0.21973,0.15330,0.00014,0.62515,0.00168
30.81000,1.98000,0.79090,0.06018,0.00016,0.14482,0.00394
31.01000,1.98000,0.99766,0.00211,0.00001,0.00007,0.00015
31.21000,1.98000,0.99957,0.00029,0.00007,0.00001,0.00006
31.41000,1.98000,0.99979,0.00008,0.00004,0.00001,0.00008
31.61000,1.98000,0.99979,0.00009,0.00002,0.00002,0.00008
31.81000,1.98000,0.99988,0.00001,0.00000,0.00002,0.00009
32.01000,1.98000,0.99989,0.00002,0.00000,0.00001,0.00008
32.21000,1.98000,0.99956,0.00020,0.00000,0.00008,0.00016
32.41000,1.98000,0.99884,0.00073,0.00000,0.00022,0.00021
32.61000,1.98000,0.97702,0.00694,0.00001,0.01372,0.00231
32.81000,1.98000,0.95764,0.01026,0.00002,0.02750,0.00458
33.01000,1.98000,0.97698,0.01890,0.00001,0.00256,0.00155
33.21000,1.98000,0.96208,0.03713,0.00015,0.00005,0.00060
33.41000,1.98000,0.97265,0.02644,0.00037,0.00005,0.00049
33.61000,1.98000,0.98933,0.01032,0.00003,0.00009,0.00022
33.81000,1.98000,0.99928,0.00009,0.00004,0.00033,0.00026
34.01000,1.98000,0.99783,0.00002,0.00011,0.00109,0.00094
34.21000,1.98000,0.99706,0.00001,0.00026,0.00099,0.00167
34.41000,1.98000,0.99940,0.00000,0.00006,0.00007,0.00046
34.61000,1.98000,0.99972,0.00000,0.00000,0.00001,0.00026
34.81000,1.98000,0.99986,0.00000,0.00000,0.00001,0.00013
35.01000,1.98000,0.99988,0.00000,0.00000,0.00001,0.00011
35.21000,1.98000,0.99995,0.00000,0.00000,0.00000,0.00004
35.41000,1.98000,0.99998,0.00000,0.00000,0.00001,0.00001
35.61000,1.98000,0.99998,0.00000,0.00000,0.00001,0.00001
35.81000,1.98000,0.99985,0.00000,0.00000,0.00012,0.00003
36.01000,1.98000,0.98631,0.00009,0.00005,0.01269,0.00086
36.21000,1.98000,0.13147,0.00127,0.00996,0.83864,0.01867
36.41000,1.98000,0.95861,0.00025,0.00038,0.03837,0.00238
36.61000,1.98000,0.99907,0.00002,0.00043,0.00023,0.00026
36.81000,1.98000,0.99876,0.00000,0.00113,0.00002,0.00008
37.01000,1.98000,0.99964,0.00000,0.00031,0.00000,0.00005
37.21000,1.98000,0.99993,0.00000,0.00001,0.00000,0.00006
37.41000,1.98000,0.99983,0.00000,0.00000,0.00003,0.00014
37.61000,1.98000,0.99986,0.00001,0.00000,0.00003,0.00010
37.81000,1.98000,0.99986,0.00001,0.00000,0.00005,0.00008
38.01000,1.98000,0.99898,0.00012,0.00000,0.00068,0.00023
38.21000,1.98000,0.99082,0.00114,0.00001,0.00730,0.00073
38.41000,1.98000,0.72592,0.00910,0.00021,0.24936,0.01541
38.61000,1.98000,0.91005,0.00140,0.00016,0.06941,0.01899
38.81000,1.98000,0.98890,0.00061,0.00008,0.00697,0.00344
39.01000,1.98000,0.99854,0.00025,0.00033,0.00009,0.00080
39.21000,1.98000,0.99969,0.00003,0.00002,0.00002,0.00024
39.41000,1.98000,0.99973,0.00000,0.00000,0.00005,0.00021
39.61000,1.98000,0.99961,0.00000,0.00000,0.00008,0.00031
39.81000,1.98000,0.99963,0.00000,0.00000,0.00008,0.00029
40.01000,1.98000,0.99972,0.00000,0.00000,0.00006,0.00021
40.21000,1.98000,0.99990,0.00001,0.00000,0.00002,0.00008
40.41000,1.98000,0.99995,0.00001,0.00000,0.00000,0.00004
40.61000,1.98000,0.99992,0.00003,0.00000,0.00001,0.00004
40.81000,1.98000,0.99967,0.00021,0.00000,0.00005,0.00006
41.01000,1.98000,0.97398,0.01687,0.00001,0.00743,0.00170
41.21000,1.98000,0.14466,0.38123,0.00010,0.46569,0.00833
41.41000,1.98000,0.69322,0.08897,0.00010,0.21005,0.00767
41.61000,1.98000,0.99764,0.00209,0.00000,0.00010,0.00016
41.81000,1.98000,0.99965,0.00023,0.00004,0.00001,0.00007
42.01000,1.98000,0.99973,0.00008,0.00006,0.00002,0.00011
42.21000,1.98000,0.99980,0.00007,0.00002,0.00002,0.00009
42.41000,1.98000,0.99989,0.00001,0.00000,0.00001,0.00009
42.61000,1.98000,0.99987,0.00003,0.00000,0.00002,0.00008
42.81000,1.98000,0.99959,0.00025,0.00000,0.00004,0.00012
43.01000,1.98000,0.99886,0.00088,0.00000,0.00010,0.00016
43.21000,1.98000,0.98826,0.00744,0.00000,0.00347,0.00083
43.41000,1.98000,0.81397,0.06896,0.00001,0.11145,0.00561
43.61000,1.98000,0.64553,0.13939,0.00011,0.20612,0.00884
43.81000,1.98000,0.99016,0.00688,0.00082,0.00020,0.00193
44.01000,1.98000,0.99792,0.00096,0.00028,0.00003,0.00081
44.21000,1.98000,0.99912,0.00014,0.00014,0.00002,0.00058
44.41000,1.98000,0.99944,0.00003,0.00006,0.00002,0.00045
44.61000,1.98000,0.99987,0.00000,0.00000,0.00001,0.00012
44.81000,1.98000,0.99974,0.00000,0.00000,0.00004,0.00021
45.01000,1.98000,0.99973,0.00000,0.00000,0.00006,0.00021
45.21000,1.98000,0.99975,0.00000,0.00000,0.00006,0.00019
45.41000,1.98000,0.99978,0.00000,0.00000,0.00006,0.00016
45.61000,1.98000,0.99991,0.00000,0.00000,0.00002,0.00007
45.81000,1.98000,0.99995,0.00000,0.00000,0.00001,0.00004
46.01000,1.98000,0.99996,0.00000,0.00000,0.00002,0.00002
46.21000,1.98000,0.99984,0.00002,0.00000,0.00012,0.00002
46.41000,1.98000,0.99159,0.00052,0.00004,0.00745,0.00039
46.61000,1.98000,0.23345,0.01116,0.00418,0.73759,0.01362
46.81000,1.98000,0.91678,0.00089,0.00009,0.08009,0.00215
47.01000,1.98000,0.99937,0.00013,0.00000,0.00040,0.00010
47.21000,1.98000,0.99980,0.00015,0.00002,0.00001,0.00002
47.41000,1.98000,0.99954,0.00038,0.00004,0.00001,0.00003
47.61000,1.98000,0.99882,0.00114,0.00000,0.00001,0.00003
47.81000,1.98000,0.99876,0.00102,0.00000,0.00005,0.00016
48.01000,1.98000,0.99834,0.00141,0.00000,0.00007,0.00019
48.21000,1.98000,0.99170,0.00769,0.00000,0.00030,0.00030
48.41000,1.98000,0.95533,0.03010,0.00000,0.01319,0.00138
48.61000,1.98000,0.90354,0.08210,0.00004,0.01302,0.00130
48.81000,1.98000,0.97381,0.02438,0.00065,0.00016,0.00100
49.01000,1.98000,0.99788,0.00171,0.00014,0.00001,0.00026
49.21000,1.98000,0.99951,0.00027,0.00005,0.00001,0.00016
49.41000,1.98000,0.99945,0.00011,0.00016,0.00005,0.00022
49.61000,1.98000,0.99991,0.00003,0.00000,0.00000,0.00005
49.81000,1.98000,0.99994,0.00004,0.00000,0.00001,0.00002
50.01000,1.98000,0.99994,0.00002,0.00000,0.00001,0.00003
50.21000,1.98000,0.99984,0.00008,0.00000,0.00005,0.00003
50.41000,1.98000,0.99308,0.00184,0.00004,0.00445,0.00059
50.61000,1.98000,0.16813,0.03266,0.01479,0.74750,0.03691
50.81000,1.98000,0.93607,0.01805,0.00010,0.04213,0.00365
51.01000,1.98000,0.99977,0.00013,0.00000,0.00002,0.00008
51.21000,1.98000,0.99995,0.00001,0.00001,0.00000,0.00003
51.41000,1.98000,0.99995,0.00000,0.00001,0.00000,0.00003
51.61000,1.98000,0.99992,0.00000,0.00001,0.00001,0.00007
51.81000,1.98000,0.99976,0.00000,0.00000,0.00004,0.00020
52.01000,1.98000,0.99974,0.00000,0.00000,0.00005,0.00021
52.21000,1.98000,0.99976,0.00000,0.00000,0.00005,0.00018
52.41000,1.98000,0.99978,0.00000,0.00000,0.00005,0.00018
52.61000,1.98000,0.99982,0.00000,0.00000,0.00003,0.00015
52.81000,1.98000,0.99984,0.00000,0.00000,0.00003,0.00013
53.01000,1.98000,0.99980,0.00000,0.00000,0.00006,0.00015
53.21000,1.98000,0.99957,0.00000,0.00000,0.00020,0.00022
53.41000,1.98000,0.99931,0.00001,0.00000,0.00042,0.00026
53.61000,1.98000,0.99938,0.00001,0.00000,0.00027,0.00034
53.81000,1.98000,0.99944,0.00000,0.00000,0.00015,0.00041
54.01000,1.98000,0.99970,0.00000,0.00000,0.00004,0.00025
54.21000,1.98000,0.99989,0.00000,0.00000,0.00001,0.00010
54.41000,1.98000,0.99982,0.00000,0.00000,0.00002,0.00015
54.61000,1.98000,0.99951,0.00000,0.00000,0.00020,0.00028
54.81000,1.98000,0.99849,0.00002,0.00001,0.00127,0.00022
55.01000,1.98000,0.97090,0.00013,0.00012,0.02684,0.00201
55.21000,1.98000,0.99737,0.00000,0.00003,0.00138,0.00121
55.41000,1.98000,0.99942,0.00000,0.00001,0.00015,0.00042
55.61000,1.98000,0.99995,0.00000,0.00000,0.00000,0.00005
55.81000,1.98000,0.99997,0.00000,0.00000,0.00000,0.00003
56.01000,1.98000,0.99988,0.00001,0.00000,0.00009,0.00002
56.21000,1.98000,0.99695,0.00026,0.00002,0.00263,0.00014
56.41000,1.98000,0.18425,0.00702,0.00873,0.77974,0.02026
56.61000,1.98000,0.86653,0.00091,0.00018,0.12885,0.00353
56.81000,1.98000,0.99979,0.00002,0.00000,0.00011,0.00008
57.01000,1.98000,0.99995,0.00001,0.00001,0.00000,0.00003
57.21000,1.98000,0.99994,0.00000,0.00001,0.00000,0.00004
57.41000,1.98000,0.99994,0.00000,0.00000,0.00001,0.00005
57.61000,1.98000,0.99980,0.00000,0.00000,0.00005,0.00016
57.81000,1.98000,0.99989,0.00000,0.00000,0.00003,0.00007
58.01000,1.98000,0.99992,0.00000,0.00000,0.00002,0.00005
58.21000,1.98000,0.99995,0.00001,0.00000,0.00001,0.00003
58.41000,1.98000,0.99996,0.00002,0.00000,0.00000,0.00002
58.61000,1.98000,0.99988,0.00008,0.00000,0.00001,0.00003
58.81000,1.98000,0.99902,0.00036,0.00000,0.00024,0.00038
59.01000,1.98000,0.99754,0.00114,0.00000,0.00058,0.00074
59.21000,1.98000,0.99391,0.00383,0.00001,0.00129,0.00097
59.41000,1.98000,0.99879,0.00104,0.00002,0.00005,0.00009
59.61000,1.98000,0.99946,0.00048,0.00002,0.00002,0.00002
59.81000,1.98000,0.99959,0.00027,0.00008,0.00003,0.00003
60.01000,1.98000,0.99882,0.00016,0.00020,0.00041,0.00040
60.21000,1.98000,0.99914,0.00020,0.00006,0.00029,0.00030
60.41000,1.98000,0.99905,0.00015,0.00004,0.00022,0.00054
60.61000,1.98000,0.99988,0.00001,0.00001,0.00001,0.00009
60.81000,1.98000,0.99995,0.00000,0.00000,0.00000,0.00004
61.01000,1.98000,0.99996,0.00000,0.00000,0.00000,0.00003
61.21000,1.98000,0.99986,0.00002,0.00000,0.00006,0.00006
61.41000,1.98000,0.99880,0.00014,0.00000,0.00095,0.00009
61.61000,1.98000,0.65646,0.00745,0.00137,0.31945,0.01527
61.81000,1.98000,0.85394,0.00075,0.00036,0.12438,0.02057
62.01000,1.98000,0.99838,0.00005,0.00001,0.00117,0.00039
62.21000,1.98000,0.99974,0.00005,0.00002,0.00006,0.00013
62.41000,1.98000,0.99965,0.00002,0.00013,0.00004,0.00016
62.61000,1.98000,0.99977,0.00002,0.00002,0.00005,0.00015
62.81000,1.98000,0.99967,0.00000,0.00000,0.00005,0.00028
63.01000,1.98000,0.99975,0.00000,0.00000,0.00004,0.00020
63.21000,1.98000,0.99981,0.00000,0.00000,0.00004,0.00014
63.41000,1.98000,0.99976,0.00001,0.00000,0.00008,0.00015
63.61000,1.98000,0.99951,0.00002,0.00000,0.00027,0.00020
63.81000,1.98000,0.99843,0.00005,0.00000,0.00121,0.00031
64.01000,1.98000,0.99854,0.00006,0.00000,0.00109,0.00031
64.21000,1.98000,0.99856,0.00005,0.00000,0.00088,0.00051
64.41000,1.98000,0.99925,0.00001,0.00000,0.00019,0.00055
64.61000,1.98000,0.99965,0.00000,0.00000,0.00003,0.00032
64.81000,1.98000,0.99982,0.00000,0.00000,0.00002,0.00016
65.01000,1.98000,0.99968,0.00001,0.00000,0.00013,0.00018
65.21000,1.98000,0.99908,0.00004,0.00000,0.00061,0.00027
65.41000,1.98000,0.99914,0.00002,0.00000,0.00055,0.00029
65.61000,1.98000,0.99918,0.00002,0.00001,0.00047,0.00032
65.81000,1.98000,0.99853,0.00004,0.00001,0.00087,0.00056
66.01000,1.98000,0.99898,0.00001,0.00001,0.00030,0.00069
66.21000,1.98000,0.99926,0.00001,0.00000,0.00024,0.00049
66.41000,1.98000,0.99945,0.00001,0.00001,0.00023,0.00031
66.61000,1.98000,0.99959,0.00000,0.00000,0.00010,0.00030
66.81000,1.98000,0.99991,0.00000,0.00000,0.00001,0.00008
67.01000,1.98000,0.99997,0.00000,0.00000,0.00000,0.00003
67.21000,1.98000,0.99995,0.00001,0.00000,0.00000,0.00003
67.41000,1.98000,0.99950,0.00019,0.00000,0.00023,0.00008
67.61000,1.98000,0.90608,0.00675,0.00056,0.08168,0.00492
67.81000,1.98000,0.49128,0.00214,0.00140,0.44835,0.05684
68.01000,1.98000,0.99469,0.00023,0.00001,0.00381,0.00126
68.21000,1.98000,0.99970,0.00011,0.00001,0.00005,0.00014
68.41000,1.98000,0.99985,0.00002,0.00003,0.00003,0.00007
68.61000,1.98000,0.99981,0.00000,0.00010,0.00003,0.00006
68.81000,1.98000,0.99980,0.00000,0.00001,0.00006,0.00013
69.01000,1.98000,0.99965,0.00000,0.00000,0.00008,0.00027
69.21000,1.98000,0.99964,0.00000,0.00000,0.00010,0.00026
69.41000,1.98000,0.99965,0.00000,0.00000,0.00010,0.00025
69.61000,1.98000,0.99974,0.00000,0.00000,0.00006,0.00020
69.81000,1.98000,0.99984,0.00000,0.00000,0.00003,0.00013
70.01000,1.98000,0.99991,0.00000,0.00000,0.00002,0.00007
70.21000,1.98000,0.99994,0.00001,0.00000,0.00001,0.00005
70.41000,1.98000,0.99993,0.00004,0.00000,0.00001,0.00002
70.61000,1.98000,0.99982,0.00014,0.00000,0.00001,0.00003
70.81000,1.98000,0.99776,0.00141,0.00000,0.00039,0.00044
71.01000,1.98000,0.97180,0.00995,0.00001,0.01277,0.00546
71.21000,1.98000,0.98162,0.00706,0.00006,0.00731,0.00395
71.41000,1.98000,0.99738,0.00168,0.00003,0.00063,0.00028
71.61000,1.98000,0.99663,0.00310,0.00002,0.00011,0.00014
71.81000,1.98000,0.99806,0.00187,0.00001,0.00001,0.00006
72.01000,1.98000,0.99952,0.00043,0.00000,0.00000,0.00004
72.21000,1.98000,0.99909,0.00072,0.00000,0.00005,0.00013
72.41000,1.98000,0.83901,0.00092,0.00135,0.12278,0.03594
72.61000,1.98000,0.95373,0.00075,0.00036,0.02188,0.02328
72.81000,1.98000,0.99972,0.00003,0.00001,0.00007,0.00017
73.01000,1.98000,0.99997,0.00002,0.00001,0.00000,0.00001
73.21000,1.98000,0.99998,0.00001,0.00000,0.00000,0.00001
73.41000,1.98000,0.99553,0.00140,0.00006,0.00135,0.00166
73.61000,1.98000,0.24952,0.10647,0.01834,0.60613,0.01955
73.81000,1.98000,0.99162,0.00328,0.00006,0.00447,0.00057
74.01000,1.98000,0.99978,0.00010,0.00003,0.00001,0.00008
74.21000,1.98000,0.99991,0.00002,0.00003,0.00000,0.00003
74.41000,1.98000,0.99997,0.00000,0.00000,0.00000,0.00002
74.61000,1.98000,0.99985,0.00000,0.00002,0.00001,0.00011
74.81000,1.98000,0.99983,0.00000,0.00000,0.00001,0.00016
75.01000,1.98000,0.99981,0.00000,0.00000,0.00002,0.00017
75.21000,1.98000,0.99983,0.00000,0.00000,0.00002,0.00015
75.41000,1.98000,0.99986,0.00000,0.00000,0.00002,0.00012
75.61000,1.98000,0.99992,0.00000,0.00000,0.00001,0.00007
75.81000,1.98000,0.99995,0.00000,0.00000,0.00001,0.00004
76.01000,1.98000,0.99994,0.00000,0.00000,0.00001,0.00004
76.21000,1.98000,0.99987,0.00002,0.00000,0.00005,0.00007
76.41000,1.98000,0.99945,0.00015,0.00000,0.00026,0.00015
76.61000,1.98000,0.99945,0.00021,0.00000,0.00019,0.00016
76.81000,1.98000,0.99824,0.00034,0.00000,0.00094,0.00047
77.01000,1.98000,0.99922,0.00031,0.00000,0.00026,0.00021
77.21000,1.98000,0.99960,0.00014,0.00002,0.00009,0.00014
77.41000,1.98000,0.99944,0.00002,0.00003,0.00018,0.00032
77.61000,1.98000,0.99900,0.00001,0.00007,0.00028,0.00064
77.81000,1.98000,0.99966,0.00000,0.00001,0.00003,0.00030
78.01000,1.98000,0.99977,0.00000,0.00000,0.00001,0.00022
78.21000,1.98000,0.99991,0.00000,0.00000,0.00000,0.00009
78.41000,1.98000,0.99976,0.00000,0.00000,0.00004,0.00020
78.61000,1.98000,0.99977,0.00000,0.00000,0.00004,0.00018
78.81000,1.98000,0.99979,0.00000,0.00000,0.00005,0.00016
79.01000,1.98000,0.99983,0.00000,0.00000,0.00004,0.00013
79.21000,1.98000,0.99977,0.00000,0.00000,0.00010,0.00014
79.41000,1.98000,0.99924,0.00000,0.00000,0.00055,0.00021
79.61000,1.98000,0.99895,0.00001,0.00000,0.00083,0.00022
79.81000,1.98000,0.99919,0.00000,0.00000,0.00046,0.00034
80.01000,1.98000,0.99971,0.00000,0.00000,0.00006,0.00022
80.21000,1.98000,0.99962,0.00000,0.00000,0.00007,0.00031
80.41000,1.98000,0.99974,0.00000,0.00000,0.00005,0.00021
80.61000,1.98000,0.99965,0.00000,0.00000,0.00007,0.00028
80.81000,1.98000,0.99968,0.00000,0.00000,0.00011,0.00021
81.01000,1.98000,0.99966,0.00000,0.00000,0.00013,0.00021
81.21000,1.98000,0.99971,0.00000,0.00000,0.00009,0.00020
81.41000,1.98000,0.99984,0.00000,0.00000,0.00003,0.00014
81.61000,1.98000,0.99994,0.00000,0.00000,0.00001,0.00005
81.81000,1.98000,0.99996,0.00000,0.00000,0.00000,0.00004
82.01000,1.98000,0.99993,0.00002,0.00000,0.00001,0.00003
82.21000,1.98000,0.99947,0.00019,0.00000,0.00024,0.00009
82.41000,1.98000,0.83975,0.01337,0.00078,0.13354,0.01257
82.61000,1.98000,0.23016,0.00859,0.00094,0.74324,0.01707
82.81000,1.98000,0.99586,0.00053,0.00001,0.00323,0.00037
83.01000,1.98000,0.99992,0.00003,0.00000,0.00001,0.00004
83.21000,1.98000,0.99997,0.00000,0.00001,0.00000,0.00002
83.41000,1.98000,0.99997,0.00000,0.00000,0.00001,0.00002
83.61000,1.98000,0.99997,0.00000,0.00000,0.00001,0.00002
83.81000,1.98000,0.99987,0.00000,0.00000,0.00001,0.00012
84.01000,1.98000,0.99980,0.00000,0.00000,0.00005,0.00015
84.21000,1.98000,0.99974,0.00000,0.00000,0.00010,0.00016
84.41000,1.98000,0.99981,0.00000,0.00000,0.00010,0.00009
84.61000,1.98000,0.99985,0.00001,0.00000,0.00006,0.00009
84.81000,1.98000,0.99992,0.00000,0.00000,0.00002,0.00005
85.01000,1.98000,0.99981,0.00003,0.00000,0.00005,0.00010
85.21000,1.98000,0.99964,0.00009,0.00000,0.00014,0.00012
85.41000,1.98000,0.99527,0.00137,0.00001,0.00241,0.00094
85.61000,1.98000,0.97857,0.00179,0.00003,0.01805,0.00156
85.81000,1.98000,0.99829,0.00031,0.00003,0.00099,0.00038
86.01000,1.98000,0.99973,0.00009,0.00002,0.00006,0.00010
86.21000,1.98000,0.99948,0.00010,0.00002,0.00014,0.00026
86.41000,1.98000,0.99983,0.00002,0.00001,0.00002,0.00012
86.61000,1.98000,0.99984,0.00002,0.00000,0.00004,0.00011
86.81000,1.98000,0.99626,0.00046,0.00001,0.00283,0.00044
87.01000,1.98000,0.99453,0.00030,0.00001,0.00444,0.00072
87.21000,1.98000,0.99673,0.00007,0.00003,0.00239,0.00078
87.41000,1.98000,0.99833,0.00003,0.00002,0.00104,0.00058
87.61000,1.98000,0.99924,0.00001,0.00005,0.00021,0.00049
87.81000,1.98000,0.99938,0.00000,0.00000,0.00004,0.00057
88.01000,1.98000,0.99981,0.00000,0.00000,0.00002,0.00017
88.21000,1.98000,0.99974,0.00000,0.00000,0.00004,0.00021
88.41000,1.98000,0.99977,0.00000,0.00000,0.00005,0.00018
88.61000,1.98000,0.99979,0.00000,0.00000,0.00004,0.00017
88.81000,1.98000,0.99979,0.00000,0.00000,0.00004,0.00016
89.01000,1.98000,0.99993,0.00000,0.00000,0.00001,0.00006
89.21000,1.98000,0.99998,0.00000,0.00000,0.00001,0.00002
89.41000,1.98000,0.99997,0.00000,0.00000,0.00001,0.00001
89.61000,1.98000,0.99989,0.00001,0.00000,0.00008,0.00002
89.81000,1.98000,0.98680,0.00099,0.00005,0.01176,0.00040
90.01000,1.98000,0.08076,0.01116,0.00736,0.88814,0.01258
90.21000,1.98000,0.99081,0.00023,0.00001,0.00806,0.00089
90.41000,1.98000,0.99991,0.00001,0.00000,0.00003,0.00005
90.61000,1.98000,0.99992,0.00001,0.00000,0.00001,0.00006
90.81000,1.98000,0.99993,0.00000,0.00002,0.00001,0.00005
91.01000,1.98000,0.99995,0.00000,0.00000,0.00001,0.00004
91.21000,1.98000,0.99977,0.00000,0.00000,0.00004,0.00018
91.41000,1.98000,0.99978,0.00000,0.00000,0.00004,0.00018
91.61000,1.98000,0.99979,0.00000,0.00000,0.00004,0.00017
91.81000,1.98000,0.99984,0.00000,0.00000,0.00002,0.00014
92.01000,1.98000,0.99988,0.00000,0.00000,0.00002,0.00011
92.21000,1.98000,0.99985,0.00000,0.00000,0.00004,0.00011
92.41000,1.98000,0.99960,0.00001,0.00000,0.00021,0.00018
92.61000,1.98000,0.99927,0.00002,0.00000,0.00050,0.00021
92.81000,1.98000,0.99907,0.00001,0.00000,0.00056,0.00036
93.01000,1.98000,0.99919,0.00000,0.00000,0.00027,0.00054
93.21000,1.98000,0.99959,0.00000,0.00000,0.00009,0.00032
93.41000,1.98000,0.99987,0.00000,0.00000,0.00001,0.00012
93.61000,1.98000,0.99981,0.00000,0.00000,0.00004,0.00015
93.81000,1.98000,0.99942,0.00001,0.00000,0.00032,0.00025
94.01000,1.98000,0.99893,0.00005,0.00000,0.00084,0.00018
94.21000,1.98000,0.99676,0.00026,0.00001,0.00266,0.00031
94.41000,1.98000,0.99640,0.00042,0.00001,0.00261,0.00056
94.61000,1.98000,0.99788,0.00034,0.00002,0.00138,0.00039
94.81000,1.98000,0.99905,0.00017,0.00001,0.00036,0.00041
95.01000,1.98000,0.99909,0.00003,0.00002,0.00054,0.00032
95.21000,1.98000,0.99563,0.00006,0.00004,0.00272,0.00155
95.41000,1.98000,0.99854,0.00001,0.00003,0.00055,0.00086
95.61000,1.98000,0.99942,0.00000,0.00001,0.00003,0.00054
95.81000,1.98000,0.99978,0.00000,0.00000,0.00002,0.00019
96.01000,1.98000,0.99970,0.00000,0.00000,0.00005,0.00025
96.21000,1.98000,0.99975,0.00000,0.00000,0.00006,0.00019
96.41000,1.98000,0.99975,0.00000,0.00000,0.00006,0.00019
96.61000,1.98000,0.99981,0.00000,0.00000,0.00005,0.00014
96.81000,1.98000,0.99996,0.00000,0.00000,0.00000,0.00003
97.01000,1.98000,0.99998,0.00000,0.00000,0.00000,0.00001
97.21000,1.98000,0.99998,0.00000,0.00000,0.00001,0.00001
97.41000,1.98000,0.99961,0.00009,0.00000,0.00026,0.00004
97.61000,1.98000,0.80562,0.00791,0.00239,0.15990,0.02418
97.81000,1.98000,0.53979,0.00137,0.00237,0.41580,0.04067
98.01000,1.98000,0.99925,0.00005,0.00000,0.00040,0.00030
98.21000,1.98000,0.99989,0.00001,0.00001,0.00001,0.00009
98.41000,1.98000,0.99995,0.00000,0.00001,0.00001,0.00004
98.61000,1.98000,0.99993,0.00000,0.00003,0.00001,0.00003
98.81000,1.98000,0.99989,0.00000,0.00000,0.00003,0.00008
99.01000,1.98000,0.99977,0.00000,0.00000,0.00005,0.00018
99.21000,1.98000,0.99978,0.00000,0.00000,0.00005,0.00017
99.41000,1.98000,0.99977,0.00000,0.00000,0.00005,0.00018
99.61000,1.98000,0.99978,0.00000,0.00000,0.00005,0.00017
99.81000,1.98000,0.99975,0.00000,0.00000,0.00007,0.00018
100.01000,1.98000,0.99972,0.00000,0.00000,0.00009,0.00019
100.21000,1.98000,0.99973,0.00000,0.00000,0.00008,0.00019
100.41000,1.98000,0.99972,0.00000,0.00000,0.00008,0.00020
100.61000,1.98000,0.99968,0.00000,0.00000,0.00009,0.00022
100.81000,1.98000,0.99967,0.00000,0.00000,0.00008,0.00025
101.01000,1.98000,0.99967,0.00000,0.00000,0.00009,0.00023
101.21000,1.98000,0.99964,0.00000,0.00000,0.00008,0.00027
101.41000,1.98000,0.99955,0.00000,0.00000,0.00012,0.00033
101.61000,1.98000,0.99969,0.00000,0.00000,0.00008,0.00023
101.81000,1.98000,0.99971,0.00000,0.00000,0.00004,0.00024
102.01000,1.98000,0.99975,0.00000,0.00000,0.00004,0.00021
102.21000,1.98000,0.99979,0.00000,0.00000,0.00004,0.00017
102.41000,1.98000,0.99969,0.00000,0.00000,0.00007,0.00024
102.61000,1.98000,0.99977,0.00000,0.00000,0.00004,0.00019
102.81000,1.98000,0.99976,0.00000,0.00000,0.00005,0.00019
103.01000,1.98000,0.99975,0.00000,0.00000,0.00006,0.00019
103.21000,1.98000,0.99971,0.00000,0.00000,0.00008,0.00022
103.41000,1.98000,0.99973,0.00000,0.00000,0.00008,0.00020
103.61000,1.98000,0.99971,0.00000,0.00000,0.00008,0.00021
103.81000,1.98000,0.99973,0.00000,0.00000,0.00007,0.00020
104.01000,1.98000,0.99982,0.00000,0.00000,0.00004,0.00015
104.21000,1.98000,0.99995,0.00000,0.00000,0.00001,0.00005
104.41000,1.98000,0.99998,0.00000,0.00000,0.00000,0.00001
104.61000,1.98000,0.99998,0.00001,0.00000,0.00000,0.00001
104.81000,1.98000,0.99990,0.00004,0.00000,0.00004,0.00002
105.01000,1.98000,0.95306,0.00590,0.00010,0.03637,0.00456
105.21000,1.98000,0.16422,0.02244,0.00073,0.77218,0.04043
105.41000,1.98000,0.99601,0.00094,0.00002,0.00246,0.00057
105.61000,1.98000,0.99990,0.00001,0.00001,0.00000,0.00007
105.81000,1.98000,0.99995,0.00000,0.00001,0.00000,0.00003
106.01000,1.98000,0.99987,0.00000,0.00007,0.00001,0.00005
106.21000,1.98000,0.99992,0.00000,0.00001,0.00001,0.00006
106.41000,1.98000,0.99974,0.00000,0.00000,0.00005,0.00021
106.61000,1.98000,0.99985,0.00000,0.00000,0.00003,0.00012
106.81000,1.98000,0.99983,0.00000,0.00000,0.00004,0.00014
107.01000,1.98000,0.99992,0.00000,0.00000,0.00002,0.00007
107.21000,1.98000,0.99991,0.00000,0.00000,0.00005,0.00004
107.41000,1.98000,0.99988,0.00001,0.00000,0.00003,0.00008
107.61000,1.98000,0.99994,0.00001,0.00000,0.00001,0.00004
107.81000,1.98000,0.99996,0.00001,0.00000,0.00001,0.00002
108.01000,1.98000,0.99987,0.00002,0.00000,0.00006,0.00004
108.21000,1.98000,0.99902,0.00009,0.00000,0.00051,0.00038
108.41000,1.98000,0.91105,0.00300,0.00029,0.05239,0.03328
108.61000,1.98000,0.97879,0.00022,0.00114,0.01496,0.00489
108.81000,1.98000,0.99951,0.00002,0.00021,0.00013,0.00013
109.01000,1.98000,0.99958,0.00000,0.00028,0.00003,0.00010
109.21000,1.98000,0.99988,0.00000,0.00005,0.00000,0.00007
109.41000,1.98000,0.99951,0.00000,0.00003,0.00009,0.00037
109.61000,1.98000,0.99946,0.00000,0.00000,0.00014,0.00039
109.81000,1.98000,0.99961,0.00000,0.00000,0.00008,0.00031
110.01000,1.98000,0.99964,0.00000,0.00000,0.00007,0.00028
110.21000,1.98000,0.99966,0.00000,0.00000,0.00007,0.00027
110.41000,1.98000,0.99970,0.00000,0.00000,0.00006,0.00023
110.61000,1.98000,0.99974,0.00000,0.00000,0.00005,0.00021
110.81000,1.98000,0.99980,0.00000,0.00000,0.00003,0.00016
111.01000,1.98000,0.99995,0.00000,0.00000,0.00000,0.00004
111.21000,1.98000,0.99997,0.00000,0.00000,0.00000,0.00003
111.41000,1.98000,0.99994,0.00001,0.00000,0.00002,0.00002
111.61000,1.98000,0.99946,0.00010,0.00000,0.00039,0.00005
111.81000,1.98000,0.71456,0.00717,0.00387,0.25878,0.01562
112.01000,1.98000,0.36730,0.00367,0.00457,0.57275,0.05170
112.21000,1.98000,0.99884,0.00006,0.00000,0.00069,0.00040
112.41000,1.98000,0.99987,0.00002,0.00000,0.00001,0.00010
112.61000,1.98000,0.99993,0.00000,0.00001,0.00001,0.00004
112.81000,1.98000,0.99988,0.00001,0.00002,0.00002,0.00008
113.01000,1.98000,0.99971,0.00000,0.00000,0.00006,0.00023
113.21000,1.98000,0.99971,0.00000,0.00000,0.00007,0.00022
113.41000,1.98000,0.99974,0.00000,0.00000,0.00007,0.00019
113.61000,1.98000,0.99978,0.00000,0.00000,0.00005,0.00017
113.81000,1.98000,0.99986,0.00000,0.00000,0.00003,0.00011
114.01000,1.98000,0.99993,0.00000,0.00000,0.00002,0.00006
114.21000,1.98000,0.99988,0.00001,0.00000,0.00004,0.00007
114.41000,1.98000,0.99950,0.00005,0.00000,0.00032,0.00014
114.61000,1.98000,0.99897,0.00007,0.00000,0.00075,0.00021
114.81000,1.98000,0.99727,0.00025,0.00001,0.00216,0.00031
115.01000,1.98000,0.99750,0.00017,0.00001,0.00178,0.00053
115.21000,1.98000,0.99870,0.00004,0.00001,0.00067,0.00057
115.41000,1.98000,0.99970,0.00001,0.00001,0.00007,0.00020
115.61000,1.98000,0.99942,0.00002,0.00001,0.00034,0.00021
115.81000,1.98000,0.99817,0.00002,0.00002,0.00124,0.00056
116.01000,1.98000,0.99938,0.00000,0.00000,0.00016,0.00046
116.21000,1.98000,0.99961,0.00000,0.00000,0.00005,0.00034
116.41000,1.98000,0.99979,0.00000,0.00000,0.00002,0.00019
116.61000,1.98000,0.99972,0.00000,0.00000,0.00005,0.00022
116.81000,1.98000,0.99973,0.00000,0.00000,0.00007,0.00020
117.01000,1.98000,0.99987,0.00000,0.00000,0.00003,0.00010
117.21000,1.98000,0.99997,0.00000,0.00000,0.00001,0.00002
117.41000,1.98000,0.99998,0.00000,0.00000,0.00000,0.00001
117.61000,1.98000,0.99996,0.00001,0.00000,0.00001,0.00002
117.81000,1.98000,0.99934,0.00018,0.00000,0.00031,0.00016
118.01000,1.98000,0.47045,0.03254,0.02030,0.39619,0.08051
118.21000,1.98000,0.89113,0.01422,0.00063,0.07859,0.01542
118.41000,1.98000,0.99949,0.00014,0.00000,0.00013,0.00023
118.61000,1.98000,0.99992,0.00002,0.00001,0.00000,0.00006
118.81000,1.98000,0.99997,0.00000,0.00001,0.00000,0.00002
119.01000,1.98000,0.99996,0.00000,0.00001,0.00000,0.00003
119.21000,1.98000,0.99993,0.00000,0.00000,0.00001,0.00006
119.41000,1.98000,0.99986,0.00000,0.00000,0.00004,0.00010
119.61000,1.98000,0.99935,0.00001,0.00000,0.00038,0.00026
119.81000,1.98000,0.99950,0.00002,0.00000,0.00029,0.00020
120.01000,1.98000,0.99971,0.00002,0.00000,0.00016,0.00012
120.21000,1.98000,0.99987,0.00001,0.00000,0.00004,0.00008
120.41000,1.98000,0.99992,0.00002,0.00000,0.00001,0.00005
120.61000,1.98000,0.99989,0.00003,0.00000,0.00003,0.00006
120.81000,1.98000,0.99740,0.00014,0.00001,0.00187,0.00058
121.01000,1.98000,0.99207,0.00024,0.00003,0.00664,0.00102
121.21000,1.98000,0.99779,0.00007,0.00002,0.00140,0.00071
121.41000,1.98000,0.99977,0.00000,0.00001,0.00005,0.00017
121.61000,1.98000,0.99982,0.00000,0.00004,0.00001,0.00012
121.81000,1.98000,0.99967,0.00000,0.00001,0.00005,0.00028
