Time (seconds), Duration (seconds),pred_(unlabeled),pred_On,pred_Off,pred_Dimmer,pred_Lighter
0.01000,1.98000,0.99951,0.00000,0.00014,0.00001,0.00034
0.21000,1.98000,0.99953,0.00000,0.00021,0.00001,0.00026
0.41000,1.98000,0.99689,0.00000,0.00103,0.00008,0.00199
0.61000,1.98000,0.98762,0.00004,0.00241,0.00078,0.00915
0.81000,1.98000,0.90684,0.00020,0.01582,0.01140,0.06574
1.01000,1.98000,0.97087,0.00028,0.00365,0.00595,0.01925
1.21000,1.98000,0.94982,0.00030,0.01181,0.01338,0.02469
1.41000,1.98000,0.99413,0.00060,0.00037,0.00145,0.00345
1.61000,1.98000,0.97122,0.00024,0.00605,0.01162,0.01086
1.81000,1.98000,0.99639,0.00038,0.00051,0.00116,0.00156
2.01000,1.98000,0.99111,0.00036,0.00149,0.00390,0.00315
2.21000,1.98000,0.98792,0.00103,0.00081,0.00787,0.00237
2.41000,1.98000,0.99533,0.00027,0.00062,0.00319,0.00059
2.61000,1.98000,0.99037,0.00037,0.00091,0.00765,0.00070
2.81000,1.98000,0.99614,0.00015,0.00037,0.00306,0.00029
3.01000,1.98000,0.99988,0.00001,0.00002,0.00008,0.00001
3.21000,1.98000,0.99650,0.00023,0.00018,0.00282,0.00027
3.41000,1.98000,0.99943,0.00007,0.00003,0.00041,0.00005
3.61000,1.98000,0.99961,0.00004,0.00002,0.00028,0.00004
3.81000,1.98000,0.99957,0.00001,0.00005,0.00033,0.00004
4.01000,1.98000,0.99616,0.00006,0.00024,0.00319,0.00034
4.21000,1.98000,0.99736,0.00005,0.00021,0.00214,0.00025
4.41000,1.98000,0.99291,0.00009,0.00053,0.00586,0.00062
4.61000,1.98000,0.99844,0.00003,0.00015,0.00121,0.00017
4.81000,1.98000,0.99972,0.00001,0.00004,0.00019,0.00004
5.01000,1.98000,0.99982,0.00001,0.00002,0.00013,0.00003
5.21000,1.98000,0.99962,0.00002,0.00003,0.00027,0.00006
5.41000,1.98000,0.99947,0.00001,0.00006,0.00038,0.00008
5.61000,1.98000,0.99868,0.00004,0.00011,0.00101,0.00016
5.81000,1.98000,0.98263,0.00050,0.00040,0.01497,0.00151
6.01000,1.98000,0.97704,0.00089,0.00035,0.01911,0.00262
6.21000,1.98000,0.91115,0.00198,0.00109,0.07686,0.00892
6.41000,1.98000,0.99170,0.00029,0.00016,0.00669,0.00116
6.61000,1.98000,0.95630,0.00089,0.00044,0.03734,0.00502
6.81000,1.98000,0.85577,0.00300,0.00104,0.12549,0.01470
7.01000,1.98000,0.92487,0.00871,0.00020,0.05605,0.01017
7.21000,1.98000,0.98001,0.00233,0.00008,0.01384,0.00374
7.41000,1.98000,0.96758,0.00176,0.00020,0.02435,0.00610
7.61000,1.98000,0.89286,0.00096,0.00210,0.08778,0.01630
7.81000,1.98000,0.63544,0.00598,0.00295,0.30102,0.05460
8.01000,1.98000,0.93339,0.00168,0.00074,0.05314,0.01105
8.21000,1.98000,0.99628,0.00052,0.00004,0.00214,0.00102
8.41000,1.98000,0.99864,0.00034,0.00002,0.00065,0.00035
8.61000,1.98000,0.99948,0.00020,0.00001,0.00019,0.00012
8.81000,1.98000,0.99942,0.00029,0.00002,0.00015,0.00012
9.01000,1.98000,0.99493,0.00491,0.00001,0.00008,0.00008
9.21000,1.98000,0.93757,0.06143,0.00003,0.00058,0.00040
9.41000,1.98000,0.66309,0.32356,0.00035,0.00962,0.00338
9.61000,1.98000,0.66122,0.32867,0.00024,0.00764,0.00224
9.81000,1.98000,0.90248,0.09518,0.00007,0.00155,0.00073
10.01000,1.98000,0.97171,0.02580,0.00036,0.00130,0.00084
10.21000,1.98000,0.98042,0.01482,0.00089,0.00258,0.00129
10.41000,1.98000,0.99485,0.00399,0.00050,0.00041,0.00025
10.61000,1.98000,0.99682,0.00101,0.00082,0.00100,0.00034
10.81000,1.98000,0.99701,0.00055,0.00040,0.00169,0.00036
11.01000,1.98000,0.99794,0.00013,0.00016,0.00160,0.00017
11.21000,1.98000,0.99645,0.00017,0.00031,0.00278,0.00029
11.41000,1.98000,0.99824,0.00007,0.00014,0.00137,0.00017
11.61000,1.98000,0.99975,0.00000,0.00006,0.00016,0.00003
11.81000,1.98000,0.99975,0.00000,0.00003,0.00018,0.00003
12.01000,1.98000,0.99943,0.00001,0.00003,0.00040,0.00012
12.21000,1.98000,0.99920,0.00001,0.00005,0.00040,0.00034
12.41000,1.98000,0.99925,0.00001,0.00005,0.00022,0.00047
12.61000,1.98000,0.99800,0.00000,0.00020,0.00039,0.00141
12.81000,1.98000,0.99988,0.00000,0.00001,0.00001,0.00009
13.01000,1.98000,0.99736,0.00000,0.00024,0.00036,0.00204
13.21000,1.98000,0.99856,0.00001,0.00006,0.00015,0.00123
13.41000,1.98000,0.99979,0.00000,0.00003,0.00000,0.00018
13.61000,1.98000,0.99701,0.00000,0.00245,0.00001,0.00054
13.81000,1.98000,0.98609,0.00016,0.01186,0.00005,0.00184
14.01000,1.98000,0.92308,0.00106,0.06553,0.00049,0.00984
14.21000,1.98000,0.79877,0.00139,0.17794,0.00229,0.01961
14.41000,1.98000,0.73653,0.00383,0.23532,0.00351,0.02081
14.61000,1.98000,0.91769,0.00095,0.07374,0.00064,0.00698
14.81000,1.98000,0.83601,0.00155,0.14419,0.00109,0.01716
15.01000,1.98000,0.98034,0.00057,0.01682,0.00007,0.00220
15.21000,1.98000,0.94204,0.00013,0.05505,0.00008,0.00270
15.41000,1.98000,0.99653,0.00004,0.00274,0.00002,0.00068
15.61000,1.98000,0.99498,0.00000,0.00123,0.00002,0.00376
15.81000,1.98000,0.98900,0.00001,0.00174,0.00004,0.00921
16.01000,1.98000,0.99761,0.00000,0.00047,0.00001,0.00191
16.21000,1.98000,0.99121,0.00000,0.00307,0.00004,0.00568
16.41000,1.98000,0.99701,0.00000,0.00076,0.00001,0.00221
16.61000,1.98000,0.99785,0.00000,0.00056,0.00002,0.00156
16.81000,1.98000,0.99892,0.00000,0.00017,0.00001,0.00090
17.01000,1.98000,0.99990,0.00000,0.00001,0.00000,0.00009
17.21000,1.98000,0.99980,0.00000,0.00002,0.00001,0.00017
17.41000,1.98000,0.99985,0.00000,0.00001,0.00001,0.00012
17.61000,1.98000,0.99952,0.00001,0.00010,0.00010,0.00027
17.81000,1.98000,0.99985,0.00002,0.00002,0.00003,0.00008
18.01000,1.98000,0.99803,0.00022,0.00015,0.00054,0.00105
18.21000,1.98000,0.99960,0.00014,0.00001,0.00005,0.00020
18.41000,1.98000,0.99810,0.00022,0.00006,0.00031,0.00132
18.61000,1.98000,0.99525,0.00011,0.00003,0.00084,0.00376
18.81000,1.98000,0.98718,0.00008,0.00036,0.00162,0.01077
19.01000,1.98000,0.97788,0.00048,0.00052,0.00251,0.01861
19.21000,1.98000,0.97820,0.00003,0.00094,0.00106,0.01977
19.41000,1.98000,0.98034,0.00000,0.00160,0.00044,0.01762
19.61000,1.98000,0.99214,0.00003,0.00009,0.00020,0.00753
19.81000,1.98000,0.94275,0.00002,0.00214,0.00283,0.05227
20.01000,1.98000,0.97847,0.00000,0.00093,0.00126,0.01934
20.21000,1.98000,0.99187,0.00000,0.00085,0.00038,0.00690
20.41000,1.98000,0.98740,0.00000,0.00508,0.00030,0.00722
20.61000,1.98000,0.99851,0.00000,0.00024,0.00005,0.00120
20.81000,1.98000,0.99609,0.00001,0.00052,0.00036,0.00302
21.01000,1.98000,0.98810,0.00003,0.00189,0.00273,0.00725
21.21000,1.98000,0.99711,0.00000,0.00064,0.00051,0.00173
21.41000,1.98000,0.99674,0.00000,0.00074,0.00076,0.00176
21.61000,1.98000,0.99447,0.00000,0.00157,0.00124,0.00272
21.81000,1.98000,0.99615,0.00000,0.00150,0.00058,0.00177
22.01000,1.98000,0.99896,0.00000,0.00022,0.00010,0.00071
22.21000,1.98000,0.99790,0.00000,0.00028,0.00047,0.00135
22.41000,1.98000,0.99974,0.00000,0.00001,0.00008,0.00017
22.61000,1.98000,0.99705,0.00001,0.00006,0.00102,0.00185
22.81000,1.98000,0.99949,0.00000,0.00001,0.00011,0.00038
23.01000,1.98000,0.99941,0.00000,0.00004,0.00011,0.00045
23.21000,1.98000,0.99906,0.00003,0.00008,0.00013,0.00071
23.41000,1.98000,0.98980,0.00021,0.00012,0.00205,0.00783
23.61000,1.98000,0.97945,0.00068,0.00003,0.00222,0.01762
23.81000,1.98000,0.77695,0.00040,0.00013,0.00301,0.21950
24.01000,1.98000,0.86687,0.00002,0.00032,0.00011,0.13268
24.21000,1.98000,0.97791,0.00001,0.00005,0.00002,0.02201
24.41000,1.98000,0.99266,0.00000,0.00001,0.00000,0.00732
24.61000,1.98000,0.96437,0.00004,0.00017,0.00002,0.03540
24.81000,1.98000,0.99450,0.00004,0.00003,0.00000,0.00543
25.01000,1.98000,0.85781,0.00003,0.00099,0.00012,0.14105
25.21000,1.98000,0.98284,0.00002,0.00022,0.00001,0.01691
25.41000,1.98000,0.99717,0.00001,0.00027,0.00000,0.00255
25.61000,1.98000,0.99904,0.00000,0.00038,0.00000,0.00057
25.81000,1.98000,0.99884,0.00002,0.00035,0.00001,0.00078
26.01000,1.98000,0.99982,0.00002,0.00002,0.00000,0.00013
26.21000,1.98000,0.99993,0.00001,0.00000,0.00000,0.00005
26.41000,1.98000,0.99975,0.00001,0.00004,0.00001,0.00020
26.61000,1.98000,0.99981,0.00001,0.00002,0.00001,0.00015
26.81000,1.98000,0.99997,0.00001,0.00000,0.00000,0.00002
27.01000,1.98000,0.99948,0.00006,0.00008,0.00004,0.00033
27.21000,1.98000,0.99915,0.00009,0.00016,0.00007,0.00053
27.41000,1.98000,0.99922,0.00021,0.00010,0.00006,0.00040
27.61000,1.98000,0.99385,0.00119,0.00087,0.00091,0.00318
27.81000,1.98000,0.99569,0.00342,0.00007,0.00022,0.00060
28.01000,1.98000,0.99323,0.00056,0.00224,0.00185,0.00212
28.21000,1.98000,0.99823,0.00045,0.00034,0.00051,0.00048
28.41000,1.98000,0.99926,0.00030,0.00005,0.00018,0.00022
28.61000,1.98000,0.99943,0.00045,0.00002,0.00004,0.00006
28.81000,1.98000,0.99873,0.00040,0.00009,0.00051,0.00028
29.01000,1.98000,0.99842,0.00155,0.00001,0.00001,0.00001
29.21000,1.98000,0.99767,0.00230,0.00001,0.00001,0.00002
29.41000,1.98000,0.99779,0.00216,0.00002,0.00001,0.00003
29.61000,1.98000,0.99363,0.00623,0.00003,0.00001,0.00009
29.81000,1.98000,0.99922,0.00064,0.00005,0.00000,0.00009
30.01000,1.98000,0.99984,0.00010,0.00002,0.00000,0.00004
30.21000,1.98000,0.99995,0.00000,0.00004,0.00000,0.00001
30.41000,1.98000,0.99996,0.00000,0.00003,0.00000,0.00001
30.61000,1.98000,1.00000,0.00000,0.00000,0.00000,0.00000
30.81000,1.98000,0.99992,0.00000,0.00006,0.00000,0.00002
31.01000,1.98000,0.99994,0.00000,0.00004,0.00000,0.00002
31.21000,1.98000,0.99987,0.00000,0.00006,0.00000,0.00007
31.41000,1.98000,0.99996,0.00000,0.00001,0.00000,0.00003
31.61000,1.98000,0.99976,0.00000,0.00005,0.00000,0.00018
31.81000,1.98000,0.98846,0.00000,0.00112,0.00018,0.01023
32.01000,1.98000,0.99336,0.00000,0.00073,0.00004,0.00587
32.21000,1.98000,0.99110,0.00000,0.00040,0.00001,0.00849
32.41000,1.98000,0.96941,0.00000,0.00232,0.00010,0.02817
32.61000,1.98000,0.99137,0.00000,0.00043,0.00001,0.00819
32.81000,1.98000,0.87583,0.00000,0.01132,0.00013,0.11272
33.01000,1.98000,0.94441,0.00000,0.00329,0.00004,0.05226
33.21000,1.98000,0.94635,0.00000,0.00287,0.00001,0.05076
33.41000,1.98000,0.99538,0.00000,0.00037,0.00000,0.00424
33.61000,1.98000,0.99206,0.00001,0.00254,0.00000,0.00539
33.81000,1.98000,0.99017,0.00003,0.00708,0.00000,0.00272
34.01000,1.98000,0.98656,0.00009,0.00890,0.00001,0.00443
34.21000,1.98000,0.86723,0.00029,0.09799,0.00012,0.03438
34.41000,1.98000,0.97534,0.00096,0.01801,0.00004,0.00565
34.61000,1.98000,0.99551,0.00114,0.00234,0.00001,0.00100
34.81000,1.98000,0.96616,0.00100,0.02938,0.00002,0.00344
35.01000,1.98000,0.98178,0.00058,0.01557,0.00001,0.00206
35.21000,1.98000,0.96667,0.00009,0.03200,0.00001,0.00123
35.41000,1.98000,0.99816,0.00004,0.00160,0.00000,0.00020
35.61000,1.98000,0.99828,0.00003,0.00083,0.00001,0.00085
35.81000,1.98000,0.99856,0.00001,0.00046,0.00001,0.00096
36.01000,1.98000,0.99972,0.00000,0.00011,0.00000,0.00016
36.21000,1.98000,0.99879,0.00000,0.00079,0.00001,0.00042
36.41000,1.98000,0.99979,0.00000,0.00014,0.00000,0.00006
36.61000,1.98000,0.99955,0.00000,0.00029,0.00001,0.00016
36.81000,1.98000,0.99942,0.00000,0.00051,0.00000,0.00007
37.01000,1.98000,0.99839,0.00000,0.00137,0.00001,0.00023
37.21000,1.98000,0.99981,0.00000,0.00015,0.00000,0.00003
37.41000,1.98000,0.99985,0.00000,0.00012,0.00000,0.00003
37.61000,1.98000,0.99961,0.00000,0.00036,0.00000,0.00003
37.81000,1.98000,0.99984,0.00000,0.00014,0.00000,0.00002
38.01000,1.98000,0.99897,0.00000,0.00090,0.00000,0.00013
38.21000,1.98000,0.99959,0.00000,0.00032,0.00000,0.00009
38.41000,1.98000,0.99990,0.00000,0.00007,0.00000,0.00003
38.61000,1.98000,0.99981,0.00000,0.00006,0.00001,0.00012
38.81000,1.98000,0.99819,0.00000,0.00033,0.00019,0.00130
39.01000,1.98000,0.99231,0.00000,0.00091,0.00020,0.00658
39.21000,1.98000,0.98049,0.00001,0.00116,0.00035,0.01798
39.41000,1.98000,0.99335,0.00021,0.00007,0.00014,0.00623
39.61000,1.98000,0.99442,0.00004,0.00013,0.00008,0.00533
39.81000,1.98000,0.98138,0.00004,0.00044,0.00033,0.01781
40.01000,1.98000,0.99829,0.00002,0.00002,0.00002,0.00166
40.21000,1.98000,0.99169,0.00001,0.00018,0.00011,0.00800
40.41000,1.98000,0.98727,0.00003,0.00072,0.00010,0.01187
40.61000,1.98000,0.99883,0.00000,0.00005,0.00000,0.00112
40.81000,1.98000,0.99264,0.00002,0.00051,0.00021,0.00661
41.01000,1.98000,0.99836,0.00001,0.00018,0.00007,0.00138
41.21000,1.98000,0.99965,0.00002,0.00002,0.00002,0.00030
41.41000,1.98000,0.99932,0.00000,0.00012,0.00003,0.00052
41.61000,1.98000,0.99924,0.00001,0.00014,0.00002,0.00060
41.81000,1.98000,0.99945,0.00001,0.00014,0.00004,0.00036
42.01000,1.98000,0.99986,0.00002,0.00001,0.00002,0.00010
42.21000,1.98000,0.99988,0.00000,0.00003,0.00001,0.00008
42.41000,1.98000,0.99173,0.00004,0.00130,0.00184,0.00510
42.61000,1.98000,0.98305,0.00005,0.00208,0.00472,0.01010
42.81000,1.98000,0.98935,0.00018,0.00041,0.00317,0.00689
43.01000,1.98000,0.93876,0.00015,0.00358,0.03115,0.02636
43.21000,1.98000,0.97559,0.00006,0.00111,0.01231,0.01093
43.41000,1.98000,0.99677,0.00014,0.00004,0.00043,0.00262
43.61000,1.98000,0.98287,0.00009,0.00010,0.00586,0.01108
43.81000,1.98000,0.95702,0.00010,0.00027,0.01163,0.03098
44.01000,1.98000,0.88466,0.00042,0.00059,0.01847,0.09586
44.21000,1.98000,0.88255,0.00008,0.00070,0.00475,0.11192
44.41000,1.98000,0.99417,0.00000,0.00034,0.00006,0.00542
44.61000,1.98000,0.98014,0.00007,0.00129,0.00029,0.01821
44.81000,1.98000,0.99539,0.00003,0.00036,0.00003,0.00419
45.01000,1.98000,0.99142,0.00000,0.00323,0.00001,0.00533
45.21000,1.98000,0.99768,0.00000,0.00140,0.00000,0.00092
45.41000,1.98000,0.99831,0.00000,0.00139,0.00000,0.00030
45.61000,1.98000,0.99205,0.00001,0.00633,0.00000,0.00160
45.81000,1.98000,0.96738,0.00002,0.02137,0.00001,0.01122
46.01000,1.98000,0.99362,0.00005,0.00435,0.00000,0.00198
46.21000,1.98000,0.94838,0.00008,0.03758,0.00009,0.01387
46.41000,1.98000,0.98787,0.00004,0.00760,0.00017,0.00432
46.61000,1.98000,0.99432,0.00001,0.00482,0.00006,0.00080
46.81000,1.98000,0.99763,0.00000,0.00201,0.00007,0.00028
47.01000,1.98000,0.99987,0.00000,0.00010,0.00001,0.00002
47.21000,1.98000,0.99997,0.00000,0.00001,0.00000,0.00001
47.41000,1.98000,0.99999,0.00000,0.00000,0.00000,0.00000
47.61000,1.98000,0.99977,0.00003,0.00003,0.00015,0.00002
47.81000,1.98000,0.99789,0.00028,0.00011,0.00159,0.00013
48.01000,1.98000,0.99257,0.00056,0.00039,0.00598,0.00050
48.21000,1.98000,0.99143,0.00176,0.00023,0.00584,0.00074
48.41000,1.98000,0.98444,0.00490,0.00036,0.00831,0.00200
48.61000,1.98000,0.99097,0.00474,0.00009,0.00328,0.00092
48.81000,1.98000,0.99799,0.00102,0.00006,0.00066,0.00027
49.01000,1.98000,0.99887,0.00040,0.00008,0.00045,0.00020
49.21000,1.98000,0.99482,0.00030,0.00057,0.00363,0.00069
49.41000,1.98000,0.99991,0.00005,0.00001,0.00001,0.00002
49.61000,1.98000,0.99918,0.00068,0.00002,0.00005,0.00007
49.81000,1.98000,0.99940,0.00057,0.00001,0.00001,0.00002
50.01000,1.98000,0.99780,0.00217,0.00001,0.00000,0.00001
50.21000,1.98000,0.96168,0.03773,0.00026,0.00011,0.00021
50.41000,1.98000,0.61421,0.38432,0.00035,0.00045,0.00066
50.61000,1.98000,0.56934,0.42877,0.00040,0.00062,0.00088
50.81000,1.98000,0.86957,0.12940,0.00026,0.00023,0.00055
51.01000,1.98000,0.99333,0.00664,0.00001,0.00000,0.00002
51.21000,1.98000,0.99638,0.00335,0.00016,0.00004,0.00007
51.41000,1.98000,0.99788,0.00209,0.00002,0.00001,0.00001
51.61000,1.98000,0.99980,0.00015,0.00002,0.00001,0.00001
51.81000,1.98000,0.99899,0.00052,0.00009,0.00024,0.00016
52.01000,1.98000,0.99952,0.00010,0.00002,0.00025,0.00011
52.21000,1.98000,0.99703,0.00035,0.00017,0.00166,0.00080
52.41000,1.98000,0.99835,0.00010,0.00019,0.00095,0.00042
52.61000,1.98000,0.99485,0.00010,0.00130,0.00273,0.00102
52.81000,1.98000,0.99947,0.00002,0.00008,0.00024,0.00019
53.01000,1.98000,0.99987,0.00000,0.00004,0.00004,0.00004
53.21000,1.98000,0.99665,0.00001,0.00096,0.00096,0.00142
53.41000,1.98000,0.99943,0.00000,0.00024,0.00007,0.00026
53.61000,1.98000,0.99738,0.00000,0.00119,0.00042,0.00101
53.81000,1.98000,0.99869,0.00000,0.00076,0.00010,0.00046
54.01000,1.98000,0.99768,0.00001,0.00075,0.00016,0.00141
54.21000,1.98000,0.99782,0.00001,0.00124,0.00002,0.00090
54.41000,1.98000,0.98854,0.00000,0.01138,0.00000,0.00008
54.61000,1.98000,0.79581,0.00002,0.20320,0.00004,0.00091
54.81000,1.98000,0.29316,0.00008,0.70163,0.00026,0.00487
55.01000,1.98000,0.76114,0.00029,0.23411,0.00016,0.00430
55.21000,1.98000,0.96926,0.00062,0.02879,0.00006,0.00128
55.41000,1.98000,0.94869,0.00074,0.04885,0.00011,0.00161
55.61000,1.98000,0.99564,0.00013,0.00404,0.00001,0.00017
55.81000,1.98000,0.99767,0.00003,0.00227,0.00000,0.00002
56.01000,1.98000,0.99964,0.00008,0.00027,0.00000,0.00001
56.21000,1.98000,0.99992,0.00004,0.00001,0.00000,0.00003
56.41000,1.98000,0.99974,0.00013,0.00003,0.00001,0.00009
56.61000,1.98000,0.99925,0.00022,0.00010,0.00009,0.00034
56.81000,1.98000,0.99883,0.00016,0.00024,0.00010,0.00067
57.01000,1.98000,0.99954,0.00014,0.00004,0.00001,0.00027
57.21000,1.98000,0.99903,0.00035,0.00007,0.00002,0.00053
57.41000,1.98000,0.99977,0.00004,0.00002,0.00001,0.00016
57.61000,1.98000,0.99888,0.00014,0.00010,0.00005,0.00083
57.81000,1.98000,0.99739,0.00005,0.00024,0.00039,0.00194
58.01000,1.98000,0.99414,0.00003,0.00039,0.00078,0.00466
58.21000,1.98000,0.99129,0.00001,0.00128,0.00142,0.00601
58.41000,1.98000,0.99856,0.00000,0.00031,0.00012,0.00100
58.61000,1.98000,0.99658,0.00000,0.00138,0.00041,0.00163
58.81000,1.98000,0.99587,0.00000,0.00143,0.00076,0.00194
59.01000,1.98000,0.99928,0.00000,0.00034,0.00009,0.00029
59.21000,1.98000,0.99990,0.00000,0.00002,0.00002,0.00006
59.41000,1.98000,0.99972,0.00000,0.00001,0.00014,0.00012
59.61000,1.98000,0.99952,0.00000,0.00002,0.00013,0.00033
59.81000,1.98000,0.96515,0.00000,0.00030,0.00663,0.02792
60.01000,1.98000,0.99146,0.00000,0.00005,0.00103,0.00746
60.21000,1.98000,0.99727,0.00000,0.00001,0.00025,0.00247
60.41000,1.98000,0.99527,0.00000,0.00002,0.00022,0.00449
60.61000,1.98000,0.99205,0.00000,0.00001,0.00038,0.00756
60.81000,1.98000,0.99807,0.00000,0.00000,0.00006,0.00187
61.01000,1.98000,0.99730,0.00000,0.00001,0.00005,0.00264
61.21000,1.98000,0.99909,0.00000,0.00001,0.00001,0.00088
61.41000,1.98000,0.99950,0.00000,0.00001,0.00001,0.00047
61.61000,1.98000,0.99970,0.00000,0.00002,0.00001,0.00027
61.81000,1.98000,0.99988,0.00000,0.00001,0.00000,0.00010
62.01000,1.98000,0.99945,0.00001,0.00006,0.00001,0.00048
62.21000,1.98000,0.99899,0.00002,0.00013,0.00002,0.00083
62.41000,1.98000,0.99969,0.00003,0.00008,0.00001,0.00019
62.61000,1.98000,0.99976,0.00002,0.00011,0.00001,0.00010
62.81000,1.98000,0.99949,0.00003,0.00024,0.00003,0.00021
63.01000,1.98000,0.99974,0.00004,0.00012,0.00001,0.00009
63.21000,1.98000,0.99981,0.00002,0.00007,0.00001,0.00010
63.41000,1.98000,0.99963,0.00003,0.00008,0.00005,0.00022
63.61000,1.98000,0.99920,0.00003,0.00008,0.00022,0.00048
63.81000,1.98000,0.93231,0.00024,0.00170,0.04764,0.01811
64.01000,1.98000,0.97332,0.00025,0.00062,0.01792,0.00790
64.21000,1.98000,0.99871,0.00017,0.00001,0.00055,0.00056
64.41000,1.98000,0.99864,0.00007,0.00004,0.00047,0.00078
64.61000,1.98000,0.99387,0.00016,0.00009,0.00208,0.00381
64.81000,1.98000,0.98854,0.00031,0.00002,0.00120,0.00993
65.01000,1.98000,0.93965,0.00103,0.00009,0.00491,0.05431
65.21000,1.98000,0.95147,0.00172,0.00008,0.00326,0.04347
65.41000,1.98000,0.97008,0.00254,0.00001,0.00319,0.02419
65.61000,1.98000,0.95297,0.00179,0.00001,0.00830,0.03694
65.81000,1.98000,0.92196,0.00058,0.00005,0.01252,0.06489
66.01000,1.98000,0.93924,0.00059,0.00015,0.00720,0.05282
66.21000,1.98000,0.81874,0.00056,0.00091,0.03060,0.14918
66.41000,1.98000,0.94185,0.00118,0.00062,0.01699,0.03936
66.61000,1.98000,0.92348,0.00953,0.00073,0.04446,0.02180
66.81000,1.98000,0.92001,0.00702,0.00042,0.05477,0.01777
67.01000,1.98000,0.99158,0.00057,0.00020,0.00401,0.00363
67.21000,1.98000,0.99278,0.00049,0.00127,0.00230,0.00316
67.41000,1.98000,0.97681,0.00763,0.00351,0.00433,0.00772
67.61000,1.98000,0.99575,0.00101,0.00115,0.00028,0.00181
67.81000,1.98000,0.99903,0.00028,0.00023,0.00007,0.00040
68.01000,1.98000,0.99798,0.00059,0.00021,0.00020,0.00102
68.21000,1.98000,0.94250,0.00204,0.01582,0.01195,0.02769
68.41000,1.98000,0.99438,0.00082,0.00117,0.00065,0.00298
68.61000,1.98000,0.99783,0.00060,0.00058,0.00017,0.00081
68.81000,1.98000,0.99448,0.00012,0.00441,0.00006,0.00093
69.01000,1.98000,0.99978,0.00018,0.00003,0.00000,0.00001
69.21000,1.98000,0.99873,0.00113,0.00008,0.00000,0.00006
69.41000,1.98000,0.99726,0.00173,0.00092,0.00000,0.00010
69.61000,1.98000,0.79061,0.17628,0.02706,0.00122,0.00483
69.81000,1.98000,0.78484,0.20771,0.00547,0.00046,0.00152
70.01000,1.98000,0.98711,0.01216,0.00061,0.00002,0.00011
70.21000,1.98000,0.99709,0.00201,0.00074,0.00003,0.00014
70.41000,1.98000,0.99901,0.00019,0.00070,0.00002,0.00009
70.61000,1.98000,0.99906,0.00005,0.00077,0.00002,0.00009
70.81000,1.98000,0.99992,0.00002,0.00003,0.00001,0.00002
71.01000,1.98000,0.99857,0.00001,0.00086,0.00020,0.00036
71.21000,1.98000,0.99851,0.00000,0.00014,0.00050,0.00084
71.41000,1.98000,0.99922,0.00000,0.00007,0.00024,0.00047
71.61000,1.98000,0.99896,0.00000,0.00009,0.00023,0.00072
71.81000,1.98000,0.99993,0.00000,0.00002,0.00001,0.00005
72.01000,1.98000,0.99979,0.00000,0.00010,0.00001,0.00010
72.21000,1.98000,0.99969,0.00000,0.00014,0.00002,0.00015
72.41000,1.98000,0.99943,0.00000,0.00017,0.00007,0.00034
72.61000,1.98000,0.99991,0.00000,0.00003,0.00001,0.00005
72.81000,1.98000,0.99970,0.00000,0.00013,0.00003,0.00015
73.01000,1.98000,0.99989,0.00000,0.00007,0.00000,0.00004
73.21000,1.98000,0.99902,0.00000,0.00076,0.00002,0.00019
73.41000,1.98000,0.99660,0.00001,0.00270,0.00006,0.00063
73.61000,1.98000,0.99899,0.00003,0.00057,0.00003,0.00039
73.81000,1.98000,0.99906,0.00000,0.00074,0.00003,0.00017
74.01000,1.98000,0.99786,0.00012,0.00159,0.00007,0.00037
74.21000,1.98000,0.99977,0.00007,0.00012,0.00000,0.00004
74.41000,1.98000,0.99738,0.00006,0.00238,0.00001,0.00017
74.61000,1.98000,0.99678,0.00006,0.00310,0.00000,0.00005
74.81000,1.98000,0.99489,0.00058,0.00432,0.00003,0.00019
75.01000,1.98000,0.80692,0.00437,0.16746,0.00836,0.01290
75.21000,1.98000,0.91036,0.01188,0.05957,0.00889,0.00930
75.41000,1.98000,0.99088,0.00062,0.00724,0.00038,0.00088
75.61000,1.98000,0.98908,0.00047,0.00918,0.00025,0.00101
75.81000,1.98000,0.99955,0.00029,0.00012,0.00001,0.00004
76.01000,1.98000,0.97746,0.00090,0.01807,0.00136,0.00221
76.21000,1.98000,0.99598,0.00060,0.00224,0.00048,0.00070
76.41000,1.98000,0.99892,0.00017,0.00014,0.00008,0.00069
76.61000,1.98000,0.99650,0.00048,0.00009,0.00046,0.00247
76.81000,1.98000,0.99433,0.00127,0.00010,0.00053,0.00378
77.01000,1.98000,0.99897,0.00091,0.00000,0.00000,0.00011
77.21000,1.98000,0.99674,0.00257,0.00003,0.00002,0.00064
77.41000,1.98000,0.98519,0.01374,0.00002,0.00004,0.00101
77.61000,1.98000,0.99222,0.00753,0.00000,0.00001,0.00024
77.81000,1.98000,0.99941,0.00025,0.00001,0.00001,0.00033
78.01000,1.98000,0.99869,0.00007,0.00005,0.00004,0.00115
78.21000,1.98000,0.99994,0.00000,0.00000,0.00000,0.00005
78.41000,1.98000,0.99996,0.00000,0.00000,0.00000,0.00004
78.61000,1.98000,0.99998,0.00000,0.00000,0.00000,0.00001
78.81000,1.98000,0.99989,0.00000,0.00000,0.00003,0.00008
79.01000,1.98000,0.99911,0.00000,0.00004,0.00045,0.00040
79.21000,1.98000,0.99935,0.00000,0.00004,0.00035,0.00026
79.41000,1.98000,0.99981,0.00000,0.00001,0.00011,0.00008
79.61000,1.98000,0.99874,0.00000,0.00001,0.00096,0.00029
79.81000,1.98000,0.99561,0.00000,0.00004,0.00233,0.00201
80.01000,1.98000,0.94862,0.00001,0.00039,0.02399,0.02699
80.21000,1.98000,0.78123,0.00014,0.00278,0.10315,0.11270
80.41000,1.98000,0.84806,0.00036,0.00200,0.07071,0.07887
80.61000,1.98000,0.83745,0.00159,0.00057,0.07586,0.08454
80.81000,1.98000,0.98506,0.00050,0.00003,0.00543,0.00898
81.01000,1.98000,0.99910,0.00001,0.00002,0.00023,0.00064
81.21000,1.98000,0.99904,0.00000,0.00004,0.00016,0.00076
81.41000,1.98000,0.99939,0.00000,0.00003,0.00004,0.00054
81.61000,1.98000,0.99865,0.00000,0.00005,0.00022,0.00107
81.81000,1.98000,0.99962,0.00000,0.00000,0.00006,0.00031
82.01000,1.98000,0.98840,0.00003,0.00011,0.00272,0.00875
82.21000,1.98000,0.97774,0.00008,0.00016,0.00443,0.01759
82.41000,1.98000,0.99789,0.00002,0.00002,0.00025,0.00182
82.61000,1.98000,0.99138,0.00005,0.00009,0.00118,0.00730
82.81000,1.98000,0.98732,0.00020,0.00013,0.00146,0.01090
83.01000,1.98000,0.99839,0.00003,0.00003,0.00014,0.00142
83.21000,1.98000,0.99784,0.00004,0.00011,0.00025,0.00176
83.41000,1.98000,0.99715,0.00005,0.00021,0.00050,0.00209
83.61000,1.98000,0.99469,0.00027,0.00017,0.00253,0.00235
83.81000,1.98000,0.99721,0.00020,0.00005,0.00110,0.00144
84.01000,1.98000,0.99876,0.00012,0.00003,0.00016,0.00094
84.21000,1.98000,0.99393,0.00042,0.00004,0.00070,0.00490
84.41000,1.98000,0.99088,0.00064,0.00016,0.00114,0.00717
84.61000,1.98000,0.98825,0.00015,0.00010,0.00026,0.01123
84.81000,1.98000,0.61924,0.00023,0.00213,0.00278,0.37561
85.01000,1.98000,0.80700,0.00005,0.00171,0.00052,0.19072
85.21000,1.98000,0.94783,0.00008,0.00022,0.00018,0.05169
85.41000,1.98000,0.85370,0.00006,0.00177,0.00047,0.14400
85.61000,1.98000,0.74628,0.00015,0.00377,0.00033,0.24947
85.81000,1.98000,0.97359,0.00003,0.00076,0.00003,0.02559
86.01000,1.98000,0.98383,0.00003,0.00185,0.00002,0.01427
86.21000,1.98000,0.99303,0.00002,0.00082,0.00002,0.00611
86.41000,1.98000,0.96582,0.00040,0.00545,0.00017,0.02815
86.61000,1.98000,0.99718,0.00009,0.00087,0.00009,0.00178
86.81000,1.98000,0.99346,0.00057,0.00176,0.00097,0.00324
87.01000,1.98000,0.99952,0.00012,0.00018,0.00002,0.00016
87.21000,1.98000,0.99988,0.00009,0.00001,0.00000,0.00002
87.41000,1.98000,0.99972,0.00016,0.00004,0.00001,0.00007
87.61000,1.98000,0.99958,0.00007,0.00018,0.00002,0.00015
87.81000,1.98000,0.99951,0.00010,0.00012,0.00003,0.00024
88.01000,1.98000,0.99970,0.00013,0.00003,0.00003,0.00012
88.21000,1.98000,0.99934,0.00010,0.00013,0.00011,0.00033
88.41000,1.98000,0.99959,0.00032,0.00000,0.00002,0.00007
88.61000,1.98000,0.99944,0.00050,0.00000,0.00001,0.00005
88.81000,1.98000,0.99930,0.00068,0.00000,0.00000,0.00002
89.01000,1.98000,0.99933,0.00066,0.00000,0.00000,0.00001
89.21000,1.98000,0.99841,0.00158,0.00000,0.00000,0.00001
89.41000,1.98000,0.99021,0.00974,0.00001,0.00000,0.00004
89.61000,1.98000,0.23969,0.75859,0.00016,0.00041,0.00115
89.81000,1.98000,0.32464,0.67453,0.00006,0.00018,0.00059
90.01000,1.98000,0.68093,0.31862,0.00005,0.00007,0.00033
90.21000,1.98000,0.81793,0.18199,0.00001,0.00001,0.00006
90.41000,1.98000,0.98384,0.01593,0.00007,0.00004,0.00012
90.61000,1.98000,0.98888,0.01088,0.00004,0.00006,0.00014
90.81000,1.98000,0.98173,0.00541,0.00118,0.00766,0.00402
91.01000,1.98000,0.98903,0.00670,0.00022,0.00285,0.00120
91.21000,1.98000,0.98994,0.00206,0.00015,0.00670,0.00116
91.41000,1.98000,0.98472,0.00306,0.00020,0.01006,0.00196
91.61000,1.98000,0.99264,0.00169,0.00009,0.00444,0.00113
91.81000,1.98000,0.99769,0.00112,0.00003,0.00084,0.00032
92.01000,1.98000,0.99898,0.00092,0.00000,0.00005,0.00005
92.21000,1.98000,0.99820,0.00021,0.00010,0.00085,0.00063
92.41000,1.98000,0.99740,0.00014,0.00042,0.00084,0.00121
92.61000,1.98000,0.99974,0.00000,0.00013,0.00002,0.00011
92.81000,1.98000,0.99840,0.00002,0.00058,0.00012,0.00089
93.01000,1.98000,0.99854,0.00001,0.00060,0.00009,0.00077
93.21000,1.98000,0.99943,0.00000,0.00021,0.00004,0.00032
93.41000,1.98000,0.99998,0.00000,0.00001,0.00000,0.00001
93.61000,1.98000,0.99960,0.00000,0.00030,0.00000,0.00009
93.81000,1.98000,0.99830,0.00000,0.00159,0.00001,0.00010
94.01000,1.98000,0.99912,0.00000,0.00074,0.00000,0.00013
94.21000,1.98000,0.97920,0.00001,0.01660,0.00034,0.00385
94.41000,1.98000,0.98955,0.00004,0.00520,0.00081,0.00440
94.61000,1.98000,0.98718,0.00002,0.00679,0.00135,0.00465
94.81000,1.98000,0.98791,0.00015,0.00680,0.00144,0.00370
95.01000,1.98000,0.98528,0.00006,0.01224,0.00026,0.00216
95.21000,1.98000,0.98097,0.00003,0.01557,0.00014,0.00328
95.41000,1.98000,0.99623,0.00001,0.00351,0.00002,0.00024
95.61000,1.98000,0.99948,0.00000,0.00047,0.00000,0.00005
95.81000,1.98000,0.99969,0.00002,0.00008,0.00001,0.00019
96.01000,1.98000,0.99975,0.00002,0.00006,0.00001,0.00015
96.21000,1.98000,0.99973,0.00000,0.00013,0.00001,0.00013
96.41000,1.98000,0.99805,0.00002,0.00104,0.00007,0.00083
96.61000,1.98000,0.99999,0.00000,0.00001,0.00000,0.00001
96.81000,1.98000,0.99924,0.00000,0.00053,0.00001,0.00022
97.01000,1.98000,0.99977,0.00001,0.00012,0.00000,0.00010
97.21000,1.98000,0.99984,0.00011,0.00001,0.00000,0.00004
97.41000,1.98000,0.99873,0.00011,0.00026,0.00003,0.00087
97.61000,1.98000,0.99977,0.00005,0.00002,0.00000,0.00016
97.81000,1.98000,0.99993,0.00000,0.00002,0.00000,0.00005
98.01000,1.98000,0.99765,0.00000,0.00125,0.00001,0.00109
98.21000,1.98000,0.99482,0.00002,0.00098,0.00001,0.00418
98.41000,1.98000,0.99963,0.00000,0.00010,0.00000,0.00027
98.61000,1.98000,0.99992,0.00000,0.00000,0.00000,0.00008
98.81000,1.98000,0.99800,0.00001,0.00000,0.00003,0.00197
99.01000,1.98000,0.92662,0.00001,0.00007,0.00069,0.07261
99.21000,1.98000,0.42025,0.00003,0.00061,0.00428,0.57483
99.41000,1.98000,0.82514,0.00002,0.00065,0.00369,0.17050
99.61000,1.98000,0.93931,0.00001,0.00022,0.00134,0.05912
99.81000,1.98000,0.98828,0.00000,0.00002,0.00042,0.01128
100.01000,1.98000,0.99965,0.00000,0.00000,0.00003,0.00031
100.21000,1.98000,0.99945,0.00000,0.00001,0.00006,0.00048
100.41000,1.98000,0.99991,0.00000,0.00001,0.00000,0.00008
100.61000,1.98000,0.99997,0.00000,0.00001,0.00000,0.00001
100.81000,1.98000,0.99998,0.00000,0.00002,0.00000,0.00001
101.01000,1.98000,0.99931,0.00000,0.00038,0.00002,0.00029
101.21000,1.98000,0.99973,0.00000,0.00009,0.00001,0.00016
101.41000,1.98000,0.99988,0.00000,0.00003,0.00000,0.00008
101.61000,1.98000,0.99946,0.00000,0.00021,0.00001,0.00032
101.81000,1.98000,0.99919,0.00001,0.00038,0.00002,0.00041
102.01000,1.98000,0.99964,0.00002,0.00010,0.00001,0.00024
102.21000,1.98000,0.99949,0.00026,0.00001,0.00001,0.00023
102.41000,1.98000,0.99697,0.00010,0.00035,0.00030,0.00228
102.61000,1.98000,0.99090,0.00042,0.00034,0.00188,0.00645
102.81000,1.98000,0.82573,0.00521,0.00257,0.08096,0.08553
103.01000,1.98000,0.86913,0.00151,0.00263,0.06699,0.05973
103.21000,1.98000,0.96922,0.00230,0.00014,0.01781,0.01053
103.41000,1.98000,0.94487,0.00313,0.00025,0.02841,0.02335
103.61000,1.98000,0.99860,0.00050,0.00003,0.00011,0.00075
103.81000,1.98000,0.96826,0.00054,0.00058,0.00273,0.02789
104.01000,1.98000,0.92839,0.00038,0.00044,0.00124,0.06955
104.21000,1.98000,0.37601,0.00058,0.00458,0.01505,0.60378
104.41000,1.98000,0.92996,0.00149,0.00039,0.00081,0.06734
104.61000,1.98000,0.98011,0.00213,0.00010,0.00028,0.01738
104.81000,1.98000,0.98723,0.00241,0.00016,0.00013,0.01007
105.01000,1.98000,0.97557,0.00167,0.00054,0.00024,0.02198
105.21000,1.98000,0.95992,0.00104,0.00096,0.00037,0.03771
105.41000,1.98000,0.92525,0.00431,0.00062,0.00209,0.06773
105.61000,1.98000,0.98719,0.00722,0.00006,0.00035,0.00518
105.81000,1.98000,0.93896,0.05830,0.00002,0.00072,0.00200
106.01000,1.98000,0.98308,0.01576,0.00002,0.00031,0.00084
106.21000,1.98000,0.99743,0.00207,0.00002,0.00012,0.00036
106.41000,1.98000,0.97152,0.00428,0.00125,0.01198,0.01097
106.61000,1.98000,0.99271,0.00066,0.00035,0.00300,0.00328
106.81000,1.98000,0.98081,0.00103,0.00128,0.01049,0.00638
107.01000,1.98000,0.99676,0.00022,0.00026,0.00099,0.00178
107.21000,1.98000,0.99897,0.00011,0.00009,0.00034,0.00049
107.41000,1.98000,0.99841,0.00024,0.00008,0.00052,0.00074
107.61000,1.98000,0.99989,0.00003,0.00000,0.00003,0.00004
107.81000,1.98000,0.99761,0.00068,0.00005,0.00085,0.00081
108.01000,1.98000,0.99644,0.00136,0.00004,0.00114,0.00101
108.21000,1.98000,0.99939,0.00055,0.00000,0.00002,0.00004
108.41000,1.98000,0.99811,0.00174,0.00000,0.00004,0.00011
108.61000,1.98000,0.99902,0.00098,0.00000,0.00000,0.00000
108.81000,1.98000,0.99537,0.00462,0.00000,0.00000,0.00001
109.01000,1.98000,0.96543,0.03457,0.00000,0.00000,0.00000
109.21000,1.98000,0.44012,0.55926,0.00008,0.00018,0.00038
109.41000,1.98000,0.25973,0.74012,0.00000,0.00005,0.00010
109.61000,1.98000,0.44795,0.55118,0.00003,0.00033,0.00051
109.81000,1.98000,0.84334,0.15596,0.00014,0.00016,0.00040
110.01000,1.98000,0.89963,0.09915,0.00021,0.00033,0.00068
110.21000,1.98000,0.95430,0.04478,0.00010,0.00028,0.00054
110.41000,1.98000,0.94208,0.03554,0.00247,0.01119,0.00872
110.61000,1.98000,0.98000,0.00995,0.00026,0.00544,0.00435
110.81000,1.98000,0.93788,0.00250,0.00054,0.03212,0.02697
111.01000,1.98000,0.99630,0.00032,0.00005,0.00155,0.00177
111.21000,1.98000,0.99827,0.00014,0.00007,0.00036,0.00117
111.41000,1.98000,0.99908,0.00005,0.00010,0.00016,0.00061
111.61000,1.98000,0.99814,0.00002,0.00027,0.00022,0.00135
111.81000,1.98000,0.99718,0.00001,0.00099,0.00033,0.00148
112.01000,1.98000,0.99873,0.00000,0.00039,0.00009,0.00079
112.21000,1.98000,0.99977,0.00000,0.00008,0.00001,0.00013
112.41000,1.98000,0.99910,0.00000,0.00067,0.00001,0.00022
112.61000,1.98000,0.99794,0.00000,0.00161,0.00003,0.00042
112.81000,1.98000,0.99985,0.00000,0.00009,0.00000,0.00006
113.01000,1.98000,0.99982,0.00000,0.00010,0.00000,0.00008
113.21000,1.98000,0.99905,0.00000,0.00068,0.00001,0.00026
113.41000,1.98000,0.99980,0.00000,0.00012,0.00000,0.00007
113.61000,1.98000,0.99870,0.00000,0.00124,0.00000,0.00005
113.81000,1.98000,0.97484,0.00000,0.02486,0.00002,0.00028
114.01000,1.98000,0.74035,0.00007,0.25488,0.00065,0.00405
114.21000,1.98000,0.84362,0.00061,0.14949,0.00090,0.00538
114.41000,1.98000,0.98448,0.00219,0.01174,0.00027,0.00132
114.61000,1.98000,0.99281,0.00078,0.00597,0.00010,0.00034
114.81000,1.98000,0.98888,0.00089,0.00948,0.00029,0.00047
115.01000,1.98000,0.99175,0.00126,0.00620,0.00036,0.00043
115.21000,1.98000,0.99321,0.00040,0.00555,0.00054,0.00030
115.41000,1.98000,0.99694,0.00038,0.00115,0.00120,0.00033
115.61000,1.98000,0.99812,0.00023,0.00006,0.00134,0.00025
115.81000,1.98000,0.99983,0.00007,0.00000,0.00007,0.00003
116.01000,1.98000,0.99996,0.00000,0.00000,0.00001,0.00001
116.21000,1.98000,0.99976,0.00001,0.00003,0.00009,0.00011
116.41000,1.98000,0.99969,0.00000,0.00005,0.00006,0.00019
116.61000,1.98000,0.99993,0.00000,0.00002,0.00001,0.00004
116.81000,1.98000,0.99938,0.00000,0.00022,0.00008,0.00031
117.01000,1.98000,0.99990,0.00000,0.00003,0.00001,0.00007
117.21000,1.98000,0.99964,0.00000,0.00008,0.00002,0.00027
117.41000,1.98000,0.99557,0.00000,0.00114,0.00010,0.00319
117.61000,1.98000,0.99886,0.00000,0.00077,0.00001,0.00036
117.81000,1.98000,0.99924,0.00000,0.00050,0.00001,0.00025
118.01000,1.98000,0.99823,0.00000,0.00096,0.00006,0.00074
118.21000,1.98000,0.99426,0.00000,0.00358,0.00048,0.00168
118.41000,1.98000,0.99952,0.00000,0.00019,0.00004,0.00024
118.61000,1.98000,0.99983,0.00000,0.00006,0.00002,0.00009
118.81000,1.98000,0.99978,0.00000,0.00010,0.00003,0.00009
119.01000,1.98000,0.99997,0.00000,0.00000,0.00001,0.00001
119.21000,1.98000,0.99956,0.00000,0.00006,0.00022,0.00016
119.41000,1.98000,0.99991,0.00000,0.00003,0.00003,0.00003
119.61000,1.98000,0.99837,0.00002,0.00008,0.00103,0.00051
119.81000,1.98000,0.99899,0.00003,0.00005,0.00055,0.00038
120.01000,1.98000,0.99931,0.00002,0.00003,0.00029,0.00036
120.21000,1.98000,0.99987,0.00001,0.00001,0.00004,0.00007
120.41000,1.98000,0.99986,0.00005,0.00000,0.00003,0.00005
120.61000,1.98000,0.99994,0.00000,0.00001,0.00002,0.00004
120.81000,1.98000,0.99994,0.00000,0.00003,0.00000,0.00003
121.01000,1.98000,0.99998,0.00000,0.00001,0.00000,0.00001
121.21000,1.98000,0.99982,0.00000,0.00004,0.00000,0.00013
121.41000,1.98000,0.99997,0.00001,0.00000,0.00000,0.00001
121.61000,1.98000,0.99970,0.00016,0.00001,0.00002,0.00011
121.81000,1.98000,0.99978,0.00021,0.00000,0.00000,0.00001
122.01000,1.98000,0.99871,0.00129,0.00000,0.00000,0.00001
122.21000,1.98000,0.99658,0.00326,0.00000,0.00002,0.00013
122.41000,1.98000,0.99765,0.00210,0.00001,0.00003,0.00021
122.61000,1.98000,0.99122,0.00812,0.00002,0.00014,0.00050
122.81000,1.98000,0.99850,0.00147,0.00000,0.00000,0.00002
123.01000,1.98000,0.99939,0.00054,0.00000,0.00001,0.00006
123.21000,1.98000,0.99337,0.00532,0.00001,0.00026,0.00105
123.41000,1.98000,0.99767,0.00100,0.00001,0.00011,0.00122
123.61000,1.98000,0.98498,0.00027,0.00024,0.00142,0.01308
123.81000,1.98000,0.99954,0.00003,0.00001,0.00003,0.00039
124.01000,1.98000,0.99917,0.00010,0.00002,0.00003,0.00067
124.21000,1.98000,0.99843,0.00007,0.00003,0.00009,0.00137
124.41000,1.98000,0.98930,0.00006,0.00005,0.00026,0.01032
124.61000,1.98000,0.73912,0.00022,0.00112,0.00222,0.25733
124.81000,1.98000,0.76573,0.00010,0.00074,0.00049,0.23293
125.01000,1.98000,0.98391,0.00002,0.00014,0.00004,0.01590
125.21000,1.98000,0.96630,0.00002,0.00063,0.00023,0.03281
125.41000,1.98000,0.99633,0.00001,0.00006,0.00003,0.00357
125.61000,1.98000,0.98951,0.00000,0.00119,0.00006,0.00923
125.81000,1.98000,0.99827,0.00000,0.00014,0.00001,0.00158
126.01000,1.98000,0.99572,0.00000,0.00102,0.00003,0.00323
126.21000,1.98000,0.99920,0.00000,0.00057,0.00001,0.00023
126.41000,1.98000,0.99805,0.00000,0.00162,0.00002,0.00030
126.61000,1.98000,0.99512,0.00001,0.00448,0.00004,0.00035
126.81000,1.98000,0.99722,0.00004,0.00243,0.00006,0.00025
127.01000,1.98000,0.99130,0.00039,0.00684,0.00032,0.00116
127.21000,1.98000,0.99779,0.00024,0.00147,0.00004,0.00047
127.41000,1.98000,0.99915,0.00007,0.00061,0.00001,0.00017
127.61000,1.98000,0.99956,0.00002,0.00037,0.00000,0.00005
127.81000,1.98000,0.99846,0.00002,0.00115,0.00001,0.00035
128.00999,1.98001,0.99835,0.00027,0.00075,0.00005,0.00058
128.21001,1.98000,0.99221,0.00101,0.00374,0.00036,0.00268
128.41000,1.98000,0.96819,0.00134,0.01024,0.00487,0.01536
128.61000,1.98000,0.99226,0.00041,0.00277,0.00182,0.00274
128.81000,1.98000,0.99974,0.00001,0.00017,0.00003,0.00005
129.00999,1.98001,0.99928,0.00000,0.00066,0.00003,0.00003
129.21001,1.98000,0.99976,0.00000,0.00021,0.00002,0.00001
129.41000,1.98000,0.99996,0.00000,0.00003,0.00001,0.00000
