Time (seconds), Duration (seconds),pred_(unlabeled),pred_On,pred_Off,pred_Dimmer,pred_Lighter
0.01000,1.98000,0.99984,0.00007,0.00010,0.00000,0.00000
0.21000,1.98000,0.99996,0.00001,0.00002,0.00000,0.00000
0.41000,1.98000,0.99984,0.00000,0.00015,0.00000,0.00000
0.61000,1.98000,0.99951,0.00000,0.00049,0.00000,0.00000
0.81000,1.98000,0.99990,0.00001,0.00009,0.00000,0.00000
1.01000,1.98000,0.99979,0.00001,0.00020,0.00000,0.00000
1.21000,1.98000,0.98963,0.00008,0.01028,0.00000,0.00001
1.41000,1.98000,0.99785,0.00002,0.00212,0.00000,0.00000
1.61000,1.98000,0.99977,0.00007,0.00016,0.00000,0.00000
1.81000,1.98000,0.99983,0.00004,0.00013,0.00000,0.00000
2.01000,1.98000,0.99982,0.00012,0.00006,0.00000,0.00000
2.21000,1.98000,0.99956,0.00024,0.00019,0.00000,0.00001
2.41000,1.98000,0.99990,0.00007,0.00002,0.00000,0.00001
2.61000,1.98000,0.99984,0.00008,0.00007,0.00000,0.00001
2.81000,1.98000,0.99985,0.00008,0.00005,0.00000,0.00002
3.01000,1.98000,0.99987,0.00006,0.00001,0.00000,0.00006
3.21000,1.98000,0.99979,0.00005,0.00000,0.00000,0.00017
3.41000,1.98000,0.99988,0.00001,0.00002,0.00000,0.00009
3.61000,1.98000,0.99990,0.00002,0.00003,0.00003,0.00002
3.81000,1.98000,0.99961,0.00001,0.00031,0.00004,0.00003
4.01000,1.98000,0.99941,0.00001,0.00050,0.00004,0.00004
4.21000,1.98000,0.99904,0.00000,0.00085,0.00003,0.00007
4.41000,1.98000,0.99934,0.00000,0.00053,0.00003,0.00009
4.61000,1.98000,0.99973,0.00000,0.00017,0.00001,0.00009
4.81000,1.98000,0.99993,0.00000,0.00001,0.00000,0.00006
5.01000,1.98000,0.99975,0.00001,0.00000,0.00005,0.00019
5.21000,1.98000,0.99874,0.00011,0.00000,0.00076,0.00039
5.41000,1.98000,0.99386,0.00041,0.00001,0.00517,0.00055
5.61000,1.98000,0.99120,0.00042,0.00001,0.00767,0.00070
5.81000,1.98000,0.99469,0.00019,0.00002,0.00388,0.00122
6.01000,1.98000,0.99620,0.00008,0.00004,0.00203,0.00165
6.21000,1.98000,0.99769,0.00002,0.00013,0.00056,0.00160
6.41000,1.98000,0.99937,0.00000,0.00001,0.00004,0.00058
6.61000,1.98000,0.99967,0.00000,0.00000,0.00005,0.00027
6.81000,1.98000,0.99975,0.00000,0.00000,0.00004,0.00021
7.01000,1.98000,0.99982,0.00000,0.00000,0.00003,0.00016
7.21000,1.98000,0.99977,0.00000,0.00000,0.00005,0.00018
7.41000,1.98000,0.99963,0.00000,0.00000,0.00016,0.00021
7.61000,1.98000,0.99984,0.00001,0.00000,0.00006,0.00009
7.81000,1.98000,0.99996,0.00000,0.00000,0.00001,0.00003
8.01000,1.98000,0.99988,0.00000,0.00000,0.00001,0.00011
8.21000,1.98000,0.99974,0.00002,0.00000,0.00002,0.00022
8.41000,1.98000,0.99730,0.00011,0.00000,0.00023,0.00236
8.61000,1.98000,0.99434,0.00014,0.00001,0.00197,0.00353
8.81000,1.98000,0.99968,0.00002,0.00000,0.00007,0.00023
9.01000,1.98000,0.99991,0.00004,0.00000,0.00001,0.00005
9.21000,1.98000,0.99997,0.00001,0.00000,0.00000,0.00001
9.41000,1.98000,0.99999,0.00000,0.00000,0.00000,0.00000
9.61000,1.98000,0.99996,0.00003,0.00000,0.00000,0.00000
9.81000,1.98000,0.99786,0.00201,0.00003,0.00003,0.00006
10.01000,1.98000,0.30048,0.69643,0.00043,0.00204,0.00062
10.21000,1.98000,0.76750,0.23162,0.00004,0.00052,0.00032
10.41000,1.98000,0.96773,0.03201,0.00018,0.00001,0.00007
10.61000,1.98000,0.99851,0.00143,0.00005,0.00000,0.00001
10.81000,1.98000,0.99616,0.00377,0.00005,0.00000,0.00002
11.01000,1.98000,0.94994,0.04913,0.00057,0.00009,0.00026
11.21000,1.98000,0.90671,0.09196,0.00011,0.00068,0.00054
11.41000,1.98000,0.88686,0.04375,0.00051,0.01993,0.04895
11.61000,1.98000,0.98255,0.01445,0.00003,0.00148,0.00149
11.81000,1.98000,0.98081,0.01767,0.00011,0.00074,0.00066
12.01000,1.98000,0.95054,0.04730,0.00118,0.00037,0.00060
12.21000,1.98000,0.97869,0.01969,0.00067,0.00051,0.00045
12.41000,1.98000,0.99946,0.00007,0.00009,0.00010,0.00029
12.61000,1.98000,0.99579,0.00163,0.00010,0.00172,0.00075
12.81000,1.98000,0.99867,0.00013,0.00002,0.00065,0.00053
13.01000,1.98000,0.99888,0.00013,0.00001,0.00057,0.00041
13.21000,1.98000,0.99919,0.00002,0.00001,0.00046,0.00032
13.41000,1.98000,0.99943,0.00000,0.00000,0.00014,0.00043
13.61000,1.98000,0.99970,0.00000,0.00000,0.00003,0.00026
13.81000,1.98000,0.99988,0.00000,0.00000,0.00001,0.00011
14.01000,1.98000,0.99997,0.00000,0.00000,0.00000,0.00003
14.21000,1.98000,0.99999,0.00000,0.00000,0.00000,0.00001
14.41000,1.98000,0.99995,0.00001,0.00000,0.00003,0.00002
14.61000,1.98000,0.99870,0.00016,0.00002,0.00064,0.00047
14.81000,1.98000,0.88476,0.00387,0.00981,0.03589,0.06567
15.01000,1.98000,0.97011,0.00433,0.00282,0.00509,0.01765
15.21000,1.98000,0.99810,0.00139,0.00016,0.00001,0.00035
15.41000,1.98000,0.99950,0.00039,0.00001,0.00000,0.00011
15.61000,1.98000,0.99950,0.00031,0.00001,0.00000,0.00017
15.81000,1.98000,0.99983,0.00011,0.00001,0.00000,0.00005
16.01000,1.98000,0.99907,0.00027,0.00001,0.00026,0.00038
16.21000,1.98000,0.99977,0.00006,0.00010,0.00005,0.00004
16.41000,1.98000,0.99987,0.00008,0.00003,0.00001,0.00001
16.61000,1.98000,0.99975,0.00012,0.00007,0.00003,0.00003
16.81000,1.98000,0.99989,0.00003,0.00004,0.00001,0.00002
17.01000,1.98000,0.99964,0.00013,0.00002,0.00009,0.00012
17.21000,1.98000,0.99905,0.00073,0.00000,0.00008,0.00014
17.41000,1.98000,0.99934,0.00060,0.00000,0.00001,0.00005
17.61000,1.98000,0.99976,0.00019,0.00000,0.00000,0.00004
17.81000,1.98000,0.99973,0.00018,0.00000,0.00000,0.00009
18.01000,1.98000,0.99878,0.00091,0.00000,0.00006,0.00026
18.21000,1.98000,0.99823,0.00135,0.00000,0.00008,0.00034
18.41000,1.98000,0.99812,0.00173,0.00000,0.00008,0.00006
18.61000,1.98000,0.99835,0.00163,0.00001,0.00000,0.00002
18.81000,1.98000,0.99162,0.00823,0.00010,0.00000,0.00005
19.01000,1.98000,0.99718,0.00279,0.00002,0.00000,0.00001
19.21000,1.98000,0.99273,0.00648,0.00040,0.00004,0.00036
19.41000,1.98000,0.95362,0.03014,0.01464,0.00079,0.00082
19.61000,1.98000,0.95491,0.03755,0.00740,0.00006,0.00009
19.81000,1.98000,0.94571,0.05377,0.00043,0.00001,0.00008
20.01000,1.98000,0.80860,0.19020,0.00100,0.00005,0.00015
20.21000,1.98000,0.97806,0.02129,0.00051,0.00004,0.00011
20.41000,1.98000,0.99623,0.00344,0.00012,0.00006,0.00016
20.61000,1.98000,0.99668,0.00114,0.00001,0.00055,0.00163
20.81000,1.98000,0.99912,0.00034,0.00001,0.00007,0.00047
21.01000,1.98000,0.99998,0.00001,0.00000,0.00000,0.00001
21.21000,1.98000,0.99993,0.00003,0.00000,0.00000,0.00003
21.41000,1.98000,0.99896,0.00011,0.00001,0.00050,0.00042
21.61000,1.98000,0.99090,0.00024,0.00003,0.00804,0.00079
21.81000,1.98000,0.99106,0.00013,0.00028,0.00743,0.00110
22.01000,1.98000,0.99875,0.00005,0.00009,0.00064,0.00048
22.21000,1.98000,0.99841,0.00012,0.00004,0.00067,0.00076
22.41000,1.98000,0.99971,0.00001,0.00003,0.00003,0.00022
22.61000,1.98000,0.99954,0.00001,0.00001,0.00011,0.00033
22.81000,1.98000,0.99959,0.00002,0.00000,0.00015,0.00024
23.01000,1.98000,0.99966,0.00007,0.00000,0.00011,0.00017
23.21000,1.98000,0.99994,0.00001,0.00000,0.00000,0.00005
23.41000,1.98000,0.99997,0.00001,0.00000,0.00000,0.00003
23.61000,1.98000,0.99989,0.00006,0.00000,0.00000,0.00005
23.81000,1.98000,0.99902,0.00069,0.00000,0.00004,0.00025
24.01000,1.98000,0.92738,0.01328,0.00008,0.00569,0.05356
24.21000,1.98000,0.59449,0.01246,0.00197,0.01274,0.37833
24.41000,1.98000,0.95704,0.01580,0.00753,0.00014,0.01949
24.61000,1.98000,0.99492,0.00455,0.00010,0.00001,0.00042
24.81000,1.98000,0.99452,0.00529,0.00002,0.00000,0.00017
25.01000,1.98000,0.99582,0.00394,0.00003,0.00000,0.00021
25.21000,1.98000,0.98439,0.01485,0.00001,0.00001,0.00074
25.41000,1.98000,0.99462,0.00101,0.00007,0.00402,0.00028
25.61000,1.98000,0.99553,0.00370,0.00011,0.00012,0.00054
25.81000,1.98000,0.98114,0.01726,0.00100,0.00004,0.00057
26.01000,1.98000,0.98183,0.01610,0.00145,0.00003,0.00059
26.21000,1.98000,0.99650,0.00288,0.00035,0.00001,0.00027
26.41000,1.98000,0.99963,0.00015,0.00006,0.00000,0.00016
26.61000,1.98000,0.99984,0.00001,0.00003,0.00000,0.00011
26.81000,1.98000,0.99990,0.00001,0.00000,0.00000,0.00009
27.01000,1.98000,0.99977,0.00004,0.00000,0.00003,0.00016
27.21000,1.98000,0.99919,0.00003,0.00000,0.00035,0.00042
27.41000,1.98000,0.99643,0.00009,0.00001,0.00277,0.00070
27.61000,1.98000,0.99708,0.00003,0.00005,0.00250,0.00034
27.81000,1.98000,0.99868,0.00001,0.00039,0.00060,0.00033
28.01000,1.98000,0.99956,0.00000,0.00001,0.00010,0.00032
28.21000,1.98000,0.99959,0.00002,0.00000,0.00007,0.00031
28.41000,1.98000,0.99972,0.00001,0.00000,0.00012,0.00014
28.61000,1.98000,0.99940,0.00009,0.00000,0.00042,0.00009
28.81000,1.98000,0.99923,0.00014,0.00000,0.00040,0.00023
29.01000,1.98000,0.99986,0.00004,0.00000,0.00005,0.00005
29.21000,1.98000,0.99996,0.00002,0.00000,0.00001,0.00002
29.41000,1.98000,0.99937,0.00025,0.00000,0.00006,0.00032
29.61000,1.98000,0.95729,0.00736,0.00013,0.02636,0.00887
29.81000,1.98000,0.20969,0.35070,0.00061,0.43101,0.00798
30.01000,1.98000,0.97106,0.01564,0.00037,0.01066,0.00227
30.21000,1.98000,0.99972,0.00012,0.00007,0.00000,0.00008
30.41000,1.98000,0.99991,0.00003,0.00002,0.00000,0.00005
30.61000,1.98000,0.99989,0.00001,0.00002,0.00000,0.00007
30.81000,1.98000,0.99992,0.00000,0.00002,0.00000,0.00006
31.01000,1.98000,0.99992,0.00000,0.00000,0.00001,0.00007
31.21000,1.98000,0.99970,0.00000,0.00000,0.00014,0.00016
31.41000,1.98000,0.99920,0.00000,0.00000,0.00052,0.00028
31.61000,1.98000,0.99908,0.00001,0.00000,0.00068,0.00023
31.81000,1.98000,0.99915,0.00002,0.00000,0.00053,0.00028
32.01000,1.98000,0.99986,0.00000,0.00000,0.00002,0.00012
32.21000,1.98000,0.99993,0.00000,0.00000,0.00000,0.00006
32.41000,1.98000,0.99998,0.00001,0.00000,0.00000,0.00001
32.61000,1.98000,0.99993,0.00002,0.00000,0.00000,0.00005
32.81000,1.98000,0.99952,0.00002,0.00000,0.00005,0.00041
33.01000,1.98000,0.99825,0.00002,0.00000,0.00039,0.00134
33.21000,1.98000,0.99998,0.00000,0.00000,0.00001,0.00001
33.41000,1.98000,0.99999,0.00000,0.00000,0.00000,0.00000
33.61000,1.98000,0.99997,0.00000,0.00002,0.00000,0.00000
33.81000,1.98000,0.99608,0.00004,0.00384,0.00002,0.00002
34.01000,1.98000,0.82431,0.00040,0.17429,0.00070,0.00029
34.21000,1.98000,0.03821,0.00003,0.96147,0.00008,0.00022
34.41000,1.98000,0.99297,0.00012,0.00681,0.00002,0.00009
34.61000,1.98000,0.99928,0.00026,0.00035,0.00003,0.00008
34.81000,1.98000,0.99917,0.00037,0.00026,0.00010,0.00010
35.01000,1.98000,0.99986,0.00006,0.00005,0.00001,0.00002
35.21000,1.98000,0.99080,0.00116,0.00001,0.00259,0.00544
35.41000,1.98000,0.99878,0.00020,0.00000,0.00036,0.00066
35.61000,1.98000,0.99986,0.00010,0.00000,0.00000,0.00003
35.81000,1.98000,0.99849,0.00023,0.00005,0.00015,0.00108
36.01000,1.98000,0.94602,0.00122,0.00038,0.01234,0.04004
36.21000,1.98000,0.99729,0.00017,0.00003,0.00045,0.00206
36.41000,1.98000,0.99970,0.00001,0.00006,0.00003,0.00020
36.61000,1.98000,0.99980,0.00000,0.00007,0.00000,0.00012
36.81000,1.98000,0.99971,0.00000,0.00002,0.00000,0.00027
37.01000,1.98000,0.99952,0.00000,0.00001,0.00002,0.00045
37.21000,1.98000,0.99934,0.00004,0.00000,0.00020,0.00041
37.41000,1.98000,0.99988,0.00000,0.00000,0.00002,0.00010
37.61000,1.98000,0.99998,0.00000,0.00000,0.00000,0.00001
37.81000,1.98000,0.99996,0.00000,0.00000,0.00001,0.00002
38.01000,1.98000,0.99933,0.00011,0.00000,0.00042,0.00014
38.21000,1.98000,0.87604,0.00246,0.00150,0.11707,0.00293
38.41000,1.98000,0.97104,0.00630,0.00003,0.02158,0.00105
38.61000,1.98000,0.99269,0.00671,0.00001,0.00051,0.00008
38.81000,1.98000,0.97774,0.02181,0.00022,0.00003,0.00020
39.01000,1.98000,0.88824,0.10357,0.00659,0.00031,0.00129
39.21000,1.98000,0.40663,0.41863,0.04215,0.01116,0.12144
39.41000,1.98000,0.91398,0.02712,0.00027,0.00130,0.05732
39.61000,1.98000,0.99879,0.00050,0.00001,0.00001,0.00069
39.81000,1.98000,0.99978,0.00006,0.00001,0.00000,0.00015
40.01000,1.98000,0.99989,0.00002,0.00000,0.00000,0.00009
40.21000,1.98000,0.99992,0.00003,0.00000,0.00000,0.00005
40.41000,1.98000,0.99997,0.00000,0.00000,0.00000,0.00003
40.61000,1.98000,0.99988,0.00000,0.00000,0.00001,0.00011
40.81000,1.98000,0.99973,0.00001,0.00000,0.00002,0.00024
41.01000,1.98000,0.99986,0.00001,0.00000,0.00002,0.00012
41.21000,1.98000,0.99999,0.00000,0.00000,0.00000,0.00001
41.41000,1.98000,0.99999,0.00000,0.00000,0.00000,0.00001
41.61000,1.98000,0.99975,0.00001,0.00008,0.00002,0.00013
41.81000,1.98000,0.99975,0.00003,0.00007,0.00007,0.00008
42.01000,1.98000,0.99993,0.00004,0.00001,0.00001,0.00002
42.21000,1.98000,0.99996,0.00002,0.00001,0.00000,0.00001
42.41000,1.98000,0.99998,0.00001,0.00000,0.00000,0.00000
42.61000,1.98000,0.99997,0.00002,0.00000,0.00000,0.00001
42.81000,1.98000,0.99994,0.00002,0.00000,0.00000,0.00003
43.01000,1.98000,0.99993,0.00003,0.00000,0.00000,0.00004
43.21000,1.98000,0.99971,0.00011,0.00000,0.00000,0.00017
43.41000,1.98000,0.99985,0.00006,0.00002,0.00000,0.00006
43.61000,1.98000,0.99996,0.00002,0.00000,0.00000,0.00002
43.81000,1.98000,0.95803,0.00036,0.02160,0.00641,0.01360
44.01000,1.98000,0.98501,0.00006,0.00531,0.00433,0.00528
44.21000,1.98000,0.99992,0.00000,0.00002,0.00000,0.00005
44.41000,1.98000,0.99999,0.00000,0.00001,0.00000,0.00001
44.61000,1.98000,1.00000,0.00000,0.00000,0.00000,0.00000
44.81000,1.98000,0.99998,0.00000,0.00000,0.00000,0.00001
45.01000,1.98000,0.99929,0.00026,0.00007,0.00025,0.00013
45.21000,1.98000,0.96757,0.00442,0.00154,0.00614,0.02032
45.41000,1.98000,0.97576,0.02114,0.00002,0.00080,0.00228
45.61000,1.98000,0.95226,0.04563,0.00006,0.00007,0.00198
45.81000,1.98000,0.81452,0.18339,0.00012,0.00008,0.00188
46.01000,1.98000,0.96283,0.03536,0.00122,0.00002,0.00057
46.21000,1.98000,0.67449,0.32105,0.00020,0.00010,0.00415
46.41000,1.98000,0.93729,0.05868,0.00002,0.00066,0.00336
46.61000,1.98000,0.88260,0.11369,0.00037,0.00017,0.00317
46.81000,1.98000,0.94438,0.05057,0.00046,0.00006,0.00453
47.01000,1.98000,0.98437,0.01029,0.00011,0.00007,0.00516
47.21000,1.98000,0.98065,0.01564,0.00001,0.00005,0.00365
47.41000,1.98000,0.99033,0.00798,0.00002,0.00005,0.00162
47.61000,1.98000,0.99431,0.00530,0.00001,0.00002,0.00037
47.81000,1.98000,0.99587,0.00370,0.00001,0.00005,0.00038
48.01000,1.98000,0.98407,0.01209,0.00039,0.00158,0.00187
48.21000,1.98000,0.99891,0.00082,0.00010,0.00013,0.00004
48.41000,1.98000,0.99958,0.00016,0.00013,0.00008,0.00004
48.61000,1.98000,0.99950,0.00008,0.00030,0.00007,0.00005
48.81000,1.98000,0.99593,0.00094,0.00027,0.00199,0.00086
49.01000,1.98000,0.99844,0.00144,0.00001,0.00008,0.00003
49.21000,1.98000,0.99954,0.00044,0.00000,0.00000,0.00002
49.41000,1.98000,0.99956,0.00043,0.00000,0.00000,0.00001
49.61000,1.98000,0.98186,0.01799,0.00000,0.00007,0.00008
49.81000,1.98000,0.44167,0.55504,0.00001,0.00300,0.00029
50.01000,1.98000,0.05008,0.94691,0.00006,0.00287,0.00009
50.21000,1.98000,0.99436,0.00534,0.00024,0.00001,0.00004
50.41000,1.98000,0.99972,0.00021,0.00006,0.00000,0.00001
50.61000,1.98000,0.99990,0.00005,0.00002,0.00000,0.00003
50.81000,1.98000,0.99984,0.00002,0.00008,0.00001,0.00005
51.01000,1.98000,0.99994,0.00000,0.00002,0.00001,0.00003
51.21000,1.98000,0.99989,0.00000,0.00000,0.00002,0.00008
51.41000,1.98000,0.99977,0.00000,0.00000,0.00004,0.00019
51.61000,1.98000,0.99979,0.00000,0.00000,0.00005,0.00016
51.81000,1.98000,0.99976,0.00000,0.00000,0.00006,0.00018
52.01000,1.98000,0.99975,0.00000,0.00000,0.00007,0.00018
52.21000,1.98000,0.99979,0.00000,0.00000,0.00005,0.00016
52.41000,1.98000,0.99980,0.00000,0.00000,0.00004,0.00016
52.61000,1.98000,0.99991,0.00000,0.00000,0.00002,0.00007
52.81000,1.98000,0.99992,0.00000,0.00000,0.00001,0.00007
53.01000,1.98000,0.99995,0.00000,0.00000,0.00001,0.00004
53.21000,1.98000,0.99995,0.00000,0.00000,0.00001,0.00004
53.41000,1.98000,0.99997,0.00000,0.00000,0.00001,0.00002
53.61000,1.98000,0.99949,0.00001,0.00000,0.00007,0.00044
53.81000,1.98000,0.99966,0.00001,0.00000,0.00001,0.00031
54.01000,1.98000,0.99973,0.00002,0.00000,0.00001,0.00025
54.21000,1.98000,0.99997,0.00001,0.00001,0.00000,0.00000
54.41000,1.98000,0.99984,0.00004,0.00012,0.00000,0.00000
54.61000,1.98000,0.99740,0.00056,0.00201,0.00002,0.00001
54.81000,1.98000,0.27656,0.01175,0.70910,0.00039,0.00221
55.01000,1.98000,0.95702,0.04220,0.00057,0.00001,0.00020
55.21000,1.98000,0.97794,0.02191,0.00011,0.00000,0.00004
55.41000,1.98000,0.99037,0.00960,0.00002,0.00000,0.00002
55.61000,1.98000,0.98407,0.01561,0.00004,0.00001,0.00026
55.81000,1.98000,0.97799,0.01525,0.00001,0.00077,0.00597
56.01000,1.98000,0.98697,0.00144,0.00002,0.00032,0.01125
56.21000,1.98000,0.99928,0.00007,0.00003,0.00001,0.00060
56.41000,1.98000,0.99957,0.00003,0.00006,0.00001,0.00033
56.61000,1.98000,0.99993,0.00001,0.00000,0.00000,0.00005
56.81000,1.98000,0.99996,0.00000,0.00000,0.00000,0.00003
57.01000,1.98000,0.99998,0.00000,0.00000,0.00000,0.00002
57.21000,1.98000,0.99999,0.00000,0.00000,0.00000,0.00001
57.41000,1.98000,0.99995,0.00001,0.00000,0.00001,0.00004
57.61000,1.98000,0.99970,0.00002,0.00000,0.00001,0.00027
57.81000,1.98000,0.99734,0.00022,0.00000,0.00007,0.00236
58.01000,1.98000,0.99931,0.00052,0.00006,0.00010,0.00002
58.21000,1.98000,0.99881,0.00056,0.00042,0.00017,0.00003
58.41000,1.98000,0.99677,0.00013,0.00290,0.00012,0.00008
58.61000,1.98000,0.99919,0.00007,0.00063,0.00004,0.00007
58.81000,1.98000,0.99980,0.00007,0.00007,0.00000,0.00005
59.01000,1.98000,0.99975,0.00015,0.00001,0.00000,0.00008
59.21000,1.98000,0.99987,0.00011,0.00000,0.00000,0.00002
59.41000,1.98000,0.99994,0.00006,0.00000,0.00000,0.00001
59.61000,1.98000,0.99977,0.00018,0.00000,0.00004,0.00002
59.81000,1.98000,0.98638,0.01231,0.00002,0.00119,0.00010
60.01000,1.98000,0.92076,0.07714,0.00014,0.00109,0.00088
60.21000,1.98000,0.86738,0.04227,0.07127,0.00028,0.01880
60.41000,1.98000,0.99211,0.00149,0.00616,0.00000,0.00024
60.61000,1.98000,0.99895,0.00101,0.00001,0.00000,0.00003
60.81000,1.98000,0.99957,0.00035,0.00000,0.00000,0.00007
61.01000,1.98000,0.99943,0.00042,0.00003,0.00000,0.00012
61.21000,1.98000,0.99140,0.00626,0.00005,0.00007,0.00222
61.41000,1.98000,0.99854,0.00029,0.00005,0.00048,0.00063
61.61000,1.98000,0.99876,0.00005,0.00073,0.00021,0.00026
61.81000,1.98000,0.99896,0.00003,0.00061,0.00017,0.00023
62.01000,1.98000,0.99944,0.00001,0.00031,0.00004,0.00019
62.21000,1.98000,0.99963,0.00000,0.00007,0.00002,0.00028
62.41000,1.98000,0.99972,0.00000,0.00001,0.00002,0.00025
62.61000,1.98000,0.99983,0.00000,0.00000,0.00000,0.00017
62.81000,1.98000,0.99990,0.00000,0.00000,0.00001,0.00009
63.01000,1.98000,0.99974,0.00002,0.00000,0.00004,0.00020
63.21000,1.98000,0.99881,0.00003,0.00000,0.00054,0.00062
63.41000,1.98000,0.99679,0.00004,0.00001,0.00186,0.00129
63.61000,1.98000,0.99719,0.00004,0.00002,0.00188,0.00088
63.81000,1.98000,0.99963,0.00000,0.00014,0.00005,0.00018
64.01000,1.98000,0.99975,0.00001,0.00001,0.00004,0.00019
64.21000,1.98000,0.99976,0.00004,0.00000,0.00002,0.00018
64.41000,1.98000,0.99989,0.00004,0.00000,0.00000,0.00007
64.61000,1.98000,0.99991,0.00006,0.00000,0.00000,0.00003
64.81000,1.98000,0.99993,0.00005,0.00000,0.00000,0.00002
65.01000,1.98000,0.99985,0.00010,0.00001,0.00002,0.00004
65.21000,1.98000,0.99589,0.00157,0.00005,0.00003,0.00247
65.41000,1.98000,0.98661,0.00807,0.00054,0.00008,0.00469
65.61000,1.98000,0.94469,0.04717,0.00162,0.00011,0.00642
65.81000,1.98000,0.98593,0.01379,0.00001,0.00000,0.00026
66.01000,1.98000,0.99434,0.00528,0.00000,0.00000,0.00037
66.21000,1.98000,0.99955,0.00038,0.00003,0.00000,0.00005
66.41000,1.98000,0.99879,0.00116,0.00000,0.00000,0.00005
66.61000,1.98000,0.99977,0.00022,0.00000,0.00001,0.00000
66.81000,1.98000,0.99914,0.00082,0.00001,0.00001,0.00002
67.01000,1.98000,0.99906,0.00059,0.00029,0.00005,0.00002
67.21000,1.98000,0.99878,0.00027,0.00085,0.00007,0.00004
67.41000,1.98000,0.99919,0.00016,0.00057,0.00005,0.00004
67.61000,1.98000,0.99957,0.00008,0.00020,0.00005,0.00011
67.81000,1.98000,0.99913,0.00029,0.00014,0.00012,0.00032
68.01000,1.98000,0.99941,0.00001,0.00007,0.00011,0.00041
68.21000,1.98000,0.99940,0.00001,0.00001,0.00018,0.00040
68.41000,1.98000,0.99965,0.00000,0.00000,0.00006,0.00028
68.61000,1.98000,0.99986,0.00001,0.00000,0.00002,0.00011
68.81000,1.98000,0.99994,0.00001,0.00000,0.00000,0.00005
69.01000,1.98000,0.99996,0.00001,0.00000,0.00000,0.00002
69.21000,1.98000,0.99996,0.00003,0.00000,0.00000,0.00001
69.41000,1.98000,0.99981,0.00018,0.00000,0.00000,0.00001
69.61000,1.98000,0.97077,0.02838,0.00000,0.00026,0.00059
69.81000,1.98000,0.23318,0.76464,0.00001,0.00183,0.00034
70.01000,1.98000,0.65932,0.34006,0.00045,0.00007,0.00009
70.21000,1.98000,0.97813,0.02175,0.00009,0.00001,0.00003
70.41000,1.98000,0.99787,0.00206,0.00006,0.00000,0.00001
70.61000,1.98000,0.99969,0.00027,0.00004,0.00000,0.00001
70.81000,1.98000,0.99988,0.00007,0.00003,0.00000,0.00001
71.01000,1.98000,0.99981,0.00007,0.00005,0.00002,0.00006
71.21000,1.98000,0.99993,0.00001,0.00000,0.00001,0.00005
71.41000,1.98000,0.99983,0.00000,0.00000,0.00000,0.00016
71.61000,1.98000,0.99989,0.00000,0.00000,0.00000,0.00010
71.81000,1.98000,0.99990,0.00001,0.00000,0.00001,0.00009
72.01000,1.98000,0.99921,0.00002,0.00000,0.00005,0.00072
72.21000,1.98000,0.99963,0.00001,0.00000,0.00002,0.00035
72.41000,1.98000,0.99980,0.00001,0.00000,0.00001,0.00017
72.61000,1.98000,0.99999,0.00000,0.00000,0.00000,0.00001
72.81000,1.98000,1.00000,0.00000,0.00000,0.00000,0.00000
73.01000,1.98000,0.99993,0.00000,0.00000,0.00000,0.00006
73.21000,1.98000,0.99978,0.00003,0.00001,0.00009,0.00009
73.41000,1.98000,0.99965,0.00012,0.00015,0.00006,0.00002
73.61000,1.98000,0.92213,0.00168,0.07546,0.00052,0.00022
73.81000,1.98000,0.35185,0.00071,0.64683,0.00018,0.00043
74.01000,1.98000,0.99148,0.00358,0.00485,0.00001,0.00008
74.21000,1.98000,0.99517,0.00460,0.00016,0.00001,0.00006
74.41000,1.98000,0.99093,0.00892,0.00008,0.00001,0.00007
74.61000,1.98000,0.96039,0.03940,0.00006,0.00001,0.00013
74.81000,1.98000,0.99191,0.00790,0.00000,0.00004,0.00016
75.01000,1.98000,0.99755,0.00233,0.00000,0.00001,0.00011
75.21000,1.98000,0.99951,0.00043,0.00000,0.00000,0.00006
75.41000,1.98000,0.99990,0.00009,0.00000,0.00000,0.00001
75.61000,1.98000,0.99976,0.00022,0.00000,0.00000,0.00002
75.81000,1.98000,0.99923,0.00053,0.00000,0.00006,0.00018
76.01000,1.98000,0.99863,0.00042,0.00007,0.00055,0.00033
76.21000,1.98000,0.99959,0.00017,0.00006,0.00009,0.00009
76.41000,1.98000,0.99983,0.00006,0.00006,0.00003,0.00002
76.61000,1.98000,0.99955,0.00005,0.00026,0.00006,0.00007
76.81000,1.98000,0.99978,0.00000,0.00011,0.00001,0.00009
77.01000,1.98000,0.99938,0.00003,0.00001,0.00014,0.00045
77.21000,1.98000,0.99721,0.00007,0.00001,0.00082,0.00189
77.41000,1.98000,0.99880,0.00000,0.00000,0.00005,0.00115
77.61000,1.98000,0.99978,0.00000,0.00000,0.00001,0.00020
77.81000,1.98000,0.99990,0.00000,0.00000,0.00000,0.00009
78.01000,1.98000,0.99998,0.00001,0.00000,0.00000,0.00001
78.21000,1.98000,0.99996,0.00002,0.00000,0.00001,0.00001
78.41000,1.98000,0.99983,0.00011,0.00000,0.00003,0.00003
78.61000,1.98000,0.99744,0.00040,0.00130,0.00019,0.00068
78.81000,1.98000,0.08814,0.00093,0.12597,0.00453,0.78044
79.01000,1.98000,0.98310,0.00141,0.00007,0.00019,0.01523
79.21000,1.98000,0.99882,0.00032,0.00000,0.00001,0.00085
79.41000,1.98000,0.99964,0.00016,0.00000,0.00000,0.00019
79.61000,1.98000,0.99962,0.00007,0.00002,0.00000,0.00029
79.81000,1.98000,0.99952,0.00006,0.00004,0.00002,0.00037
80.01000,1.98000,0.99960,0.00000,0.00014,0.00014,0.00011
80.21000,1.98000,0.99839,0.00002,0.00041,0.00084,0.00034
80.41000,1.98000,0.99680,0.00002,0.00021,0.00197,0.00100
80.61000,1.98000,0.99622,0.00006,0.00007,0.00141,0.00224
80.81000,1.98000,0.99877,0.00004,0.00002,0.00041,0.00077
81.01000,1.98000,0.99945,0.00002,0.00001,0.00015,0.00038
81.21000,1.98000,0.99962,0.00000,0.00000,0.00008,0.00030
81.41000,1.98000,0.99967,0.00000,0.00000,0.00005,0.00028
81.61000,1.98000,0.99970,0.00000,0.00000,0.00005,0.00025
81.81000,1.98000,0.99970,0.00000,0.00000,0.00007,0.00023
82.01000,1.98000,0.99978,0.00000,0.00000,0.00005,0.00017
82.21000,1.98000,0.99989,0.00000,0.00000,0.00003,0.00008
82.41000,1.98000,0.99971,0.00001,0.00000,0.00016,0.00012
82.61000,1.98000,0.99914,0.00004,0.00000,0.00063,0.00019
82.81000,1.98000,0.99912,0.00010,0.00000,0.00062,0.00016
83.01000,1.98000,0.99419,0.00068,0.00001,0.00461,0.00052
83.21000,1.98000,0.98299,0.00159,0.00002,0.01433,0.00107
83.41000,1.98000,0.99852,0.00038,0.00000,0.00056,0.00055
83.61000,1.98000,0.99853,0.00092,0.00000,0.00010,0.00044
83.81000,1.98000,0.99917,0.00072,0.00000,0.00002,0.00010
84.01000,1.98000,0.99875,0.00055,0.00000,0.00003,0.00067
84.21000,1.98000,0.98287,0.00042,0.00004,0.00021,0.01644
84.41000,1.98000,0.58056,0.00029,0.00161,0.00245,0.41509
84.61000,1.98000,0.95482,0.00379,0.00006,0.00097,0.04036
84.81000,1.98000,0.99872,0.00109,0.00001,0.00000,0.00018
85.01000,1.98000,0.99652,0.00295,0.00003,0.00001,0.00049
85.21000,1.98000,0.99755,0.00135,0.00095,0.00004,0.00011
85.41000,1.98000,0.99387,0.00355,0.00139,0.00115,0.00003
85.61000,1.98000,0.98223,0.00956,0.00418,0.00389,0.00013
85.81000,1.98000,0.99790,0.00024,0.00168,0.00004,0.00014
86.01000,1.98000,0.99809,0.00038,0.00123,0.00005,0.00025
86.21000,1.98000,0.99896,0.00029,0.00041,0.00004,0.00031
86.41000,1.98000,0.99824,0.00041,0.00050,0.00018,0.00066
86.61000,1.98000,0.99968,0.00002,0.00001,0.00004,0.00025
86.81000,1.98000,0.99967,0.00000,0.00000,0.00004,0.00029
87.01000,1.98000,0.99961,0.00000,0.00000,0.00010,0.00029
87.21000,1.98000,0.99962,0.00000,0.00000,0.00016,0.00022
87.41000,1.98000,0.99983,0.00000,0.00000,0.00005,0.00012
87.61000,1.98000,0.99987,0.00000,0.00000,0.00004,0.00009
87.81000,1.98000,0.99985,0.00000,0.00000,0.00003,0.00012
88.01000,1.98000,0.99949,0.00002,0.00000,0.00033,0.00016
88.21000,1.98000,0.99589,0.00027,0.00001,0.00341,0.00042
88.41000,1.98000,0.99889,0.00017,0.00000,0.00071,0.00023
88.61000,1.98000,0.99981,0.00005,0.00000,0.00007,0.00007
88.81000,1.98000,0.99987,0.00009,0.00000,0.00001,0.00003
89.01000,1.98000,0.99987,0.00011,0.00000,0.00000,0.00002
89.21000,1.98000,0.99970,0.00024,0.00000,0.00001,0.00004
89.41000,1.98000,0.84919,0.11432,0.00051,0.02840,0.00759
89.61000,1.98000,0.10979,0.84609,0.00017,0.04067,0.00327
89.81000,1.98000,0.98053,0.01896,0.00002,0.00025,0.00024
90.01000,1.98000,0.99954,0.00041,0.00002,0.00000,0.00003
90.21000,1.98000,0.99990,0.00006,0.00001,0.00000,0.00002
90.41000,1.98000,0.99991,0.00001,0.00003,0.00001,0.00004
90.61000,1.98000,0.99983,0.00000,0.00005,0.00003,0.00009
90.81000,1.98000,0.99972,0.00000,0.00000,0.00005,0.00023
91.01000,1.98000,0.99972,0.00000,0.00000,0.00007,0.00020
91.21000,1.98000,0.99976,0.00000,0.00000,0.00006,0.00018
91.41000,1.98000,0.99976,0.00000,0.00000,0.00006,0.00018
91.61000,1.98000,0.99972,0.00000,0.00000,0.00010,0.00018
91.81000,1.98000,0.99945,0.00000,0.00000,0.00031,0.00024
92.01000,1.98000,0.99954,0.00000,0.00000,0.00026,0.00019
92.21000,1.98000,0.99989,0.00000,0.00000,0.00003,0.00008
92.41000,1.98000,0.99988,0.00000,0.00000,0.00003,0.00009
92.61000,1.98000,0.99988,0.00001,0.00000,0.00006,0.00006
92.81000,1.98000,0.99956,0.00016,0.00000,0.00018,0.00010
93.01000,1.98000,0.99569,0.00269,0.00000,0.00116,0.00044
93.21000,1.98000,0.99475,0.00411,0.00000,0.00064,0.00049
93.41000,1.98000,0.98975,0.00928,0.00000,0.00060,0.00037
93.61000,1.98000,0.99854,0.00106,0.00000,0.00001,0.00038
93.81000,1.98000,0.99177,0.00764,0.00000,0.00009,0.00050
94.01000,1.98000,0.98045,0.01723,0.00001,0.00135,0.00096
94.21000,1.98000,0.78844,0.20640,0.00286,0.00064,0.00166
94.41000,1.98000,0.57720,0.40125,0.01516,0.00033,0.00605
94.61000,1.98000,0.95642,0.03853,0.00211,0.00013,0.00282
94.81000,1.98000,0.99663,0.00246,0.00065,0.00002,0.00024
95.01000,1.98000,0.99813,0.00182,0.00002,0.00001,0.00003
95.21000,1.98000,0.98877,0.01109,0.00002,0.00005,0.00007
95.41000,1.98000,0.99572,0.00421,0.00000,0.00004,0.00003
95.61000,1.98000,0.99928,0.00027,0.00000,0.00006,0.00038
95.81000,1.98000,0.99984,0.00005,0.00000,0.00000,0.00011
96.01000,1.98000,0.99982,0.00002,0.00000,0.00000,0.00015
96.21000,1.98000,0.99987,0.00001,0.00000,0.00001,0.00011
96.41000,1.98000,0.99877,0.00005,0.00001,0.00037,0.00080
96.61000,1.98000,0.99651,0.00040,0.00002,0.00154,0.00152
96.81000,1.98000,0.99871,0.00009,0.00001,0.00074,0.00045
97.01000,1.98000,0.99987,0.00004,0.00002,0.00003,0.00004
97.21000,1.98000,0.99996,0.00001,0.00000,0.00000,0.00002
97.41000,1.98000,0.99994,0.00004,0.00000,0.00000,0.00002
97.61000,1.98000,0.99982,0.00009,0.00000,0.00002,0.00007
97.81000,1.98000,0.99969,0.00013,0.00000,0.00006,0.00012
98.01000,1.98000,0.99964,0.00025,0.00000,0.00004,0.00007
98.21000,1.98000,0.99877,0.00072,0.00001,0.00009,0.00040
98.41000,1.98000,0.99849,0.00113,0.00001,0.00021,0.00016
98.61000,1.98000,0.99947,0.00037,0.00001,0.00004,0.00011
98.81000,1.98000,0.99842,0.00107,0.00011,0.00009,0.00031
99.01000,1.98000,0.99580,0.00092,0.00232,0.00024,0.00072
99.21000,1.98000,0.97224,0.00283,0.00041,0.00601,0.01851
99.41000,1.98000,0.95786,0.01268,0.00001,0.01026,0.01918
99.61000,1.98000,0.98720,0.01198,0.00000,0.00005,0.00077
99.81000,1.98000,0.99775,0.00204,0.00006,0.00000,0.00014
100.01000,1.98000,0.99842,0.00141,0.00004,0.00002,0.00012
100.21000,1.98000,0.99866,0.00101,0.00001,0.00011,0.00022
100.41000,1.98000,0.99837,0.00019,0.00061,0.00067,0.00016
100.61000,1.98000,0.99962,0.00012,0.00017,0.00005,0.00004
100.81000,1.98000,0.99989,0.00008,0.00002,0.00000,0.00001
101.01000,1.98000,0.99987,0.00009,0.00000,0.00002,0.00003
101.21000,1.98000,0.99863,0.00081,0.00001,0.00047,0.00009
101.41000,1.98000,0.99971,0.00020,0.00000,0.00005,0.00004
101.61000,1.98000,0.99959,0.00020,0.00000,0.00003,0.00018
101.81000,1.98000,0.99917,0.00040,0.00001,0.00021,0.00021
102.01000,1.98000,0.99878,0.00115,0.00000,0.00005,0.00003
102.21000,1.98000,0.99944,0.00049,0.00000,0.00001,0.00006
102.41000,1.98000,0.99912,0.00049,0.00000,0.00024,0.00016
102.61000,1.98000,0.99428,0.00220,0.00001,0.00291,0.00061
102.81000,1.98000,0.99588,0.00134,0.00002,0.00225,0.00051
103.01000,1.98000,0.99759,0.00105,0.00008,0.00082,0.00046
103.21000,1.98000,0.99959,0.00018,0.00002,0.00005,0.00016
103.41000,1.98000,0.99845,0.00145,0.00000,0.00002,0.00007
103.61000,1.98000,0.99990,0.00007,0.00000,0.00000,0.00003
103.81000,1.98000,0.99621,0.00334,0.00000,0.00006,0.00038
104.01000,1.98000,0.94958,0.02234,0.00004,0.00126,0.02679
104.21000,1.98000,0.91143,0.02934,0.00020,0.00360,0.05543
104.41000,1.98000,0.92777,0.06992,0.00009,0.00005,0.00217
104.61000,1.98000,0.97043,0.02941,0.00002,0.00000,0.00014
104.81000,1.98000,0.88928,0.11042,0.00008,0.00001,0.00022
105.01000,1.98000,0.87811,0.12168,0.00006,0.00001,0.00015
105.21000,1.98000,0.80760,0.19187,0.00005,0.00018,0.00030
105.41000,1.98000,0.92204,0.07713,0.00016,0.00061,0.00007
105.61000,1.98000,0.96082,0.03788,0.00118,0.00003,0.00009
105.81000,1.98000,0.91802,0.08124,0.00062,0.00002,0.00009
106.01000,1.98000,0.94426,0.05546,0.00020,0.00002,0.00005
106.21000,1.98000,0.94287,0.05660,0.00036,0.00011,0.00006
106.41000,1.98000,0.99968,0.00028,0.00001,0.00001,0.00002
106.61000,1.98000,0.99934,0.00036,0.00001,0.00017,0.00012
106.81000,1.98000,0.99341,0.00036,0.00004,0.00550,0.00069
107.01000,1.98000,0.99647,0.00059,0.00003,0.00234,0.00057
107.21000,1.98000,0.99906,0.00008,0.00010,0.00025,0.00052
107.41000,1.98000,0.99907,0.00003,0.00005,0.00046,0.00039
107.61000,1.98000,0.99882,0.00006,0.00002,0.00060,0.00049
107.81000,1.98000,0.99950,0.00001,0.00000,0.00010,0.00039
108.01000,1.98000,0.99965,0.00000,0.00000,0.00008,0.00026
108.21000,1.98000,0.99976,0.00000,0.00000,0.00004,0.00019
108.41000,1.98000,0.99987,0.00001,0.00000,0.00002,0.00010
108.61000,1.98000,0.99996,0.00001,0.00000,0.00000,0.00003
108.81000,1.98000,0.99998,0.00001,0.00000,0.00000,0.00001
109.01000,1.98000,0.99995,0.00004,0.00000,0.00000,0.00001
109.21000,1.98000,0.99850,0.00143,0.00000,0.00000,0.00006
109.41000,1.98000,0.65401,0.34528,0.00001,0.00030,0.00040
109.61000,1.98000,0.12677,0.87277,0.00009,0.00032,0.00006
109.81000,1.98000,0.95648,0.04324,0.00019,0.00003,0.00006
110.01000,1.98000,0.99895,0.00099,0.00004,0.00000,0.00001
110.21000,1.98000,0.99988,0.00007,0.00004,0.00000,0.00000
110.41000,1.98000,0.99995,0.00002,0.00003,0.00000,0.00001
110.61000,1.98000,0.99994,0.00001,0.00002,0.00001,0.00004
110.81000,1.98000,0.99994,0.00000,0.00000,0.00002,0.00004
111.01000,1.98000,0.99973,0.00000,0.00000,0.00006,0.00021
111.21000,1.98000,0.99966,0.00000,0.00000,0.00011,0.00023
111.41000,1.98000,0.99966,0.00000,0.00000,0.00014,0.00019
111.61000,1.98000,0.99973,0.00000,0.00000,0.00006,0.00020
111.81000,1.98000,0.99977,0.00000,0.00000,0.00001,0.00022
112.01000,1.98000,0.99975,0.00000,0.00000,0.00000,0.00025
112.21000,1.98000,0.99978,0.00000,0.00000,0.00000,0.00022
112.41000,1.98000,0.99980,0.00000,0.00000,0.00000,0.00019
112.61000,1.98000,0.99967,0.00000,0.00000,0.00000,0.00032
112.81000,1.98000,0.99976,0.00000,0.00000,0.00000,0.00024
113.01000,1.98000,0.99999,0.00000,0.00000,0.00000,0.00001
113.21000,1.98000,1.00000,0.00000,0.00000,0.00000,0.00000
113.41000,1.98000,1.00000,0.00000,0.00000,0.00000,0.00000
113.61000,1.98000,0.99987,0.00000,0.00012,0.00000,0.00001
113.81000,1.98000,0.99986,0.00000,0.00014,0.00000,0.00000
114.01000,1.98000,0.99766,0.00003,0.00231,0.00001,0.00001
114.21000,1.98000,0.99993,0.00002,0.00005,0.00000,0.00000
114.41000,1.98000,0.99999,0.00001,0.00000,0.00000,0.00000
114.61000,1.98000,0.99999,0.00000,0.00001,0.00000,0.00000
114.81000,1.98000,0.99999,0.00000,0.00001,0.00000,0.00000
115.01000,1.98000,0.99994,0.00001,0.00005,0.00000,0.00000
115.21000,1.98000,0.99584,0.00006,0.00409,0.00000,0.00000
115.41000,1.98000,0.99399,0.00036,0.00564,0.00001,0.00001
115.61000,1.98000,0.99765,0.00154,0.00079,0.00000,0.00002
115.81000,1.98000,0.99740,0.00220,0.00038,0.00000,0.00001
116.01000,1.98000,0.99864,0.00134,0.00002,0.00000,0.00001
116.21000,1.98000,0.99968,0.00032,0.00000,0.00000,0.00000
116.41000,1.98000,0.99983,0.00017,0.00000,0.00000,0.00000
116.61000,1.98000,0.99991,0.00008,0.00000,0.00000,0.00001
116.81000,1.98000,0.99985,0.00013,0.00000,0.00000,0.00001
117.01000,1.98000,0.99994,0.00006,0.00000,0.00000,0.00000
117.21000,1.98000,0.99949,0.00016,0.00031,0.00001,0.00003
117.41000,1.98000,0.99996,0.00003,0.00001,0.00000,0.00000
117.61000,1.98000,0.99999,0.00000,0.00000,0.00000,0.00000
117.81000,1.98000,0.99999,0.00000,0.00001,0.00000,0.00000
118.01000,1.98000,0.99960,0.00007,0.00033,0.00000,0.00001
118.21000,1.98000,0.99803,0.00049,0.00144,0.00001,0.00002
118.41000,1.98000,0.93547,0.00439,0.05975,0.00007,0.00032
118.61000,1.98000,0.93636,0.03695,0.02582,0.00004,0.00083
118.81000,1.98000,0.96669,0.03320,0.00003,0.00000,0.00008
119.01000,1.98000,0.99203,0.00789,0.00001,0.00000,0.00007
119.21000,1.98000,0.99912,0.00076,0.00009,0.00000,0.00003
119.41000,1.98000,0.99954,0.00042,0.00003,0.00000,0.00001
119.61000,1.98000,0.99997,0.00001,0.00000,0.00000,0.00001
119.81000,1.98000,0.99997,0.00001,0.00002,0.00000,0.00000
120.01000,1.98000,0.99999,0.00000,0.00001,0.00000,0.00000
120.21000,1.98000,0.99999,0.00000,0.00001,0.00000,0.00000
120.41000,1.98000,0.99999,0.00000,0.00001,0.00000,0.00000
120.61000,1.98000,0.99999,0.00000,0.00001,0.00000,0.00000
120.81000,1.98000,0.99999,0.00000,0.00001,0.00000,0.00000
121.01000,1.98000,0.99999,0.00000,0.00001,0.00000,0.00000
121.21000,1.98000,0.99994,0.00001,0.00005,0.00000,0.00000
121.41000,1.98000,0.99899,0.00004,0.00097,0.00000,0.00000
121.61000,1.98000,0.98506,0.00059,0.01427,0.00006,0.00002
121.81000,1.98000,0.99429,0.00038,0.00529,0.00002,0.00001
122.01000,1.98000,0.99444,0.00045,0.00507,0.00002,0.00002
122.21000,1.98000,0.99910,0.00066,0.00022,0.00001,0.00001
122.41000,1.98000,0.99839,0.00154,0.00005,0.00001,0.00002
122.61000,1.98000,0.99949,0.00047,0.00001,0.00000,0.00003
122.81000,1.98000,0.99989,0.00009,0.00000,0.00000,0.00001
123.01000,1.98000,0.99983,0.00015,0.00000,0.00000,0.00002
123.21000,1.98000,0.99828,0.00065,0.00000,0.00001,0.00106
123.41000,1.98000,0.99938,0.00030,0.00000,0.00000,0.00031
123.61000,1.98000,0.97781,0.01224,0.00076,0.00007,0.00912
123.81000,1.98000,0.98659,0.01199,0.00079,0.00002,0.00060
124.01000,1.98000,0.99815,0.00161,0.00003,0.00000,0.00020
124.21000,1.98000,0.99809,0.00178,0.00006,0.00000,0.00006
124.41000,1.98000,0.99799,0.00190,0.00009,0.00000,0.00001
124.61000,1.98000,0.99934,0.00065,0.00001,0.00000,0.00000
124.81000,1.98000,0.98908,0.01087,0.00004,0.00000,0.00001
125.01000,1.98000,0.74470,0.25473,0.00046,0.00001,0.00010
125.21000,1.98000,0.78292,0.21359,0.00335,0.00001,0.00013
125.41000,1.98000,0.56651,0.43320,0.00027,0.00000,0.00003
125.61000,1.98000,0.91225,0.08680,0.00093,0.00000,0.00001
125.81000,1.98000,0.96976,0.03006,0.00017,0.00000,0.00000
126.01000,1.98000,0.98961,0.01030,0.00008,0.00000,0.00000
126.21000,1.98000,0.99759,0.00239,0.00002,0.00000,0.00000
126.41000,1.98000,0.99934,0.00065,0.00001,0.00000,0.00000
126.61000,1.98000,0.99952,0.00042,0.00005,0.00000,0.00000
126.81000,1.98000,0.99940,0.00055,0.00004,0.00000,0.00001
127.01000,1.98000,0.99929,0.00024,0.00046,0.00000,0.00001
127.21000,1.98000,0.99823,0.00047,0.00125,0.00004,0.00002
127.41000,1.98000,0.99524,0.00027,0.00421,0.00015,0.00012
127.61000,1.98000,0.99831,0.00015,0.00140,0.00007,0.00007
127.81000,1.98000,0.99912,0.00002,0.00071,0.00005,0.00011
128.00999,1.98001,0.99886,0.00001,0.00084,0.00010,0.00020
128.21001,1.98000,0.99948,0.00000,0.00012,0.00006,0.00034
128.41000,1.98000,0.99965,0.00000,0.00001,0.00003,0.00031
128.61000,1.98000,0.99961,0.00000,0.00000,0.00009,0.00030
128.81000,1.98000,0.99972,0.00000,0.00000,0.00010,0.00018
